#using seed 0.049073
#SQRT_DYNAMIC
#PROCESSORS: 5, RUNS: 20
#runTime	processors    	input-work-size	depth	taskThreshold	lGranularity    	rGranularity	W0	block_factory	init_task_cost	waiting-time    	idle_time	task_creation_cost	Geo_block_number	init_blk_size	max_blk_size
284763	5	1000000	0	100	2	None	1078077	2	1000                              	154209	191534	96000	None	None	None
284763	5	1000000	0	100	2	None	1080079	2	1000                              	120348	223393	94000	None	None	None
284764	5	1000000	0	100	2	None	1066065	2	1000                              	147929	209831	80000	None	None	None
284763	5	1000000	0	100	2	None	1078077	2	1000                              	154206	191537	96000	None	None	None
284763	5	1000000	0	100	2	None	1080079	2	1000                              	120343	223398	94000	None	None	None
284764	5	1000000	0	100	2	None	1080079	2	1000                              	120351	223395	94000	None	None	None
276236	5	1000000	0	100	2	None	1074073	2	1000                              	152455	154657	90000	None	None	None
284763	5	1000000	0	100	2	None	1066065	2	1000                              	147933	209822	80000	None	None	None
284764	5	1000000	0	100	2	None	1073072	2	1000                              	136405	214348	87000	None	None	None
284764	5	1000000	0	100	2	None	1080079	2	1000                              	120347	223399	94000	None	None	None
284763	5	1000000	0	100	2	None	1073072	2	1000                              	136396	214352	87000	None	None	None
284763	5	1000000	0	100	2	None	1073072	2	1000                              	136401	214347	87000	None	None	None
276236	5	1000000	0	100	2	None	1074073	2	1000                              	152452	154660	90000	None	None	None
284763	5	1000000	0	100	2	None	1080079	2	1000                              	120351	223390	94000	None	None	None
284764	5	1000000	0	100	2	None	1066065	2	1000                              	147927	209833	80000	None	None	None
276235	5	1000000	0	100	2	None	1074073	2	1000                              	152450	154657	90000	None	None	None
276236	5	1000000	0	100	2	None	1074073	2	1000                              	152437	154675	90000	None	None	None
284764	5	1000000	0	100	2	None	1080079	2	1000                              	120345	223401	94000	None	None	None
284764	5	1000000	0	100	2	None	1080079	2	1000                              	120348	223398	94000	None	None	None
284763	5	1000000	0	100	2	None	1073072	2	1000                              	136403	214345	87000	None	None	None
2349489	5	10000000	0	100	2	None	10218217	2	1000                              	644209	885023	240000	None	None	None
2349489	5	10000000	0	100	2	None	10221220	2	1000                              	644192	882034	245000	None	None	None
2349489	5	10000000	0	100	2	None	10215214	2	1000                              	644205	888028	235000	None	None	None
2349490	5	10000000	0	100	2	None	10215214	2	1000                              	644202	888035	235000	None	None	None
2349489	5	10000000	0	100	2	None	10218217	2	1000                              	644206	885024	240000	None	None	None
2349489	5	10000000	0	100	2	None	10218217	2	1000                              	644202	885028	240000	None	None	None
2349489	5	10000000	0	100	2	None	10221220	2	1000                              	644208	882018	245000	None	None	None
2349489	5	10000000	0	100	2	None	10221220	2	1000                              	644202	882024	245000	None	None	None
2349489	5	10000000	0	100	2	None	10218217	2	1000                              	644208	885022	240000	None	None	None
2349490	5	10000000	0	100	2	None	10218217	2	1000                              	644199	885035	240000	None	None	None
2349489	5	10000000	0	100	2	None	10221220	2	1000                              	644206	882020	245000	None	None	None
2349489	5	10000000	0	100	2	None	10218217	2	1000                              	644197	885035	240000	None	None	None
2349489	5	10000000	0	100	2	None	10221220	2	1000                              	644211	882015	245000	None	None	None
2349489	5	10000000	0	100	2	None	10218217	2	1000                              	644192	885038	240000	None	None	None
2349489	5	10000000	0	100	2	None	10221220	2	1000                              	644210	882016	245000	None	None	None
2349489	5	10000000	0	100	2	None	10218217	2	1000                              	644188	885042	240000	None	None	None
2349489	5	10000000	0	100	2	None	10221220	2	1000                              	644198	882029	245000	None	None	None
2349489	5	10000000	0	100	2	None	10218217	2	1000                              	644204	885026	240000	None	None	None
2349489	5	10000000	0	100	2	None	10221220	2	1000                              	644200	882026	245000	None	None	None
2349489	5	10000000	0	100	2	None	10218217	2	1000                              	644198	885032	240000	None	None	None
20911763	5	100000000	0	100	2	None	100788787	2	1000                              	1762593	2007439	822000	None	None	None
20915762	5	100000000	0	100	2	None	100800799	2	1000                              	1814096	1963918	834000	None	None	None
20911763	5	100000000	0	100	2	None	100788787	2	1000                              	1762609	2007423	822000	None	None	None
20911763	5	100000000	0	100	2	None	100788787	2	1000                              	1762594	2007435	822000	None	None	None
20911762	5	100000000	0	100	2	None	100788787	2	1000                              	1762597	2007431	822000	None	None	None
20911762	5	100000000	0	100	2	None	100788787	2	1000                              	1762595	2007433	822000	None	None	None
20911762	5	100000000	0	100	2	None	100788787	2	1000                              	1762603	2007424	822000	None	None	None
20911763	5	100000000	0	100	2	None	100788787	2	1000                              	1762611	2007418	822000	None	None	None
20911763	5	100000000	0	100	2	None	100785784	2	1000                              	1762591	2010441	817000	None	None	None
20911762	5	100000000	0	100	2	None	100785784	2	1000                              	1762599	2010430	817000	None	None	None
20911763	5	100000000	0	100	2	None	100788787	2	1000                              	1762603	2007429	822000	None	None	None
20911762	5	100000000	0	100	2	None	100788787	2	1000                              	1762601	2007427	822000	None	None	None
20911763	5	100000000	0	100	2	None	100785784	2	1000                              	1762593	2010439	817000	None	None	None
20911762	5	100000000	0	100	2	None	100788787	2	1000                              	1762605	2007423	822000	None	None	None
20911763	5	100000000	0	100	2	None	100788787	2	1000                              	1762597	2007432	822000	None	None	None
20911762	5	100000000	0	100	2	None	100788787	2	1000                              	1762601	2007427	822000	None	None	None
20911763	5	100000000	0	100	2	None	100788787	2	1000                              	1762595	2007437	822000	None	None	None
20911762	5	100000000	0	100	2	None	100788787	2	1000                              	1762589	2007439	822000	None	None	None
20911763	5	100000000	0	100	2	None	100785784	2	1000                              	1762599	2010433	817000	None	None	None
20915761	5	100000000	0	100	2	None	100787786	2	1000                              	1805804	1985219	823000	None	None	None
