#using seed 0.051285
#SQRT_DYNAMIC
#PROCESSORS: 3, RUNS: 20
#runTime	processors    	input-work-size	depth	taskThreshold	lGranularity    	rGranularity	W0	block_factory	init_task_cost	waiting-time    	idle_time	task_creation_cost	Geo_block_number	init_blk_size	max_blk_size
415644	3	1000000	0	100	2	None	1058057	2	1000                              	106600	82277	68000	None	None	None
436373	3	1000000	0	100	2	None	1055054	2	1000                              	106587	147479	63000	None	None	None
415644	3	1000000	0	100	2	None	1058057	2	1000                              	106600	82277	68000	None	None	None
415644	3	1000000	0	100	2	None	1058057	2	1000                              	106600	82277	68000	None	None	None
415644	3	1000000	0	100	2	None	1058057	2	1000                              	106598	82279	68000	None	None	None
415637	3	1000000	0	100	2	None	1058057	2	1000                              	106589	82267	68000	None	None	None
415637	3	1000000	0	100	2	None	1058057	2	1000                              	106589	82267	68000	None	None	None
415637	3	1000000	0	100	2	None	1058057	2	1000                              	106589	82267	68000	None	None	None
436373	3	1000000	0	100	2	None	1055054	2	1000                              	106587	147479	63000	None	None	None
436373	3	1000000	0	100	2	None	1055054	2	1000                              	106587	147479	63000	None	None	None
415644	3	1000000	0	100	2	None	1058057	2	1000                              	106598	82279	68000	None	None	None
436373	3	1000000	0	100	2	None	1055054	2	1000                              	106589	147477	63000	None	None	None
415637	3	1000000	0	100	2	None	1058057	2	1000                              	106587	82269	68000	None	None	None
415637	3	1000000	0	100	2	None	1058057	2	1000                              	106585	82271	68000	None	None	None
415644	3	1000000	0	100	2	None	1058057	2	1000                              	106600	82277	68000	None	None	None
415644	3	1000000	0	100	2	None	1058057	2	1000                              	106592	82285	68000	None	None	None
436373	3	1000000	0	100	2	None	1055054	2	1000                              	106589	147477	63000	None	None	None
415637	3	1000000	0	100	2	None	1058057	2	1000                              	106585	82271	68000	None	None	None
415644	3	1000000	0	100	2	None	1058057	2	1000                              	106596	82281	68000	None	None	None
415644	3	1000000	0	100	2	None	1058057	2	1000                              	106598	82279	68000	None	None	None
3556943	3	10000000	0	100	2	None	10183182	2	1000                              	310202	177446	201000	None	None	None
3569801	3	10000000	0	100	2	None	10184183	2	1000                              	329339	195882	202000	None	None	None
3582349	3	10000000	0	100	2	None	10181180	2	1000                              	329330	236538	197000	None	None	None
3569801	3	10000000	0	100	2	None	10184183	2	1000                              	329336	195885	202000	None	None	None
3582349	3	10000000	0	100	2	None	10181180	2	1000                              	329332	236536	197000	None	None	None
3571585	3	10000000	0	100	2	None	10180179	2	1000                              	310200	224377	196000	None	None	None
3582349	3	10000000	0	100	2	None	10181180	2	1000                              	329334	236534	197000	None	None	None
3569801	3	10000000	0	100	2	None	10184183	2	1000                              	329337	195884	202000	None	None	None
3582349	3	10000000	0	100	2	None	10181180	2	1000                              	329322	236546	197000	None	None	None
3571586	3	10000000	0	100	2	None	10180179	2	1000                              	310198	224382	196000	None	None	None
3569801	3	10000000	0	100	2	None	10184183	2	1000                              	329334	195887	202000	None	None	None
3556943	3	10000000	0	100	2	None	10183182	2	1000                              	310201	177447	201000	None	None	None
3556943	3	10000000	0	100	2	None	10183182	2	1000                              	310204	177445	201000	None	None	None
3582350	3	10000000	0	100	2	None	10181180	2	1000                              	329335	236536	197000	None	None	None
3571585	3	10000000	0	100	2	None	10180179	2	1000                              	310202	224375	196000	None	None	None
3582349	3	10000000	0	100	2	None	10181180	2	1000                              	329330	236538	197000	None	None	None
3556943	3	10000000	0	100	2	None	10183182	2	1000                              	310206	177443	201000	None	None	None
3571586	3	10000000	0	100	2	None	10180179	2	1000                              	310206	224374	196000	None	None	None
3556943	3	10000000	0	100	2	None	10183182	2	1000                              	310206	177443	201000	None	None	None
3582349	3	10000000	0	100	2	None	10181180	2	1000                              	329334	236534	197000	None	None	None
34492557	3	100000000	0	100	2	None	100623622	2	1000                              	1744854	1109196	643000	None	None	None
34492558	3	100000000	0	100	2	None	100623622	2	1000                              	1744854	1109199	643000	None	None	None
34492586	3	100000000	0	100	2	None	100623622	2	1000                              	1744897	1109240	643000	None	None	None
34492557	3	100000000	0	100	2	None	100623622	2	1000                              	1744847	1109203	643000	None	None	None
34492557	3	100000000	0	100	2	None	100623622	2	1000                              	1744836	1109214	643000	None	None	None
34492557	3	100000000	0	100	2	None	100623622	2	1000                              	1744845	1109205	643000	None	None	None
34492586	3	100000000	0	100	2	None	100623622	2	1000                              	1744901	1109236	643000	None	None	None
34492558	3	100000000	0	100	2	None	100623622	2	1000                              	1744856	1109197	643000	None	None	None
34492557	3	100000000	0	100	2	None	100623622	2	1000                              	1744851	1109199	643000	None	None	None
34492557	3	100000000	0	100	2	None	100623622	2	1000                              	1744853	1109197	643000	None	None	None
34492558	3	100000000	0	100	2	None	100623622	2	1000                              	1744850	1109203	643000	None	None	None
34492587	3	100000000	0	100	2	None	100623622	2	1000                              	1744895	1109245	643000	None	None	None
34492587	3	100000000	0	100	2	None	100623622	2	1000                              	1744897	1109243	643000	None	None	None
34492586	3	100000000	0	100	2	None	100623622	2	1000                              	1744892	1109245	643000	None	None	None
34492587	3	100000000	0	100	2	None	100623622	2	1000                              	1744897	1109243	643000	None	None	None
34492557	3	100000000	0	100	2	None	100623622	2	1000                              	1744853	1109197	643000	None	None	None
34492586	3	100000000	0	100	2	None	100623622	2	1000                              	1744891	1109246	643000	None	None	None
34492558	3	100000000	0	100	2	None	100623622	2	1000                              	1744850	1109203	643000	None	None	None
34492558	3	100000000	0	100	2	None	100623622	2	1000                              	1744854	1109199	643000	None	None	None
34492586	3	100000000	0	100	2	None	100623622	2	1000                              	1744896	1109241	643000	None	None	None
