#using seed 0.048892
#SQRT_DYNAMIC
#PROCESSORS: 3, RUNS: 20
#runTime	processors    	input-work-size	depth	taskThreshold	lGranularity    	rGranularity	W0	block_factory	init_task_cost	waiting-time    	idle_time	task_creation_cost	Geo_block_number	init_blk_size	max_blk_size
338678	3	1000000	0	100	2	None	1003784	2	4                              	7972	4280	3132	None	None	None
338678	3	1000000	0	100	2	None	1003784	2	4                              	7972	4280	3132	None	None	None
338767	3	1000000	0	100	2	None	1003769	2	4                              	7974	4559	3112	None	None	None
338678	3	1000000	0	100	2	None	1003784	2	4                              	7978	4274	3132	None	None	None
338678	3	1000000	0	100	2	None	1003784	2	4                              	7972	4280	3132	None	None	None
338678	3	1000000	0	100	2	None	1003784	2	4                              	7979	4273	3132	None	None	None
338766	3	1000000	0	100	2	None	1003769	2	4                              	7975	4555	3112	None	None	None
338678	3	1000000	0	100	2	None	1003784	2	4                              	7977	4275	3132	None	None	None
338678	3	1000000	0	100	2	None	1003784	2	4                              	7980	4272	3132	None	None	None
338767	3	1000000	0	100	2	None	1003769	2	4                              	7975	4558	3112	None	None	None
338766	3	1000000	0	100	2	None	1003769	2	4                              	7977	4553	3112	None	None	None
338678	3	1000000	0	100	2	None	1003784	2	4                              	7978	4274	3132	None	None	None
338678	3	1000000	0	100	2	None	1003784	2	4                              	7980	4272	3132	None	None	None
338678	3	1000000	0	100	2	None	1003784	2	4                              	7975	4277	3132	None	None	None
338757	3	1000000	0	100	2	None	1003789	2	4                              	8091	4392	3136	None	None	None
338757	3	1000000	0	100	2	None	1003789	2	4                              	8089	4394	3136	None	None	None
338678	3	1000000	0	100	2	None	1003784	2	4                              	7976	4276	3132	None	None	None
338678	3	1000000	0	100	2	None	1003784	2	4                              	7974	4278	3132	None	None	None
338767	3	1000000	0	100	2	None	1003769	2	4                              	7976	4557	3112	None	None	None
338767	3	1000000	0	100	2	None	1003769	2	4                              	7976	4557	3112	None	None	None
3348505	3	10000000	0	100	2	None	10015294	2	4                              	19914	10308	12372	None	None	None
3348559	3	10000000	0	100	2	None	10015279	2	4                              	19909	10490	12352	None	None	None
3348504	3	10000000	0	100	2	None	10015294	2	4                              	19911	10309	12372	None	None	None
3348560	3	10000000	0	100	2	None	10015279	2	4                              	19912	10490	12352	None	None	None
3348560	3	10000000	0	100	2	None	10015279	2	4                              	19910	10492	12352	None	None	None
3348560	3	10000000	0	100	2	None	10015279	2	4                              	19916	10486	12352	None	None	None
3348505	3	10000000	0	100	2	None	10015294	2	4                              	19916	10306	12372	None	None	None
3348560	3	10000000	0	100	2	None	10015279	2	4                              	19918	10484	12352	None	None	None
3348505	3	10000000	0	100	2	None	10015294	2	4                              	19912	10310	12372	None	None	None
3348559	3	10000000	0	100	2	None	10015279	2	4                              	19915	10484	12352	None	None	None
3348557	3	10000000	0	100	2	None	10015299	2	4                              	19989	10384	12376	None	None	None
3348505	3	10000000	0	100	2	None	10015294	2	4                              	19914	10308	12372	None	None	None
3348559	3	10000000	0	100	2	None	10015279	2	4                              	19907	10492	12352	None	None	None
3348559	3	10000000	0	100	2	None	10015279	2	4                              	19914	10485	12352	None	None	None
3348560	3	10000000	0	100	2	None	10015279	2	4                              	19910	10492	12352	None	None	None
3348505	3	10000000	0	100	2	None	10015294	2	4                              	19906	10316	12372	None	None	None
3348504	3	10000000	0	100	2	None	10015294	2	4                              	19917	10303	12372	None	None	None
3348602	3	10000000	0	100	2	None	10015284	2	4                              	19985	10538	12356	None	None	None
3348504	3	10000000	0	100	2	None	10015294	2	4                              	19914	10306	12372	None	None	None
3348505	3	10000000	0	100	2	None	10015294	2	4                              	19912	10310	12372	None	None	None
33409561	3	100000000	0	100	2	None	100051114	2	4                              	112839	64731	41036	None	None	None
33409561	3	100000000	0	100	2	None	100051114	2	4                              	112836	64734	41036	None	None	None
33409561	3	100000000	0	100	2	None	100051114	2	4                              	112840	64730	41036	None	None	None
33409561	3	100000000	0	100	2	None	100051114	2	4                              	112842	64728	41036	None	None	None
33409561	3	100000000	0	100	2	None	100051114	2	4                              	112834	64736	41036	None	None	None
33409561	3	100000000	0	100	2	None	100051114	2	4                              	112834	64736	41036	None	None	None
33409560	3	100000000	0	100	2	None	100051114	2	4                              	112841	64726	41036	None	None	None
33409561	3	100000000	0	100	2	None	100051114	2	4                              	112825	64745	41036	None	None	None
33409561	3	100000000	0	100	2	None	100051114	2	4                              	112843	64727	41036	None	None	None
33409561	3	100000000	0	100	2	None	100051114	2	4                              	112835	64735	41036	None	None	None
33409561	3	100000000	0	100	2	None	100051114	2	4                              	112839	64731	41036	None	None	None
33409560	3	100000000	0	100	2	None	100051114	2	4                              	112843	64724	41036	None	None	None
33409561	3	100000000	0	100	2	None	100051114	2	4                              	112840	64730	41036	None	None	None
33409560	3	100000000	0	100	2	None	100051114	2	4                              	112839	64728	41036	None	None	None
33409560	3	100000000	0	100	2	None	100051114	2	4                              	112839	64728	41036	None	None	None
33409561	3	100000000	0	100	2	None	100051114	2	4                              	112836	64734	41036	None	None	None
33409561	3	100000000	0	100	2	None	100051114	2	4                              	112836	64734	41036	None	None	None
33409561	3	100000000	0	100	2	None	100051114	2	4                              	112839	64731	41036	None	None	None
33409561	3	100000000	0	100	2	None	100051114	2	4                              	112842	64728	41036	None	None	None
33409561	3	100000000	0	100	2	None	100051114	2	4                              	112840	64730	41036	None	None	None
