#using seed 0.049706
#SQRT_DYNAMIC
#PROCESSORS: 5, RUNS: 20
#runTime	processors    	input-work-size	depth	taskThreshold	lGranularity    	rGranularity	W0	block_factory	init_task_cost	waiting-time    	idle_time	task_creation_cost	Geo_block_number	init_blk_size	max_blk_size
234992	5	1000000	0	100	2	None	1022017	2	100                              	64387	88560	24000	None	None	None
234992	5	1000000	0	100	2	None	1022017	2	100                              	64390	88556	24000	None	None	None
234992	5	1000000	0	100	2	None	1022017	2	100                              	64383	88561	24000	None	None	None
234992	5	1000000	0	100	2	None	1022017	2	100                              	64377	88567	24000	None	None	None
234992	5	1000000	0	100	2	None	1022017	2	100                              	64389	88555	24000	None	None	None
234992	5	1000000	0	100	2	None	1021714	2	100                              	64391	88860	23500	None	None	None
234992	5	1000000	0	100	2	None	1022017	2	100                              	64386	88560	24000	None	None	None
234992	5	1000000	0	100	2	None	1022017	2	100                              	64390	88557	24000	None	None	None
234992	5	1000000	0	100	2	None	1022017	2	100                              	64376	88570	24000	None	None	None
234992	5	1000000	0	100	2	None	1022017	2	100                              	64388	88559	24000	None	None	None
234992	5	1000000	0	100	2	None	1022017	2	100                              	64387	88560	24000	None	None	None
234992	5	1000000	0	100	2	None	1021714	2	100                              	64387	88864	23500	None	None	None
234992	5	1000000	0	100	2	None	1022017	2	100                              	64381	88566	24000	None	None	None
234992	5	1000000	0	100	2	None	1021714	2	100                              	64393	88858	23500	None	None	None
234992	5	1000000	0	100	2	None	1022017	2	100                              	64381	88563	24000	None	None	None
234992	5	1000000	0	100	2	None	1022017	2	100                              	64389	88555	24000	None	None	None
234992	5	1000000	0	100	2	None	1022017	2	100                              	64395	88551	24000	None	None	None
234992	5	1000000	0	100	2	None	1022017	2	100                              	64397	88547	24000	None	None	None
234992	5	1000000	0	100	2	None	1021714	2	100                              	64389	88860	23500	None	None	None
234992	5	1000000	0	100	2	None	1022017	2	100                              	64387	88557	24000	None	None	None
2091352	5	10000000	0	100	2	None	10079284	2	100                              	176334	201145	81700	None	None	None
2091352	5	10000000	0	100	2	None	10079587	2	100                              	176336	200842	82200	None	None	None
2091352	5	10000000	0	100	2	None	10079587	2	100                              	176328	200850	82200	None	None	None
2091352	5	10000000	0	100	2	None	10079587	2	100                              	176322	200856	82200	None	None	None
2091352	5	10000000	0	100	2	None	10079587	2	100                              	176338	200840	82200	None	None	None
2091352	5	10000000	0	100	2	None	10079587	2	100                              	176304	200874	82200	None	None	None
2091352	5	10000000	0	100	2	None	10079587	2	100                              	176330	200848	82200	None	None	None
2091352	5	10000000	0	100	2	None	10079587	2	100                              	176330	200848	82200	None	None	None
2091352	5	10000000	0	100	2	None	10079587	2	100                              	176310	200868	82200	None	None	None
2091352	5	10000000	0	100	2	None	10079587	2	100                              	176332	200846	82200	None	None	None
2091352	5	10000000	0	100	2	None	10079587	2	100                              	176328	200850	82200	None	None	None
2091352	5	10000000	0	100	2	None	10079587	2	100                              	176312	200866	82200	None	None	None
2091352	5	10000000	0	100	2	None	10079587	2	100                              	176326	200852	82200	None	None	None
2091352	5	10000000	0	100	2	None	10079587	2	100                              	176302	200876	82200	None	None	None
2091352	5	10000000	0	100	2	None	10079587	2	100                              	176336	200842	82200	None	None	None
2091352	5	10000000	0	100	2	None	10079284	2	100                              	176334	201145	81700	None	None	None
2091352	5	10000000	0	100	2	None	10079587	2	100                              	176330	200848	82200	None	None	None
2091352	5	10000000	0	100	2	None	10079587	2	100                              	176316	200862	82200	None	None	None
2091352	5	10000000	0	100	2	None	10079284	2	100                              	176326	201153	81700	None	None	None
2091352	5	10000000	0	100	2	None	10079587	2	100                              	176310	200866	82200	None	None	None
20445336	5	100000000	0	100	2	None	100195434	2	100                              	911458	1119793	197100	None	None	None
20445336	5	100000000	0	100	2	None	100195434	2	100                              	911454	1119797	197100	None	None	None
20445335	5	100000000	0	100	2	None	100195434	2	100                              	911430	1119812	197100	None	None	None
20445336	5	100000000	0	100	2	None	100195434	2	100                              	911433	1119816	197100	None	None	None
20445336	5	100000000	0	100	2	None	100195434	2	100                              	911430	1119821	197100	None	None	None
20445336	5	100000000	0	100	2	None	100195434	2	100                              	911444	1119807	197100	None	None	None
20445336	5	100000000	0	100	2	None	100195434	2	100                              	911429	1119822	197100	None	None	None
20445336	5	100000000	0	100	2	None	100195434	2	100                              	911443	1119808	197100	None	None	None
20445335	5	100000000	0	100	2	None	100195434	2	100                              	911436	1119806	197100	None	None	None
20445336	5	100000000	0	100	2	None	100195434	2	100                              	911455	1119796	197100	None	None	None
20445336	5	100000000	0	100	2	None	100195434	2	100                              	911449	1119800	197100	None	None	None
20445336	5	100000000	0	100	2	None	100195434	2	100                              	911451	1119800	197100	None	None	None
20445336	5	100000000	0	100	2	None	100195434	2	100                              	911465	1119782	197100	None	None	None
20445336	5	100000000	0	100	2	None	100195434	2	100                              	911457	1119792	197100	None	None	None
20445336	5	100000000	0	100	2	None	100195434	2	100                              	911431	1119818	197100	None	None	None
20445336	5	100000000	0	100	2	None	100195434	2	100                              	911453	1119798	197100	None	None	None
20445336	5	100000000	0	100	2	None	100195434	2	100                              	911451	1119800	197100	None	None	None
20445336	5	100000000	0	100	2	None	100195434	2	100                              	911443	1119808	197100	None	None	None
20445336	5	100000000	0	100	2	None	100195434	2	100                              	911450	1119801	197100	None	None	None
20445336	5	100000000	0	100	2	None	100195434	2	100                              	911454	1119797	197100	None	None	None
