#using seed 0.050203
#SQRT_DYNAMIC
#PROCESSORS: 5, RUNS: 20
#runTime	processors    	input-work-size	depth	taskThreshold	lGranularity    	rGranularity	W0	block_factory	init_task_cost	waiting-time    	idle_time	task_creation_cost	Geo_block_number	init_blk_size	max_blk_size
208913	5	1000000	0	100	2	None	1004794	2	4                              	17951	21823	3964	None	None	None
208913	5	1000000	0	100	2	None	1004794	2	4                              	17960	21813	3964	None	None	None
208913	5	1000000	0	100	2	None	1004794	2	4                              	17956	21817	3964	None	None	None
208913	5	1000000	0	100	2	None	1004794	2	4                              	17955	21818	3964	None	None	None
208913	5	1000000	0	100	2	None	1004794	2	4                              	17951	21823	3964	None	None	None
208913	5	1000000	0	100	2	None	1004794	2	4                              	17961	21812	3964	None	None	None
208913	5	1000000	0	100	2	None	1004794	2	4                              	17956	21817	3964	None	None	None
208913	5	1000000	0	100	2	None	1004794	2	4                              	17955	21818	3964	None	None	None
208913	5	1000000	0	100	2	None	1004794	2	4                              	17963	21811	3964	None	None	None
208913	5	1000000	0	100	2	None	1004794	2	4                              	17949	21824	3964	None	None	None
208913	5	1000000	0	100	2	None	1004794	2	4                              	17959	21814	3964	None	None	None
208913	5	1000000	0	100	2	None	1004794	2	4                              	17971	21803	3964	None	None	None
208913	5	1000000	0	100	2	None	1004794	2	4                              	17947	21826	3964	None	None	None
208913	5	1000000	0	100	2	None	1004794	2	4                              	17959	21815	3964	None	None	None
208913	5	1000000	0	100	2	None	1004794	2	4                              	17951	21822	3964	None	None	None
208913	5	1000000	0	100	2	None	1004794	2	4                              	17955	21819	3964	None	None	None
208913	5	1000000	0	100	2	None	1004794	2	4                              	17952	21821	3964	None	None	None
208913	5	1000000	0	100	2	None	1004794	2	4                              	17953	21820	3964	None	None	None
208913	5	1000000	0	100	2	None	1004794	2	4                              	17959	21814	3964	None	None	None
208913	5	1000000	0	100	2	None	1004794	2	4                              	17945	21828	3964	None	None	None
2023452	5	10000000	0	100	2	None	10019504	2	4                              	44489	53270	15796	None	None	None
2023452	5	10000000	0	100	2	None	10019504	2	4                              	44489	53270	15796	None	None	None
2023452	5	10000000	0	100	2	None	10019504	2	4                              	44511	53248	15796	None	None	None
2023452	5	10000000	0	100	2	None	10019489	2	4                              	44497	53279	15776	None	None	None
2023453	5	10000000	0	100	2	None	10019489	2	4                              	44512	53267	15776	None	None	None
2023452	5	10000000	0	100	2	None	10019489	2	4                              	44507	53269	15776	None	None	None
2023453	5	10000000	0	100	2	None	10019504	2	4                              	44502	53263	15796	None	None	None
2023452	5	10000000	0	100	2	None	10019504	2	4                              	44507	53254	15796	None	None	None
2023452	5	10000000	0	100	2	None	10019504	2	4                              	44503	53258	15796	None	None	None
2023453	5	10000000	0	100	2	None	10019504	2	4                              	44506	53259	15796	None	None	None
2023452	5	10000000	0	100	2	None	10019489	2	4                              	44505	53269	15776	None	None	None
2023453	5	10000000	0	100	2	None	10019489	2	4                              	44503	53278	15776	None	None	None
2023453	5	10000000	0	100	2	None	10019504	2	4                              	44516	53249	15796	None	None	None
2023452	5	10000000	0	100	2	None	10019504	2	4                              	44513	53248	15796	None	None	None
2023453	5	10000000	0	100	2	None	10019489	2	4                              	44518	53263	15776	None	None	None
2023453	5	10000000	0	100	2	None	10019504	2	4                              	44504	53261	15796	None	None	None
2023452	5	10000000	0	100	2	None	10019489	2	4                              	44497	53279	15776	None	None	None
2023453	5	10000000	0	100	2	None	10019504	2	4                              	44508	53257	15796	None	None	None
2023453	5	10000000	0	100	2	None	10019489	2	4                              	44493	53286	15776	None	None	None
2023452	5	10000000	0	100	2	None	10019489	2	4                              	44520	53254	15776	None	None	None
20060507	5	100000000	0	100	2	None	100064724	2	4                              	113931	123881	52020	None	None	None
20060508	5	100000000	0	100	2	None	100064709	2	4                              	113959	123873	52000	None	None	None
20060508	5	100000000	0	100	2	None	100064724	2	4                              	113941	123876	52020	None	None	None
20060508	5	100000000	0	100	2	None	100064709	2	4                              	113941	123892	52000	None	None	None
20060507	5	100000000	0	100	2	None	100064724	2	4                              	113937	123875	52020	None	None	None
20060508	5	100000000	0	100	2	None	100064694	2	4                              	113951	123896	51980	None	None	None
20060508	5	100000000	0	100	2	None	100064709	2	4                              	113936	123896	52000	None	None	None
20060508	5	100000000	0	100	2	None	100064724	2	4                              	113906	123911	52020	None	None	None
20060507	5	100000000	0	100	2	None	100064724	2	4                              	113929	123887	52020	None	None	None
20060508	5	100000000	0	100	2	None	100064709	2	4                              	113944	123889	52000	None	None	None
20060508	5	100000000	0	100	2	None	100064709	2	4                              	113952	123881	52000	None	None	None
20060508	5	100000000	0	100	2	None	100064699	2	4                              	114082	123760	51984	None	None	None
20060508	5	100000000	0	100	2	None	100064709	2	4                              	113949	123884	52000	None	None	None
20060508	5	100000000	0	100	2	None	100064709	2	4                              	113948	123885	52000	None	None	None
20060508	5	100000000	0	100	2	None	100064709	2	4                              	113955	123877	52000	None	None	None
20060507	5	100000000	0	100	2	None	100064724	2	4                              	113939	123873	52020	None	None	None
20060507	5	100000000	0	100	2	None	100064709	2	4                              	113936	123895	52000	None	None	None
20060507	5	100000000	0	100	2	None	100064709	2	4                              	113929	123902	52000	None	None	None
20060508	5	100000000	0	100	2	None	100064709	2	4                              	113940	123893	52000	None	None	None
20060508	5	100000000	0	100	2	None	100064709	2	4                              	113943	123889	52000	None	None	None
