#using seed 0.049665
#SQRT_DYNAMIC
#PROCESSORS: 3, RUNS: 20
#runTime	processors    	input-work-size	depth	taskThreshold	lGranularity    	rGranularity	W0	block_factory	init_task_cost	waiting-time    	idle_time	task_creation_cost	Geo_block_number	init_blk_size	max_blk_size
359739	3	1000000	0	100	2	None	1018280	2	100                              	34840	26098	19700	None	None	None
359738	3	1000000	0	100	2	None	1018280	2	100                              	34832	26103	19700	None	None	None
358314	3	1000000	0	100	2	None	1018280	2	100                              	32954	23709	19700	None	None	None
358314	3	1000000	0	100	2	None	1018280	2	100                              	32956	23707	19700	None	None	None
359739	3	1000000	0	100	2	None	1018280	2	100                              	34840	26098	19700	None	None	None
359738	3	1000000	0	100	2	None	1018280	2	100                              	34838	26097	19700	None	None	None
357061	3	1000000	0	100	2	None	1018583	2	100                              	32955	19647	20200	None	None	None
358314	3	1000000	0	100	2	None	1018280	2	100                              	32946	23717	19700	None	None	None
357061	3	1000000	0	100	2	None	1018583	2	100                              	32957	19645	20200	None	None	None
357061	3	1000000	0	100	2	None	1018583	2	100                              	32953	19649	20200	None	None	None
358314	3	1000000	0	100	2	None	1018280	2	100                              	32952	23711	19700	None	None	None
358314	3	1000000	0	100	2	None	1018280	2	100                              	32950	23713	19700	None	None	None
358314	3	1000000	0	100	2	None	1018280	2	100                              	32940	23723	19700	None	None	None
358374	3	1000000	0	100	2	None	1018583	2	100                              	34842	21698	20200	None	None	None
357061	3	1000000	0	100	2	None	1018583	2	100                              	32953	19649	20200	None	None	None
358374	3	1000000	0	100	2	None	1018583	2	100                              	34836	21704	20200	None	None	None
358374	3	1000000	0	100	2	None	1018583	2	100                              	34840	21701	20200	None	None	None
358374	3	1000000	0	100	2	None	1018583	2	100                              	34838	21703	20200	None	None	None
357061	3	1000000	0	100	2	None	1018583	2	100                              	32951	19651	20200	None	None	None
358314	3	1000000	0	100	2	None	1018280	2	100                              	32954	23709	19700	None	None	None
3449406	3	10000000	0	100	2	None	10062922	2	100                              	174412	110885	64300	None	None	None
3449406	3	10000000	0	100	2	None	10062922	2	100                              	174410	110887	64300	None	None	None
3449406	3	10000000	0	100	2	None	10062922	2	100                              	174412	110885	64300	None	None	None
3449405	3	10000000	0	100	2	None	10062922	2	100                              	174413	110881	64300	None	None	None
3449406	3	10000000	0	100	2	None	10062922	2	100                              	174407	110890	64300	None	None	None
3449406	3	10000000	0	100	2	None	10062922	2	100                              	174407	110890	64300	None	None	None
3449406	3	10000000	0	100	2	None	10062922	2	100                              	174416	110881	64300	None	None	None
3449406	3	10000000	0	100	2	None	10062922	2	100                              	174411	110886	64300	None	None	None
3449406	3	10000000	0	100	2	None	10062922	2	100                              	174411	110886	64300	None	None	None
3449406	3	10000000	0	100	2	None	10062922	2	100                              	174412	110885	64300	None	None	None
3449406	3	10000000	0	100	2	None	10062922	2	100                              	174413	110884	64300	None	None	None
3449406	3	10000000	0	100	2	None	10062922	2	100                              	174412	110885	64300	None	None	None
3449406	3	10000000	0	100	2	None	10062922	2	100                              	174413	110884	64300	None	None	None
3449405	3	10000000	0	100	2	None	10062922	2	100                              	174407	110887	64300	None	None	None
3449406	3	10000000	0	100	2	None	10062922	2	100                              	174406	110891	64300	None	None	None
3449405	3	10000000	0	100	2	None	10062922	2	100                              	174409	110885	64300	None	None	None
3449406	3	10000000	0	100	2	None	10062922	2	100                              	174414	110883	64300	None	None	None
3449405	3	10000000	0	100	2	None	10062922	2	100                              	174413	110881	64300	None	None	None
3449406	3	10000000	0	100	2	None	10062922	2	100                              	174409	110888	64300	None	None	None
3449406	3	10000000	0	100	2	None	10062922	2	100                              	174412	110885	64300	None	None	None
33583210	3	100000000	0	100	2	None	100153620	2	100                              	390337	205674	154900	None	None	None
33590914	3	100000000	0	100	2	None	100154125	2	100                              	405121	213497	155600	None	None	None
33583211	3	100000000	0	100	2	None	100153620	2	100                              	390335	205679	154900	None	None	None
33580925	3	100000000	0	100	2	None	100153923	2	100                              	390336	198517	155400	None	None	None
33580925	3	100000000	0	100	2	None	100153923	2	100                              	390342	198511	155400	None	None	None
33582879	3	100000000	0	100	2	None	100154024	2	100                              	393260	201354	155500	None	None	None
33580925	3	100000000	0	100	2	None	100153923	2	100                              	390342	198511	155400	None	None	None
33580925	3	100000000	0	100	2	None	100153923	2	100                              	390339	198515	155400	None	None	None
33580925	3	100000000	0	100	2	None	100153923	2	100                              	390341	198513	155400	None	None	None
33580925	3	100000000	0	100	2	None	100153923	2	100                              	390341	198513	155400	None	None	None
33583210	3	100000000	0	100	2	None	100153620	2	100                              	390338	205673	154900	None	None	None
33583210	3	100000000	0	100	2	None	100153620	2	100                              	390339	205672	154900	None	None	None
33580925	3	100000000	0	100	2	None	100153923	2	100                              	390341	198513	155400	None	None	None
33580925	3	100000000	0	100	2	None	100153923	2	100                              	390328	198525	155400	None	None	None
33580925	3	100000000	0	100	2	None	100153923	2	100                              	390334	198519	155400	None	None	None
33583210	3	100000000	0	100	2	None	100153620	2	100                              	390337	205674	154900	None	None	None
33580925	3	100000000	0	100	2	None	100153923	2	100                              	390345	198509	155400	None	None	None
33580925	3	100000000	0	100	2	None	100153923	2	100                              	390338	198515	155400	None	None	None
33580925	3	100000000	0	100	2	None	100153923	2	100                              	390338	198515	155400	None	None	None
33580925	3	100000000	0	100	2	None	100153923	2	100                              	390342	198511	155400	None	None	None
