#using seed 0.048164
#LOG_DYNAMIC
#PROCESSORS: 3, RUNS: 20
#runTime	processors    	input-work-size	depth	taskThreshold	lGranularity    	rGranularity	W0	block_factory	init_task_cost	waiting-time    	idle_time	task_creation_cost	Geo_block_number	init_blk_size	max_blk_size
347808	3	1000000	0	100	2	None	1026259	2	100                              	8550	8616	28000	None	None	None
347808	3	1000000	0	100	2	None	1026259	2	100                              	8548	8618	28000	None	None	None
347808	3	1000000	0	100	2	None	1026259	2	100                              	8553	8613	28000	None	None	None
347808	3	1000000	0	100	2	None	1026259	2	100                              	8548	8618	28000	None	None	None
347808	3	1000000	0	100	2	None	1026259	2	100                              	8556	8610	28000	None	None	None
347808	3	1000000	0	100	2	None	1026259	2	100                              	8548	8618	28000	None	None	None
347808	3	1000000	0	100	2	None	1026259	2	100                              	8548	8618	28000	None	None	None
347808	3	1000000	0	100	2	None	1026259	2	100                              	8554	8612	28000	None	None	None
347808	3	1000000	0	100	2	None	1026259	2	100                              	8558	8608	28000	None	None	None
347808	3	1000000	0	100	2	None	1026259	2	100                              	8552	8614	28000	None	None	None
347808	3	1000000	0	100	2	None	1026259	2	100                              	8548	8618	28000	None	None	None
347808	3	1000000	0	100	2	None	1026259	2	100                              	8544	8622	28000	None	None	None
347808	3	1000000	0	100	2	None	1026259	2	100                              	8549	8617	28000	None	None	None
347808	3	1000000	0	100	2	None	1026259	2	100                              	8550	8616	28000	None	None	None
347808	3	1000000	0	100	2	None	1026259	2	100                              	8551	8615	28000	None	None	None
347808	3	1000000	0	100	2	None	1026259	2	100                              	8554	8612	28000	None	None	None
347808	3	1000000	0	100	2	None	1026259	2	100                              	8556	8610	28000	None	None	None
347807	3	1000000	0	100	2	None	1026259	2	100                              	8551	8612	28000	None	None	None
347808	3	1000000	0	100	2	None	1026259	2	100                              	8546	8620	28000	None	None	None
347808	3	1000000	0	100	2	None	1026259	2	100                              	8550	8616	28000	None	None	None
3368261	3	10000000	0	100	2	None	10060700	2	100                              	22245	21841	62900	None	None	None
3368261	3	10000000	0	100	2	None	10060700	2	100                              	22243	21843	62900	None	None	None
3368261	3	10000000	0	100	2	None	10060700	2	100                              	22243	21843	62900	None	None	None
3368261	3	10000000	0	100	2	None	10060700	2	100                              	22247	21839	62900	None	None	None
3368261	3	10000000	0	100	2	None	10060700	2	100                              	22240	21846	62900	None	None	None
3368261	3	10000000	0	100	2	None	10060700	2	100                              	22244	21842	62900	None	None	None
3368261	3	10000000	0	100	2	None	10060700	2	100                              	22241	21845	62900	None	None	None
3368261	3	10000000	0	100	2	None	10060700	2	100                              	22245	21841	62900	None	None	None
3368261	3	10000000	0	100	2	None	10060700	2	100                              	22236	21850	62900	None	None	None
3368261	3	10000000	0	100	2	None	10060700	2	100                              	22248	21838	62900	None	None	None
3368260	3	10000000	0	100	2	None	10060700	2	100                              	22242	21841	62900	None	None	None
3368260	3	10000000	0	100	2	None	10060700	2	100                              	22246	21837	62900	None	None	None
3368260	3	10000000	0	100	2	None	10060700	2	100                              	22248	21835	62900	None	None	None
3368260	3	10000000	0	100	2	None	10060700	2	100                              	22252	21831	62900	None	None	None
3368261	3	10000000	0	100	2	None	10060700	2	100                              	22246	21840	62900	None	None	None
3368260	3	10000000	0	100	2	None	10060700	2	100                              	22246	21837	62900	None	None	None
3368261	3	10000000	0	100	2	None	10060700	2	100                              	22248	21838	62900	None	None	None
3368261	3	10000000	0	100	2	None	10060700	2	100                              	22247	21837	62900	None	None	None
3368261	3	10000000	0	100	2	None	10060700	2	100                              	22247	21839	62900	None	None	None
3368261	3	10000000	0	100	2	None	10060700	2	100                              	22239	21845	62900	None	None	None
33508221	3	100000000	0	100	2	None	100217957	2	100                              	153845	152862	219400	None	None	None
33508221	3	100000000	0	100	2	None	100217957	2	100                              	153851	152856	219400	None	None	None
33508221	3	100000000	0	100	2	None	100217957	2	100                              	153859	152848	219400	None	None	None
33508221	3	100000000	0	100	2	None	100217957	2	100                              	153849	152858	219400	None	None	None
33508221	3	100000000	0	100	2	None	100217957	2	100                              	153861	152846	219400	None	None	None
33508220	3	100000000	0	100	2	None	100217957	2	100                              	153860	152844	219400	None	None	None
33508221	3	100000000	0	100	2	None	100217957	2	100                              	153855	152852	219400	None	None	None
33508220	3	100000000	0	100	2	None	100217957	2	100                              	153855	152849	219400	None	None	None
33508220	3	100000000	0	100	2	None	100217957	2	100                              	153857	152847	219400	None	None	None
33508220	3	100000000	0	100	2	None	100217957	2	100                              	153854	152850	219400	None	None	None
33508220	3	100000000	0	100	2	None	100217957	2	100                              	153859	152845	219400	None	None	None
33508220	3	100000000	0	100	2	None	100217957	2	100                              	153846	152858	219400	None	None	None
33508221	3	100000000	0	100	2	None	100217957	2	100                              	153859	152848	219400	None	None	None
33508221	3	100000000	0	100	2	None	100217957	2	100                              	153853	152854	219400	None	None	None
33508220	3	100000000	0	100	2	None	100217957	2	100                              	153853	152851	219400	None	None	None
33508220	3	100000000	0	100	2	None	100217957	2	100                              	153863	152841	219400	None	None	None
33508221	3	100000000	0	100	2	None	100217957	2	100                              	153857	152850	219400	None	None	None
33508221	3	100000000	0	100	2	None	100217957	2	100                              	153851	152856	219400	None	None	None
33508221	3	100000000	0	100	2	None	100217957	2	100                              	153855	152852	219400	None	None	None
33508220	3	100000000	0	100	2	None	100217957	2	100                              	153843	152861	219400	None	None	None
