#using seed 0.048826
#LOG_DYNAMIC
#PROCESSORS: 3, RUNS: 20
#runTime	processors    	input-work-size	depth	taskThreshold	lGranularity    	rGranularity	W0	block_factory	init_task_cost	waiting-time    	idle_time	task_creation_cost	Geo_block_number	init_blk_size	max_blk_size
336796	3	1000000	0	100	2	None	1004544	2	4                              	2930	2915	3748	None	None	None
336796	3	1000000	0	100	2	None	1004544	2	4                              	2932	2913	3748	None	None	None
336796	3	1000000	0	100	2	None	1004544	2	4                              	2934	2911	3748	None	None	None
336796	3	1000000	0	100	2	None	1004544	2	4                              	2934	2911	3748	None	None	None
336796	3	1000000	0	100	2	None	1004544	2	4                              	2930	2915	3748	None	None	None
336796	3	1000000	0	100	2	None	1004544	2	4                              	2938	2907	3748	None	None	None
336796	3	1000000	0	100	2	None	1004544	2	4                              	2928	2917	3748	None	None	None
336796	3	1000000	0	100	2	None	1004544	2	4                              	2930	2915	3748	None	None	None
336796	3	1000000	0	100	2	None	1004544	2	4                              	2932	2913	3748	None	None	None
336796	3	1000000	0	100	2	None	1004544	2	4                              	2934	2911	3748	None	None	None
336796	3	1000000	0	100	2	None	1004544	2	4                              	2930	2915	3748	None	None	None
336796	3	1000000	0	100	2	None	1004544	2	4                              	2932	2913	3748	None	None	None
336796	3	1000000	0	100	2	None	1004544	2	4                              	2933	2912	3748	None	None	None
336796	3	1000000	0	100	2	None	1004544	2	4                              	2928	2917	3748	None	None	None
336796	3	1000000	0	100	2	None	1004544	2	4                              	2924	2921	3748	None	None	None
336796	3	1000000	0	100	2	None	1004544	2	4                              	2930	2915	3748	None	None	None
336796	3	1000000	0	100	2	None	1004544	2	4                              	2928	2917	3748	None	None	None
336796	3	1000000	0	100	2	None	1004544	2	4                              	2930	2915	3748	None	None	None
336796	3	1000000	0	100	2	None	1004544	2	4                              	2934	2911	3748	None	None	None
336796	3	1000000	0	100	2	None	1004544	2	4                              	2938	2907	3748	None	None	None
3345750	3	10000000	0	100	2	None	10013619	2	4                              	11865	11768	11032	None	None	None
3345756	3	10000000	0	100	2	None	10013619	2	4                              	11868	11783	11032	None	None	None
3345750	3	10000000	0	100	2	None	10013619	2	4                              	11862	11771	11032	None	None	None
3345750	3	10000000	0	100	2	None	10013619	2	4                              	11859	11774	11032	None	None	None
3345756	3	10000000	0	100	2	None	10013619	2	4                              	11872	11779	11032	None	None	None
3345756	3	10000000	0	100	2	None	10013619	2	4                              	11874	11777	11032	None	None	None
3345756	3	10000000	0	100	2	None	10013619	2	4                              	11882	11769	11032	None	None	None
3345750	3	10000000	0	100	2	None	10013619	2	4                              	11867	11766	11032	None	None	None
3345750	3	10000000	0	100	2	None	10013619	2	4                              	11862	11771	11032	None	None	None
3345750	3	10000000	0	100	2	None	10013619	2	4                              	11859	11774	11032	None	None	None
3345750	3	10000000	0	100	2	None	10013619	2	4                              	11866	11767	11032	None	None	None
3345750	3	10000000	0	100	2	None	10013619	2	4                              	11858	11775	11032	None	None	None
3345750	3	10000000	0	100	2	None	10013619	2	4                              	11866	11767	11032	None	None	None
3345756	3	10000000	0	100	2	None	10013619	2	4                              	11874	11777	11032	None	None	None
3345756	3	10000000	0	100	2	None	10013619	2	4                              	11873	11778	11032	None	None	None
3345750	3	10000000	0	100	2	None	10013619	2	4                              	11867	11766	11032	None	None	None
3345750	3	10000000	0	100	2	None	10013619	2	4                              	11861	11772	11032	None	None	None
3345756	3	10000000	0	100	2	None	10013619	2	4                              	11879	11772	11032	None	None	None
3345750	3	10000000	0	100	2	None	10013619	2	4                              	11869	11764	11032	None	None	None
3345756	3	10000000	0	100	2	None	10013619	2	4                              	11876	11775	11032	None	None	None
33366489	3	100000000	0	100	2	None	100045649	2	4                              	26975	26845	36688	None	None	None
33366490	3	100000000	0	100	2	None	100045649	2	4                              	26989	26833	36688	None	None	None
33366489	3	100000000	0	100	2	None	100045649	2	4                              	26987	26833	36688	None	None	None
33366489	3	100000000	0	100	2	None	100045649	2	4                              	26985	26835	36688	None	None	None
33366490	3	100000000	0	100	2	None	100045649	2	4                              	26984	26838	36688	None	None	None
33366489	3	100000000	0	100	2	None	100045649	2	4                              	26983	26837	36688	None	None	None
33366490	3	100000000	0	100	2	None	100045649	2	4                              	26978	26844	36688	None	None	None
33366490	3	100000000	0	100	2	None	100045649	2	4                              	26988	26834	36688	None	None	None
33366489	3	100000000	0	100	2	None	100045649	2	4                              	26989	26831	36688	None	None	None
33366519	3	100000000	0	100	2	None	100045654	2	4                              	27022	26882	36692	None	None	None
33366490	3	100000000	0	100	2	None	100045649	2	4                              	26981	26841	36688	None	None	None
33366519	3	100000000	0	100	2	None	100045654	2	4                              	27026	26879	36692	None	None	None
33366490	3	100000000	0	100	2	None	100045649	2	4                              	26968	26854	36688	None	None	None
33366489	3	100000000	0	100	2	None	100045649	2	4                              	26979	26841	36688	None	None	None
33366490	3	100000000	0	100	2	None	100045649	2	4                              	26985	26837	36688	None	None	None
33366490	3	100000000	0	100	2	None	100045649	2	4                              	26987	26835	36688	None	None	None
33366490	3	100000000	0	100	2	None	100045649	2	4                              	26983	26839	36688	None	None	None
33366490	3	100000000	0	100	2	None	100045649	2	4                              	26984	26838	36688	None	None	None
33366490	3	100000000	0	100	2	None	100045649	2	4                              	26986	26836	36688	None	None	None
33366489	3	100000000	0	100	2	None	100045649	2	4                              	26981	26839	36688	None	None	None
