#using seed 0.050005
#LOG_DYNAMIC
#PROCESSORS: 5, RUNS: 20
#runTime	processors    	input-work-size	depth	taskThreshold	lGranularity    	rGranularity	W0	block_factory	init_task_cost	waiting-time    	idle_time	task_creation_cost	Geo_block_number	init_blk_size	max_blk_size
257234	5	1000000	0	100	2	None	1174173	2	1000                              	76373	35626	194000	None	None	None
257234	5	1000000	0	100	2	None	1174173	2	1000                              	76373	35626	194000	None	None	None
257234	5	1000000	0	100	2	None	1174173	2	1000                              	76371	35628	194000	None	None	None
257234	5	1000000	0	100	2	None	1174173	2	1000                              	76369	35630	194000	None	None	None
257234	5	1000000	0	100	2	None	1174173	2	1000                              	76373	35626	194000	None	None	None
257234	5	1000000	0	100	2	None	1174173	2	1000                              	76379	35620	194000	None	None	None
257234	5	1000000	0	100	2	None	1174173	2	1000                              	76371	35628	194000	None	None	None
257234	5	1000000	0	100	2	None	1174173	2	1000                              	76373	35626	194000	None	None	None
257234	5	1000000	0	100	2	None	1174173	2	1000                              	76369	35630	194000	None	None	None
257234	5	1000000	0	100	2	None	1174173	2	1000                              	76379	35620	194000	None	None	None
257234	5	1000000	0	100	2	None	1174173	2	1000                              	76368	35634	194000	None	None	None
257234	5	1000000	0	100	2	None	1174173	2	1000                              	76366	35636	194000	None	None	None
257234	5	1000000	0	100	2	None	1174173	2	1000                              	76377	35622	194000	None	None	None
257234	5	1000000	0	100	2	None	1174173	2	1000                              	76383	35616	194000	None	None	None
257234	5	1000000	0	100	2	None	1174173	2	1000                              	76363	35636	194000	None	None	None
257234	5	1000000	0	100	2	None	1174173	2	1000                              	76364	35635	194000	None	None	None
257234	5	1000000	0	100	2	None	1174173	2	1000                              	76357	35642	194000	None	None	None
257234	5	1000000	0	100	2	None	1174173	2	1000                              	76365	35634	194000	None	None	None
257234	5	1000000	0	100	2	None	1174173	2	1000                              	76367	35632	194000	None	None	None
257234	5	1000000	0	100	2	None	1174173	2	1000                              	76377	35622	194000	None	None	None
2118277	5	10000000	0	100	2	None	10422421	2	1000                              	102749	66218	454000	None	None	None
2118277	5	10000000	0	100	2	None	10422421	2	1000                              	102755	66212	454000	None	None	None
2118277	5	10000000	0	100	2	None	10422421	2	1000                              	102749	66218	454000	None	None	None
2118278	5	10000000	0	100	2	None	10422421	2	1000                              	102750	66220	454000	None	None	None
2118277	5	10000000	0	100	2	None	10422421	2	1000                              	102733	66234	454000	None	None	None
2118278	5	10000000	0	100	2	None	10422421	2	1000                              	102738	66232	454000	None	None	None
2118277	5	10000000	0	100	2	None	10422421	2	1000                              	102747	66220	454000	None	None	None
2118278	5	10000000	0	100	2	None	10422421	2	1000                              	102748	66222	454000	None	None	None
2118277	5	10000000	0	100	2	None	10422421	2	1000                              	102755	66212	454000	None	None	None
2118277	5	10000000	0	100	2	None	10422421	2	1000                              	102753	66214	454000	None	None	None
2118277	5	10000000	0	100	2	None	10422421	2	1000                              	102756	66211	454000	None	None	None
2118277	5	10000000	0	100	2	None	10422421	2	1000                              	102731	66236	454000	None	None	None
2118277	5	10000000	0	100	2	None	10422421	2	1000                              	102745	66222	454000	None	None	None
2118278	5	10000000	0	100	2	None	10422421	2	1000                              	102748	66222	454000	None	None	None
2118277	5	10000000	0	100	2	None	10422421	2	1000                              	102735	66232	454000	None	None	None
2118277	5	10000000	0	100	2	None	10422421	2	1000                              	102755	66212	454000	None	None	None
2118277	5	10000000	0	100	2	None	10422421	2	1000                              	102741	66226	454000	None	None	None
2118278	5	10000000	0	100	2	None	10422421	2	1000                              	102712	66258	454000	None	None	None
2118277	5	10000000	0	100	2	None	10422421	2	1000                              	102753	66214	454000	None	None	None
2118277	5	10000000	0	100	2	None	10422421	2	1000                              	102747	66220	454000	None	None	None
20586842	5	100000000	0	100	2	None	101113111	2	1000                              	1091792	729312	1148000	None	None	None
20586842	5	100000000	0	100	2	None	101113111	2	1000                              	1091792	729312	1148000	None	None	None
20586842	5	100000000	0	100	2	None	101113111	2	1000                              	1091790	729312	1148000	None	None	None
20586842	5	100000000	0	100	2	None	101113111	2	1000                              	1091800	729302	1148000	None	None	None
20586842	5	100000000	0	100	2	None	101113111	2	1000                              	1091800	729304	1148000	None	None	None
20586842	5	100000000	0	100	2	None	101113111	2	1000                              	1091804	729300	1148000	None	None	None
20586842	5	100000000	0	100	2	None	101113111	2	1000                              	1091792	729312	1148000	None	None	None
20586842	5	100000000	0	100	2	None	101113111	2	1000                              	1091796	729308	1148000	None	None	None
20586842	5	100000000	0	100	2	None	101113111	2	1000                              	1091772	729332	1148000	None	None	None
20586842	5	100000000	0	100	2	None	101113111	2	1000                              	1091804	729300	1148000	None	None	None
20586842	5	100000000	0	100	2	None	101113111	2	1000                              	1091806	729298	1148000	None	None	None
20586842	5	100000000	0	100	2	None	101113111	2	1000                              	1091798	729302	1148000	None	None	None
20586842	5	100000000	0	100	2	None	101113111	2	1000                              	1091796	729308	1148000	None	None	None
20586842	5	100000000	0	100	2	None	101113111	2	1000                              	1091794	729310	1148000	None	None	None
20586842	5	100000000	0	100	2	None	101113111	2	1000                              	1091796	729308	1148000	None	None	None
20586842	5	100000000	0	100	2	None	101113111	2	1000                              	1091790	729310	1148000	None	None	None
20586842	5	100000000	0	100	2	None	101113111	2	1000                              	1091798	729304	1148000	None	None	None
20586842	5	100000000	0	100	2	None	101113111	2	1000                              	1091800	729304	1148000	None	None	None
20586842	5	100000000	0	100	2	None	101113111	2	1000                              	1091798	729304	1148000	None	None	None
20586842	5	100000000	0	100	2	None	101113111	2	1000                              	1091806	729298	1148000	None	None	None
