#using seed 0.048852
#LOG_DYNAMIC
#PROCESSORS: 5, RUNS: 20
#runTime	processors    	input-work-size	depth	taskThreshold	lGranularity    	rGranularity	W0	block_factory	init_task_cost	waiting-time    	idle_time	task_creation_cost	Geo_block_number	init_blk_size	max_blk_size
203687	5	1000000	0	100	2	None	1005834	2	4                              	6128	6475	4820	None	None	None
203688	5	1000000	0	100	2	None	1005834	2	4                              	6158	6449	4820	None	None	None
203688	5	1000000	0	100	2	None	1005834	2	4                              	6156	6451	4820	None	None	None
203688	5	1000000	0	100	2	None	1005834	2	4                              	6129	6478	4820	None	None	None
203688	5	1000000	0	100	2	None	1005834	2	4                              	6160	6447	4820	None	None	None
203687	5	1000000	0	100	2	None	1005834	2	4                              	6150	6453	4820	None	None	None
203687	5	1000000	0	100	2	None	1005834	2	4                              	6129	6474	4820	None	None	None
203687	5	1000000	0	100	2	None	1005834	2	4                              	6159	6444	4820	None	None	None
203687	5	1000000	0	100	2	None	1005834	2	4                              	6151	6452	4820	None	None	None
203687	5	1000000	0	100	2	None	1005834	2	4                              	6153	6450	4820	None	None	None
203687	5	1000000	0	100	2	None	1005834	2	4                              	6153	6450	4820	None	None	None
203687	5	1000000	0	100	2	None	1005834	2	4                              	6148	6455	4820	None	None	None
203687	5	1000000	0	100	2	None	1005834	2	4                              	6136	6467	4820	None	None	None
203688	5	1000000	0	100	2	None	1005834	2	4                              	6130	6477	4820	None	None	None
203687	5	1000000	0	100	2	None	1005834	2	4                              	6150	6453	4820	None	None	None
203687	5	1000000	0	100	2	None	1005834	2	4                              	6152	6451	4820	None	None	None
203688	5	1000000	0	100	2	None	1005834	2	4                              	6155	6452	4820	None	None	None
203687	5	1000000	0	100	2	None	1005834	2	4                              	6171	6432	4820	None	None	None
203688	5	1000000	0	100	2	None	1005834	2	4                              	6166	6441	4820	None	None	None
203687	5	1000000	0	100	2	None	1005834	2	4                              	6159	6444	4820	None	None	None
2009220	5	10000000	0	100	2	None	10017389	2	4                              	12169	16543	14112	None	None	None
2009219	5	10000000	0	100	2	None	10017389	2	4                              	12143	16565	14112	None	None	None
2009220	5	10000000	0	100	2	None	10017389	2	4                              	12189	16523	14112	None	None	None
2009220	5	10000000	0	100	2	None	10017389	2	4                              	12162	16550	14112	None	None	None
2009219	5	10000000	0	100	2	None	10017389	2	4                              	12180	16528	14112	None	None	None
2009220	5	10000000	0	100	2	None	10017389	2	4                              	12183	16529	14112	None	None	None
2009219	5	10000000	0	100	2	None	10017389	2	4                              	12180	16528	14112	None	None	None
2009219	5	10000000	0	100	2	None	10017389	2	4                              	12174	16534	14112	None	None	None
2009220	5	10000000	0	100	2	None	10017389	2	4                              	12174	16538	14112	None	None	None
2009220	5	10000000	0	100	2	None	10017389	2	4                              	12196	16516	14112	None	None	None
2009220	5	10000000	0	100	2	None	10017389	2	4                              	12186	16526	14112	None	None	None
2009219	5	10000000	0	100	2	None	10017389	2	4                              	12162	16546	14112	None	None	None
2009220	5	10000000	0	100	2	None	10017389	2	4                              	12187	16525	14112	None	None	None
2009220	5	10000000	0	100	2	None	10017389	2	4                              	12172	16540	14112	None	None	None
2009219	5	10000000	0	100	2	None	10017389	2	4                              	12185	16523	14112	None	None	None
2009220	5	10000000	0	100	2	None	10017389	2	4                              	12187	16525	14112	None	None	None
2009220	5	10000000	0	100	2	None	10017389	2	4                              	12186	16526	14112	None	None	None
2009220	5	10000000	0	100	2	None	10017389	2	4                              	12171	16541	14112	None	None	None
2009219	5	10000000	0	100	2	None	10017389	2	4                              	12188	16520	14112	None	None	None
2009219	5	10000000	0	100	2	None	10017389	2	4                              	12178	16530	14112	None	None	None
20031019	5	100000000	0	100	2	None	100068809	2	4                              	26287	60001	55296	None	None	None
20031019	5	100000000	0	100	2	None	100068809	2	4                              	26259	60029	55296	None	None	None
20031019	5	100000000	0	100	2	None	100068809	2	4                              	26281	60007	55296	None	None	None
20031019	5	100000000	0	100	2	None	100068809	2	4                              	26271	60017	55296	None	None	None
20031019	5	100000000	0	100	2	None	100068809	2	4                              	26259	60029	55296	None	None	None
20031020	5	100000000	0	100	2	None	100068809	2	4                              	26290	60002	55296	None	None	None
20031019	5	100000000	0	100	2	None	100068809	2	4                              	26278	60010	55296	None	None	None
20031020	5	100000000	0	100	2	None	100068809	2	4                              	26282	60010	55296	None	None	None
20031019	5	100000000	0	100	2	None	100068809	2	4                              	26255	60033	55296	None	None	None
20031019	5	100000000	0	100	2	None	100068809	2	4                              	26289	59999	55296	None	None	None
20031019	5	100000000	0	100	2	None	100068809	2	4                              	26275	60013	55296	None	None	None
20031019	5	100000000	0	100	2	None	100068809	2	4                              	26254	60034	55296	None	None	None
20031019	5	100000000	0	100	2	None	100068809	2	4                              	26284	60004	55296	None	None	None
20031019	5	100000000	0	100	2	None	100068809	2	4                              	26265	60023	55296	None	None	None
20031019	5	100000000	0	100	2	None	100068809	2	4                              	26276	60012	55296	None	None	None
20031019	5	100000000	0	100	2	None	100068809	2	4                              	26269	60019	55296	None	None	None
20031020	5	100000000	0	100	2	None	100068809	2	4                              	26272	60020	55296	None	None	None
20031020	5	100000000	0	100	2	None	100068809	2	4                              	26274	60018	55296	None	None	None
20031019	5	100000000	0	100	2	None	100068809	2	4                              	26275	60013	55296	None	None	None
20031019	5	100000000	0	100	2	None	100068809	2	4                              	26278	60010	55296	None	None	None
