#using seed 0.048196
#LOG_DYNAMIC
#PROCESSORS: 5, RUNS: 20
#runTime	processors    	input-work-size	depth	taskThreshold	lGranularity    	rGranularity	W0	block_factory	init_task_cost	waiting-time    	idle_time	task_creation_cost	Geo_block_number	init_blk_size	max_blk_size
209566	5	1000000	0	100	2	None	1035854	2	100                              	6486	5492	38700	None	None	None
209566	5	1000000	0	100	2	None	1035854	2	100                              	6488	5489	38700	None	None	None
209566	5	1000000	0	100	2	None	1035854	2	100                              	6482	5495	38700	None	None	None
209566	5	1000000	0	100	2	None	1035854	2	100                              	6485	5492	38700	None	None	None
209566	5	1000000	0	100	2	None	1035854	2	100                              	6482	5496	38700	None	None	None
209566	5	1000000	0	100	2	None	1035854	2	100                              	6486	5491	38700	None	None	None
209566	5	1000000	0	100	2	None	1035854	2	100                              	6498	5480	38700	None	None	None
209566	5	1000000	0	100	2	None	1035854	2	100                              	6488	5490	38700	None	None	None
209566	5	1000000	0	100	2	None	1035854	2	100                              	6472	5506	38700	None	None	None
209566	5	1000000	0	100	2	None	1035854	2	100                              	6494	5483	38700	None	None	None
209566	5	1000000	0	100	2	None	1035854	2	100                              	6488	5490	38700	None	None	None
209566	5	1000000	0	100	2	None	1035854	2	100                              	6486	5492	38700	None	None	None
209566	5	1000000	0	100	2	None	1035854	2	100                              	6490	5487	38700	None	None	None
209566	5	1000000	0	100	2	None	1035854	2	100                              	6486	5491	38700	None	None	None
209566	5	1000000	0	100	2	None	1035854	2	100                              	6483	5494	38700	None	None	None
209566	5	1000000	0	100	2	None	1035854	2	100                              	6472	5506	38700	None	None	None
209566	5	1000000	0	100	2	None	1035854	2	100                              	6470	5508	38700	None	None	None
209566	5	1000000	0	100	2	None	1035854	2	100                              	6480	5498	38700	None	None	None
209566	5	1000000	0	100	2	None	1035854	2	100                              	6472	5506	38700	None	None	None
209566	5	1000000	0	100	2	None	1035854	2	100                              	6468	5510	38700	None	None	None
2050547	5	10000000	0	100	2	None	10078577	2	100                              	87811	86351	81400	None	None	None
2050546	5	10000000	0	100	2	None	10078577	2	100                              	87796	86362	81400	None	None	None
2050546	5	10000000	0	100	2	None	10078577	2	100                              	87818	86336	81400	None	None	None
2050546	5	10000000	0	100	2	None	10078577	2	100                              	87813	86344	81400	None	None	None
2050546	5	10000000	0	100	2	None	10078577	2	100                              	87802	86356	81400	None	None	None
2050546	5	10000000	0	100	2	None	10078577	2	100                              	87827	86327	81400	None	None	None
2050546	5	10000000	0	100	2	None	10078577	2	100                              	87809	86348	81400	None	None	None
2050547	5	10000000	0	100	2	None	10078577	2	100                              	87787	86375	81400	None	None	None
2050546	5	10000000	0	100	2	None	10078577	2	100                              	87815	86343	81400	None	None	None
2050546	5	10000000	0	100	2	None	10078577	2	100                              	87828	86330	81400	None	None	None
2050547	5	10000000	0	100	2	None	10078577	2	100                              	87829	86333	81400	None	None	None
2050547	5	10000000	0	100	2	None	10078577	2	100                              	87799	86363	81400	None	None	None
2050546	5	10000000	0	100	2	None	10078577	2	100                              	87817	86337	81400	None	None	None
2050547	5	10000000	0	100	2	None	10078577	2	100                              	87821	86341	81400	None	None	None
2050546	5	10000000	0	100	2	None	10078577	2	100                              	87814	86344	81400	None	None	None
2050546	5	10000000	0	100	2	None	10078577	2	100                              	87794	86360	81400	None	None	None
2050546	5	10000000	0	100	2	None	10078577	2	100                              	87810	86348	81400	None	None	None
2050546	5	10000000	0	100	2	None	10078577	2	100                              	87810	86348	81400	None	None	None
2050546	5	10000000	0	100	2	None	10078577	2	100                              	87820	86336	81400	None	None	None
2050546	5	10000000	0	100	2	None	10078577	2	100                              	87822	86332	81400	None	None	None
20151680	5	100000000	0	100	2	None	100297545	2	100                              	236299	224561	299400	None	None	None
20151680	5	100000000	0	100	2	None	100297545	2	100                              	236286	224572	299400	None	None	None
20151680	5	100000000	0	100	2	None	100297545	2	100                              	236285	224573	299400	None	None	None
20151680	5	100000000	0	100	2	None	100297545	2	100                              	236294	224566	299400	None	None	None
20151680	5	100000000	0	100	2	None	100297545	2	100                              	236300	224558	299400	None	None	None
20151679	5	100000000	0	100	2	None	100297545	2	100                              	236289	224566	299400	None	None	None
20151680	5	100000000	0	100	2	None	100297545	2	100                              	236283	224577	299400	None	None	None
20151680	5	100000000	0	100	2	None	100297545	2	100                              	236286	224572	299400	None	None	None
20151680	5	100000000	0	100	2	None	100297545	2	100                              	236294	224566	299400	None	None	None
20151680	5	100000000	0	100	2	None	100297545	2	100                              	236295	224563	299400	None	None	None
20151680	5	100000000	0	100	2	None	100297545	2	100                              	236291	224569	299400	None	None	None
20151679	5	100000000	0	100	2	None	100297545	2	100                              	236291	224564	299400	None	None	None
20151680	5	100000000	0	100	2	None	100297545	2	100                              	236294	224566	299400	None	None	None
20151680	5	100000000	0	100	2	None	100297545	2	100                              	236282	224578	299400	None	None	None
20151679	5	100000000	0	100	2	None	100297545	2	100                              	236285	224570	299400	None	None	None
20151680	5	100000000	0	100	2	None	100297545	2	100                              	236239	224621	299400	None	None	None
20151679	5	100000000	0	100	2	None	100297545	2	100                              	236273	224582	299400	None	None	None
20151680	5	100000000	0	100	2	None	100297545	2	100                              	236296	224564	299400	None	None	None
20151680	5	100000000	0	100	2	None	100297545	2	100                              	236268	224590	299400	None	None	None
20151680	5	100000000	0	100	2	None	100297545	2	100                              	236283	224575	299400	None	None	None
