#using seed 0.049052
#LOG_DYNAMIC
#PROCESSORS: 3, RUNS: 20
#runTime	processors    	input-work-size	depth	taskThreshold	lGranularity    	rGranularity	W0	block_factory	init_task_cost	waiting-time    	idle_time	task_creation_cost	Geo_block_number	init_blk_size	max_blk_size
387238	3	1000000	0	100	2	None	1123122	2	1000                              	7941	30652	135000	None	None	None
387238	3	1000000	0	100	2	None	1123122	2	1000                              	7953	30640	135000	None	None	None
387238	3	1000000	0	100	2	None	1123122	2	1000                              	7952	30641	135000	None	None	None
387238	3	1000000	0	100	2	None	1123122	2	1000                              	7953	30640	135000	None	None	None
387239	3	1000000	0	100	2	None	1123122	2	1000                              	7951	30645	135000	None	None	None
387239	3	1000000	0	100	2	None	1123122	2	1000                              	7953	30643	135000	None	None	None
387239	3	1000000	0	100	2	None	1123122	2	1000                              	7953	30643	135000	None	None	None
387238	3	1000000	0	100	2	None	1123122	2	1000                              	7948	30645	135000	None	None	None
387238	3	1000000	0	100	2	None	1123122	2	1000                              	7944	30649	135000	None	None	None
387239	3	1000000	0	100	2	None	1123122	2	1000                              	7953	30643	135000	None	None	None
387239	3	1000000	0	100	2	None	1123122	2	1000                              	7953	30643	135000	None	None	None
387239	3	1000000	0	100	2	None	1123122	2	1000                              	7953	30643	135000	None	None	None
387239	3	1000000	0	100	2	None	1123122	2	1000                              	7949	30647	135000	None	None	None
387239	3	1000000	0	100	2	None	1123122	2	1000                              	7953	30643	135000	None	None	None
387238	3	1000000	0	100	2	None	1123122	2	1000                              	7953	30640	135000	None	None	None
387239	3	1000000	0	100	2	None	1123122	2	1000                              	7949	30647	135000	None	None	None
387239	3	1000000	0	100	2	None	1123122	2	1000                              	7953	30643	135000	None	None	None
387239	3	1000000	0	100	2	None	1123122	2	1000                              	7949	30647	135000	None	None	None
387238	3	1000000	0	100	2	None	1123122	2	1000                              	7948	30645	135000	None	None	None
387238	3	1000000	0	100	2	None	1123122	2	1000                              	7952	30641	135000	None	None	None
3492590	3	10000000	0	100	2	None	10311310	2	1000                              	82098	84363	331000	None	None	None
3492590	3	10000000	0	100	2	None	10311310	2	1000                              	82102	84359	331000	None	None	None
3492590	3	10000000	0	100	2	None	10311310	2	1000                              	82098	84363	331000	None	None	None
3492591	3	10000000	0	100	2	None	10311310	2	1000                              	82097	84367	331000	None	None	None
3492590	3	10000000	0	100	2	None	10311310	2	1000                              	82096	84365	331000	None	None	None
3492591	3	10000000	0	100	2	None	10311310	2	1000                              	82099	84365	331000	None	None	None
3492590	3	10000000	0	100	2	None	10311310	2	1000                              	82101	84360	331000	None	None	None
3492590	3	10000000	0	100	2	None	10311310	2	1000                              	82088	84373	331000	None	None	None
3492590	3	10000000	0	100	2	None	10311310	2	1000                              	82100	84361	331000	None	None	None
3492590	3	10000000	0	100	2	None	10311310	2	1000                              	82090	84371	331000	None	None	None
3492591	3	10000000	0	100	2	None	10311310	2	1000                              	82099	84365	331000	None	None	None
3492590	3	10000000	0	100	2	None	10311310	2	1000                              	82095	84366	331000	None	None	None
3492591	3	10000000	0	100	2	None	10311310	2	1000                              	82097	84367	331000	None	None	None
3492590	3	10000000	0	100	2	None	10311310	2	1000                              	82100	84361	331000	None	None	None
3492590	3	10000000	0	100	2	None	10311310	2	1000                              	82100	84361	331000	None	None	None
3492591	3	10000000	0	100	2	None	10311310	2	1000                              	82099	84365	331000	None	None	None
3492590	3	10000000	0	100	2	None	10311310	2	1000                              	82101	84360	331000	None	None	None
3492590	3	10000000	0	100	2	None	10311310	2	1000                              	82094	84367	331000	None	None	None
3492591	3	10000000	0	100	2	None	10311310	2	1000                              	82093	84371	331000	None	None	None
3492591	3	10000000	0	100	2	None	10311310	2	1000                              	82095	84369	331000	None	None	None
33806537	3	100000000	0	100	2	None	100763762	2	1000                              	329711	326139	791000	None	None	None
33806537	3	100000000	0	100	2	None	100763762	2	1000                              	329714	326136	791000	None	None	None
33806537	3	100000000	0	100	2	None	100763762	2	1000                              	329720	326130	791000	None	None	None
33806537	3	100000000	0	100	2	None	100763762	2	1000                              	329714	326138	791000	None	None	None
33806537	3	100000000	0	100	2	None	100763762	2	1000                              	329712	326140	791000	None	None	None
33806537	3	100000000	0	100	2	None	100763762	2	1000                              	329705	326145	791000	None	None	None
33806537	3	100000000	0	100	2	None	100763762	2	1000                              	329713	326137	791000	None	None	None
33806537	3	100000000	0	100	2	None	100763762	2	1000                              	329710	326142	791000	None	None	None
33806537	3	100000000	0	100	2	None	100763762	2	1000                              	329713	326137	791000	None	None	None
33806537	3	100000000	0	100	2	None	100763762	2	1000                              	329710	326140	791000	None	None	None
33806537	3	100000000	0	100	2	None	100763762	2	1000                              	329708	326142	791000	None	None	None
33806537	3	100000000	0	100	2	None	100763762	2	1000                              	329715	326135	791000	None	None	None
33806537	3	100000000	0	100	2	None	100763762	2	1000                              	329718	326132	791000	None	None	None
33806537	3	100000000	0	100	2	None	100763762	2	1000                              	329714	326136	791000	None	None	None
33806537	3	100000000	0	100	2	None	100763762	2	1000                              	329713	326137	791000	None	None	None
33806537	3	100000000	0	100	2	None	100763762	2	1000                              	329714	326138	791000	None	None	None
33806537	3	100000000	0	100	2	None	100763762	2	1000                              	329708	326142	791000	None	None	None
33806537	3	100000000	0	100	2	None	100763762	2	1000                              	329710	326140	791000	None	None	None
33806537	3	100000000	0	100	2	None	100763762	2	1000                              	329718	326134	791000	None	None	None
33806537	3	100000000	0	100	2	None	100763762	2	1000                              	329714	326138	791000	None	None	None
