#using seed 0.048208
#SQRT_STATIC
#PROCESSORS: 3, RUNS: 20
#runTime	processors    	input-work-size	depth	taskThreshold	lGranularity    	rGranularity	W0	block_factory	init_task_cost	waiting-time    	idle_time	task_creation_cost	Geo_block_number	init_blk_size	max_blk_size
346068	3	1000000	0	100	2	None	1001299	2	4                              	22117	14789	1096	0	3922	None
346068	3	1000000	0	100	2	None	1001299	2	4                              	22109	14797	1096	0	3922	None
346068	3	1000000	0	100	2	None	1001299	2	4                              	22115	14791	1096	0	3922	None
346068	3	1000000	0	100	2	None	1001299	2	4                              	22117	14789	1096	0	3922	None
346068	3	1000000	0	100	2	None	1001299	2	4                              	22116	14790	1096	0	3922	None
346068	3	1000000	0	100	2	None	1001299	2	4                              	22115	14791	1096	0	3922	None
346068	3	1000000	0	100	2	None	1001299	2	4                              	22113	14793	1096	0	3922	None
346068	3	1000000	0	100	2	None	1001299	2	4                              	22111	14795	1096	0	3922	None
346068	3	1000000	0	100	2	None	1001299	2	4                              	22117	14789	1096	0	3922	None
346068	3	1000000	0	100	2	None	1001299	2	4                              	22115	14791	1096	0	3922	None
346068	3	1000000	0	100	2	None	1001299	2	4                              	22119	14787	1096	0	3922	None
346068	3	1000000	0	100	2	None	1001299	2	4                              	22117	14789	1096	0	3922	None
346068	3	1000000	0	100	2	None	1001299	2	4                              	22117	14789	1096	0	3922	None
346068	3	1000000	0	100	2	None	1001299	2	4                              	22115	14791	1096	0	3922	None
346068	3	1000000	0	100	2	None	1001299	2	4                              	22119	14787	1096	0	3922	None
346068	3	1000000	0	100	2	None	1001299	2	4                              	22111	14795	1096	0	3922	None
346068	3	1000000	0	100	2	None	1001299	2	4                              	22115	14791	1096	0	3922	None
346067	3	1000000	0	100	2	None	1001299	2	4                              	22116	14788	1096	0	3922	None
346068	3	1000000	0	100	2	None	1001299	2	4                              	22114	14792	1096	0	3922	None
346067	3	1000000	0	100	2	None	1001299	2	4                              	22116	14788	1096	0	3922	None
3375039	3	10000000	0	100	2	None	10005149	2	4                              	74336	45633	4192	0	9776	None
3375039	3	10000000	0	100	2	None	10005149	2	4                              	74338	45631	4192	0	9776	None
3375039	3	10000000	0	100	2	None	10005149	2	4                              	74332	45637	4192	0	9776	None
3375039	3	10000000	0	100	2	None	10005149	2	4                              	74342	45627	4192	0	9776	None
3375039	3	10000000	0	100	2	None	10005149	2	4                              	74334	45635	4192	0	9776	None
3375039	3	10000000	0	100	2	None	10005149	2	4                              	74338	45631	4192	0	9776	None
3375039	3	10000000	0	100	2	None	10005149	2	4                              	74338	45631	4192	0	9776	None
3375039	3	10000000	0	100	2	None	10005149	2	4                              	74340	45629	4192	0	9776	None
3375039	3	10000000	0	100	2	None	10005149	2	4                              	74340	45629	4192	0	9776	None
3375039	3	10000000	0	100	2	None	10005149	2	4                              	74336	45633	4192	0	9776	None
3375039	3	10000000	0	100	2	None	10005149	2	4                              	74332	45637	4192	0	9776	None
3375039	3	10000000	0	100	2	None	10005149	2	4                              	74338	45631	4192	0	9776	None
3375039	3	10000000	0	100	2	None	10005149	2	4                              	74336	45633	4192	0	9776	None
3375039	3	10000000	0	100	2	None	10005149	2	4                              	74328	45641	4192	0	9776	None
3375039	3	10000000	0	100	2	None	10005149	2	4                              	74336	45633	4192	0	9776	None
3375039	3	10000000	0	100	2	None	10005149	2	4                              	74332	45637	4192	0	9776	None
3375039	3	10000000	0	100	2	None	10005149	2	4                              	74336	45633	4192	0	9776	None
3375039	3	10000000	0	100	2	None	10005149	2	4                              	74330	45639	4192	0	9776	None
3375039	3	10000000	0	100	2	None	10005149	2	4                              	74330	45639	4192	0	9776	None
3375039	3	10000000	0	100	2	None	10005149	2	4                              	74334	45635	4192	0	9776	None
33464331	3	100000000	0	100	2	None	100020519	2	4                              	234699	137776	16504	0	24421	None
33464331	3	100000000	0	100	2	None	100020519	2	4                              	234707	137769	16504	0	24421	None
33464331	3	100000000	0	100	2	None	100020519	2	4                              	234706	137769	16504	0	24421	None
33464331	3	100000000	0	100	2	None	100020519	2	4                              	234695	137781	16504	0	24421	None
33464331	3	100000000	0	100	2	None	100020519	2	4                              	234700	137775	16504	0	24421	None
33464331	3	100000000	0	100	2	None	100020519	2	4                              	234709	137767	16504	0	24421	None
33464331	3	100000000	0	100	2	None	100020519	2	4                              	234701	137775	16504	0	24421	None
33464331	3	100000000	0	100	2	None	100020519	2	4                              	234696	137779	16504	0	24421	None
33464331	3	100000000	0	100	2	None	100020519	2	4                              	234700	137775	16504	0	24421	None
33464331	3	100000000	0	100	2	None	100020519	2	4                              	234709	137767	16504	0	24421	None
33464331	3	100000000	0	100	2	None	100020519	2	4                              	234711	137765	16504	0	24421	None
33464331	3	100000000	0	100	2	None	100020519	2	4                              	234705	137771	16504	0	24421	None
33464331	3	100000000	0	100	2	None	100020519	2	4                              	234705	137771	16504	0	24421	None
33464331	3	100000000	0	100	2	None	100020519	2	4                              	234703	137772	16504	0	24421	None
33464331	3	100000000	0	100	2	None	100020519	2	4                              	234711	137765	16504	0	24421	None
33464331	3	100000000	0	100	2	None	100020519	2	4                              	234707	137769	16504	0	24421	None
33464331	3	100000000	0	100	2	None	100020519	2	4                              	234705	137771	16504	0	24421	None
33464331	3	100000000	0	100	2	None	100020519	2	4                              	234705	137771	16504	0	24421	None
33464331	3	100000000	0	100	2	None	100020519	2	4                              	234709	137767	16504	0	24421	None
33464331	3	100000000	0	100	2	None	100020519	2	4                              	234703	137772	16504	0	24421	None
