#using seed 0.050012
#SQRT_STATIC
#PROCESSORS: 3, RUNS: 20
#runTime	processors    	input-work-size	depth	taskThreshold	lGranularity    	rGranularity	W0	block_factory	init_task_cost	waiting-time    	idle_time	task_creation_cost	Geo_block_number	init_blk_size	max_blk_size
416244	3	1000000	0	100	2	None	1033032	2	1000                              	99777	115924	41000	0	32259	None
416245	3	1000000	0	100	2	None	1033032	2	1000                              	99782	115922	41000	0	32259	None
416244	3	1000000	0	100	2	None	1033032	2	1000                              	99780	115921	41000	0	32259	None
416245	3	1000000	0	100	2	None	1033032	2	1000                              	99778	115926	41000	0	32259	None
416245	3	1000000	0	100	2	None	1033032	2	1000                              	99778	115926	41000	0	32259	None
416244	3	1000000	0	100	2	None	1033032	2	1000                              	99779	115922	41000	0	32259	None
416245	3	1000000	0	100	2	None	1033032	2	1000                              	99778	115926	41000	0	32259	None
416245	3	1000000	0	100	2	None	1033032	2	1000                              	99780	115924	41000	0	32259	None
416245	3	1000000	0	100	2	None	1033032	2	1000                              	99780	115924	41000	0	32259	None
416245	3	1000000	0	100	2	None	1033032	2	1000                              	99782	115922	41000	0	32259	None
416244	3	1000000	0	100	2	None	1033032	2	1000                              	99777	115924	41000	0	32259	None
416244	3	1000000	0	100	2	None	1033032	2	1000                              	99777	115924	41000	0	32259	None
416244	3	1000000	0	100	2	None	1033032	2	1000                              	99779	115922	41000	0	32259	None
416244	3	1000000	0	100	2	None	1033032	2	1000                              	99779	115922	41000	0	32259	None
416245	3	1000000	0	100	2	None	1033032	2	1000                              	99780	115924	41000	0	32259	None
416244	3	1000000	0	100	2	None	1033032	2	1000                              	99779	115922	41000	0	32259	None
416245	3	1000000	0	100	2	None	1033032	2	1000                              	99778	115926	41000	0	32259	None
416244	3	1000000	0	100	2	None	1033032	2	1000                              	99779	115922	41000	0	32259	None
416244	3	1000000	0	100	2	None	1033032	2	1000                              	99777	115924	41000	0	32259	None
416244	3	1000000	0	100	2	None	1033032	2	1000                              	99780	115921	41000	0	32259	None
3714515	3	10000000	0	100	2	None	10066065	2	1000                              	598255	479227	76000	0	158731	None
3714515	3	10000000	0	100	2	None	10066065	2	1000                              	598256	479226	76000	0	158731	None
3714515	3	10000000	0	100	2	None	10066065	2	1000                              	598253	479229	76000	0	158731	None
3714515	3	10000000	0	100	2	None	10066065	2	1000                              	598253	479229	76000	0	158731	None
3714515	3	10000000	0	100	2	None	10066065	2	1000                              	598255	479227	76000	0	158731	None
3714516	3	10000000	0	100	2	None	10066065	2	1000                              	598257	479227	76000	0	158731	None
3714515	3	10000000	0	100	2	None	10066065	2	1000                              	598254	479228	76000	0	158731	None
3714516	3	10000000	0	100	2	None	10066065	2	1000                              	598258	479226	76000	0	158731	None
3714516	3	10000000	0	100	2	None	10066065	2	1000                              	598251	479233	76000	0	158731	None
3714515	3	10000000	0	100	2	None	10066065	2	1000                              	598254	479228	76000	0	158731	None
3714516	3	10000000	0	100	2	None	10066065	2	1000                              	598258	479226	76000	0	158731	None
3714515	3	10000000	0	100	2	None	10066065	2	1000                              	598255	479227	76000	0	158731	None
3714515	3	10000000	0	100	2	None	10066065	2	1000                              	598252	479230	76000	0	158731	None
3714516	3	10000000	0	100	2	None	10066065	2	1000                              	598256	479228	76000	0	158731	None
3714516	3	10000000	0	100	2	None	10066065	2	1000                              	598252	479232	76000	0	158731	None
3714515	3	10000000	0	100	2	None	10066065	2	1000                              	598254	479228	76000	0	158731	None
3714516	3	10000000	0	100	2	None	10066065	2	1000                              	598256	479228	76000	0	158731	None
3714515	3	10000000	0	100	2	None	10066065	2	1000                              	598252	479230	76000	0	158731	None
3714516	3	10000000	0	100	2	None	10066065	2	1000                              	598256	479228	76000	0	158731	None
3714515	3	10000000	0	100	2	None	10066065	2	1000                              	598255	479227	76000	0	158731	None
34647926	3	100000000	0	100	2	None	100260259	2	1000                              	2209887	1473633	274000	0	392157	None
34647926	3	100000000	0	100	2	None	100260259	2	1000                              	2209889	1473631	274000	0	392157	None
34647926	3	100000000	0	100	2	None	100260259	2	1000                              	2209883	1473637	274000	0	392157	None
34647926	3	100000000	0	100	2	None	100260259	2	1000                              	2209890	1473630	274000	0	392157	None
34647926	3	100000000	0	100	2	None	100260259	2	1000                              	2209887	1473633	274000	0	392157	None
34647926	3	100000000	0	100	2	None	100260259	2	1000                              	2209889	1473631	274000	0	392157	None
34647926	3	100000000	0	100	2	None	100260259	2	1000                              	2209889	1473631	274000	0	392157	None
34647925	3	100000000	0	100	2	None	100260259	2	1000                              	2209886	1473632	274000	0	392157	None
34647926	3	100000000	0	100	2	None	100260259	2	1000                              	2209891	1473629	274000	0	392157	None
34647926	3	100000000	0	100	2	None	100260259	2	1000                              	2209886	1473634	274000	0	392157	None
34647925	3	100000000	0	100	2	None	100260259	2	1000                              	2209890	1473628	274000	0	392157	None
34647926	3	100000000	0	100	2	None	100260259	2	1000                              	2209893	1473627	274000	0	392157	None
34647926	3	100000000	0	100	2	None	100260259	2	1000                              	2209887	1473633	274000	0	392157	None
34647926	3	100000000	0	100	2	None	100260259	2	1000                              	2209889	1473631	274000	0	392157	None
34647926	3	100000000	0	100	2	None	100260259	2	1000                              	2209885	1473635	274000	0	392157	None
34647926	3	100000000	0	100	2	None	100260259	2	1000                              	2209883	1473637	274000	0	392157	None
34647926	3	100000000	0	100	2	None	100260259	2	1000                              	2209893	1473627	274000	0	392157	None
34647926	3	100000000	0	100	2	None	100260259	2	1000                              	2209889	1473631	274000	0	392157	None
34647926	3	100000000	0	100	2	None	100260259	2	1000                              	2209883	1473637	274000	0	392157	None
34647926	3	100000000	0	100	2	None	100260259	2	1000                              	2209887	1473633	274000	0	392157	None
