#using seed 0.050798
#SQRT_STATIC
#PROCESSORS: 5, RUNS: 20
#runTime	processors    	input-work-size	depth	taskThreshold	lGranularity    	rGranularity	W0	block_factory	init_task_cost	waiting-time    	idle_time	task_creation_cost	Geo_block_number	init_blk_size	max_blk_size
299334	5	1000000	0	100	2	None	1033032	2	1000                              	133027	330614	45000	0	32259	None
299334	5	1000000	0	100	2	None	1032031	2	1000                              	133031	331609	42000	0	32259	None
299334	5	1000000	0	100	2	None	1033032	2	1000                              	133033	330606	45000	0	32259	None
299334	5	1000000	0	100	2	None	1032031	2	1000                              	133031	331610	42000	0	32259	None
299333	5	1000000	0	100	2	None	1033032	2	1000                              	133024	330614	45000	0	32259	None
299334	5	1000000	0	100	2	None	1032031	2	1000                              	133031	331611	42000	0	32259	None
299334	5	1000000	0	100	2	None	1032031	2	1000                              	133035	331606	42000	0	32259	None
299334	5	1000000	0	100	2	None	1032031	2	1000                              	133035	331607	42000	0	32259	None
299334	5	1000000	0	100	2	None	1032031	2	1000                              	133030	331612	42000	0	32259	None
299334	5	1000000	0	100	2	None	1032031	2	1000                              	133035	331607	42000	0	32259	None
299334	5	1000000	0	100	2	None	1032031	2	1000                              	133031	331611	42000	0	32259	None
299334	5	1000000	0	100	2	None	1033032	2	1000                              	133033	330606	45000	0	32259	None
299334	5	1000000	0	100	2	None	1032031	2	1000                              	133035	331605	42000	0	32259	None
299334	5	1000000	0	100	2	None	1032031	2	1000                              	133031	331611	42000	0	32259	None
299334	5	1000000	0	100	2	None	1033032	2	1000                              	133034	330607	45000	0	32259	None
299334	5	1000000	0	100	2	None	1032031	2	1000                              	133029	331611	42000	0	32259	None
299334	5	1000000	0	100	2	None	1033032	2	1000                              	133036	330603	45000	0	32259	None
299334	5	1000000	0	100	2	None	1032031	2	1000                              	133033	331608	42000	0	32259	None
299334	5	1000000	0	100	2	None	1033032	2	1000                              	133037	330604	45000	0	32259	None
299333	5	1000000	0	100	2	None	1033032	2	1000                              	133034	330604	45000	0	32259	None
2476342	5	10000000	0	100	2	None	10066065	2	1000                              	718298	1597352	80000	0	158731	None
2476342	5	10000000	0	100	2	None	10066065	2	1000                              	718296	1597354	80000	0	158731	None
2476342	5	10000000	0	100	2	None	10066065	2	1000                              	718286	1597364	80000	0	158731	None
2476342	5	10000000	0	100	2	None	10066065	2	1000                              	718292	1597358	80000	0	158731	None
2476342	5	10000000	0	100	2	None	10066065	2	1000                              	718279	1597371	80000	0	158731	None
2476342	5	10000000	0	100	2	None	10066065	2	1000                              	718292	1597358	80000	0	158731	None
2476342	5	10000000	0	100	2	None	10066065	2	1000                              	718298	1597352	80000	0	158731	None
2476342	5	10000000	0	100	2	None	10066065	2	1000                              	718285	1597365	80000	0	158731	None
2476342	5	10000000	0	100	2	None	10066065	2	1000                              	718290	1597360	80000	0	158731	None
2476342	5	10000000	0	100	2	None	10066065	2	1000                              	718294	1597356	80000	0	158731	None
2476342	5	10000000	0	100	2	None	10066065	2	1000                              	718292	1597358	80000	0	158731	None
2476342	5	10000000	0	100	2	None	10066065	2	1000                              	718295	1597355	80000	0	158731	None
2476342	5	10000000	0	100	2	None	10066065	2	1000                              	718302	1597348	80000	0	158731	None
2476342	5	10000000	0	100	2	None	10066065	2	1000                              	718294	1597356	80000	0	158731	None
2476342	5	10000000	0	100	2	None	10066065	2	1000                              	718295	1597355	80000	0	158731	None
2476342	5	10000000	0	100	2	None	10066065	2	1000                              	718298	1597352	80000	0	158731	None
2476342	5	10000000	0	100	2	None	10066065	2	1000                              	718292	1597358	80000	0	158731	None
2476342	5	10000000	0	100	2	None	10066065	2	1000                              	718295	1597355	80000	0	158731	None
2476342	5	10000000	0	100	2	None	10066065	2	1000                              	718286	1597364	80000	0	158731	None
2476342	5	10000000	0	100	2	None	10066065	2	1000                              	718295	1597355	80000	0	158731	None
21230530	5	100000000	0	100	2	None	100257256	2	1000                              	2750097	3145301	275000	0	392157	None
21329573	5	100000000	0	100	2	None	100260259	2	1000                              	3341327	3046281	280000	0	392157	None
21623691	5	100000000	0	100	2	None	100260259	2	1000                              	4124619	3733581	286000	0	392157	None
21230530	5	100000000	0	100	2	None	100257256	2	1000                              	2750091	3145307	275000	0	392157	None
21329573	5	100000000	0	100	2	None	100261260	2	1000                              	2948165	3438442	281000	0	392157	None
21329574	5	100000000	0	100	2	None	100261260	2	1000                              	2948173	3438438	281000	0	392157	None
21329573	5	100000000	0	100	2	None	100261260	2	1000                              	2948170	3438440	281000	0	392157	None
21329573	5	100000000	0	100	2	None	100261260	2	1000                              	2948162	3438445	281000	0	392157	None
21329573	5	100000000	0	100	2	None	100261260	2	1000                              	2948172	3438435	281000	0	392157	None
21329574	5	100000000	0	100	2	None	100261260	2	1000                              	2948167	3438444	281000	0	392157	None
21329574	5	100000000	0	100	2	None	100261260	2	1000                              	2948177	3438434	281000	0	392157	None
21329574	5	100000000	0	100	2	None	100261260	2	1000                              	2948177	3438434	281000	0	392157	None
21329573	5	100000000	0	100	2	None	100261260	2	1000                              	2948162	3438445	281000	0	392157	None
21329573	5	100000000	0	100	2	None	100260259	2	1000                              	3341319	3046292	280000	0	392157	None
21329573	5	100000000	0	100	2	None	100261260	2	1000                              	2948166	3438441	281000	0	392157	None
21329573	5	100000000	0	100	2	None	100261260	2	1000                              	2948180	3438427	281000	0	392157	None
21329574	5	100000000	0	100	2	None	100261260	2	1000                              	2948159	3438452	281000	0	392157	None
21427613	5	100000000	0	100	2	None	100262261	2	1000                              	3730477	3145332	288000	0	392157	None
21329573	5	100000000	0	100	2	None	100261260	2	1000                              	2948160	3438450	281000	0	392157	None
21329574	5	100000000	0	100	2	None	100261260	2	1000                              	2948167	3438444	281000	0	392157	None
