#using seed 0.049881
#SQRT_STATIC
#PROCESSORS: 5, RUNS: 20
#runTime	processors    	input-work-size	depth	taskThreshold	lGranularity    	rGranularity	W0	block_factory	init_task_cost	waiting-time    	idle_time	task_creation_cost	Geo_block_number	init_blk_size	max_blk_size
213040	5	1000000	0	100	2	None	1001304	2	4                              	29453	34448	1124	0	3922	None
213040	5	1000000	0	100	2	None	1001304	2	4                              	29472	34429	1124	0	3922	None
213040	5	1000000	0	100	2	None	1001304	2	4                              	29455	34444	1124	0	3922	None
213040	5	1000000	0	100	2	None	1001304	2	4                              	29471	34428	1124	0	3922	None
213040	5	1000000	0	100	2	None	1001304	2	4                              	29473	34426	1124	0	3922	None
213040	5	1000000	0	100	2	None	1001304	2	4                              	29457	34444	1124	0	3922	None
213040	5	1000000	0	100	2	None	1001304	2	4                              	29463	34438	1124	0	3922	None
213040	5	1000000	0	100	2	None	1001304	2	4                              	29456	34445	1124	0	3922	None
213040	5	1000000	0	100	2	None	1001304	2	4                              	29458	34439	1124	0	3922	None
213040	5	1000000	0	100	2	None	1001304	2	4                              	29467	34434	1124	0	3922	None
213040	5	1000000	0	100	2	None	1001304	2	4                              	29469	34432	1124	0	3922	None
213040	5	1000000	0	100	2	None	1001304	2	4                              	29472	34425	1124	0	3922	None
213040	5	1000000	0	100	2	None	1001304	2	4                              	29458	34443	1124	0	3922	None
213040	5	1000000	0	100	2	None	1001304	2	4                              	29462	34439	1124	0	3922	None
213040	5	1000000	0	100	2	None	1001304	2	4                              	29460	34441	1124	0	3922	None
213040	5	1000000	0	100	2	None	1001304	2	4                              	29468	34433	1124	0	3922	None
213040	5	1000000	0	100	2	None	1001304	2	4                              	29453	34445	1124	0	3922	None
213040	5	1000000	0	100	2	None	1001304	2	4                              	29463	34436	1124	0	3922	None
213040	5	1000000	0	100	2	None	1001304	2	4                              	29470	34427	1124	0	3922	None
213040	5	1000000	0	100	2	None	1001304	2	4                              	29460	34441	1124	0	3922	None
2045434	5	10000000	0	100	2	None	10005159	2	4                              	99392	122620	4232	0	9776	None
2045434	5	10000000	0	100	2	None	10005159	2	4                              	99390	122622	4232	0	9776	None
2045434	5	10000000	0	100	2	None	10005159	2	4                              	99382	122630	4232	0	9776	None
2045434	5	10000000	0	100	2	None	10005159	2	4                              	99380	122632	4232	0	9776	None
2045434	5	10000000	0	100	2	None	10005159	2	4                              	99372	122640	4232	0	9776	None
2045434	5	10000000	0	100	2	None	10005159	2	4                              	99378	122634	4232	0	9776	None
2045434	5	10000000	0	100	2	None	10005159	2	4                              	99386	122626	4232	0	9776	None
2045434	5	10000000	0	100	2	None	10005159	2	4                              	99360	122652	4232	0	9776	None
2045434	5	10000000	0	100	2	None	10005159	2	4                              	99372	122640	4232	0	9776	None
2045434	5	10000000	0	100	2	None	10005159	2	4                              	99386	122626	4232	0	9776	None
2045434	5	10000000	0	100	2	None	10005159	2	4                              	99382	122630	4232	0	9776	None
2045434	5	10000000	0	100	2	None	10005159	2	4                              	99370	122642	4232	0	9776	None
2045434	5	10000000	0	100	2	None	10005159	2	4                              	99354	122658	4232	0	9776	None
2045434	5	10000000	0	100	2	None	10005159	2	4                              	99380	122632	4232	0	9776	None
2045434	5	10000000	0	100	2	None	10005159	2	4                              	99384	122628	4232	0	9776	None
2045434	5	10000000	0	100	2	None	10005159	2	4                              	99378	122634	4232	0	9776	None
2045434	5	10000000	0	100	2	None	10005159	2	4                              	99380	122632	4232	0	9776	None
2045434	5	10000000	0	100	2	None	10005159	2	4                              	99368	122644	4232	0	9776	None
2045434	5	10000000	0	100	2	None	10005159	2	4                              	99376	122636	4232	0	9776	None
2045434	5	10000000	0	100	2	None	10005159	2	4                              	99365	122647	4232	0	9776	None
20128498	5	100000000	0	100	2	None	100020534	2	4                              	322398	299561	16556	0	24421	None
20128498	5	100000000	0	100	2	None	100020534	2	4                              	322390	299569	16556	0	24421	None
20128498	5	100000000	0	100	2	None	100020534	2	4                              	322408	299551	16556	0	24421	None
20128498	5	100000000	0	100	2	None	100020534	2	4                              	322406	299553	16556	0	24421	None
20128498	5	100000000	0	100	2	None	100020534	2	4                              	322409	299549	16556	0	24421	None
20128498	5	100000000	0	100	2	None	100020534	2	4                              	322410	299549	16556	0	24421	None
20128498	5	100000000	0	100	2	None	100020534	2	4                              	322381	299578	16556	0	24421	None
20128498	5	100000000	0	100	2	None	100020534	2	4                              	322404	299555	16556	0	24421	None
20128498	5	100000000	0	100	2	None	100020534	2	4                              	322400	299559	16556	0	24421	None
20128498	5	100000000	0	100	2	None	100020534	2	4                              	322398	299561	16556	0	24421	None
20128498	5	100000000	0	100	2	None	100020534	2	4                              	322392	299567	16556	0	24421	None
20128498	5	100000000	0	100	2	None	100020534	2	4                              	322406	299553	16556	0	24421	None
20128498	5	100000000	0	100	2	None	100020534	2	4                              	322412	299547	16556	0	24421	None
20128498	5	100000000	0	100	2	None	100020534	2	4                              	322402	299557	16556	0	24421	None
20128498	5	100000000	0	100	2	None	100020534	2	4                              	322381	299577	16556	0	24421	None
20128498	5	100000000	0	100	2	None	100020534	2	4                              	322391	299567	16556	0	24421	None
20128498	5	100000000	0	100	2	None	100020534	2	4                              	322408	299551	16556	0	24421	None
20128498	5	100000000	0	100	2	None	100020534	2	4                              	322398	299561	16556	0	24421	None
20128498	5	100000000	0	100	2	None	100020534	2	4                              	322403	299556	16556	0	24421	None
20128498	5	100000000	0	100	2	None	100020534	2	4                              	322375	299584	16556	0	24421	None
