#using seed 0.049821
#SQRT_STATIC
#PROCESSORS: 5, RUNS: 20
#runTime	processors    	input-work-size	depth	taskThreshold	lGranularity    	rGranularity	W0	block_factory	init_task_cost	waiting-time    	idle_time	task_creation_cost	Geo_block_number	init_blk_size	max_blk_size
247657	5	1000000	0	100	2	None	1006665	2	100                              	71839	159786	8000	0	15874	None
247657	5	1000000	0	100	2	None	1006665	2	100                              	71848	159777	8000	0	15874	None
247657	5	1000000	0	100	2	None	1006665	2	100                              	71844	159781	8000	0	15874	None
247657	5	1000000	0	100	2	None	1006665	2	100                              	71846	159779	8000	0	15874	None
247657	5	1000000	0	100	2	None	1006665	2	100                              	71840	159785	8000	0	15874	None
247657	5	1000000	0	100	2	None	1006665	2	100                              	71845	159780	8000	0	15874	None
247658	5	1000000	0	100	2	None	1006665	2	100                              	71836	159794	8000	0	15874	None
247657	5	1000000	0	100	2	None	1006564	2	100                              	87815	143911	7900	0	15874	None
247657	5	1000000	0	100	2	None	1006665	2	100                              	71830	159795	8000	0	15874	None
247657	5	1000000	0	100	2	None	1006665	2	100                              	71837	159788	8000	0	15874	None
247657	5	1000000	0	100	2	None	1006665	2	100                              	71837	159788	8000	0	15874	None
247657	5	1000000	0	100	2	None	1006665	2	100                              	71836	159789	8000	0	15874	None
247658	5	1000000	0	100	2	None	1006665	2	100                              	71840	159790	8000	0	15874	None
247658	5	1000000	0	100	2	None	1006665	2	100                              	71842	159788	8000	0	15874	None
247658	5	1000000	0	100	2	None	1006564	2	100                              	87810	143921	7900	0	15874	None
247657	5	1000000	0	100	2	None	1006665	2	100                              	71846	159779	8000	0	15874	None
247658	5	1000000	0	100	2	None	1006665	2	100                              	71841	159789	8000	0	15874	None
247658	5	1000000	0	100	2	None	1006665	2	100                              	71820	159810	8000	0	15874	None
247658	5	1000000	0	100	2	None	1006665	2	100                              	71841	159789	8000	0	15874	None
247657	5	1000000	0	100	2	None	1006665	2	100                              	71831	159794	8000	0	15874	None
2133021	5	10000000	0	100	2	None	10026360	2	100                              	294828	343919	28100	0	39216	None
2133021	5	10000000	0	100	2	None	10026360	2	100                              	294828	343922	28100	0	39216	None
2133021	5	10000000	0	100	2	None	10026360	2	100                              	294818	343932	28100	0	39216	None
2133021	5	10000000	0	100	2	None	10026360	2	100                              	294822	343928	28100	0	39216	None
2133021	5	10000000	0	100	2	None	10026360	2	100                              	294830	343920	28100	0	39216	None
2133021	5	10000000	0	100	2	None	10026360	2	100                              	294826	343921	28100	0	39216	None
2133021	5	10000000	0	100	2	None	10026360	2	100                              	294838	343912	28100	0	39216	None
2133021	5	10000000	0	100	2	None	10026360	2	100                              	294828	343922	28100	0	39216	None
2133021	5	10000000	0	100	2	None	10026360	2	100                              	294830	343920	28100	0	39216	None
2133021	5	10000000	0	100	2	None	10026360	2	100                              	294828	343922	28100	0	39216	None
2133021	5	10000000	0	100	2	None	10026360	2	100                              	294828	343922	28100	0	39216	None
2133021	5	10000000	0	100	2	None	10026360	2	100                              	294834	343913	28100	0	39216	None
2133021	5	10000000	0	100	2	None	10026360	2	100                              	294828	343919	28100	0	39216	None
2133021	5	10000000	0	100	2	None	10026360	2	100                              	294830	343917	28100	0	39216	None
2123110	5	10000000	0	100	2	None	10025956	2	100                              	275017	314581	27500	0	39216	None
2133021	5	10000000	0	100	2	None	10026360	2	100                              	294820	343930	28100	0	39216	None
2133021	5	10000000	0	100	2	None	10026360	2	100                              	294828	343919	28100	0	39216	None
2133021	5	10000000	0	100	2	None	10026360	2	100                              	294830	343920	28100	0	39216	None
2133021	5	10000000	0	100	2	None	10026360	2	100                              	294836	343911	28100	0	39216	None
2133021	5	10000000	0	100	2	None	10026360	2	100                              	294834	343913	28100	0	39216	None
20803395	5	100000000	0	100	2	None	100052418	2	100                              	1810919	2153639	54300	0	195695	None
20803395	5	100000000	0	100	2	None	100052418	2	100                              	1810921	2153637	54300	0	195695	None
20803395	5	100000000	0	100	2	None	100052418	2	100                              	1810908	2153650	54300	0	195695	None
20803395	5	100000000	0	100	2	None	100052418	2	100                              	1810917	2153641	54300	0	195695	None
20803395	5	100000000	0	100	2	None	100052418	2	100                              	1810921	2153637	54300	0	195695	None
20803395	5	100000000	0	100	2	None	100052418	2	100                              	1810918	2153640	54300	0	195695	None
20803395	5	100000000	0	100	2	None	100052418	2	100                              	1810924	2153634	54300	0	195695	None
20803394	5	100000000	0	100	2	None	100052418	2	100                              	1810895	2153660	54300	0	195695	None
20803395	5	100000000	0	100	2	None	100052418	2	100                              	1810912	2153646	54300	0	195695	None
20803395	5	100000000	0	100	2	None	100052418	2	100                              	1810915	2153643	54300	0	195695	None
20803395	5	100000000	0	100	2	None	100052418	2	100                              	1810901	2153657	54300	0	195695	None
20803395	5	100000000	0	100	2	None	100052418	2	100                              	1810900	2153658	54300	0	195695	None
20803395	5	100000000	0	100	2	None	100052418	2	100                              	1810921	2153639	54300	0	195695	None
20803395	5	100000000	0	100	2	None	100052418	2	100                              	1810913	2153645	54300	0	195695	None
20803395	5	100000000	0	100	2	None	100052418	2	100                              	1810917	2153641	54300	0	195695	None
20803395	5	100000000	0	100	2	None	100052418	2	100                              	1810906	2153652	54300	0	195695	None
20803395	5	100000000	0	100	2	None	100052418	2	100                              	1810901	2153657	54300	0	195695	None
20803395	5	100000000	0	100	2	None	100052418	2	100                              	1810914	2153644	54300	0	195695	None
20803394	5	100000000	0	100	2	None	100052418	2	100                              	1810923	2153630	54300	0	195695	None
20803395	5	100000000	0	100	2	None	100052418	2	100                              	1810925	2153633	54300	0	195695	None
