#using seed 0.049814
#SQRT_STATIC
#PROCESSORS: 3, RUNS: 20
#runTime	processors    	input-work-size	depth	taskThreshold	lGranularity    	rGranularity	W0	block_factory	init_task_cost	waiting-time    	idle_time	task_creation_cost	Geo_block_number	init_blk_size	max_blk_size
371489	3	1000000	0	100	2	None	1006665	2	100                              	59839	47965	7600	0	15874	None
371489	3	1000000	0	100	2	None	1006665	2	100                              	59843	47961	7600	0	15874	None
371489	3	1000000	0	100	2	None	1006665	2	100                              	59847	47957	7600	0	15874	None
371489	3	1000000	0	100	2	None	1006665	2	100                              	59844	47959	7600	0	15874	None
371489	3	1000000	0	100	2	None	1006665	2	100                              	59849	47955	7600	0	15874	None
371489	3	1000000	0	100	2	None	1006665	2	100                              	59838	47965	7600	0	15874	None
371489	3	1000000	0	100	2	None	1006665	2	100                              	59841	47963	7600	0	15874	None
371489	3	1000000	0	100	2	None	1006665	2	100                              	59841	47963	7600	0	15874	None
371489	3	1000000	0	100	2	None	1006665	2	100                              	59845	47959	7600	0	15874	None
371489	3	1000000	0	100	2	None	1006665	2	100                              	59845	47959	7600	0	15874	None
371489	3	1000000	0	100	2	None	1006665	2	100                              	59842	47961	7600	0	15874	None
371489	3	1000000	0	100	2	None	1006665	2	100                              	59844	47959	7600	0	15874	None
371489	3	1000000	0	100	2	None	1006665	2	100                              	59843	47961	7600	0	15874	None
371489	3	1000000	0	100	2	None	1006665	2	100                              	59843	47961	7600	0	15874	None
371489	3	1000000	0	100	2	None	1006665	2	100                              	59843	47961	7600	0	15874	None
371489	3	1000000	0	100	2	None	1006665	2	100                              	59841	47963	7600	0	15874	None
371489	3	1000000	0	100	2	None	1006665	2	100                              	59841	47963	7600	0	15874	None
371489	3	1000000	0	100	2	None	1006665	2	100                              	59835	47968	7600	0	15874	None
371489	3	1000000	0	100	2	None	1006665	2	100                              	59845	47959	7600	0	15874	None
371489	3	1000000	0	100	2	None	1006665	2	100                              	59839	47965	7600	0	15874	None
3464897	3	10000000	0	100	2	None	10026259	2	100                              	221018	147416	27400	0	39216	None
3464897	3	10000000	0	100	2	None	10026259	2	100                              	221014	147420	27400	0	39216	None
3464897	3	10000000	0	100	2	None	10026259	2	100                              	221017	147417	27400	0	39216	None
3464897	3	10000000	0	100	2	None	10026259	2	100                              	221013	147421	27400	0	39216	None
3464897	3	10000000	0	100	2	None	10026259	2	100                              	221016	147418	27400	0	39216	None
3464897	3	10000000	0	100	2	None	10026259	2	100                              	221016	147418	27400	0	39216	None
3464897	3	10000000	0	100	2	None	10026259	2	100                              	221011	147423	27400	0	39216	None
3464897	3	10000000	0	100	2	None	10026259	2	100                              	221016	147418	27400	0	39216	None
3464897	3	10000000	0	100	2	None	10026259	2	100                              	221019	147415	27400	0	39216	None
3464897	3	10000000	0	100	2	None	10026259	2	100                              	221015	147419	27400	0	39216	None
3464897	3	10000000	0	100	2	None	10026259	2	100                              	221013	147421	27400	0	39216	None
3464897	3	10000000	0	100	2	None	10026259	2	100                              	221014	147420	27400	0	39216	None
3464897	3	10000000	0	100	2	None	10026259	2	100                              	221014	147420	27400	0	39216	None
3464897	3	10000000	0	100	2	None	10026259	2	100                              	221011	147423	27400	0	39216	None
3464897	3	10000000	0	100	2	None	10026259	2	100                              	221009	147425	27400	0	39216	None
3464897	3	10000000	0	100	2	None	10026259	2	100                              	221015	147419	27400	0	39216	None
3464897	3	10000000	0	100	2	None	10026259	2	100                              	221010	147424	27400	0	39216	None
3464897	3	10000000	0	100	2	None	10026259	2	100                              	221017	147417	27400	0	39216	None
3464897	3	10000000	0	100	2	None	10026259	2	100                              	221015	147419	27400	0	39216	None
3464897	3	10000000	0	100	2	None	10026259	2	100                              	221004	147430	27400	0	39216	None
34093060	3	100000000	0	100	2	None	100052216	2	100                              	1297032	929933	53300	0	195695	None
34093061	3	100000000	0	100	2	None	100052216	2	100                              	1297035	929933	53300	0	195695	None
34093061	3	100000000	0	100	2	None	100052216	2	100                              	1297035	929933	53300	0	195695	None
34093061	3	100000000	0	100	2	None	100052216	2	100                              	1297033	929935	53300	0	195695	None
34093061	3	100000000	0	100	2	None	100052216	2	100                              	1297035	929933	53300	0	195695	None
34093061	3	100000000	0	100	2	None	100052216	2	100                              	1297022	929946	53300	0	195695	None
34093060	3	100000000	0	100	2	None	100052216	2	100                              	1297030	929935	53300	0	195695	None
34093061	3	100000000	0	100	2	None	100052216	2	100                              	1297032	929936	53300	0	195695	None
34093061	3	100000000	0	100	2	None	100052216	2	100                              	1297031	929937	53300	0	195695	None
34093061	3	100000000	0	100	2	None	100052216	2	100                              	1297035	929933	53300	0	195695	None
34093061	3	100000000	0	100	2	None	100052216	2	100                              	1297033	929935	53300	0	195695	None
34093061	3	100000000	0	100	2	None	100052216	2	100                              	1297035	929933	53300	0	195695	None
34093061	3	100000000	0	100	2	None	100052216	2	100                              	1297031	929937	53300	0	195695	None
34093061	3	100000000	0	100	2	None	100052216	2	100                              	1297027	929941	53300	0	195695	None
34093061	3	100000000	0	100	2	None	100052216	2	100                              	1297031	929937	53300	0	195695	None
34093061	3	100000000	0	100	2	None	100052216	2	100                              	1297031	929937	53300	0	195695	None
34093060	3	100000000	0	100	2	None	100052216	2	100                              	1297028	929937	53300	0	195695	None
34093061	3	100000000	0	100	2	None	100052216	2	100                              	1297030	929938	53300	0	195695	None
34093061	3	100000000	0	100	2	None	100052216	2	100                              	1297027	929941	53300	0	195695	None
34093061	3	100000000	0	100	2	None	100052216	2	100                              	1297032	929936	53300	0	195695	None
