#using seed 0.048171
#LOG_STATIC
#PROCESSORS: 5, RUNS: 20
#runTime	processors    	input-work-size	depth	taskThreshold	lGranularity    	rGranularity	W0	block_factory	init_task_cost	waiting-time    	idle_time	task_creation_cost	Geo_block_number	init_blk_size	max_blk_size
208632	5	1000000	0	100	2	None	1021007	2	100                              	6446	15708	23200	9	31	None
208632	5	1000000	0	100	2	None	1021007	2	100                              	6445	15711	23200	9	31	None
208631	5	1000000	0	100	2	None	1021007	2	100                              	6435	15716	23200	9	31	None
208631	5	1000000	0	100	2	None	1021007	2	100                              	6435	15716	23200	9	31	None
208632	5	1000000	0	100	2	None	1021007	2	100                              	6443	15711	23200	9	31	None
208631	5	1000000	0	100	2	None	1021007	2	100                              	6442	15707	23200	9	31	None
208631	5	1000000	0	100	2	None	1021007	2	100                              	6438	15713	23200	9	31	None
208632	5	1000000	0	100	2	None	1021007	2	100                              	6441	15715	23200	9	31	None
208631	5	1000000	0	100	2	None	1021007	2	100                              	6437	15712	23200	9	31	None
208631	5	1000000	0	100	2	None	1021007	2	100                              	6446	15703	23200	9	31	None
208632	5	1000000	0	100	2	None	1021007	2	100                              	6440	15714	23200	9	31	None
208631	5	1000000	0	100	2	None	1021007	2	100                              	6446	15703	23200	9	31	None
208631	5	1000000	0	100	2	None	1021007	2	100                              	6426	15723	23200	9	31	None
208631	5	1000000	0	100	2	None	1021007	2	100                              	6443	15708	23200	9	31	None
208631	5	1000000	0	100	2	None	1021007	2	100                              	6450	15699	23200	9	31	None
208632	5	1000000	0	100	2	None	1021007	2	100                              	6455	15701	23200	9	31	None
208632	5	1000000	0	100	2	None	1021007	2	100                              	6447	15709	23200	9	31	None
208631	5	1000000	0	100	2	None	1021007	2	100                              	6445	15704	23200	9	31	None
208631	5	1000000	0	100	2	None	1021007	2	100                              	6436	15713	23200	9	31	None
208632	5	1000000	0	100	2	None	1021007	2	100                              	6439	15717	23200	9	31	None
2051476	5	10000000	0	100	2	None	10048782	2	100                              	106943	101660	51900	10	39	None
2051476	5	10000000	0	100	2	None	10048782	2	100                              	106921	101680	51900	10	39	None
2051476	5	10000000	0	100	2	None	10048782	2	100                              	106935	101668	51900	10	39	None
2051476	5	10000000	0	100	2	None	10048782	2	100                              	106939	101664	51900	10	39	None
2051476	5	10000000	0	100	2	None	10048782	2	100                              	106925	101678	51900	10	39	None
2051476	5	10000000	0	100	2	None	10048782	2	100                              	106933	101666	51900	10	39	None
2051476	5	10000000	0	100	2	None	10048782	2	100                              	106925	101678	51900	10	39	None
2051476	5	10000000	0	100	2	None	10048782	2	100                              	106927	101676	51900	10	39	None
2051476	5	10000000	0	100	2	None	10048782	2	100                              	106941	101662	51900	10	39	None
2051476	5	10000000	0	100	2	None	10048782	2	100                              	106923	101680	51900	10	39	None
2051476	5	10000000	0	100	2	None	10048782	2	100                              	106921	101682	51900	10	39	None
2051476	5	10000000	0	100	2	None	10048782	2	100                              	106927	101674	51900	10	39	None
2051476	5	10000000	0	100	2	None	10048782	2	100                              	106919	101680	51900	10	39	None
2051476	5	10000000	0	100	2	None	10048782	2	100                              	106927	101676	51900	10	39	None
2051476	5	10000000	0	100	2	None	10048782	2	100                              	106937	101666	51900	10	39	None
2051476	5	10000000	0	100	2	None	10048782	2	100                              	106937	101664	51900	10	39	None
2051476	5	10000000	0	100	2	None	10048782	2	100                              	106929	101674	51900	10	39	None
2051476	5	10000000	0	100	2	None	10048782	2	100                              	106941	101658	51900	10	39	None
2051476	5	10000000	0	100	2	None	10048782	2	100                              	106935	101668	51900	10	39	None
2051476	5	10000000	0	100	2	None	10048782	2	100                              	106925	101678	51900	10	39	None
20156078	5	100000000	0	100	2	None	100081304	2	100                              	319521	379566	84100	12	48	None
20156079	5	100000000	0	100	2	None	100081304	2	100                              	319508	379588	84100	12	48	None
20156079	5	100000000	0	100	2	None	100081304	2	100                              	319525	379569	84100	12	48	None
20156079	5	100000000	0	100	2	None	100081304	2	100                              	319505	379591	84100	12	48	None
20156079	5	100000000	0	100	2	None	100081304	2	100                              	319529	379567	84100	12	48	None
20156079	5	100000000	0	100	2	None	100081304	2	100                              	319525	379571	84100	12	48	None
20156079	5	100000000	0	100	2	None	100081304	2	100                              	319515	379579	84100	12	48	None
20156079	5	100000000	0	100	2	None	100081304	2	100                              	319511	379583	84100	12	48	None
20156079	5	100000000	0	100	2	None	100081304	2	100                              	319521	379573	84100	12	48	None
20156079	5	100000000	0	100	2	None	100081304	2	100                              	319532	379564	84100	12	48	None
20156079	5	100000000	0	100	2	None	100081304	2	100                              	319523	379571	84100	12	48	None
20156079	5	100000000	0	100	2	None	100081304	2	100                              	319531	379565	84100	12	48	None
20156079	5	100000000	0	100	2	None	100081304	2	100                              	319512	379582	84100	12	48	None
20156079	5	100000000	0	100	2	None	100081304	2	100                              	319528	379568	84100	12	48	None
20156078	5	100000000	0	100	2	None	100081304	2	100                              	319515	379572	84100	12	48	None
20156079	5	100000000	0	100	2	None	100081304	2	100                              	319507	379589	84100	12	48	None
20156079	5	100000000	0	100	2	None	100081304	2	100                              	319514	379582	84100	12	48	None
20156078	5	100000000	0	100	2	None	100081304	2	100                              	319521	379566	84100	12	48	None
20156078	5	100000000	0	100	2	None	100081304	2	100                              	319519	379568	84100	12	48	None
20156078	5	100000000	0	100	2	None	100081304	2	100                              	319493	379594	84100	12	48	None
