#using seed 0.049808
#LOG_STATIC
#PROCESSORS: 5, RUNS: 20
#runTime	processors    	input-work-size	depth	taskThreshold	lGranularity    	rGranularity	W0	block_factory	init_task_cost	waiting-time    	idle_time	task_creation_cost	Geo_block_number	init_blk_size	max_blk_size
266056	5	1000000	0	100	2	None	1110109	2	1000                              	5995	214179	122000	11	31	None
266056	5	1000000	0	100	2	None	1110109	2	1000                              	5994	214180	122000	11	31	None
266056	5	1000000	0	100	2	None	1110109	2	1000                              	5998	214176	122000	11	31	None
266056	5	1000000	0	100	2	None	1110109	2	1000                              	5987	214185	122000	11	31	None
266056	5	1000000	0	100	2	None	1110109	2	1000                              	5995	214179	122000	11	31	None
266056	5	1000000	0	100	2	None	1110109	2	1000                              	5989	214185	122000	11	31	None
266056	5	1000000	0	100	2	None	1110109	2	1000                              	5994	214178	122000	11	31	None
266055	5	1000000	0	100	2	None	1110109	2	1000                              	5995	214176	122000	11	31	None
266056	5	1000000	0	100	2	None	1110109	2	1000                              	5994	214178	122000	11	31	None
266056	5	1000000	0	100	2	None	1110109	2	1000                              	5990	214183	122000	11	31	None
266056	5	1000000	0	100	2	None	1110109	2	1000                              	5977	214197	122000	11	31	None
266056	5	1000000	0	100	2	None	1110109	2	1000                              	5991	214182	122000	11	31	None
266056	5	1000000	0	100	2	None	1110109	2	1000                              	5990	214184	122000	11	31	None
266055	5	1000000	0	100	2	None	1110109	2	1000                              	5991	214180	122000	11	31	None
266056	5	1000000	0	100	2	None	1110109	2	1000                              	5987	214186	122000	11	31	None
266056	5	1000000	0	100	2	None	1110109	2	1000                              	5985	214188	122000	11	31	None
266055	5	1000000	0	100	2	None	1110109	2	1000                              	5987	214184	122000	11	31	None
266056	5	1000000	0	100	2	None	1110109	2	1000                              	5998	214175	122000	11	31	None
266055	5	1000000	0	100	2	None	1110109	2	1000                              	5995	214176	122000	11	31	None
266056	5	1000000	0	100	2	None	1110109	2	1000                              	5994	214180	122000	11	31	None
2100798	5	10000000	0	100	2	None	10262261	2	1000                              	89874	151856	286000	12	39	None
2100798	5	10000000	0	100	2	None	10262261	2	1000                              	89874	151856	286000	12	39	None
2100797	5	10000000	0	100	2	None	10262261	2	1000                              	89877	151850	286000	12	39	None
2100798	5	10000000	0	100	2	None	10262261	2	1000                              	89869	151861	286000	12	39	None
2100797	5	10000000	0	100	2	None	10262261	2	1000                              	89877	151850	286000	12	39	None
2100798	5	10000000	0	100	2	None	10262261	2	1000                              	89870	151860	286000	12	39	None
2100797	5	10000000	0	100	2	None	10262261	2	1000                              	89879	151848	286000	12	39	None
2100798	5	10000000	0	100	2	None	10262261	2	1000                              	89870	151861	286000	12	39	None
2100798	5	10000000	0	100	2	None	10262261	2	1000                              	89872	151859	286000	12	39	None
2100798	5	10000000	0	100	2	None	10262261	2	1000                              	89874	151856	286000	12	39	None
2100798	5	10000000	0	100	2	None	10262261	2	1000                              	89872	151858	286000	12	39	None
2100798	5	10000000	0	100	2	None	10262261	2	1000                              	89860	151870	286000	12	39	None
2100798	5	10000000	0	100	2	None	10262261	2	1000                              	89867	151863	286000	12	39	None
2100798	5	10000000	0	100	2	None	10262261	2	1000                              	89872	151859	286000	12	39	None
2100798	5	10000000	0	100	2	None	10262261	2	1000                              	89880	151851	286000	12	39	None
2100798	5	10000000	0	100	2	None	10262261	2	1000                              	89842	151888	286000	12	39	None
2100798	5	10000000	0	100	2	None	10262261	2	1000                              	89868	151862	286000	12	39	None
2100798	5	10000000	0	100	2	None	10262261	2	1000                              	89856	151875	286000	12	39	None
2100798	5	10000000	0	100	2	None	10262261	2	1000                              	89852	151878	286000	12	39	None
2100798	5	10000000	0	100	2	None	10262261	2	1000                              	89880	151850	286000	12	39	None
20460909	5	100000000	0	100	2	None	100367366	2	1000                              	280246	1656934	391000	14	48	None
20460909	5	100000000	0	100	2	None	100367366	2	1000                              	280254	1656927	391000	14	48	None
20460909	5	100000000	0	100	2	None	100367366	2	1000                              	280258	1656923	391000	14	48	None
20460909	5	100000000	0	100	2	None	100367366	2	1000                              	280256	1656924	391000	14	48	None
20460909	5	100000000	0	100	2	None	100367366	2	1000                              	280250	1656930	391000	14	48	None
20460909	5	100000000	0	100	2	None	100367366	2	1000                              	280250	1656930	391000	14	48	None
20460909	5	100000000	0	100	2	None	100367366	2	1000                              	280238	1656942	391000	14	48	None
20460909	5	100000000	0	100	2	None	100367366	2	1000                              	280248	1656932	391000	14	48	None
20460909	5	100000000	0	100	2	None	100367366	2	1000                              	280254	1656926	391000	14	48	None
20460909	5	100000000	0	100	2	None	100367366	2	1000                              	280254	1656927	391000	14	48	None
20460909	5	100000000	0	100	2	None	100367366	2	1000                              	280246	1656934	391000	14	48	None
20460909	5	100000000	0	100	2	None	100367366	2	1000                              	280246	1656934	391000	14	48	None
20460909	5	100000000	0	100	2	None	100367366	2	1000                              	280252	1656928	391000	14	48	None
20460909	5	100000000	0	100	2	None	100367366	2	1000                              	280242	1656939	391000	14	48	None
20460909	5	100000000	0	100	2	None	100367366	2	1000                              	280246	1656934	391000	14	48	None
20460909	5	100000000	0	100	2	None	100367366	2	1000                              	280246	1656934	391000	14	48	None
20460909	5	100000000	0	100	2	None	100367366	2	1000                              	280256	1656924	391000	14	48	None
20460909	5	100000000	0	100	2	None	100367366	2	1000                              	280242	1656938	391000	14	48	None
20460909	5	100000000	0	100	2	None	100367366	2	1000                              	280250	1656930	391000	14	48	None
20460909	5	100000000	0	100	2	None	100367366	2	1000                              	280254	1656926	391000	14	48	None
