#using seed 0.05007
#LOG_STATIC
#PROCESSORS: 3, RUNS: 20
#runTime	processors    	input-work-size	depth	taskThreshold	lGranularity    	rGranularity	W0	block_factory	init_task_cost	waiting-time    	idle_time	task_creation_cost	Geo_block_number	init_blk_size	max_blk_size
339027	3	1000000	0	100	2	None	1001794	2	4                              	7597	7691	1532	7	31	None
339026	3	1000000	0	100	2	None	1001794	2	4                              	7581	7704	1532	7	31	None
339027	3	1000000	0	100	2	None	1001794	2	4                              	7597	7691	1532	7	31	None
339027	3	1000000	0	100	2	None	1001794	2	4                              	7598	7690	1532	7	31	None
339027	3	1000000	0	100	2	None	1001794	2	4                              	7593	7695	1532	7	31	None
339026	3	1000000	0	100	2	None	1001794	2	4                              	7599	7686	1532	7	31	None
339027	3	1000000	0	100	2	None	1001794	2	4                              	7595	7693	1532	7	31	None
339027	3	1000000	0	100	2	None	1001794	2	4                              	7596	7692	1532	7	31	None
339027	3	1000000	0	100	2	None	1001794	2	4                              	7599	7689	1532	7	31	None
339027	3	1000000	0	100	2	None	1001794	2	4                              	7591	7697	1532	7	31	None
339027	3	1000000	0	100	2	None	1001794	2	4                              	7595	7693	1532	7	31	None
339027	3	1000000	0	100	2	None	1001794	2	4                              	7599	7689	1532	7	31	None
339027	3	1000000	0	100	2	None	1001794	2	4                              	7597	7691	1532	7	31	None
339026	3	1000000	0	100	2	None	1001794	2	4                              	7597	7688	1532	7	31	None
339027	3	1000000	0	100	2	None	1001794	2	4                              	7597	7691	1532	7	31	None
339026	3	1000000	0	100	2	None	1001794	2	4                              	7595	7690	1532	7	31	None
339027	3	1000000	0	100	2	None	1001794	2	4                              	7597	7691	1532	7	31	None
339027	3	1000000	0	100	2	None	1001794	2	4                              	7593	7695	1532	7	31	None
339027	3	1000000	0	100	2	None	1001794	2	4                              	7598	7690	1532	7	31	None
339027	3	1000000	0	100	2	None	1001794	2	4                              	7592	7696	1532	7	31	None
3349489	3	10000000	0	100	2	None	10005744	2	4                              	21174	21550	4708	8	39	None
3349488	3	10000000	0	100	2	None	10005744	2	4                              	21179	21542	4708	8	39	None
3349488	3	10000000	0	100	2	None	10005744	2	4                              	21182	21539	4708	8	39	None
3349488	3	10000000	0	100	2	None	10005744	2	4                              	21179	21542	4708	8	39	None
3349488	3	10000000	0	100	2	None	10005744	2	4                              	21183	21538	4708	8	39	None
3349488	3	10000000	0	100	2	None	10005744	2	4                              	21177	21544	4708	8	39	None
3349488	3	10000000	0	100	2	None	10005744	2	4                              	21182	21539	4708	8	39	None
3349489	3	10000000	0	100	2	None	10005744	2	4                              	21178	21546	4708	8	39	None
3349489	3	10000000	0	100	2	None	10005744	2	4                              	21186	21538	4708	8	39	None
3349488	3	10000000	0	100	2	None	10005744	2	4                              	21181	21540	4708	8	39	None
3349488	3	10000000	0	100	2	None	10005744	2	4                              	21181	21540	4708	8	39	None
3349488	3	10000000	0	100	2	None	10005744	2	4                              	21179	21542	4708	8	39	None
3349488	3	10000000	0	100	2	None	10005744	2	4                              	21181	21540	4708	8	39	None
3349488	3	10000000	0	100	2	None	10005744	2	4                              	21181	21540	4708	8	39	None
3349488	3	10000000	0	100	2	None	10005744	2	4                              	21175	21546	4708	8	39	None
3349488	3	10000000	0	100	2	None	10005744	2	4                              	21183	21538	4708	8	39	None
3349488	3	10000000	0	100	2	None	10005744	2	4                              	21187	21534	4708	8	39	None
3349488	3	10000000	0	100	2	None	10005744	2	4                              	21179	21542	4708	8	39	None
3349488	3	10000000	0	100	2	None	10005744	2	4                              	21183	21538	4708	8	39	None
3349488	3	10000000	0	100	2	None	10005744	2	4                              	21187	21534	4708	8	39	None
33409972	3	100000000	0	100	2	None	100011239	2	4                              	109443	109236	9128	10	48	None
33409972	3	100000000	0	100	2	None	100011239	2	4                              	109446	109233	9128	10	48	None
33409972	3	100000000	0	100	2	None	100011239	2	4                              	109456	109223	9128	10	48	None
33409972	3	100000000	0	100	2	None	100011239	2	4                              	109454	109225	9128	10	48	None
33409973	3	100000000	0	100	2	None	100011239	2	4                              	109454	109227	9128	10	48	None
33409973	3	100000000	0	100	2	None	100011239	2	4                              	109445	109236	9128	10	48	None
33409973	3	100000000	0	100	2	None	100011239	2	4                              	109448	109233	9128	10	48	None
33409972	3	100000000	0	100	2	None	100011239	2	4                              	109456	109223	9128	10	48	None
33409972	3	100000000	0	100	2	None	100011239	2	4                              	109454	109225	9128	10	48	None
33409973	3	100000000	0	100	2	None	100011239	2	4                              	109451	109230	9128	10	48	None
33409973	3	100000000	0	100	2	None	100011239	2	4                              	109452	109229	9128	10	48	None
33409972	3	100000000	0	100	2	None	100011239	2	4                              	109450	109229	9128	10	48	None
33409973	3	100000000	0	100	2	None	100011239	2	4                              	109455	109226	9128	10	48	None
33409973	3	100000000	0	100	2	None	100011239	2	4                              	109444	109237	9128	10	48	None
33409973	3	100000000	0	100	2	None	100011239	2	4                              	109441	109240	9128	10	48	None
33409972	3	100000000	0	100	2	None	100011239	2	4                              	109450	109229	9128	10	48	None
33409973	3	100000000	0	100	2	None	100011239	2	4                              	109456	109225	9128	10	48	None
33409972	3	100000000	0	100	2	None	100011239	2	4                              	109448	109231	9128	10	48	None
33409972	3	100000000	0	100	2	None	100011239	2	4                              	109456	109223	9128	10	48	None
33409973	3	100000000	0	100	2	None	100011239	2	4                              	109452	109229	9128	10	48	None
