#using seed 0.050552
#LOG_STATIC
#PROCESSORS: 5, RUNS: 20
#runTime	processors    	input-work-size	depth	taskThreshold	lGranularity    	rGranularity	W0	block_factory	init_task_cost	waiting-time    	idle_time	task_creation_cost	Geo_block_number	init_blk_size	max_blk_size
203529	5	1000000	0	100	2	None	1002029	2	4                              	7619	8002	1768	7	31	None
203529	5	1000000	0	100	2	None	1002029	2	4                              	7640	7979	1768	7	31	None
203529	5	1000000	0	100	2	None	1002029	2	4                              	7617	8004	1768	7	31	None
203528	5	1000000	0	100	2	None	1002029	2	4                              	7612	8000	1768	7	31	None
203529	5	1000000	0	100	2	None	1002029	2	4                              	7641	7978	1768	7	31	None
203529	5	1000000	0	100	2	None	1002029	2	4                              	7625	7994	1768	7	31	None
203529	5	1000000	0	100	2	None	1002029	2	4                              	7619	8002	1768	7	31	None
203529	5	1000000	0	100	2	None	1002029	2	4                              	7619	8002	1768	7	31	None
203529	5	1000000	0	100	2	None	1002029	2	4                              	7631	7988	1768	7	31	None
203529	5	1000000	0	100	2	None	1002029	2	4                              	7631	7988	1768	7	31	None
203529	5	1000000	0	100	2	None	1002029	2	4                              	7625	7996	1768	7	31	None
203529	5	1000000	0	100	2	None	1002029	2	4                              	7615	8002	1768	7	31	None
203529	5	1000000	0	100	2	None	1002029	2	4                              	7641	7980	1768	7	31	None
203529	5	1000000	0	100	2	None	1002029	2	4                              	7642	7979	1768	7	31	None
203529	5	1000000	0	100	2	None	1002029	2	4                              	7619	8002	1768	7	31	None
203529	5	1000000	0	100	2	None	1002029	2	4                              	7619	8002	1768	7	31	None
203529	5	1000000	0	100	2	None	1002029	2	4                              	7625	7994	1768	7	31	None
203529	5	1000000	0	100	2	None	1002029	2	4                              	7627	7992	1768	7	31	None
203529	5	1000000	0	100	2	None	1002029	2	4                              	7627	7994	1768	7	31	None
203528	5	1000000	0	100	2	None	1002029	2	4                              	7608	8004	1768	7	31	None
2016350	5	10000000	0	100	2	None	10006004	2	4                              	35279	40472	4948	8	39	None
2016350	5	10000000	0	100	2	None	10006004	2	4                              	35293	40458	4948	8	39	None
2016350	5	10000000	0	100	2	None	10006004	2	4                              	35295	40452	4948	8	39	None
2016350	5	10000000	0	100	2	None	10006004	2	4                              	35295	40456	4948	8	39	None
2016350	5	10000000	0	100	2	None	10006004	2	4                              	35275	40476	4948	8	39	None
2016350	5	10000000	0	100	2	None	10006004	2	4                              	35297	40454	4948	8	39	None
2016350	5	10000000	0	100	2	None	10006004	2	4                              	35271	40480	4948	8	39	None
2016350	5	10000000	0	100	2	None	10006004	2	4                              	35287	40464	4948	8	39	None
2016349	5	10000000	0	100	2	None	10006004	2	4                              	35284	40458	4948	8	39	None
2016350	5	10000000	0	100	2	None	10006004	2	4                              	35285	40462	4948	8	39	None
2016350	5	10000000	0	100	2	None	10006004	2	4                              	35277	40474	4948	8	39	None
2016350	5	10000000	0	100	2	None	10006004	2	4                              	35287	40464	4948	8	39	None
2016350	5	10000000	0	100	2	None	10006004	2	4                              	35295	40454	4948	8	39	None
2016350	5	10000000	0	100	2	None	10006004	2	4                              	35297	40450	4948	8	39	None
2016350	5	10000000	0	100	2	None	10006004	2	4                              	35291	40460	4948	8	39	None
2016350	5	10000000	0	100	2	None	10006004	2	4                              	35275	40476	4948	8	39	None
2016350	5	10000000	0	100	2	None	10006004	2	4                              	35287	40464	4948	8	39	None
2016350	5	10000000	0	100	2	None	10006004	2	4                              	35297	40452	4948	8	39	None
2016350	5	10000000	0	100	2	None	10006004	2	4                              	35293	40454	4948	8	39	None
2016350	5	10000000	0	100	2	None	10006004	2	4                              	35271	40478	4948	8	39	None
20052075	5	100000000	0	100	2	None	100011444	2	4                              	106229	142707	9300	10	48	None
20052075	5	100000000	0	100	2	None	100011444	2	4                              	106235	142701	9300	10	48	None
20052074	5	100000000	0	100	2	None	100011444	2	4                              	106227	142700	9300	10	48	None
20052075	5	100000000	0	100	2	None	100011444	2	4                              	106235	142699	9300	10	48	None
20052075	5	100000000	0	100	2	None	100011444	2	4                              	106219	142715	9300	10	48	None
20052075	5	100000000	0	100	2	None	100011444	2	4                              	106220	142716	9300	10	48	None
20052074	5	100000000	0	100	2	None	100011444	2	4                              	106219	142708	9300	10	48	None
20052075	5	100000000	0	100	2	None	100011444	2	4                              	106233	142703	9300	10	48	None
20052075	5	100000000	0	100	2	None	100011444	2	4                              	106223	142713	9300	10	48	None
20052075	5	100000000	0	100	2	None	100011444	2	4                              	106225	142711	9300	10	48	None
20052075	5	100000000	0	100	2	None	100011444	2	4                              	106203	142731	9300	10	48	None
20052075	5	100000000	0	100	2	None	100011444	2	4                              	106229	142705	9300	10	48	None
20052074	5	100000000	0	100	2	None	100011444	2	4                              	106203	142724	9300	10	48	None
20052075	5	100000000	0	100	2	None	100011444	2	4                              	106221	142713	9300	10	48	None
20052075	5	100000000	0	100	2	None	100011444	2	4                              	106209	142725	9300	10	48	None
20052075	5	100000000	0	100	2	None	100011444	2	4                              	106214	142720	9300	10	48	None
20052075	5	100000000	0	100	2	None	100011444	2	4                              	106213	142723	9300	10	48	None
20052075	5	100000000	0	100	2	None	100011444	2	4                              	106213	142721	9300	10	48	None
20052075	5	100000000	0	100	2	None	100011444	2	4                              	106227	142709	9300	10	48	None
20052075	5	100000000	0	100	2	None	100011444	2	4                              	106220	142714	9300	10	48	None
