#using seed 0.049838
#LOG_STATIC
#PROCESSORS: 3, RUNS: 20
#runTime	processors    	input-work-size	depth	taskThreshold	lGranularity    	rGranularity	W0	block_factory	init_task_cost	waiting-time    	idle_time	task_creation_cost	Geo_block_number	init_blk_size	max_blk_size
383234	3	1000000	0	100	2	None	1107106	2	1000                              	7954	34643	119000	11	31	None
383234	3	1000000	0	100	2	None	1107106	2	1000                              	7949	34648	119000	11	31	None
383235	3	1000000	0	100	2	None	1107106	2	1000                              	7948	34652	119000	11	31	None
383234	3	1000000	0	100	2	None	1107106	2	1000                              	7952	34645	119000	11	31	None
383234	3	1000000	0	100	2	None	1107106	2	1000                              	7949	34648	119000	11	31	None
383234	3	1000000	0	100	2	None	1107106	2	1000                              	7951	34646	119000	11	31	None
383235	3	1000000	0	100	2	None	1107106	2	1000                              	7952	34648	119000	11	31	None
383235	3	1000000	0	100	2	None	1107106	2	1000                              	7954	34646	119000	11	31	None
383234	3	1000000	0	100	2	None	1107106	2	1000                              	7954	34643	119000	11	31	None
383235	3	1000000	0	100	2	None	1107106	2	1000                              	7950	34650	119000	11	31	None
383234	3	1000000	0	100	2	None	1107106	2	1000                              	7950	34647	119000	11	31	None
383234	3	1000000	0	100	2	None	1107106	2	1000                              	7955	34642	119000	11	31	None
383235	3	1000000	0	100	2	None	1107106	2	1000                              	7952	34648	119000	11	31	None
383234	3	1000000	0	100	2	None	1107106	2	1000                              	7954	34643	119000	11	31	None
383234	3	1000000	0	100	2	None	1107106	2	1000                              	7952	34645	119000	11	31	None
383235	3	1000000	0	100	2	None	1107106	2	1000                              	7956	34644	119000	11	31	None
383234	3	1000000	0	100	2	None	1107106	2	1000                              	7956	34641	119000	11	31	None
383234	3	1000000	0	100	2	None	1107106	2	1000                              	7953	34644	119000	11	31	None
383234	3	1000000	0	100	2	None	1107106	2	1000                              	7953	34644	119000	11	31	None
383234	3	1000000	0	100	2	None	1107106	2	1000                              	7955	34642	119000	11	31	None
3485007	3	10000000	0	100	2	None	10239238	2	1000                              	110232	105552	263000	12	39	None
3485008	3	10000000	0	100	2	None	10239238	2	1000                              	110219	105568	263000	12	39	None
3485007	3	10000000	0	100	2	None	10239238	2	1000                              	110224	105560	263000	12	39	None
3485007	3	10000000	0	100	2	None	10239238	2	1000                              	110238	105546	263000	12	39	None
3485007	3	10000000	0	100	2	None	10239238	2	1000                              	110232	105552	263000	12	39	None
3485008	3	10000000	0	100	2	None	10239238	2	1000                              	110229	105558	263000	12	39	None
3485007	3	10000000	0	100	2	None	10239238	2	1000                              	110234	105550	263000	12	39	None
3485007	3	10000000	0	100	2	None	10239238	2	1000                              	110232	105552	263000	12	39	None
3485007	3	10000000	0	100	2	None	10239238	2	1000                              	110231	105553	263000	12	39	None
3485007	3	10000000	0	100	2	None	10239238	2	1000                              	110222	105562	263000	12	39	None
3485007	3	10000000	0	100	2	None	10239238	2	1000                              	110235	105549	263000	12	39	None
3485008	3	10000000	0	100	2	None	10239238	2	1000                              	110233	105554	263000	12	39	None
3485008	3	10000000	0	100	2	None	10239238	2	1000                              	110233	105554	263000	12	39	None
3485007	3	10000000	0	100	2	None	10239238	2	1000                              	110232	105552	263000	12	39	None
3485007	3	10000000	0	100	2	None	10239238	2	1000                              	110226	105558	263000	12	39	None
3485007	3	10000000	0	100	2	None	10239238	2	1000                              	110228	105556	263000	12	39	None
3485007	3	10000000	0	100	2	None	10239238	2	1000                              	110234	105550	263000	12	39	None
3485008	3	10000000	0	100	2	None	10239238	2	1000                              	110229	105558	263000	12	39	None
3485007	3	10000000	0	100	2	None	10239238	2	1000                              	110232	105552	263000	12	39	None
3485007	3	10000000	0	100	2	None	10239238	2	1000                              	110234	105550	263000	12	39	None
33678758	3	100000000	0	100	2	None	100382381	2	1000                              	330856	323038	414000	14	48	None
33678758	3	100000000	0	100	2	None	100382381	2	1000                              	330858	323036	414000	14	48	None
33678758	3	100000000	0	100	2	None	100382381	2	1000                              	330860	323034	414000	14	48	None
33678758	3	100000000	0	100	2	None	100382381	2	1000                              	330864	323030	414000	14	48	None
33678758	3	100000000	0	100	2	None	100382381	2	1000                              	330848	323046	414000	14	48	None
33678758	3	100000000	0	100	2	None	100382381	2	1000                              	330852	323042	414000	14	48	None
33678757	3	100000000	0	100	2	None	100382381	2	1000                              	330858	323035	414000	14	48	None
33678758	3	100000000	0	100	2	None	100382381	2	1000                              	330866	323028	414000	14	48	None
33678757	3	100000000	0	100	2	None	100382381	2	1000                              	330864	323029	414000	14	48	None
33678758	3	100000000	0	100	2	None	100382381	2	1000                              	330860	323034	414000	14	48	None
33678757	3	100000000	0	100	2	None	100382381	2	1000                              	330860	323033	414000	14	48	None
33678757	3	100000000	0	100	2	None	100382381	2	1000                              	330854	323039	414000	14	48	None
33678757	3	100000000	0	100	2	None	100382381	2	1000                              	330852	323041	414000	14	48	None
33678757	3	100000000	0	100	2	None	100382381	2	1000                              	330854	323039	414000	14	48	None
33678757	3	100000000	0	100	2	None	100382381	2	1000                              	330860	323033	414000	14	48	None
33678758	3	100000000	0	100	2	None	100382381	2	1000                              	330856	323038	414000	14	48	None
33678758	3	100000000	0	100	2	None	100382381	2	1000                              	330854	323040	414000	14	48	None
33678757	3	100000000	0	100	2	None	100382381	2	1000                              	330860	323033	414000	14	48	None
33678757	3	100000000	0	100	2	None	100382381	2	1000                              	330860	323033	414000	14	48	None
33678757	3	100000000	0	100	2	None	100382381	2	1000                              	330856	323037	414000	14	48	None
