#using seed 0.048274
#LOG_STATIC
#PROCESSORS: 3, RUNS: 20
#runTime	processors    	input-work-size	depth	taskThreshold	lGranularity    	rGranularity	W0	block_factory	init_task_cost	waiting-time    	idle_time	task_creation_cost	Geo_block_number	init_blk_size	max_blk_size
344694	3	1000000	0	100	2	None	1018987	2	100                              	7784	7312	21200	9	31	None
344694	3	1000000	0	100	2	None	1018987	2	100                              	7787	7309	21200	9	31	None
344694	3	1000000	0	100	2	None	1018987	2	100                              	7783	7313	21200	9	31	None
344694	3	1000000	0	100	2	None	1018987	2	100                              	7795	7301	21200	9	31	None
344694	3	1000000	0	100	2	None	1018987	2	100                              	7787	7309	21200	9	31	None
344693	3	1000000	0	100	2	None	1018987	2	100                              	7781	7312	21200	9	31	None
344693	3	1000000	0	100	2	None	1018987	2	100                              	7779	7314	21200	9	31	None
344693	3	1000000	0	100	2	None	1018987	2	100                              	7789	7304	21200	9	31	None
344694	3	1000000	0	100	2	None	1018987	2	100                              	7787	7309	21200	9	31	None
344694	3	1000000	0	100	2	None	1018987	2	100                              	7788	7308	21200	9	31	None
344694	3	1000000	0	100	2	None	1018987	2	100                              	7790	7306	21200	9	31	None
344694	3	1000000	0	100	2	None	1018987	2	100                              	7785	7311	21200	9	31	None
344694	3	1000000	0	100	2	None	1018987	2	100                              	7783	7313	21200	9	31	None
344694	3	1000000	0	100	2	None	1018987	2	100                              	7788	7308	21200	9	31	None
344694	3	1000000	0	100	2	None	1018987	2	100                              	7779	7317	21200	9	31	None
344694	3	1000000	0	100	2	None	1018987	2	100                              	7795	7301	21200	9	31	None
344694	3	1000000	0	100	2	None	1018987	2	100                              	7787	7309	21200	9	31	None
344694	3	1000000	0	100	2	None	1018987	2	100                              	7789	7307	21200	9	31	None
344693	3	1000000	0	100	2	None	1018987	2	100                              	7787	7306	21200	9	31	None
344694	3	1000000	0	100	2	None	1018987	2	100                              	7794	7302	21200	9	31	None
3381016	3	10000000	0	100	2	None	10042116	2	100                              	50859	50076	44500	10	39	None
3381016	3	10000000	0	100	2	None	10042116	2	100                              	50851	50084	44500	10	39	None
3381016	3	10000000	0	100	2	None	10042116	2	100                              	50857	50078	44500	10	39	None
3381016	3	10000000	0	100	2	None	10042116	2	100                              	50859	50076	44500	10	39	None
3381016	3	10000000	0	100	2	None	10042116	2	100                              	50857	50078	44500	10	39	None
3381016	3	10000000	0	100	2	None	10042116	2	100                              	50857	50078	44500	10	39	None
3381016	3	10000000	0	100	2	None	10042116	2	100                              	50861	50074	44500	10	39	None
3381017	3	10000000	0	100	2	None	10042116	2	100                              	50856	50082	44500	10	39	None
3381016	3	10000000	0	100	2	None	10042116	2	100                              	50857	50076	44500	10	39	None
3381016	3	10000000	0	100	2	None	10042116	2	100                              	50859	50076	44500	10	39	None
3381016	3	10000000	0	100	2	None	10042116	2	100                              	50857	50078	44500	10	39	None
3381016	3	10000000	0	100	2	None	10042116	2	100                              	50855	50080	44500	10	39	None
3381016	3	10000000	0	100	2	None	10042116	2	100                              	50862	50073	44500	10	39	None
3381017	3	10000000	0	100	2	None	10042116	2	100                              	50858	50080	44500	10	39	None
3381016	3	10000000	0	100	2	None	10042116	2	100                              	50855	50080	44500	10	39	None
3381016	3	10000000	0	100	2	None	10042116	2	100                              	50857	50078	44500	10	39	None
3381016	3	10000000	0	100	2	None	10042116	2	100                              	50857	50076	44500	10	39	None
3381016	3	10000000	0	100	2	None	10042116	2	100                              	50857	50078	44500	10	39	None
3381016	3	10000000	0	100	2	None	10042116	2	100                              	50855	50080	44500	10	39	None
3381016	3	10000000	0	100	2	None	10042116	2	100                              	50856	50079	44500	10	39	None
33577478	3	100000000	0	100	2	None	100074941	2	100                              	329056	328438	77400	12	48	None
33577478	3	100000000	0	100	2	None	100074941	2	100                              	329056	328438	77400	12	48	None
33577478	3	100000000	0	100	2	None	100074941	2	100                              	329054	328440	77400	12	48	None
33577478	3	100000000	0	100	2	None	100074941	2	100                              	329060	328434	77400	12	48	None
33577477	3	100000000	0	100	2	None	100074941	2	100                              	329060	328431	77400	12	48	None
33577478	3	100000000	0	100	2	None	100074941	2	100                              	329056	328438	77400	12	48	None
33577477	3	100000000	0	100	2	None	100074941	2	100                              	329058	328433	77400	12	48	None
33577477	3	100000000	0	100	2	None	100074941	2	100                              	329056	328435	77400	12	48	None
33577477	3	100000000	0	100	2	None	100074941	2	100                              	329050	328441	77400	12	48	None
33577478	3	100000000	0	100	2	None	100074941	2	100                              	329062	328432	77400	12	48	None
33577478	3	100000000	0	100	2	None	100074941	2	100                              	329060	328434	77400	12	48	None
33577478	3	100000000	0	100	2	None	100074941	2	100                              	329066	328428	77400	12	48	None
33577478	3	100000000	0	100	2	None	100074941	2	100                              	329056	328438	77400	12	48	None
33577478	3	100000000	0	100	2	None	100074941	2	100                              	329058	328436	77400	12	48	None
33577477	3	100000000	0	100	2	None	100074941	2	100                              	329049	328442	77400	12	48	None
33577477	3	100000000	0	100	2	None	100074941	2	100                              	329062	328429	77400	12	48	None
33577477	3	100000000	0	100	2	None	100074941	2	100                              	329060	328431	77400	12	48	None
33577477	3	100000000	0	100	2	None	100074941	2	100                              	329056	328435	77400	12	48	None
33577478	3	100000000	0	100	2	None	100074941	2	100                              	329058	328436	77400	12	48	None
33577477	3	100000000	0	100	2	None	100074941	2	100                              	329062	328429	77400	12	48	None
