#using seed 0.04894
#MIN_MAX_STATIC
#PROCESSORS: 5, RUNS: 20
#runTime	processors    	input-work-size	depth	taskThreshold	lGranularity    	rGranularity	W0	block_factory	init_task_cost	waiting-time    	idle_time	task_creation_cost	Geo_block_number	init_blk_size	max_blk_size
258166	5	1000000	0	100	2	None	1157156	2	1000                              	38899	94780	177000	None	31	32259
258166	5	1000000	0	100	2	None	1157156	2	1000                              	38899	94780	177000	None	31	32259
258166	5	1000000	0	100	2	None	1157156	2	1000                              	38895	94784	177000	None	31	32259
258166	5	1000000	0	100	2	None	1157156	2	1000                              	38879	94798	177000	None	31	32259
258166	5	1000000	0	100	2	None	1157156	2	1000                              	38911	94766	177000	None	31	32259
258166	5	1000000	0	100	2	None	1157156	2	1000                              	38911	94768	177000	None	31	32259
258166	5	1000000	0	100	2	None	1157156	2	1000                              	38909	94767	177000	None	31	32259
258166	5	1000000	0	100	2	None	1157156	2	1000                              	38900	94775	177000	None	31	32259
258166	5	1000000	0	100	2	None	1157156	2	1000                              	38909	94770	177000	None	31	32259
258166	5	1000000	0	100	2	None	1157156	2	1000                              	38906	94769	177000	None	31	32259
258166	5	1000000	0	100	2	None	1157156	2	1000                              	38905	94771	177000	None	31	32259
258166	5	1000000	0	100	2	None	1157156	2	1000                              	38906	94773	177000	None	31	32259
258166	5	1000000	0	100	2	None	1157156	2	1000                              	38907	94769	177000	None	31	32259
258166	5	1000000	0	100	2	None	1157156	2	1000                              	38905	94774	177000	None	31	32259
258166	5	1000000	0	100	2	None	1157156	2	1000                              	38901	94778	177000	None	31	32259
258166	5	1000000	0	100	2	None	1157156	2	1000                              	38889	94788	177000	None	31	32259
258166	5	1000000	0	100	2	None	1157156	2	1000                              	38911	94768	177000	None	31	32259
258166	5	1000000	0	100	2	None	1157156	2	1000                              	38903	94774	177000	None	31	32259
258166	5	1000000	0	100	2	None	1157156	2	1000                              	38902	94773	177000	None	31	32259
258166	5	1000000	0	100	2	None	1157156	2	1000                              	38905	94774	177000	None	31	32259
2092441	5	10000000	0	100	2	None	10262261	2	1000                              	65300	134645	286000	None	39	158731
2092441	5	10000000	0	100	2	None	10262261	2	1000                              	65310	134635	286000	None	39	158731
2092441	5	10000000	0	100	2	None	10262261	2	1000                              	65306	134639	286000	None	39	158731
2092441	5	10000000	0	100	2	None	10262261	2	1000                              	65313	134632	286000	None	39	158731
2092441	5	10000000	0	100	2	None	10262261	2	1000                              	65303	134642	286000	None	39	158731
2092441	5	10000000	0	100	2	None	10262261	2	1000                              	65304	134641	286000	None	39	158731
2092441	5	10000000	0	100	2	None	10262261	2	1000                              	65296	134649	286000	None	39	158731
2092441	5	10000000	0	100	2	None	10262261	2	1000                              	65294	134653	286000	None	39	158731
2092441	5	10000000	0	100	2	None	10262261	2	1000                              	65306	134639	286000	None	39	158731
2092440	5	10000000	0	100	2	None	10262261	2	1000                              	65312	134630	286000	None	39	158731
2092441	5	10000000	0	100	2	None	10262261	2	1000                              	65306	134639	286000	None	39	158731
2092441	5	10000000	0	100	2	None	10262261	2	1000                              	65305	134640	286000	None	39	158731
2092440	5	10000000	0	100	2	None	10262261	2	1000                              	65306	134636	286000	None	39	158731
2092441	5	10000000	0	100	2	None	10262261	2	1000                              	65306	134639	286000	None	39	158731
2092441	5	10000000	0	100	2	None	10262261	2	1000                              	65282	134663	286000	None	39	158731
2092441	5	10000000	0	100	2	None	10262261	2	1000                              	65306	134641	286000	None	39	158731
2092441	5	10000000	0	100	2	None	10262261	2	1000                              	65301	134644	286000	None	39	158731
2092441	5	10000000	0	100	2	None	10262261	2	1000                              	65292	134653	286000	None	39	158731
2092440	5	10000000	0	100	2	None	10262261	2	1000                              	65296	134646	286000	None	39	158731
2092441	5	10000000	0	100	2	None	10262261	2	1000                              	65310	134635	286000	None	39	158731
20183879	5	100000000	0	100	2	None	100568567	2	1000                              	176285	174546	604000	None	48	392157
20183879	5	100000000	0	100	2	None	100568567	2	1000                              	176281	174550	604000	None	48	392157
20183879	5	100000000	0	100	2	None	100568567	2	1000                              	176295	174538	604000	None	48	392157
20183879	5	100000000	0	100	2	None	100568567	2	1000                              	176273	174560	604000	None	48	392157
20183879	5	100000000	0	100	2	None	100568567	2	1000                              	176279	174554	604000	None	48	392157
20183879	5	100000000	0	100	2	None	100568567	2	1000                              	176283	174550	604000	None	48	392157
20183879	5	100000000	0	100	2	None	100568567	2	1000                              	176287	174546	604000	None	48	392157
20183879	5	100000000	0	100	2	None	100568567	2	1000                              	176281	174552	604000	None	48	392157
20183879	5	100000000	0	100	2	None	100568567	2	1000                              	176283	174550	604000	None	48	392157
20183880	5	100000000	0	100	2	None	100568567	2	1000                              	176292	174545	604000	None	48	392157
20183879	5	100000000	0	100	2	None	100568567	2	1000                              	176287	174544	604000	None	48	392157
20183879	5	100000000	0	100	2	None	100568567	2	1000                              	176269	174560	604000	None	48	392157
20183879	5	100000000	0	100	2	None	100568567	2	1000                              	176291	174542	604000	None	48	392157
20183879	5	100000000	0	100	2	None	100568567	2	1000                              	176285	174544	604000	None	48	392157
20183879	5	100000000	0	100	2	None	100568567	2	1000                              	176283	174550	604000	None	48	392157
20183879	5	100000000	0	100	2	None	100568567	2	1000                              	176283	174546	604000	None	48	392157
20183879	5	100000000	0	100	2	None	100568567	2	1000                              	176287	174544	604000	None	48	392157
20183879	5	100000000	0	100	2	None	100568567	2	1000                              	176268	174564	604000	None	48	392157
20183879	5	100000000	0	100	2	None	100568567	2	1000                              	176291	174542	604000	None	48	392157
20183879	5	100000000	0	100	2	None	100568567	2	1000                              	176275	174554	604000	None	48	392157
