#using seed 0.048654
#MIN_MAX_STATIC
#PROCESSORS: 5, RUNS: 20
#runTime	processors    	input-work-size	depth	taskThreshold	lGranularity    	rGranularity	W0	block_factory	init_task_cost	waiting-time    	idle_time	task_creation_cost	Geo_block_number	init_blk_size	max_blk_size
201433	5	1000000	0	100	2	None	1001979	2	4                              	2189	3000	1712	None	31	3922
201433	5	1000000	0	100	2	None	1001979	2	4                              	2197	2992	1712	None	31	3922
201433	5	1000000	0	100	2	None	1001979	2	4                              	2205	2984	1712	None	31	3922
201433	5	1000000	0	100	2	None	1001979	2	4                              	2207	2982	1712	None	31	3922
201433	5	1000000	0	100	2	None	1001979	2	4                              	2213	2976	1712	None	31	3922
201433	5	1000000	0	100	2	None	1001979	2	4                              	2195	2994	1712	None	31	3922
201433	5	1000000	0	100	2	None	1001979	2	4                              	2189	3000	1712	None	31	3922
201433	5	1000000	0	100	2	None	1001979	2	4                              	2221	2968	1712	None	31	3922
201433	5	1000000	0	100	2	None	1001979	2	4                              	2217	2972	1712	None	31	3922
201433	5	1000000	0	100	2	None	1001979	2	4                              	2203	2986	1712	None	31	3922
201433	5	1000000	0	100	2	None	1001979	2	4                              	2207	2982	1712	None	31	3922
201433	5	1000000	0	100	2	None	1001979	2	4                              	2213	2976	1712	None	31	3922
201433	5	1000000	0	100	2	None	1001979	2	4                              	2219	2970	1712	None	31	3922
201433	5	1000000	0	100	2	None	1001979	2	4                              	2209	2980	1712	None	31	3922
201433	5	1000000	0	100	2	None	1001979	2	4                              	2199	2990	1712	None	31	3922
201433	5	1000000	0	100	2	None	1001979	2	4                              	2211	2978	1712	None	31	3922
201433	5	1000000	0	100	2	None	1001979	2	4                              	2211	2978	1712	None	31	3922
201433	5	1000000	0	100	2	None	1001979	2	4                              	2204	2985	1712	None	31	3922
201433	5	1000000	0	100	2	None	1001979	2	4                              	2219	2970	1712	None	31	3922
201433	5	1000000	0	100	2	None	1001979	2	4                              	2207	2982	1712	None	31	3922
2005484	5	10000000	0	100	2	None	10006079	2	4                              	6518	14828	5008	None	39	9776
2005484	5	10000000	0	100	2	None	10006079	2	4                              	6524	14822	5008	None	39	9776
2005484	5	10000000	0	100	2	None	10006079	2	4                              	6522	14820	5008	None	39	9776
2005484	5	10000000	0	100	2	None	10006079	2	4                              	6520	14826	5008	None	39	9776
2005484	5	10000000	0	100	2	None	10006079	2	4                              	6484	14862	5008	None	39	9776
2005484	5	10000000	0	100	2	None	10006079	2	4                              	6516	14830	5008	None	39	9776
2005484	5	10000000	0	100	2	None	10006079	2	4                              	6512	14830	5008	None	39	9776
2005484	5	10000000	0	100	2	None	10006079	2	4                              	6516	14826	5008	None	39	9776
2005484	5	10000000	0	100	2	None	10006079	2	4                              	6506	14838	5008	None	39	9776
2005484	5	10000000	0	100	2	None	10006079	2	4                              	6528	14814	5008	None	39	9776
2005484	5	10000000	0	100	2	None	10006079	2	4                              	6526	14820	5008	None	39	9776
2005483	5	10000000	0	100	2	None	10006079	2	4                              	6511	14826	5008	None	39	9776
2005484	5	10000000	0	100	2	None	10006079	2	4                              	6520	14826	5008	None	39	9776
2005484	5	10000000	0	100	2	None	10006079	2	4                              	6512	14834	5008	None	39	9776
2005484	5	10000000	0	100	2	None	10006079	2	4                              	6530	14816	5008	None	39	9776
2005484	5	10000000	0	100	2	None	10006079	2	4                              	6518	14828	5008	None	39	9776
2005484	5	10000000	0	100	2	None	10006079	2	4                              	6536	14810	5008	None	39	9776
2005484	5	10000000	0	100	2	None	10006079	2	4                              	6534	14812	5008	None	39	9776
2005484	5	10000000	0	100	2	None	10006079	2	4                              	6522	14824	5008	None	39	9776
2005484	5	10000000	0	100	2	None	10006079	2	4                              	6526	14816	5008	None	39	9776
20011569	5	100000000	0	100	2	None	100021874	2	4                              	15420	20556	17692	None	48	24421
20011569	5	100000000	0	100	2	None	100021874	2	4                              	15412	20562	17692	None	48	24421
20011569	5	100000000	0	100	2	None	100021874	2	4                              	15420	20556	17692	None	48	24421
20011569	5	100000000	0	100	2	None	100021874	2	4                              	15418	20556	17692	None	48	24421
20011569	5	100000000	0	100	2	None	100021874	2	4                              	15428	20548	17692	None	48	24421
20011569	5	100000000	0	100	2	None	100021874	2	4                              	15422	20554	17692	None	48	24421
20011569	5	100000000	0	100	2	None	100021874	2	4                              	15426	20550	17692	None	48	24421
20011569	5	100000000	0	100	2	None	100021874	2	4                              	15428	20546	17692	None	48	24421
20011569	5	100000000	0	100	2	None	100021874	2	4                              	15390	20586	17692	None	48	24421
20011569	5	100000000	0	100	2	None	100021874	2	4                              	15432	20544	17692	None	48	24421
20011569	5	100000000	0	100	2	None	100021874	2	4                              	15408	20566	17692	None	48	24421
20011569	5	100000000	0	100	2	None	100021874	2	4                              	15402	20574	17692	None	48	24421
20011569	5	100000000	0	100	2	None	100021874	2	4                              	15396	20580	17692	None	48	24421
20011569	5	100000000	0	100	2	None	100021874	2	4                              	15426	20550	17692	None	48	24421
20011569	5	100000000	0	100	2	None	100021874	2	4                              	15424	20550	17692	None	48	24421
20011569	5	100000000	0	100	2	None	100021874	2	4                              	15430	20544	17692	None	48	24421
20011569	5	100000000	0	100	2	None	100021874	2	4                              	15422	20554	17692	None	48	24421
20011569	5	100000000	0	100	2	None	100021874	2	4                              	15392	20584	17692	None	48	24421
20011569	5	100000000	0	100	2	None	100021874	2	4                              	15432	20542	17692	None	48	24421
20011569	5	100000000	0	100	2	None	100021874	2	4                              	15425	20549	17692	None	48	24421
