#using seed 0.049663
#MIN_MAX_STATIC
#PROCESSORS: 3, RUNS: 20
#runTime	processors    	input-work-size	depth	taskThreshold	lGranularity    	rGranularity	W0	block_factory	init_task_cost	waiting-time    	idle_time	task_creation_cost	Geo_block_number	init_blk_size	max_blk_size
388976	3	1000000	0	100	2	None	1138137	2	1000                              	13158	15634	154000	None	31	32259
388976	3	1000000	0	100	2	None	1138137	2	1000                              	13161	15631	154000	None	31	32259
388976	3	1000000	0	100	2	None	1138137	2	1000                              	13160	15632	154000	None	31	32259
388976	3	1000000	0	100	2	None	1138137	2	1000                              	13162	15630	154000	None	31	32259
388976	3	1000000	0	100	2	None	1138137	2	1000                              	13162	15630	154000	None	31	32259
388976	3	1000000	0	100	2	None	1138137	2	1000                              	13162	15630	154000	None	31	32259
388976	3	1000000	0	100	2	None	1138137	2	1000                              	13166	15626	154000	None	31	32259
388976	3	1000000	0	100	2	None	1138137	2	1000                              	13156	15636	154000	None	31	32259
388976	3	1000000	0	100	2	None	1138137	2	1000                              	13160	15632	154000	None	31	32259
388976	3	1000000	0	100	2	None	1138137	2	1000                              	13164	15628	154000	None	31	32259
388975	3	1000000	0	100	2	None	1138137	2	1000                              	13157	15632	154000	None	31	32259
388976	3	1000000	0	100	2	None	1138137	2	1000                              	13156	15636	154000	None	31	32259
388976	3	1000000	0	100	2	None	1138137	2	1000                              	13160	15632	154000	None	31	32259
388976	3	1000000	0	100	2	None	1138137	2	1000                              	13164	15628	154000	None	31	32259
388976	3	1000000	0	100	2	None	1138137	2	1000                              	13162	15630	154000	None	31	32259
388976	3	1000000	0	100	2	None	1138137	2	1000                              	13156	15636	154000	None	31	32259
388976	3	1000000	0	100	2	None	1138137	2	1000                              	13159	15633	154000	None	31	32259
388976	3	1000000	0	100	2	None	1138137	2	1000                              	13162	15630	154000	None	31	32259
388976	3	1000000	0	100	2	None	1138137	2	1000                              	13164	15628	154000	None	31	32259
388976	3	1000000	0	100	2	None	1138137	2	1000                              	13166	15626	154000	None	31	32259
3467438	3	10000000	0	100	2	None	10239238	2	1000                              	83548	79529	263000	None	39	158731
3467438	3	10000000	0	100	2	None	10239238	2	1000                              	83542	79535	263000	None	39	158731
3467438	3	10000000	0	100	2	None	10239238	2	1000                              	83542	79535	263000	None	39	158731
3467438	3	10000000	0	100	2	None	10239238	2	1000                              	83542	79535	263000	None	39	158731
3467438	3	10000000	0	100	2	None	10239238	2	1000                              	83542	79535	263000	None	39	158731
3467438	3	10000000	0	100	2	None	10239238	2	1000                              	83540	79537	263000	None	39	158731
3467438	3	10000000	0	100	2	None	10239238	2	1000                              	83548	79529	263000	None	39	158731
3467438	3	10000000	0	100	2	None	10239238	2	1000                              	83548	79529	263000	None	39	158731
3467438	3	10000000	0	100	2	None	10239238	2	1000                              	83540	79537	263000	None	39	158731
3467438	3	10000000	0	100	2	None	10239238	2	1000                              	83550	79527	263000	None	39	158731
3467438	3	10000000	0	100	2	None	10239238	2	1000                              	83546	79531	263000	None	39	158731
3467438	3	10000000	0	100	2	None	10239238	2	1000                              	83552	79525	263000	None	39	158731
3467438	3	10000000	0	100	2	None	10239238	2	1000                              	83546	79531	263000	None	39	158731
3467438	3	10000000	0	100	2	None	10239238	2	1000                              	83544	79533	263000	None	39	158731
3467438	3	10000000	0	100	2	None	10239238	2	1000                              	83544	79533	263000	None	39	158731
3467438	3	10000000	0	100	2	None	10239238	2	1000                              	83542	79535	263000	None	39	158731
3467438	3	10000000	0	100	2	None	10239238	2	1000                              	83546	79531	263000	None	39	158731
3467438	3	10000000	0	100	2	None	10239238	2	1000                              	83544	79533	263000	None	39	158731
3467438	3	10000000	0	100	2	None	10239238	2	1000                              	83540	79537	263000	None	39	158731
3467438	3	10000000	0	100	2	None	10239238	2	1000                              	83552	79525	263000	None	39	158731
33633888	3	100000000	0	100	2	None	100502501	2	1000                              	203057	196107	534000	None	48	392157
33633887	3	100000000	0	100	2	None	100502501	2	1000                              	203056	196107	534000	None	48	392157
33633887	3	100000000	0	100	2	None	100502501	2	1000                              	203062	196101	534000	None	48	392157
33633887	3	100000000	0	100	2	None	100502501	2	1000                              	203062	196099	534000	None	48	392157
33633887	3	100000000	0	100	2	None	100502501	2	1000                              	203062	196099	534000	None	48	392157
33633887	3	100000000	0	100	2	None	100502501	2	1000                              	203057	196106	534000	None	48	392157
33633887	3	100000000	0	100	2	None	100502501	2	1000                              	203062	196099	534000	None	48	392157
33633888	3	100000000	0	100	2	None	100502501	2	1000                              	203055	196109	534000	None	48	392157
33633887	3	100000000	0	100	2	None	100502501	2	1000                              	203058	196103	534000	None	48	392157
33633887	3	100000000	0	100	2	None	100502501	2	1000                              	203056	196105	534000	None	48	392157
33633888	3	100000000	0	100	2	None	100502501	2	1000                              	203055	196109	534000	None	48	392157
33633887	3	100000000	0	100	2	None	100502501	2	1000                              	203056	196105	534000	None	48	392157
33633887	3	100000000	0	100	2	None	100502501	2	1000                              	203062	196099	534000	None	48	392157
33633887	3	100000000	0	100	2	None	100502501	2	1000                              	203065	196098	534000	None	48	392157
33633887	3	100000000	0	100	2	None	100502501	2	1000                              	203052	196109	534000	None	48	392157
33633887	3	100000000	0	100	2	None	100502501	2	1000                              	203058	196103	534000	None	48	392157
33633887	3	100000000	0	100	2	None	100502501	2	1000                              	203064	196099	534000	None	48	392157
33633887	3	100000000	0	100	2	None	100502501	2	1000                              	203050	196111	534000	None	48	392157
33633887	3	100000000	0	100	2	None	100502501	2	1000                              	203058	196105	534000	None	48	392157
33633887	3	100000000	0	100	2	None	100502501	2	1000                              	203058	196103	534000	None	48	392157
