#using seed 0.04943
#MIN_MAX_STATIC
#PROCESSORS: 5, RUNS: 20
#runTime	processors    	input-work-size	depth	taskThreshold	lGranularity    	rGranularity	W0	block_factory	init_task_cost	waiting-time    	idle_time	task_creation_cost	Geo_block_number	init_blk_size	max_blk_size
208647	5	1000000	0	100	2	None	1021007	2	100                              	6481	15748	23200	None	31	15874
208647	5	1000000	0	100	2	None	1021007	2	100                              	6482	15749	23200	None	31	15874
208646	5	1000000	0	100	2	None	1021007	2	100                              	6482	15744	23200	None	31	15874
208647	5	1000000	0	100	2	None	1021007	2	100                              	6490	15741	23200	None	31	15874
208647	5	1000000	0	100	2	None	1021007	2	100                              	6474	15755	23200	None	31	15874
208647	5	1000000	0	100	2	None	1021007	2	100                              	6482	15747	23200	None	31	15874
208646	5	1000000	0	100	2	None	1021007	2	100                              	6478	15748	23200	None	31	15874
208647	5	1000000	0	100	2	None	1021007	2	100                              	6485	15744	23200	None	31	15874
208646	5	1000000	0	100	2	None	1021007	2	100                              	6475	15751	23200	None	31	15874
208647	5	1000000	0	100	2	None	1021007	2	100                              	6488	15743	23200	None	31	15874
208646	5	1000000	0	100	2	None	1021007	2	100                              	6487	15737	23200	None	31	15874
208647	5	1000000	0	100	2	None	1021007	2	100                              	6466	15763	23200	None	31	15874
208647	5	1000000	0	100	2	None	1021007	2	100                              	6485	15744	23200	None	31	15874
208646	5	1000000	0	100	2	None	1021007	2	100                              	6480	15746	23200	None	31	15874
208647	5	1000000	0	100	2	None	1021007	2	100                              	6483	15746	23200	None	31	15874
208647	5	1000000	0	100	2	None	1021007	2	100                              	6477	15752	23200	None	31	15874
208647	5	1000000	0	100	2	None	1021007	2	100                              	6482	15749	23200	None	31	15874
208647	5	1000000	0	100	2	None	1021007	2	100                              	6490	15739	23200	None	31	15874
208647	5	1000000	0	100	2	None	1021007	2	100                              	6487	15742	23200	None	31	15874
208646	5	1000000	0	100	2	None	1021007	2	100                              	6488	15736	23200	None	31	15874
2018671	5	10000000	0	100	2	None	10049186	2	100                              	21908	22262	52300	None	39	39216
2018671	5	10000000	0	100	2	None	10049186	2	100                              	21938	22232	52300	None	39	39216
2018671	5	10000000	0	100	2	None	10049186	2	100                              	21924	22246	52300	None	39	39216
2018671	5	10000000	0	100	2	None	10049186	2	100                              	21925	22249	52300	None	39	39216
2018671	5	10000000	0	100	2	None	10049186	2	100                              	21934	22238	52300	None	39	39216
2018671	5	10000000	0	100	2	None	10049186	2	100                              	21934	22236	52300	None	39	39216
2018671	5	10000000	0	100	2	None	10049186	2	100                              	21932	22242	52300	None	39	39216
2018671	5	10000000	0	100	2	None	10049186	2	100                              	21924	22250	52300	None	39	39216
2018671	5	10000000	0	100	2	None	10049186	2	100                              	21922	22250	52300	None	39	39216
2018671	5	10000000	0	100	2	None	10049186	2	100                              	21926	22248	52300	None	39	39216
2018671	5	10000000	0	100	2	None	10049186	2	100                              	21922	22252	52300	None	39	39216
2018671	5	10000000	0	100	2	None	10049186	2	100                              	21926	22248	52300	None	39	39216
2018671	5	10000000	0	100	2	None	10049186	2	100                              	21928	22244	52300	None	39	39216
2018671	5	10000000	0	100	2	None	10049186	2	100                              	21926	22248	52300	None	39	39216
2018671	5	10000000	0	100	2	None	10049186	2	100                              	21928	22246	52300	None	39	39216
2018671	5	10000000	0	100	2	None	10049186	2	100                              	21932	22240	52300	None	39	39216
2018671	5	10000000	0	100	2	None	10049186	2	100                              	21916	22258	52300	None	39	39216
2018671	5	10000000	0	100	2	None	10049186	2	100                              	21930	22242	52300	None	39	39216
2018671	5	10000000	0	100	2	None	10049186	2	100                              	21928	22246	52300	None	39	39216
2018671	5	10000000	0	100	2	None	10049186	2	100                              	21900	22274	52300	None	39	39216
20071341	5	100000000	0	100	2	None	100081304	2	100                              	98740	176666	84100	None	48	195695
20071341	5	100000000	0	100	2	None	100081304	2	100                              	98752	176650	84100	None	48	195695
20071341	5	100000000	0	100	2	None	100081304	2	100                              	98750	176656	84100	None	48	195695
20071341	5	100000000	0	100	2	None	100081304	2	100                              	98750	176654	84100	None	48	195695
20071341	5	100000000	0	100	2	None	100081304	2	100                              	98748	176658	84100	None	48	195695
20071341	5	100000000	0	100	2	None	100081304	2	100                              	98744	176658	84100	None	48	195695
20071341	5	100000000	0	100	2	None	100081304	2	100                              	98724	176682	84100	None	48	195695
20071341	5	100000000	0	100	2	None	100081304	2	100                              	98738	176666	84100	None	48	195695
20071341	5	100000000	0	100	2	None	100081304	2	100                              	98746	176660	84100	None	48	195695
20071341	5	100000000	0	100	2	None	100081304	2	100                              	98730	176672	84100	None	48	195695
20071341	5	100000000	0	100	2	None	100081304	2	100                              	98726	176680	84100	None	48	195695
20071341	5	100000000	0	100	2	None	100081304	2	100                              	98734	176672	84100	None	48	195695
20071341	5	100000000	0	100	2	None	100081304	2	100                              	98742	176662	84100	None	48	195695
20071341	5	100000000	0	100	2	None	100081304	2	100                              	98724	176682	84100	None	48	195695
20071341	5	100000000	0	100	2	None	100081304	2	100                              	98739	176667	84100	None	48	195695
20071341	5	100000000	0	100	2	None	100081304	2	100                              	98744	176662	84100	None	48	195695
20071341	5	100000000	0	100	2	None	100081304	2	100                              	98752	176654	84100	None	48	195695
20071341	5	100000000	0	100	2	None	100081304	2	100                              	98738	176668	84100	None	48	195695
20071341	5	100000000	0	100	2	None	100081304	2	100                              	98735	176669	84100	None	48	195695
20071341	5	100000000	0	100	2	None	100081304	2	100                              	98746	176660	84100	None	48	195695
