#using seed 0.04813
#MIN_MAX_STATIC
#PROCESSORS: 3, RUNS: 20
#runTime	processors    	input-work-size	depth	taskThreshold	lGranularity    	rGranularity	W0	block_factory	init_task_cost	waiting-time    	idle_time	task_creation_cost	Geo_block_number	init_blk_size	max_blk_size
344724	3	1000000	0	100	2	None	1018987	2	100                              	7837	7349	21200	None	31	15874
344724	3	1000000	0	100	2	None	1018987	2	100                              	7834	7352	21200	None	31	15874
344725	3	1000000	0	100	2	None	1018987	2	100                              	7831	7358	21200	None	31	15874
344724	3	1000000	0	100	2	None	1018987	2	100                              	7837	7349	21200	None	31	15874
344724	3	1000000	0	100	2	None	1018987	2	100                              	7835	7351	21200	None	31	15874
344725	3	1000000	0	100	2	None	1018987	2	100                              	7835	7354	21200	None	31	15874
344725	3	1000000	0	100	2	None	1018987	2	100                              	7833	7356	21200	None	31	15874
344724	3	1000000	0	100	2	None	1018987	2	100                              	7837	7349	21200	None	31	15874
344724	3	1000000	0	100	2	None	1018987	2	100                              	7839	7347	21200	None	31	15874
344725	3	1000000	0	100	2	None	1018987	2	100                              	7833	7356	21200	None	31	15874
344724	3	1000000	0	100	2	None	1018987	2	100                              	7835	7351	21200	None	31	15874
344724	3	1000000	0	100	2	None	1018987	2	100                              	7837	7349	21200	None	31	15874
344724	3	1000000	0	100	2	None	1018987	2	100                              	7840	7346	21200	None	31	15874
344724	3	1000000	0	100	2	None	1018987	2	100                              	7841	7345	21200	None	31	15874
344724	3	1000000	0	100	2	None	1018987	2	100                              	7833	7353	21200	None	31	15874
344724	3	1000000	0	100	2	None	1018987	2	100                              	7837	7349	21200	None	31	15874
344725	3	1000000	0	100	2	None	1018987	2	100                              	7831	7358	21200	None	31	15874
344725	3	1000000	0	100	2	None	1018987	2	100                              	7833	7356	21200	None	31	15874
344724	3	1000000	0	100	2	None	1018987	2	100                              	7827	7359	21200	None	31	15874
344725	3	1000000	0	100	2	None	1018987	2	100                              	7839	7350	21200	None	31	15874
3363527	3	10000000	0	100	2	None	10043328	2	100                              	23940	23315	45900	None	39	39216
3363527	3	10000000	0	100	2	None	10043328	2	100                              	23930	23325	45900	None	39	39216
3363527	3	10000000	0	100	2	None	10043328	2	100                              	23944	23311	45900	None	39	39216
3363527	3	10000000	0	100	2	None	10043328	2	100                              	23946	23309	45900	None	39	39216
3363527	3	10000000	0	100	2	None	10043328	2	100                              	23944	23311	45900	None	39	39216
3363527	3	10000000	0	100	2	None	10043328	2	100                              	23937	23317	45900	None	39	39216
3363527	3	10000000	0	100	2	None	10043328	2	100                              	23935	23319	45900	None	39	39216
3363527	3	10000000	0	100	2	None	10043328	2	100                              	23938	23317	45900	None	39	39216
3363527	3	10000000	0	100	2	None	10043328	2	100                              	23942	23313	45900	None	39	39216
3363527	3	10000000	0	100	2	None	10043328	2	100                              	23935	23319	45900	None	39	39216
3363527	3	10000000	0	100	2	None	10043328	2	100                              	23940	23315	45900	None	39	39216
3363527	3	10000000	0	100	2	None	10043328	2	100                              	23932	23322	45900	None	39	39216
3363527	3	10000000	0	100	2	None	10043328	2	100                              	23947	23307	45900	None	39	39216
3363527	3	10000000	0	100	2	None	10043328	2	100                              	23946	23309	45900	None	39	39216
3363527	3	10000000	0	100	2	None	10043328	2	100                              	23937	23317	45900	None	39	39216
3363527	3	10000000	0	100	2	None	10043328	2	100                              	23948	23307	45900	None	39	39216
3363527	3	10000000	0	100	2	None	10043328	2	100                              	23934	23321	45900	None	39	39216
3363527	3	10000000	0	100	2	None	10043328	2	100                              	23942	23312	45900	None	39	39216
3363527	3	10000000	0	100	2	None	10043328	2	100                              	23943	23311	45900	None	39	39216
3363527	3	10000000	0	100	2	None	10043328	2	100                              	23936	23318	45900	None	39	39216
33427607	3	100000000	0	100	2	None	100076254	2	100                              	103771	102797	79100	None	48	195695
33427606	3	100000000	0	100	2	None	100076254	2	100                              	103764	102801	79100	None	48	195695
33427607	3	100000000	0	100	2	None	100076254	2	100                              	103769	102799	79100	None	48	195695
33427606	3	100000000	0	100	2	None	100076254	2	100                              	103776	102789	79100	None	48	195695
33427607	3	100000000	0	100	2	None	100076254	2	100                              	103775	102793	79100	None	48	195695
33427607	3	100000000	0	100	2	None	100076254	2	100                              	103775	102793	79100	None	48	195695
33427607	3	100000000	0	100	2	None	100076254	2	100                              	103767	102801	79100	None	48	195695
33427606	3	100000000	0	100	2	None	100076254	2	100                              	103764	102801	79100	None	48	195695
33427606	3	100000000	0	100	2	None	100076254	2	100                              	103770	102795	79100	None	48	195695
33427607	3	100000000	0	100	2	None	100076254	2	100                              	103769	102799	79100	None	48	195695
33427607	3	100000000	0	100	2	None	100076254	2	100                              	103772	102796	79100	None	48	195695
33427606	3	100000000	0	100	2	None	100076254	2	100                              	103754	102811	79100	None	48	195695
33427606	3	100000000	0	100	2	None	100076254	2	100                              	103768	102797	79100	None	48	195695
33427607	3	100000000	0	100	2	None	100076254	2	100                              	103769	102799	79100	None	48	195695
33427606	3	100000000	0	100	2	None	100076254	2	100                              	103760	102805	79100	None	48	195695
33427607	3	100000000	0	100	2	None	100076254	2	100                              	103767	102801	79100	None	48	195695
33427607	3	100000000	0	100	2	None	100076254	2	100                              	103771	102797	79100	None	48	195695
33427607	3	100000000	0	100	2	None	100076254	2	100                              	103773	102795	79100	None	48	195695
33427607	3	100000000	0	100	2	None	100076254	2	100                              	103775	102793	79100	None	48	195695
33427607	3	100000000	0	100	2	None	100076254	2	100                              	103767	102801	79100	None	48	195695
