#using seed 0.050067
#MIN_MAX_STATIC
#PROCESSORS: 3, RUNS: 20
#runTime	processors    	input-work-size	depth	taskThreshold	lGranularity    	rGranularity	W0	block_factory	init_task_cost	waiting-time    	idle_time	task_creation_cost	Geo_block_number	init_blk_size	max_blk_size
335452	3	1000000	0	100	2	None	1001794	2	4                              	2159	2404	1532	None	31	3922
335451	3	1000000	0	100	2	None	1001794	2	4                              	2161	2399	1532	None	31	3922
335452	3	1000000	0	100	2	None	1001794	2	4                              	2157	2406	1532	None	31	3922
335451	3	1000000	0	100	2	None	1001794	2	4                              	2155	2405	1532	None	31	3922
335451	3	1000000	0	100	2	None	1001794	2	4                              	2157	2403	1532	None	31	3922
335451	3	1000000	0	100	2	None	1001794	2	4                              	2161	2399	1532	None	31	3922
335451	3	1000000	0	100	2	None	1001794	2	4                              	2153	2407	1532	None	31	3922
335452	3	1000000	0	100	2	None	1001794	2	4                              	2153	2410	1532	None	31	3922
335451	3	1000000	0	100	2	None	1001794	2	4                              	2163	2397	1532	None	31	3922
335452	3	1000000	0	100	2	None	1001794	2	4                              	2159	2404	1532	None	31	3922
335452	3	1000000	0	100	2	None	1001794	2	4                              	2157	2406	1532	None	31	3922
335451	3	1000000	0	100	2	None	1001794	2	4                              	2153	2407	1532	None	31	3922
335451	3	1000000	0	100	2	None	1001794	2	4                              	2157	2403	1532	None	31	3922
335451	3	1000000	0	100	2	None	1001794	2	4                              	2153	2407	1532	None	31	3922
335452	3	1000000	0	100	2	None	1001794	2	4                              	2161	2402	1532	None	31	3922
335451	3	1000000	0	100	2	None	1001794	2	4                              	2163	2397	1532	None	31	3922
335452	3	1000000	0	100	2	None	1001794	2	4                              	2157	2406	1532	None	31	3922
335452	3	1000000	0	100	2	None	1001794	2	4                              	2151	2412	1532	None	31	3922
335451	3	1000000	0	100	2	None	1001794	2	4                              	2149	2411	1532	None	31	3922
335452	3	1000000	0	100	2	None	1001794	2	4                              	2161	2402	1532	None	31	3922
3339731	3	10000000	0	100	2	None	10005869	2	4                              	6693	6632	4824	None	39	9776
3339732	3	10000000	0	100	2	None	10005869	2	4                              	6703	6625	4824	None	39	9776
3339732	3	10000000	0	100	2	None	10005869	2	4                              	6700	6628	4824	None	39	9776
3339732	3	10000000	0	100	2	None	10005869	2	4                              	6700	6628	4824	None	39	9776
3339732	3	10000000	0	100	2	None	10005869	2	4                              	6708	6620	4824	None	39	9776
3339732	3	10000000	0	100	2	None	10005869	2	4                              	6698	6630	4824	None	39	9776
3339732	3	10000000	0	100	2	None	10005869	2	4                              	6708	6620	4824	None	39	9776
3339731	3	10000000	0	100	2	None	10005869	2	4                              	6699	6626	4824	None	39	9776
3339732	3	10000000	0	100	2	None	10005869	2	4                              	6697	6631	4824	None	39	9776
3339732	3	10000000	0	100	2	None	10005869	2	4                              	6698	6630	4824	None	39	9776
3339732	3	10000000	0	100	2	None	10005869	2	4                              	6692	6636	4824	None	39	9776
3339732	3	10000000	0	100	2	None	10005869	2	4                              	6706	6622	4824	None	39	9776
3339732	3	10000000	0	100	2	None	10005869	2	4                              	6704	6624	4824	None	39	9776
3339732	3	10000000	0	100	2	None	10005869	2	4                              	6698	6630	4824	None	39	9776
3339732	3	10000000	0	100	2	None	10005869	2	4                              	6708	6620	4824	None	39	9776
3339732	3	10000000	0	100	2	None	10005869	2	4                              	6698	6630	4824	None	39	9776
3339731	3	10000000	0	100	2	None	10005869	2	4                              	6697	6628	4824	None	39	9776
3339731	3	10000000	0	100	2	None	10005869	2	4                              	6703	6622	4824	None	39	9776
3339732	3	10000000	0	100	2	None	10005869	2	4                              	6699	6629	4824	None	39	9776
3339732	3	10000000	0	100	2	None	10005869	2	4                              	6700	6628	4824	None	39	9776
33350800	3	100000000	0	100	2	None	100021474	2	4                              	15324	15603	17324	None	48	24421
33350800	3	100000000	0	100	2	None	100021474	2	4                              	15330	15597	17324	None	48	24421
33350800	3	100000000	0	100	2	None	100021474	2	4                              	15328	15599	17324	None	48	24421
33350800	3	100000000	0	100	2	None	100021474	2	4                              	15322	15605	17324	None	48	24421
33350800	3	100000000	0	100	2	None	100021474	2	4                              	15318	15609	17324	None	48	24421
33350800	3	100000000	0	100	2	None	100021474	2	4                              	15324	15603	17324	None	48	24421
33350800	3	100000000	0	100	2	None	100021474	2	4                              	15317	15610	17324	None	48	24421
33350800	3	100000000	0	100	2	None	100021474	2	4                              	15321	15606	17324	None	48	24421
33350799	3	100000000	0	100	2	None	100021474	2	4                              	15323	15601	17324	None	48	24421
33350799	3	100000000	0	100	2	None	100021474	2	4                              	15319	15605	17324	None	48	24421
33350800	3	100000000	0	100	2	None	100021474	2	4                              	15324	15603	17324	None	48	24421
33350800	3	100000000	0	100	2	None	100021474	2	4                              	15326	15601	17324	None	48	24421
33350800	3	100000000	0	100	2	None	100021474	2	4                              	15332	15595	17324	None	48	24421
33350800	3	100000000	0	100	2	None	100021474	2	4                              	15326	15601	17324	None	48	24421
33350800	3	100000000	0	100	2	None	100021474	2	4                              	15326	15601	17324	None	48	24421
33350800	3	100000000	0	100	2	None	100021474	2	4                              	15325	15602	17324	None	48	24421
33350800	3	100000000	0	100	2	None	100021474	2	4                              	15326	15601	17324	None	48	24421
33350800	3	100000000	0	100	2	None	100021474	2	4                              	15322	15605	17324	None	48	24421
33350800	3	100000000	0	100	2	None	100021474	2	4                              	15320	15607	17324	None	48	24421
33350800	3	100000000	0	100	2	None	100021474	2	4                              	15323	15604	17324	None	48	24421
