#using seed 0.050301
#MIN_MAX_DYNAMIC
#PROCESSORS: 5, RUNS: 20
#runTime	processors    	input-work-size	depth	taskThreshold	lGranularity    	rGranularity	W0	block_factory	init_task_cost	waiting-time    	idle_time	task_creation_cost	Geo_block_number	init_blk_size	max_blk_size
213135	5	1000000	0	100	2	None	1046964	2	100                              	8373	10339	49700	None	None	None
213135	5	1000000	0	100	2	None	1046964	2	100                              	8365	10348	49700	None	None	None
213135	5	1000000	0	100	2	None	1046964	2	100                              	8368	10344	49700	None	None	None
213135	5	1000000	0	100	2	None	1046964	2	100                              	8371	10342	49700	None	None	None
213135	5	1000000	0	100	2	None	1046964	2	100                              	8343	10370	49700	None	None	None
213135	5	1000000	0	100	2	None	1046964	2	100                              	8363	10349	49700	None	None	None
213135	5	1000000	0	100	2	None	1046964	2	100                              	8363	10350	49700	None	None	None
213135	5	1000000	0	100	2	None	1046964	2	100                              	8365	10348	49700	None	None	None
213135	5	1000000	0	100	2	None	1046964	2	100                              	8359	10353	49700	None	None	None
213135	5	1000000	0	100	2	None	1046964	2	100                              	8371	10342	49700	None	None	None
213135	5	1000000	0	100	2	None	1046964	2	100                              	8357	10356	49700	None	None	None
213135	5	1000000	0	100	2	None	1046964	2	100                              	8373	10339	49700	None	None	None
213135	5	1000000	0	100	2	None	1046964	2	100                              	8369	10344	49700	None	None	None
213135	5	1000000	0	100	2	None	1046964	2	100                              	8353	10359	49700	None	None	None
213135	5	1000000	0	100	2	None	1046964	2	100                              	8367	10346	49700	None	None	None
213135	5	1000000	0	100	2	None	1046964	2	100                              	8365	10348	49700	None	None	None
213135	5	1000000	0	100	2	None	1046964	2	100                              	8367	10346	49700	None	None	None
213135	5	1000000	0	100	2	None	1046964	2	100                              	8357	10356	49700	None	None	None
213135	5	1000000	0	100	2	None	1046964	2	100                              	8367	10346	49700	None	None	None
213135	5	1000000	0	100	2	None	1046964	2	100                              	8343	10369	49700	None	None	None
2044997	5	10000000	0	100	2	None	10128168	2	100                              	53110	43709	131300	None	None	None
2044997	5	10000000	0	100	2	None	10128168	2	100                              	53112	43706	131300	None	None	None
2044997	5	10000000	0	100	2	None	10128168	2	100                              	53110	43709	131300	None	None	None
2044997	5	10000000	0	100	2	None	10128168	2	100                              	53122	43697	131300	None	None	None
2044997	5	10000000	0	100	2	None	10128168	2	100                              	53118	43701	131300	None	None	None
2044997	5	10000000	0	100	2	None	10128168	2	100                              	53108	43710	131300	None	None	None
2044997	5	10000000	0	100	2	None	10128168	2	100                              	53120	43699	131300	None	None	None
2044997	5	10000000	0	100	2	None	10128168	2	100                              	53128	43691	131300	None	None	None
2044997	5	10000000	0	100	2	None	10128168	2	100                              	53114	43704	131300	None	None	None
2044997	5	10000000	0	100	2	None	10128168	2	100                              	53110	43709	131300	None	None	None
2044997	5	10000000	0	100	2	None	10128168	2	100                              	53109	43709	131300	None	None	None
2044997	5	10000000	0	100	2	None	10128168	2	100                              	53120	43698	131300	None	None	None
2044997	5	10000000	0	100	2	None	10128168	2	100                              	53108	43711	131300	None	None	None
2044997	5	10000000	0	100	2	None	10128168	2	100                              	53126	43693	131300	None	None	None
2044997	5	10000000	0	100	2	None	10128168	2	100                              	53118	43700	131300	None	None	None
2044997	5	10000000	0	100	2	None	10128168	2	100                              	53115	43703	131300	None	None	None
2044997	5	10000000	0	100	2	None	10128168	2	100                              	53124	43695	131300	None	None	None
2044997	5	10000000	0	100	2	None	10128168	2	100                              	53134	43685	131300	None	None	None
2044997	5	10000000	0	100	2	None	10128168	2	100                              	53108	43711	131300	None	None	None
2044997	5	10000000	0	100	2	None	10128168	2	100                              	53122	43697	131300	None	None	None
20112540	5	100000000	0	100	2	None	100372689	2	100                              	117995	72021	374400	None	None	None
20112540	5	100000000	0	100	2	None	100372689	2	100                              	117975	72041	374400	None	None	None
20112540	5	100000000	0	100	2	None	100372689	2	100                              	117967	72049	374400	None	None	None
20112540	5	100000000	0	100	2	None	100372689	2	100                              	117970	72046	374400	None	None	None
20112540	5	100000000	0	100	2	None	100372689	2	100                              	117966	72050	374400	None	None	None
20112540	5	100000000	0	100	2	None	100372689	2	100                              	117987	72029	374400	None	None	None
20112540	5	100000000	0	100	2	None	100372689	2	100                              	117965	72051	374400	None	None	None
20112540	5	100000000	0	100	2	None	100372689	2	100                              	117978	72038	374400	None	None	None
20112540	5	100000000	0	100	2	None	100372689	2	100                              	117967	72049	374400	None	None	None
20112540	5	100000000	0	100	2	None	100372689	2	100                              	117969	72047	374400	None	None	None
20112540	5	100000000	0	100	2	None	100372689	2	100                              	117982	72034	374400	None	None	None
20112540	5	100000000	0	100	2	None	100372689	2	100                              	117991	72025	374400	None	None	None
20112540	5	100000000	0	100	2	None	100372689	2	100                              	117977	72039	374400	None	None	None
20112540	5	100000000	0	100	2	None	100372689	2	100                              	117985	72031	374400	None	None	None
20112540	5	100000000	0	100	2	None	100372689	2	100                              	117965	72051	374400	None	None	None
20112540	5	100000000	0	100	2	None	100372689	2	100                              	117978	72038	374400	None	None	None
20112540	5	100000000	0	100	2	None	100372689	2	100                              	117983	72033	374400	None	None	None
20112540	5	100000000	0	100	2	None	100372689	2	100                              	117972	72044	374400	None	None	None
20112540	5	100000000	0	100	2	None	100372689	2	100                              	117991	72025	374400	None	None	None
20112540	5	100000000	0	100	2	None	100372689	2	100                              	118005	72011	374400	None	None	None
