#using seed 0.049331
#MIN_MAX_DYNAMIC
#PROCESSORS: 3, RUNS: 20
#runTime	processors    	input-work-size	depth	taskThreshold	lGranularity    	rGranularity	W0	block_factory	init_task_cost	waiting-time    	idle_time	task_creation_cost	Geo_block_number	init_blk_size	max_blk_size
403306	3	1000000	0	100	2	None	1177176	2	1000                              	18877	13866	197000	None	None	None
403306	3	1000000	0	100	2	None	1177176	2	1000                              	18883	13860	197000	None	None	None
403307	3	1000000	0	100	2	None	1177176	2	1000                              	18882	13864	197000	None	None	None
403307	3	1000000	0	100	2	None	1177176	2	1000                              	18886	13860	197000	None	None	None
403306	3	1000000	0	100	2	None	1177176	2	1000                              	18885	13858	197000	None	None	None
403307	3	1000000	0	100	2	None	1177176	2	1000                              	18876	13870	197000	None	None	None
403308	3	1000000	0	100	2	None	1177176	2	1000                              	18877	13872	197000	None	None	None
403307	3	1000000	0	100	2	None	1177176	2	1000                              	18876	13870	197000	None	None	None
403306	3	1000000	0	100	2	None	1177176	2	1000                              	18875	13868	197000	None	None	None
403307	3	1000000	0	100	2	None	1177176	2	1000                              	18878	13868	197000	None	None	None
403306	3	1000000	0	100	2	None	1177176	2	1000                              	18879	13864	197000	None	None	None
403307	3	1000000	0	100	2	None	1177176	2	1000                              	18882	13864	197000	None	None	None
403306	3	1000000	0	100	2	None	1177176	2	1000                              	18877	13866	197000	None	None	None
403307	3	1000000	0	100	2	None	1177176	2	1000                              	18874	13872	197000	None	None	None
403306	3	1000000	0	100	2	None	1177176	2	1000                              	18879	13864	197000	None	None	None
403307	3	1000000	0	100	2	None	1177176	2	1000                              	18884	13862	197000	None	None	None
403306	3	1000000	0	100	2	None	1177176	2	1000                              	18881	13862	197000	None	None	None
403307	3	1000000	0	100	2	None	1177176	2	1000                              	18886	13860	197000	None	None	None
403307	3	1000000	0	100	2	None	1177176	2	1000                              	18878	13868	197000	None	None	None
403307	3	1000000	0	100	2	None	1177176	2	1000                              	18882	13864	197000	None	None	None
3518085	3	10000000	0	100	2	None	10416415	2	1000                              	71204	66637	440000	None	None	None
3518085	3	10000000	0	100	2	None	10416415	2	1000                              	71207	66634	440000	None	None	None
3518085	3	10000000	0	100	2	None	10416415	2	1000                              	71203	66638	440000	None	None	None
3518085	3	10000000	0	100	2	None	10416415	2	1000                              	71197	66644	440000	None	None	None
3518085	3	10000000	0	100	2	None	10416415	2	1000                              	71203	66638	440000	None	None	None
3518085	3	10000000	0	100	2	None	10416415	2	1000                              	71203	66638	440000	None	None	None
3518085	3	10000000	0	100	2	None	10416415	2	1000                              	71195	66646	440000	None	None	None
3518085	3	10000000	0	100	2	None	10416415	2	1000                              	71205	66636	440000	None	None	None
3518085	3	10000000	0	100	2	None	10416415	2	1000                              	71201	66640	440000	None	None	None
3518085	3	10000000	0	100	2	None	10416415	2	1000                              	71199	66642	440000	None	None	None
3518085	3	10000000	0	100	2	None	10416415	2	1000                              	71202	66639	440000	None	None	None
3518085	3	10000000	0	100	2	None	10416415	2	1000                              	71197	66644	440000	None	None	None
3518085	3	10000000	0	100	2	None	10416415	2	1000                              	71200	66641	440000	None	None	None
3518085	3	10000000	0	100	2	None	10416415	2	1000                              	71204	66637	440000	None	None	None
3518085	3	10000000	0	100	2	None	10416415	2	1000                              	71202	66639	440000	None	None	None
3518084	3	10000000	0	100	2	None	10416415	2	1000                              	71206	66632	440000	None	None	None
3518085	3	10000000	0	100	2	None	10416415	2	1000                              	71200	66641	440000	None	None	None
3518085	3	10000000	0	100	2	None	10416415	2	1000                              	71197	66644	440000	None	None	None
3518084	3	10000000	0	100	2	None	10416415	2	1000                              	71206	66632	440000	None	None	None
3518084	3	10000000	0	100	2	None	10416415	2	1000                              	71200	66638	440000	None	None	None
33894340	3	100000000	0	100	2	None	101063061	2	1000                              	313792	306170	1094000	None	None	None
33894340	3	100000000	0	100	2	None	101063061	2	1000                              	313790	306170	1094000	None	None	None
33894340	3	100000000	0	100	2	None	101063061	2	1000                              	313798	306162	1094000	None	None	None
33894340	3	100000000	0	100	2	None	101063061	2	1000                              	313794	306166	1094000	None	None	None
33894340	3	100000000	0	100	2	None	101063061	2	1000                              	313800	306160	1094000	None	None	None
33894339	3	100000000	0	100	2	None	101063061	2	1000                              	313789	306170	1094000	None	None	None
33894340	3	100000000	0	100	2	None	101063061	2	1000                              	313794	306168	1094000	None	None	None
33894340	3	100000000	0	100	2	None	101063061	2	1000                              	313790	306170	1094000	None	None	None
33894340	3	100000000	0	100	2	None	101063061	2	1000                              	313794	306166	1094000	None	None	None
33894340	3	100000000	0	100	2	None	101063061	2	1000                              	313790	306170	1094000	None	None	None
33894340	3	100000000	0	100	2	None	101063061	2	1000                              	313796	306164	1094000	None	None	None
33894340	3	100000000	0	100	2	None	101063061	2	1000                              	313798	306162	1094000	None	None	None
33894340	3	100000000	0	100	2	None	101063061	2	1000                              	313792	306168	1094000	None	None	None
33894340	3	100000000	0	100	2	None	101063061	2	1000                              	313790	306172	1094000	None	None	None
33894340	3	100000000	0	100	2	None	101063061	2	1000                              	313798	306162	1094000	None	None	None
33894340	3	100000000	0	100	2	None	101063061	2	1000                              	313800	306160	1094000	None	None	None
33894340	3	100000000	0	100	2	None	101063061	2	1000                              	313792	306170	1094000	None	None	None
33894340	3	100000000	0	100	2	None	101063061	2	1000                              	313798	306164	1094000	None	None	None
33894340	3	100000000	0	100	2	None	101063061	2	1000                              	313800	306162	1094000	None	None	None
33894340	3	100000000	0	100	2	None	101063061	2	1000                              	313796	306166	1094000	None	None	None
