#using seed 0.049529
#MIN_MAX_DYNAMIC
#PROCESSORS: 5, RUNS: 20
#runTime	processors    	input-work-size	depth	taskThreshold	lGranularity    	rGranularity	W0	block_factory	init_task_cost	waiting-time    	idle_time	task_creation_cost	Geo_block_number	init_blk_size	max_blk_size
267995	5	1000000	0	100	2	None	1230229	2	1000                              	56475	53274	256000	None	None	None
267995	5	1000000	0	100	2	None	1230229	2	1000                              	56467	53284	256000	None	None	None
267994	5	1000000	0	100	2	None	1230229	2	1000                              	56485	53259	256000	None	None	None
267995	5	1000000	0	100	2	None	1230229	2	1000                              	56475	53276	256000	None	None	None
267994	5	1000000	0	100	2	None	1230229	2	1000                              	56476	53270	256000	None	None	None
267995	5	1000000	0	100	2	None	1230229	2	1000                              	56454	53295	256000	None	None	None
267995	5	1000000	0	100	2	None	1230229	2	1000                              	56465	53284	256000	None	None	None
267994	5	1000000	0	100	2	None	1230229	2	1000                              	56475	53271	256000	None	None	None
267994	5	1000000	0	100	2	None	1230229	2	1000                              	56484	53260	256000	None	None	None
267994	5	1000000	0	100	2	None	1230229	2	1000                              	56478	53268	256000	None	None	None
267994	5	1000000	0	100	2	None	1230229	2	1000                              	56481	53265	256000	None	None	None
267995	5	1000000	0	100	2	None	1230229	2	1000                              	56472	53279	256000	None	None	None
267994	5	1000000	0	100	2	None	1230229	2	1000                              	56466	53280	256000	None	None	None
267995	5	1000000	0	100	2	None	1230229	2	1000                              	56474	53277	256000	None	None	None
267995	5	1000000	0	100	2	None	1230229	2	1000                              	56475	53276	256000	None	None	None
267995	5	1000000	0	100	2	None	1230229	2	1000                              	56480	53271	256000	None	None	None
267995	5	1000000	0	100	2	None	1230229	2	1000                              	56471	53280	256000	None	None	None
267995	5	1000000	0	100	2	None	1230229	2	1000                              	56477	53274	256000	None	None	None
267995	5	1000000	0	100	2	None	1230229	2	1000                              	56461	53290	256000	None	None	None
267995	5	1000000	0	100	2	None	1230229	2	1000                              	56479	53272	256000	None	None	None
2139060	5	10000000	0	100	2	None	10531530	2	1000                              	80003	83769	563000	None	None	None
2139060	5	10000000	0	100	2	None	10531530	2	1000                              	79997	83775	563000	None	None	None
2139060	5	10000000	0	100	2	None	10531530	2	1000                              	79997	83776	563000	None	None	None
2139060	5	10000000	0	100	2	None	10531530	2	1000                              	80013	83759	563000	None	None	None
2139060	5	10000000	0	100	2	None	10531530	2	1000                              	80015	83757	563000	None	None	None
2139060	5	10000000	0	100	2	None	10531530	2	1000                              	80013	83759	563000	None	None	None
2139060	5	10000000	0	100	2	None	10531530	2	1000                              	80005	83767	563000	None	None	None
2139060	5	10000000	0	100	2	None	10531530	2	1000                              	80003	83769	563000	None	None	None
2139060	5	10000000	0	100	2	None	10531530	2	1000                              	80007	83766	563000	None	None	None
2139060	5	10000000	0	100	2	None	10531530	2	1000                              	80013	83760	563000	None	None	None
2139060	5	10000000	0	100	2	None	10531530	2	1000                              	79981	83791	563000	None	None	None
2139060	5	10000000	0	100	2	None	10531530	2	1000                              	80005	83767	563000	None	None	None
2139060	5	10000000	0	100	2	None	10531530	2	1000                              	80015	83758	563000	None	None	None
2139060	5	10000000	0	100	2	None	10531530	2	1000                              	79997	83776	563000	None	None	None
2139060	5	10000000	0	100	2	None	10531530	2	1000                              	79999	83773	563000	None	None	None
2139060	5	10000000	0	100	2	None	10531530	2	1000                              	79987	83785	563000	None	None	None
2139060	5	10000000	0	100	2	None	10531530	2	1000                              	80003	83770	563000	None	None	None
2139060	5	10000000	0	100	2	None	10531530	2	1000                              	80007	83766	563000	None	None	None
2139060	5	10000000	0	100	2	None	10531530	2	1000                              	79991	83782	563000	None	None	None
2139060	5	10000000	0	100	2	None	10531530	2	1000                              	80001	83771	563000	None	None	None
20456636	5	100000000	0	100	2	None	101372370	2	1000                              	510147	400668	1415000	None	None	None
20456636	5	100000000	0	100	2	None	101372370	2	1000                              	510143	400672	1415000	None	None	None
20456636	5	100000000	0	100	2	None	101372370	2	1000                              	510121	400694	1415000	None	None	None
20456636	5	100000000	0	100	2	None	101372370	2	1000                              	510113	400702	1415000	None	None	None
20456636	5	100000000	0	100	2	None	101372370	2	1000                              	510113	400702	1415000	None	None	None
20456636	5	100000000	0	100	2	None	101372370	2	1000                              	510136	400679	1415000	None	None	None
20456636	5	100000000	0	100	2	None	101372370	2	1000                              	510142	400673	1415000	None	None	None
20456636	5	100000000	0	100	2	None	101372370	2	1000                              	510148	400667	1415000	None	None	None
20456636	5	100000000	0	100	2	None	101372370	2	1000                              	510143	400672	1415000	None	None	None
20456636	5	100000000	0	100	2	None	101372370	2	1000                              	510131	400684	1415000	None	None	None
20456636	5	100000000	0	100	2	None	101372370	2	1000                              	510115	400700	1415000	None	None	None
20456636	5	100000000	0	100	2	None	101372370	2	1000                              	510122	400693	1415000	None	None	None
20456636	5	100000000	0	100	2	None	101372370	2	1000                              	510123	400692	1415000	None	None	None
20456636	5	100000000	0	100	2	None	101372370	2	1000                              	510143	400672	1415000	None	None	None
20456636	5	100000000	0	100	2	None	101372370	2	1000                              	510137	400678	1415000	None	None	None
20456636	5	100000000	0	100	2	None	101372370	2	1000                              	510133	400682	1415000	None	None	None
20456636	5	100000000	0	100	2	None	101372370	2	1000                              	510139	400676	1415000	None	None	None
20456636	5	100000000	0	100	2	None	101372370	2	1000                              	510141	400674	1415000	None	None	None
20456636	5	100000000	0	100	2	None	101372370	2	1000                              	510125	400690	1415000	None	None	None
20456636	5	100000000	0	100	2	None	101372370	2	1000                              	510129	400686	1415000	None	None	None
