#using seed 0.050495
#MIN_MAX_DYNAMIC
#PROCESSORS: 5, RUNS: 20
#runTime	processors    	input-work-size	depth	taskThreshold	lGranularity    	rGranularity	W0	block_factory	init_task_cost	waiting-time    	idle_time	task_creation_cost	Geo_block_number	init_blk_size	max_blk_size
202977	5	1000000	0	100	2	None	1008939	2	4                              	2962	2986	7320	None	None	None
202976	5	1000000	0	100	2	None	1008939	2	4                              	2958	2987	7320	None	None	None
202976	5	1000000	0	100	2	None	1008939	2	4                              	2966	2979	7320	None	None	None
202977	5	1000000	0	100	2	None	1008939	2	4                              	2962	2986	7320	None	None	None
202976	5	1000000	0	100	2	None	1008939	2	4                              	2976	2969	7320	None	None	None
202976	5	1000000	0	100	2	None	1008939	2	4                              	2960	2985	7320	None	None	None
202977	5	1000000	0	100	2	None	1008939	2	4                              	2954	2994	7320	None	None	None
202977	5	1000000	0	100	2	None	1008939	2	4                              	2952	2996	7320	None	None	None
202977	5	1000000	0	100	2	None	1008939	2	4                              	2958	2990	7320	None	None	None
202990	5	1000000	0	100	2	None	1008944	2	4                              	2982	3025	7324	None	None	None
202976	5	1000000	0	100	2	None	1008939	2	4                              	2956	2989	7320	None	None	None
202976	5	1000000	0	100	2	None	1008939	2	4                              	2946	2999	7320	None	None	None
202976	5	1000000	0	100	2	None	1008939	2	4                              	2965	2980	7320	None	None	None
202976	5	1000000	0	100	2	None	1008939	2	4                              	2968	2977	7320	None	None	None
202977	5	1000000	0	100	2	None	1008939	2	4                              	2947	3001	7320	None	None	None
202977	5	1000000	0	100	2	None	1008939	2	4                              	2960	2988	7320	None	None	None
202976	5	1000000	0	100	2	None	1008939	2	4                              	2969	2976	7320	None	None	None
202976	5	1000000	0	100	2	None	1008939	2	4                              	2957	2988	7320	None	None	None
202977	5	1000000	0	100	2	None	1008939	2	4                              	2962	2986	7320	None	None	None
202977	5	1000000	0	100	2	None	1008939	2	4                              	2958	2990	7320	None	None	None
2009616	5	10000000	0	100	2	None	10027764	2	4                              	11078	9239	22412	None	None	None
2009616	5	10000000	0	100	2	None	10027769	2	4                              	11169	9143	22416	None	None	None
2009555	5	10000000	0	100	2	None	10027804	2	4                              	10997	8976	22436	None	None	None
2009616	5	10000000	0	100	2	None	10027764	2	4                              	11082	9235	22412	None	None	None
2009616	5	10000000	0	100	2	None	10027769	2	4                              	11144	9168	22416	None	None	None
2009739	5	10000000	0	100	2	None	10028054	2	4                              	11233	9412	22692	None	None	None
2009586	5	10000000	0	100	2	None	10028009	2	4                              	11080	8846	22640	None	None	None
2009616	5	10000000	0	100	2	None	10027764	2	4                              	11075	9242	22412	None	None	None
2009615	5	10000000	0	100	2	None	10027769	2	4                              	11170	9138	22416	None	None	None
2009616	5	10000000	0	100	2	None	10027769	2	4                              	11156	9156	22416	None	None	None
2009615	5	10000000	0	100	2	None	10027769	2	4                              	11154	9154	22416	None	None	None
2009616	5	10000000	0	100	2	None	10027769	2	4                              	11160	9152	22416	None	None	None
2009615	5	10000000	0	100	2	None	10027769	2	4                              	11152	9156	22416	None	None	None
2009555	5	10000000	0	100	2	None	10027804	2	4                              	10992	8981	22436	None	None	None
2009616	5	10000000	0	100	2	None	10027764	2	4                              	11055	9262	22412	None	None	None
2009616	5	10000000	0	100	2	None	10027764	2	4                              	11081	9236	22412	None	None	None
2009616	5	10000000	0	100	2	None	10027764	2	4                              	11081	9236	22412	None	None	None
2009616	5	10000000	0	100	2	None	10027769	2	4                              	11175	9137	22416	None	None	None
2009616	5	10000000	0	100	2	None	10027764	2	4                              	11068	9249	22412	None	None	None
2009580	5	10000000	0	100	2	None	10027864	2	4                              	10986	9051	22484	None	None	None
20025567	5	100000000	0	100	2	None	100086929	2	4                              	28194	12713	69792	None	None	None
20025567	5	100000000	0	100	2	None	100086934	2	4                              	28169	12733	69796	None	None	None
20025567	5	100000000	0	100	2	None	100086934	2	4                              	28224	12678	69796	None	None	None
20025544	5	100000000	0	100	2	None	100086929	2	4                              	28193	12602	69800	None	None	None
20025567	5	100000000	0	100	2	None	100086934	2	4                              	28215	12687	69796	None	None	None
20025567	5	100000000	0	100	2	None	100086934	2	4                              	28199	12703	69796	None	None	None
20025567	5	100000000	0	100	2	None	100086934	2	4                              	28183	12719	69796	None	None	None
20025567	5	100000000	0	100	2	None	100086934	2	4                              	28187	12715	69796	None	None	None
20025567	5	100000000	0	100	2	None	100086934	2	4                              	28211	12691	69796	None	None	None
20025567	5	100000000	0	100	2	None	100086934	2	4                              	28213	12689	69796	None	None	None
20025567	5	100000000	0	100	2	None	100086939	2	4                              	28202	12696	69800	None	None	None
20025567	5	100000000	0	100	2	None	100086934	2	4                              	28171	12731	69796	None	None	None
20025567	5	100000000	0	100	2	None	100086934	2	4                              	28183	12719	69796	None	None	None
20025544	5	100000000	0	100	2	None	100086929	2	4                              	28199	12596	69800	None	None	None
20025567	5	100000000	0	100	2	None	100086934	2	4                              	28161	12741	69796	None	None	None
20025567	5	100000000	0	100	2	None	100086934	2	4                              	28141	12761	69796	None	None	None
20025567	5	100000000	0	100	2	None	100086934	2	4                              	28216	12686	69796	None	None	None
20025567	5	100000000	0	100	2	None	100086934	2	4                              	28211	12691	69796	None	None	None
20025567	5	100000000	0	100	2	None	100086934	2	4                              	28192	12710	69796	None	None	None
20025567	5	100000000	0	100	2	None	100086934	2	4                              	28181	12721	69796	None	None	None
