#using seed 0.049908
#MIN_MAX_DYNAMIC
#PROCESSORS: 3, RUNS: 20
#runTime	processors    	input-work-size	depth	taskThreshold	lGranularity    	rGranularity	W0	block_factory	init_task_cost	waiting-time    	idle_time	task_creation_cost	Geo_block_number	init_blk_size	max_blk_size
350101	3	1000000	0	100	2	None	1036662	2	100                              	7085	6557	38700	None	None	None
350101	3	1000000	0	100	2	None	1036662	2	100                              	7083	6559	38700	None	None	None
350101	3	1000000	0	100	2	None	1036662	2	100                              	7083	6559	38700	None	None	None
350101	3	1000000	0	100	2	None	1036662	2	100                              	7083	6559	38700	None	None	None
350101	3	1000000	0	100	2	None	1036662	2	100                              	7081	6561	38700	None	None	None
350101	3	1000000	0	100	2	None	1036662	2	100                              	7081	6561	38700	None	None	None
350101	3	1000000	0	100	2	None	1036662	2	100                              	7081	6561	38700	None	None	None
350102	3	1000000	0	100	2	None	1036662	2	100                              	7074	6571	38700	None	None	None
350101	3	1000000	0	100	2	None	1036662	2	100                              	7079	6563	38700	None	None	None
350102	3	1000000	0	100	2	None	1036662	2	100                              	7088	6557	38700	None	None	None
350101	3	1000000	0	100	2	None	1036662	2	100                              	7083	6559	38700	None	None	None
350102	3	1000000	0	100	2	None	1036662	2	100                              	7080	6565	38700	None	None	None
350101	3	1000000	0	100	2	None	1036662	2	100                              	7085	6557	38700	None	None	None
350101	3	1000000	0	100	2	None	1036662	2	100                              	7085	6557	38700	None	None	None
350101	3	1000000	0	100	2	None	1036662	2	100                              	7083	6559	38700	None	None	None
350102	3	1000000	0	100	2	None	1036662	2	100                              	7088	6557	38700	None	None	None
350101	3	1000000	0	100	2	None	1036662	2	100                              	7087	6555	38700	None	None	None
350101	3	1000000	0	100	2	None	1036662	2	100                              	7079	6563	38700	None	None	None
350101	3	1000000	0	100	2	None	1036662	2	100                              	7079	6563	38700	None	None	None
350101	3	1000000	0	100	2	None	1036662	2	100                              	7085	6557	38700	None	None	None
3389749	3	10000000	0	100	2	None	10099787	2	100                              	35149	34312	102000	None	None	None
3389749	3	10000000	0	100	2	None	10099787	2	100                              	35149	34312	102000	None	None	None
3389749	3	10000000	0	100	2	None	10099787	2	100                              	35151	34310	102000	None	None	None
3390857	3	10000000	0	100	2	None	10099787	2	100                              	36810	35975	102000	None	None	None
3389749	3	10000000	0	100	2	None	10099787	2	100                              	35151	34310	102000	None	None	None
3389750	3	10000000	0	100	2	None	10099787	2	100                              	35160	34304	102000	None	None	None
3389749	3	10000000	0	100	2	None	10099787	2	100                              	35157	34304	102000	None	None	None
3389749	3	10000000	0	100	2	None	10099787	2	100                              	35153	34308	102000	None	None	None
3389750	3	10000000	0	100	2	None	10099787	2	100                              	35154	34310	102000	None	None	None
3389749	3	10000000	0	100	2	None	10099787	2	100                              	35147	34314	102000	None	None	None
3389749	3	10000000	0	100	2	None	10099787	2	100                              	35137	34324	102000	None	None	None
3389749	3	10000000	0	100	2	None	10099787	2	100                              	35151	34310	102000	None	None	None
3389749	3	10000000	0	100	2	None	10099787	2	100                              	35151	34310	102000	None	None	None
3389749	3	10000000	0	100	2	None	10099787	2	100                              	35153	34308	102000	None	None	None
3389749	3	10000000	0	100	2	None	10099787	2	100                              	35149	34312	102000	None	None	None
3389749	3	10000000	0	100	2	None	10099787	2	100                              	35153	34308	102000	None	None	None
3389749	3	10000000	0	100	2	None	10099787	2	100                              	35153	34308	102000	None	None	None
3389749	3	10000000	0	100	2	None	10099787	2	100                              	35151	34310	102000	None	None	None
3389750	3	10000000	0	100	2	None	10099787	2	100                              	35148	34316	102000	None	None	None
3389749	3	10000000	0	100	2	None	10099787	2	100                              	35143	34318	102000	None	None	None
33479744	3	100000000	0	100	2	None	100291384	2	100                              	74269	73580	292100	None	None	None
33479743	3	100000000	0	100	2	None	100291384	2	100                              	74266	73580	292100	None	None	None
33479744	3	100000000	0	100	2	None	100291384	2	100                              	74271	73578	292100	None	None	None
33479744	3	100000000	0	100	2	None	100291384	2	100                              	74253	73596	292100	None	None	None
33479744	3	100000000	0	100	2	None	100291384	2	100                              	74266	73583	292100	None	None	None
33479744	3	100000000	0	100	2	None	100291384	2	100                              	74271	73578	292100	None	None	None
33479744	3	100000000	0	100	2	None	100291384	2	100                              	74261	73588	292100	None	None	None
33479744	3	100000000	0	100	2	None	100291384	2	100                              	74269	73580	292100	None	None	None
33479744	3	100000000	0	100	2	None	100291384	2	100                              	74269	73580	292100	None	None	None
33479744	3	100000000	0	100	2	None	100291384	2	100                              	74266	73583	292100	None	None	None
33479743	3	100000000	0	100	2	None	100291384	2	100                              	74268	73578	292100	None	None	None
33479744	3	100000000	0	100	2	None	100291384	2	100                              	74264	73585	292100	None	None	None
33479744	3	100000000	0	100	2	None	100291384	2	100                              	74256	73593	292100	None	None	None
33479744	3	100000000	0	100	2	None	100291384	2	100                              	74269	73580	292100	None	None	None
33479744	3	100000000	0	100	2	None	100291384	2	100                              	74271	73578	292100	None	None	None
33479744	3	100000000	0	100	2	None	100291384	2	100                              	74270	73579	292100	None	None	None
33479744	3	100000000	0	100	2	None	100291384	2	100                              	74266	73583	292100	None	None	None
33479743	3	100000000	0	100	2	None	100291384	2	100                              	74264	73582	292100	None	None	None
33479744	3	100000000	0	100	2	None	100291384	2	100                              	74252	73597	292100	None	None	None
33479744	3	100000000	0	100	2	None	100291384	2	100                              	74268	73581	292100	None	None	None
