#using seed 0.263028
#processors:400 remote_steal_latency:5                  remote_steal_proba:0.0125
0.0125 50654
0.0125 50542
0.0125 50604
0.0125 50583
0.0125 50604
0.0125 50553
0.0125 50552
0.0125 50562
0.0125 50599
0.0125 50576
0.0125 50624
0.0125 50557
0.0125 50565
0.0125 50556
0.0125 50534
0.0125 50624
0.0125 50581
0.0125 50583
0.0125 50562
0.0125 50620
0.0125 50588
0.0125 50559
0.0125 50570
0.0125 50553
0.0125 50539
0.0125 50543
0.0125 50562
0.0125 50613
0.0125 50614
0.0125 50572
0.0125 50581
0.0125 50591
0.0125 50581
0.0125 50565
0.0125 50545
0.0125 50555
0.0125 50521
0.0125 50542
0.0125 50553
0.0125 50541
0.0125 50545
0.0125 50566
0.0125 50583
0.0125 50617
0.0125 50589
0.0125 50576
0.0125 50560
0.0125 50559
0.0125 50561
0.0125 50600
0.0125 50582
0.0125 50664
0.0125 50616
0.0125 50625
0.0125 50612
0.0125 50570
0.0125 50488
0.0125 50514
0.0125 50543
0.0125 50600
0.0125 50584
0.0125 50532
0.0125 50569
0.0125 50602
0.0125 50573
0.0125 50487
0.0125 50590
0.0125 50517
0.0125 50609
0.0125 50573
0.0125 50572
0.0125 50565
0.0125 50595
0.0125 50555
0.0125 50668
0.0125 50621
0.0125 50526
0.0125 50572
0.0125 50566
0.0125 50561
0.0125 50534
0.0125 50620
0.0125 50577
0.0125 50555
0.0125 50548
0.0125 50570
0.0125 50614
0.0125 50576
0.0125 50592
0.0125 50562
0.0125 50612
0.0125 50573
0.0125 50542
0.0125 50585
0.0125 50591
0.0125 50564
0.0125 50590
0.0125 50610
0.0125 50580
0.0125 50567
0.0125 50504
0.0125 50632
0.0125 50562
0.0125 50572
0.0125 50586
0.0125 50600
0.0125 50580
0.0125 50542
0.0125 50590
0.0125 50531
0.0125 50591
0.0125 50535
0.0125 50604
0.0125 50561
0.0125 50525
0.0125 50576
0.0125 50589
0.0125 50622
0.0125 50612
0.0125 50571
0.0125 50554
0.0125 50601
0.0125 50622
0.0125 50573
0.0125 50554
0.0125 50602
0.0125 50594
0.0125 50520
0.0125 50572
0.0125 50533
0.0125 50573
0.0125 50650
0.0125 50580
0.0125 50547
0.0125 50520
0.0125 50616
0.0125 50558
0.0125 50619
0.0125 50519
0.0125 50519
0.0125 50603
0.0125 50559
0.0125 50593
0.0125 50582
0.0125 50604
0.0125 50627
0.0125 50567
0.0125 50575
0.0125 50584
0.0125 50558
0.0125 50583
0.0125 50525
0.0125 50603
0.0125 50537
0.0125 50566
0.0125 50599
0.0125 50586
0.0125 50570
0.0125 50582
0.0125 50569
0.0125 50519
0.0125 50582
0.0125 50581
0.0125 50608
0.0125 50602
0.0125 50592
0.0125 50580
0.0125 50671
0.0125 50628
0.0125 50552
0.0125 50568
0.0125 50567
0.0125 50558
0.0125 50560
0.0125 50550
0.0125 50580
0.0125 50570
0.0125 50538
0.0125 50548
0.0125 50619
0.0125 50569
0.0125 50619
0.0125 50583
0.0125 50602
0.0125 50551
0.0125 50542
0.0125 50584
0.0125 50689
0.0125 50515
0.0125 50517
0.0125 50595
0.0125 50561
0.0125 50605
0.0125 50621
0.0125 50524
0.0125 50613
0.0125 50607
0.0125 50557
0.0125 50566
0.0125 50567
0.0125 50582
0.0125 50581
0.0125 50509
0.0125 50606
0.0125 50614
0.0125 50550
0.0125 50564
0.0125 50559
0.0125 50590
0.0125 50612
0.0125 50511
0.0125 50599
0.0125 50629
0.0125 50554
0.0125 50512
0.0125 50576
0.0125 50524
0.0125 50521
0.0125 50609
0.0125 50565
0.0125 50588
0.0125 50585
0.0125 50581
0.0125 50607
0.0125 50558
0.0125 50557
0.0125 50601
0.0125 50640
0.0125 50570
0.0125 50583
0.0125 50614
0.0125 50558
0.0125 50626
0.0125 50559
0.0125 50618
0.0125 50535
0.0125 50657
0.0125 50574
0.0125 50595
0.0125 50599
0.0125 50603
0.0125 50565
0.0125 50595
0.0125 50581
0.0125 50558
0.0125 50582
0.0125 50623
0.0125 50570
0.0125 50536
0.0125 50589
0.0125 50599
0.0125 50637
0.0125 50565
0.0125 50491
0.0125 50579
0.0125 50565
0.0125 50537
0.0125 50607
0.0125 50614
0.0125 50557
0.0125 50577
0.0125 50618
0.0125 50579
0.0125 50587
0.0125 50524
0.0125 50596
0.0125 50541
0.0125 50575
0.0125 50577
0.0125 50611
0.0125 50610
0.0125 50616
0.0125 50549
0.0125 50550
0.0125 50576
0.0125 50569
0.0125 50559
0.0125 50558
0.0125 50541
0.0125 50531
0.0125 50617
0.0125 50585
0.0125 50551
0.0125 50599
0.0125 50551
0.0125 50599
0.0125 50579
0.0125 50583
0.0125 50574
0.0125 50522
0.0125 50552
0.0125 50599
0.0125 50607
0.0125 50533
0.0125 50613
0.0125 50549
0.0125 50565
0.0125 50623
0.0125 50545
0.0125 50620
0.0125 50549
0.0125 50624
0.0125 50548
0.0125 50639
0.0125 50574
0.0125 50614
0.0125 50551
0.0125 50531
0.0125 50575
0.0125 50548
0.0125 50632
0.0125 50594
0.0125 50615
0.0125 50534
0.0125 50603
0.0125 50490
0.0125 50542
0.0125 50630
0.0125 50598
0.0125 50555
0.0125 50631
0.0125 50631
0.0125 50621
0.0125 50570
0.0125 50568
0.0125 50605
0.0125 50603
0.0125 50492
0.0125 50603
0.0125 50591
0.0125 50596
0.0125 50593
0.0125 50570
0.0125 50610
0.0125 50547
0.0125 50586
0.0125 50527
0.0125 50562
0.0125 50543
0.0125 50595
0.0125 50629
0.0125 50546
0.0125 50676
0.0125 50600
0.0125 50593
0.0125 50606
0.0125 50587
0.0125 50560
0.0125 50479
0.0125 50565
0.0125 50509
0.0125 50583
0.0125 50526
0.0125 50551
0.0125 50625
0.0125 50591
0.0125 50624
0.0125 50614
0.0125 50573
0.0125 50585
0.0125 50590
0.0125 50612
0.0125 50437
0.0125 50558
0.0125 50558
0.0125 50588
0.0125 50570
0.0125 50591
0.0125 50559
0.0125 50535
0.0125 50508
0.0125 50608
0.0125 50566
0.0125 50625
0.0125 50662
0.0125 50553
0.0125 50538
0.0125 50559
0.0125 50615
0.0125 50568
0.0125 50637
0.0125 50584
0.0125 50634
0.0125 50544
0.0125 50607
0.0125 50614
0.0125 50624
0.0125 50587
0.0125 50618
0.0125 50631
0.0125 50556
0.0125 50598
0.0125 50512
0.0125 50568
0.0125 50606
0.0125 50552
0.0125 50622
0.0125 50570
0.0125 50590
0.0125 50624
0.0125 50519
0.0125 50601
0.0125 50611
0.0125 50573
0.0125 50609
0.0125 50570
0.0125 50592
0.0125 50541
0.0125 50571
0.0125 50613
0.0125 50609
0.0125 50553
0.0125 50628
0.0125 50596
0.0125 50578
0.0125 50611
0.0125 50600
0.0125 50659
0.0125 50564
0.0125 50563
0.0125 50533
0.0125 50568
0.0125 50559
0.0125 50653
0.0125 50541
0.0125 50576
0.0125 50646
0.0125 50581
0.0125 50548
0.0125 50554
0.0125 50609
0.0125 50558
0.0125 50614
0.0125 50617
0.0125 50513
0.0125 50609
0.0125 50533
0.0125 50546
0.0125 50584
0.0125 50609
0.0125 50591
0.0125 50570
0.0125 50548
0.0125 50547
0.0125 50564
0.0125 50591
0.0125 50578
0.0125 50526
0.0125 50566
0.0125 50616
0.0125 50555
0.0125 50576
0.0125 50598
0.0125 50619
0.0125 50595
0.0125 50612
0.0125 50562
0.0125 50570
0.0125 50610
0.0125 50554
0.0125 50579
0.0125 50592
0.0125 50516
0.0125 50546
0.0125 50540
0.0125 50593
0.0125 50515
0.0125 50575
0.0125 50619
0.0125 50581
0.0125 50685
0.0125 50586
0.0125 50651
0.0125 50565
0.0125 50623
0.0125 50519
0.0125 50572
0.0125 50580
0.0125 50574
0.0125 50589
0.0125 50619
0.0125 50544
0.0125 50553
0.0125 50614
0.0125 50546
0.0125 50560
0.0125 50593
0.0125 50593
0.0125 50582
0.0125 50620
0.0125 50551
0.0125 50557
0.0125 50548
0.0125 50564
0.0125 50581
0.0125 50620
0.0125 50646
0.0125 50643
0.0125 50566
0.0125 50578
#processors:400 remote_steal_latency:5                  remote_steal_proba:0.025
0.025 50352
0.025 50375
0.025 50365
0.025 50350
0.025 50384
0.025 50368
0.025 50316
0.025 50336
0.025 50382
0.025 50394
0.025 50344
0.025 50361
0.025 50376
0.025 50387
0.025 50352
0.025 50349
0.025 50339
0.025 50341
0.025 50361
0.025 50328
0.025 50322
0.025 50354
0.025 50370
0.025 50337
0.025 50375
0.025 50347
0.025 50325
0.025 50322
0.025 50355
0.025 50354
0.025 50359
0.025 50389
0.025 50348
0.025 50360
0.025 50326
0.025 50341
0.025 50342
0.025 50357
0.025 50346
0.025 50366
0.025 50385
0.025 50398
0.025 50324
0.025 50319
0.025 50346
0.025 50347
0.025 50348
0.025 50302
0.025 50349
0.025 50361
0.025 50376
0.025 50376
0.025 50364
0.025 50348
0.025 50320
0.025 50316
0.025 50348
0.025 50332
0.025 50374
0.025 50302
0.025 50364
0.025 50351
0.025 50376
0.025 50359
0.025 50349
0.025 50359
0.025 50371
0.025 50390
0.025 50395
0.025 50302
0.025 50352
0.025 50423
0.025 50366
0.025 50328
0.025 50364
0.025 50377
0.025 50398
0.025 50374
0.025 50315
0.025 50297
0.025 50358
0.025 50346
0.025 50370
0.025 50349
0.025 50331
0.025 50361
0.025 50378
0.025 50346
0.025 50334
0.025 50361
0.025 50336
0.025 50342
0.025 50340
0.025 50316
0.025 50371
0.025 50344
0.025 50390
0.025 50372
0.025 50331
0.025 50360
0.025 50329
0.025 50373
0.025 50353
0.025 50344
0.025 50347
0.025 50339
0.025 50354
0.025 50323
0.025 50357
0.025 50366
0.025 50335
0.025 50355
0.025 50372
0.025 50304
0.025 50361
0.025 50332
0.025 50371
0.025 50371
0.025 50384
0.025 50378
0.025 50339
0.025 50358
0.025 50369
0.025 50370
0.025 50359
0.025 50379
0.025 50356
0.025 50355
0.025 50367
0.025 50361
0.025 50381
0.025 50336
0.025 50345
0.025 50317
0.025 50372
0.025 50351
0.025 50360
0.025 50330
0.025 50329
0.025 50364
0.025 50369
0.025 50373
0.025 50355
0.025 50375
0.025 50352
0.025 50355
0.025 50379
0.025 50315
0.025 50346
0.025 50372
0.025 50340
0.025 50322
0.025 50365
0.025 50334
0.025 50368
0.025 50337
0.025 50337
0.025 50343
0.025 50331
0.025 50378
0.025 50375
0.025 50361
0.025 50327
0.025 50345
0.025 50335
0.025 50373
0.025 50343
0.025 50347
0.025 50336
0.025 50349
0.025 50399
0.025 50348
0.025 50367
0.025 50327
0.025 50358
0.025 50383
0.025 50344
0.025 50351
0.025 50285
0.025 50353
0.025 50337
0.025 50348
0.025 50385
0.025 50353
0.025 50368
0.025 50317
0.025 50389
0.025 50347
0.025 50337
0.025 50343
0.025 50372
0.025 50355
0.025 50351
0.025 50368
0.025 50354
0.025 50403
0.025 50389
0.025 50389
0.025 50335
0.025 50336
0.025 50345
0.025 50291
0.025 50356
0.025 50403
0.025 50337
0.025 50349
0.025 50340
0.025 50362
0.025 50350
0.025 50373
0.025 50307
0.025 50378
0.025 50344
0.025 50350
0.025 50308
0.025 50366
0.025 50382
0.025 50360
0.025 50338
0.025 50311
0.025 50346
0.025 50378
0.025 50345
0.025 50364
0.025 50356
0.025 50364
0.025 50362
0.025 50353
0.025 50336
0.025 50361
0.025 50369
0.025 50298
0.025 50357
0.025 50370
0.025 50375
0.025 50328
0.025 50351
0.025 50347
0.025 50368
0.025 50343
0.025 50342
0.025 50360
0.025 50193
0.025 50362
0.025 50375
0.025 50365
0.025 50361
0.025 50365
0.025 50373
0.025 50366
0.025 50342
0.025 50364
0.025 50349
0.025 50387
0.025 50267
0.025 50354
0.025 50372
0.025 50341
0.025 50360
0.025 50363
0.025 50381
0.025 50338
0.025 50350
0.025 50338
0.025 50350
0.025 50360
0.025 50357
0.025 50309
0.025 50319
0.025 50365
0.025 50354
0.025 50368
0.025 50371
0.025 50378
0.025 50348
0.025 50391
0.025 50332
0.025 50389
0.025 50342
0.025 50425
0.025 50360
0.025 50361
0.025 50319
0.025 50384
0.025 50327
0.025 50361
0.025 50335
0.025 50335
0.025 50385
0.025 50316
0.025 50353
0.025 50367
0.025 50371
0.025 50348
0.025 50364
0.025 50370
0.025 50349
0.025 50372
0.025 50346
0.025 50342
0.025 50319
0.025 50371
0.025 50367
0.025 50339
0.025 50345
0.025 50363
0.025 50354
0.025 50328
0.025 50357
0.025 50360
0.025 50326
0.025 50340
0.025 50347
0.025 50328
0.025 50352
0.025 50307
0.025 50360
0.025 50381
0.025 50365
0.025 50377
0.025 50349
0.025 50341
0.025 50311
0.025 50370
0.025 50345
0.025 50337
0.025 50351
0.025 50357
0.025 50343
0.025 50370
0.025 50361
0.025 50371
0.025 50330
0.025 50349
0.025 50359
0.025 50332
0.025 50363
0.025 50398
0.025 50347
0.025 50316
0.025 50340
0.025 50340
0.025 50334
0.025 50376
0.025 50340
0.025 50371
0.025 50371
0.025 50356
0.025 50360
0.025 50337
0.025 50362
0.025 50292
0.025 50356
0.025 50386
0.025 50373
0.025 50365
0.025 50354
0.025 50373
0.025 50375
0.025 50408
0.025 50339
0.025 50373
0.025 50307
0.025 50349
0.025 50342
0.025 50351
0.025 50358
0.025 50345
0.025 50314
0.025 50392
0.025 50352
0.025 50402
0.025 50384
0.025 50358
0.025 50321
0.025 50373
0.025 50365
0.025 50341
0.025 50364
0.025 50393
0.025 50332
0.025 50352
0.025 50346
0.025 50382
0.025 50347
0.025 50360
0.025 50352
0.025 50339
0.025 50319
0.025 50331
0.025 50367
0.025 50347
0.025 50366
0.025 50398
0.025 50343
0.025 50327
0.025 50358
0.025 50382
0.025 50363
0.025 50352
0.025 50382
0.025 50319
0.025 50345
0.025 50390
0.025 50359
0.025 50348
0.025 50340
0.025 50342
0.025 50343
0.025 50374
0.025 50375
0.025 50345
0.025 50339
0.025 50363
0.025 50335
0.025 50344
0.025 50335
0.025 50352
0.025 50317
0.025 50299
0.025 50332
0.025 50347
0.025 50360
0.025 50359
0.025 50336
0.025 50364
0.025 50366
0.025 50352
0.025 50339
0.025 50370
0.025 50381
0.025 50352
0.025 50373
0.025 50372
0.025 50347
0.025 50365
0.025 50353
0.025 50356
0.025 50373
0.025 50356
0.025 50316
0.025 50283
0.025 50363
0.025 50335
0.025 50350
0.025 50390
0.025 50370
0.025 50330
0.025 50313
0.025 50348
0.025 50333
0.025 50352
0.025 50377
0.025 50320
0.025 50355
0.025 50345
0.025 50338
0.025 50383
0.025 50351
0.025 50366
0.025 50347
0.025 50365
0.025 50345
0.025 50338
0.025 50318
0.025 50336
0.025 50369
0.025 50357
0.025 50367
0.025 50364
0.025 50350
0.025 50342
0.025 50379
0.025 50233
0.025 50338
0.025 50369
0.025 50337
0.025 50315
0.025 50370
0.025 50379
0.025 50335
0.025 50362
0.025 50349
0.025 50339
0.025 50371
0.025 50356
0.025 50380
0.025 50359
0.025 50344
0.025 50353
0.025 50362
0.025 50374
0.025 50359
0.025 50381
0.025 50166
0.025 50331
0.025 50349
0.025 50355
0.025 50354
0.025 50354
#processors:400 remote_steal_latency:5                  remote_steal_proba:0.037500000000000006
0.037500000000000006 50255
0.037500000000000006 50292
0.037500000000000006 50261
0.037500000000000006 50278
0.037500000000000006 50244
0.037500000000000006 50292
0.037500000000000006 50270
0.037500000000000006 50284
0.037500000000000006 50255
0.037500000000000006 50252
0.037500000000000006 50273
0.037500000000000006 50272
0.037500000000000006 50262
0.037500000000000006 50218
0.037500000000000006 50248
0.037500000000000006 50261
0.037500000000000006 50280
0.037500000000000006 50256
0.037500000000000006 50287
0.037500000000000006 50256
0.037500000000000006 50243
0.037500000000000006 50248
0.037500000000000006 50274
0.037500000000000006 50268
0.037500000000000006 50286
0.037500000000000006 50277
0.037500000000000006 50275
0.037500000000000006 50277
0.037500000000000006 50274
0.037500000000000006 50280
0.037500000000000006 50252
0.037500000000000006 50229
0.037500000000000006 50293
0.037500000000000006 50286
0.037500000000000006 50294
0.037500000000000006 50255
0.037500000000000006 50283
0.037500000000000006 50286
0.037500000000000006 50271
0.037500000000000006 50277
0.037500000000000006 50263
0.037500000000000006 50288
0.037500000000000006 50281
0.037500000000000006 50239
0.037500000000000006 50247
0.037500000000000006 50299
0.037500000000000006 50270
0.037500000000000006 50261
0.037500000000000006 50249
0.037500000000000006 50257
0.037500000000000006 50275
0.037500000000000006 50263
0.037500000000000006 50253
0.037500000000000006 50286
0.037500000000000006 50325
0.037500000000000006 50250
0.037500000000000006 50272
0.037500000000000006 50268
0.037500000000000006 50258
0.037500000000000006 50261
0.037500000000000006 50269
0.037500000000000006 50281
0.037500000000000006 50252
0.037500000000000006 50261
0.037500000000000006 50282
0.037500000000000006 50269
0.037500000000000006 50249
0.037500000000000006 50264
0.037500000000000006 50276
0.037500000000000006 50279
0.037500000000000006 50289
0.037500000000000006 50303
0.037500000000000006 50278
0.037500000000000006 50256
0.037500000000000006 50285
0.037500000000000006 50296
0.037500000000000006 50300
0.037500000000000006 50275
0.037500000000000006 50277
0.037500000000000006 50267
0.037500000000000006 50309
0.037500000000000006 50262
0.037500000000000006 50267
0.037500000000000006 50262
0.037500000000000006 50290
0.037500000000000006 50277
0.037500000000000006 50286
0.037500000000000006 50275
0.037500000000000006 50270
0.037500000000000006 50294
0.037500000000000006 50266
0.037500000000000006 50264
0.037500000000000006 50243
0.037500000000000006 50278
0.037500000000000006 50267
0.037500000000000006 50278
0.037500000000000006 50259
0.037500000000000006 50287
0.037500000000000006 50254
0.037500000000000006 50280
0.037500000000000006 50265
0.037500000000000006 50264
0.037500000000000006 50274
0.037500000000000006 50255
0.037500000000000006 50291
0.037500000000000006 50295
0.037500000000000006 50290
0.037500000000000006 50284
0.037500000000000006 50280
0.037500000000000006 50271
0.037500000000000006 50267
0.037500000000000006 50308
0.037500000000000006 50246
0.037500000000000006 50288
0.037500000000000006 50268
0.037500000000000006 50260
0.037500000000000006 50238
0.037500000000000006 50269
0.037500000000000006 50273
0.037500000000000006 50280
0.037500000000000006 50241
0.037500000000000006 50271
0.037500000000000006 50261
0.037500000000000006 50299
0.037500000000000006 50280
0.037500000000000006 50269
0.037500000000000006 50299
0.037500000000000006 50290
0.037500000000000006 50302
0.037500000000000006 50271
0.037500000000000006 50270
0.037500000000000006 50273
0.037500000000000006 50295
0.037500000000000006 50269
0.037500000000000006 50262
0.037500000000000006 50292
0.037500000000000006 50253
0.037500000000000006 50260
0.037500000000000006 50308
0.037500000000000006 50291
0.037500000000000006 50259
0.037500000000000006 50261
0.037500000000000006 50272
0.037500000000000006 50282
0.037500000000000006 50267
0.037500000000000006 50275
0.037500000000000006 50267
0.037500000000000006 50305
0.037500000000000006 50252
0.037500000000000006 50260
0.037500000000000006 50266
0.037500000000000006 50297
0.037500000000000006 50246
0.037500000000000006 50268
0.037500000000000006 50260
0.037500000000000006 50292
0.037500000000000006 50286
0.037500000000000006 50270
0.037500000000000006 50279
0.037500000000000006 50259
0.037500000000000006 50282
0.037500000000000006 50269
0.037500000000000006 50291
0.037500000000000006 50280
0.037500000000000006 50307
0.037500000000000006 50273
0.037500000000000006 50267
0.037500000000000006 50254
0.037500000000000006 50291
0.037500000000000006 50309
0.037500000000000006 50301
0.037500000000000006 50288
0.037500000000000006 50283
0.037500000000000006 50292
0.037500000000000006 50262
0.037500000000000006 50273
0.037500000000000006 50242
0.037500000000000006 50314
0.037500000000000006 50300
0.037500000000000006 50258
0.037500000000000006 50253
0.037500000000000006 50267
0.037500000000000006 50261
0.037500000000000006 50254
0.037500000000000006 50268
0.037500000000000006 50252
0.037500000000000006 50243
0.037500000000000006 50259
0.037500000000000006 50216
0.037500000000000006 50274
0.037500000000000006 50290
0.037500000000000006 50259
0.037500000000000006 50272
0.037500000000000006 50254
0.037500000000000006 50265
0.037500000000000006 50291
0.037500000000000006 50269
0.037500000000000006 50290
0.037500000000000006 50294
0.037500000000000006 50283
0.037500000000000006 50268
0.037500000000000006 50277
0.037500000000000006 50294
0.037500000000000006 50304
0.037500000000000006 50286
0.037500000000000006 50288
0.037500000000000006 50265
0.037500000000000006 50318
0.037500000000000006 50290
0.037500000000000006 50283
0.037500000000000006 50273
0.037500000000000006 50335
0.037500000000000006 50265
0.037500000000000006 50293
0.037500000000000006 50291
0.037500000000000006 50299
0.037500000000000006 50257
0.037500000000000006 50277
0.037500000000000006 50257
0.037500000000000006 50280
0.037500000000000006 50280
0.037500000000000006 50281
0.037500000000000006 50263
0.037500000000000006 50275
0.037500000000000006 50293
0.037500000000000006 50283
0.037500000000000006 50267
0.037500000000000006 50237
0.037500000000000006 50289
0.037500000000000006 50253
0.037500000000000006 50244
0.037500000000000006 50279
0.037500000000000006 50265
0.037500000000000006 50247
0.037500000000000006 50269
0.037500000000000006 50266
0.037500000000000006 50248
0.037500000000000006 50259
0.037500000000000006 50279
0.037500000000000006 50279
0.037500000000000006 50263
0.037500000000000006 50267
0.037500000000000006 50270
0.037500000000000006 50294
0.037500000000000006 50306
0.037500000000000006 50281
0.037500000000000006 50239
0.037500000000000006 50298
0.037500000000000006 50284
0.037500000000000006 50299
0.037500000000000006 50267
0.037500000000000006 50269
0.037500000000000006 50280
0.037500000000000006 50263
0.037500000000000006 50259
0.037500000000000006 50280
0.037500000000000006 50285
0.037500000000000006 50282
0.037500000000000006 50299
0.037500000000000006 50273
0.037500000000000006 50269
0.037500000000000006 50267
0.037500000000000006 50253
0.037500000000000006 50290
0.037500000000000006 50228
0.037500000000000006 50250
0.037500000000000006 50274
0.037500000000000006 50279
0.037500000000000006 50279
0.037500000000000006 50273
0.037500000000000006 50288
0.037500000000000006 50259
0.037500000000000006 50284
0.037500000000000006 50294
0.037500000000000006 50273
0.037500000000000006 50249
0.037500000000000006 50299
0.037500000000000006 50308
0.037500000000000006 50261
0.037500000000000006 50292
0.037500000000000006 50275
0.037500000000000006 50257
0.037500000000000006 50285
0.037500000000000006 50277
0.037500000000000006 50259
0.037500000000000006 50283
0.037500000000000006 50259
0.037500000000000006 50253
0.037500000000000006 50275
0.037500000000000006 50274
0.037500000000000006 50296
0.037500000000000006 50298
0.037500000000000006 50279
0.037500000000000006 50266
0.037500000000000006 50255
0.037500000000000006 50292
0.037500000000000006 50271
0.037500000000000006 50263
0.037500000000000006 50256
0.037500000000000006 50292
0.037500000000000006 50272
0.037500000000000006 50271
0.037500000000000006 50247
0.037500000000000006 50265
0.037500000000000006 50295
0.037500000000000006 50269
0.037500000000000006 50251
0.037500000000000006 50261
0.037500000000000006 50275
0.037500000000000006 50277
0.037500000000000006 50255
0.037500000000000006 50290
0.037500000000000006 50260
0.037500000000000006 50270
0.037500000000000006 50237
0.037500000000000006 50288
0.037500000000000006 50277
0.037500000000000006 50267
0.037500000000000006 50265
0.037500000000000006 50271
0.037500000000000006 50278
0.037500000000000006 50244
0.037500000000000006 50284
0.037500000000000006 50245
0.037500000000000006 50259
0.037500000000000006 50290
0.037500000000000006 50296
0.037500000000000006 50255
0.037500000000000006 50303
0.037500000000000006 50290
0.037500000000000006 50264
0.037500000000000006 50239
0.037500000000000006 50322
0.037500000000000006 50274
0.037500000000000006 50299
0.037500000000000006 50277
0.037500000000000006 50259
0.037500000000000006 50266
0.037500000000000006 50254
0.037500000000000006 50264
0.037500000000000006 50258
0.037500000000000006 50286
0.037500000000000006 50302
0.037500000000000006 50297
0.037500000000000006 50293
0.037500000000000006 50314
0.037500000000000006 50272
0.037500000000000006 50258
0.037500000000000006 50275
0.037500000000000006 50284
0.037500000000000006 50279
0.037500000000000006 50314
0.037500000000000006 50275
0.037500000000000006 50264
0.037500000000000006 50284
0.037500000000000006 50283
0.037500000000000006 50260
0.037500000000000006 50286
0.037500000000000006 50266
0.037500000000000006 50264
0.037500000000000006 50270
0.037500000000000006 50298
0.037500000000000006 50272
0.037500000000000006 50257
0.037500000000000006 50282
0.037500000000000006 50272
0.037500000000000006 50289
0.037500000000000006 50262
0.037500000000000006 50269
0.037500000000000006 50304
0.037500000000000006 50267
0.037500000000000006 50316
0.037500000000000006 50285
0.037500000000000006 50243
0.037500000000000006 50284
0.037500000000000006 50287
0.037500000000000006 50279
0.037500000000000006 50263
0.037500000000000006 50259
0.037500000000000006 50295
0.037500000000000006 50251
0.037500000000000006 50264
0.037500000000000006 50299
0.037500000000000006 50291
0.037500000000000006 50295
0.037500000000000006 50276
0.037500000000000006 50262
0.037500000000000006 50253
0.037500000000000006 50266
0.037500000000000006 50260
0.037500000000000006 50292
0.037500000000000006 50287
0.037500000000000006 50270
0.037500000000000006 50291
0.037500000000000006 50257
0.037500000000000006 50287
0.037500000000000006 50308
0.037500000000000006 50252
0.037500000000000006 50258
0.037500000000000006 50269
0.037500000000000006 50313
0.037500000000000006 50291
0.037500000000000006 50245
0.037500000000000006 50272
0.037500000000000006 50265
0.037500000000000006 50268
0.037500000000000006 50261
0.037500000000000006 50244
0.037500000000000006 50276
0.037500000000000006 50249
0.037500000000000006 50148
0.037500000000000006 50275
0.037500000000000006 50270
0.037500000000000006 50289
0.037500000000000006 50300
0.037500000000000006 50285
0.037500000000000006 50224
0.037500000000000006 50257
0.037500000000000006 50241
0.037500000000000006 50254
0.037500000000000006 50270
0.037500000000000006 50255
0.037500000000000006 50257
0.037500000000000006 50290
0.037500000000000006 50254
0.037500000000000006 50266
0.037500000000000006 50274
0.037500000000000006 50286
0.037500000000000006 50269
0.037500000000000006 50267
0.037500000000000006 50260
0.037500000000000006 50280
0.037500000000000006 50269
0.037500000000000006 50301
0.037500000000000006 50253
0.037500000000000006 50279
0.037500000000000006 50263
0.037500000000000006 50281
0.037500000000000006 50278
0.037500000000000006 50266
0.037500000000000006 50262
0.037500000000000006 50277
0.037500000000000006 50295
0.037500000000000006 50288
0.037500000000000006 50251
0.037500000000000006 50272
0.037500000000000006 50270
0.037500000000000006 50249
0.037500000000000006 50290
0.037500000000000006 50283
0.037500000000000006 50262
0.037500000000000006 50267
0.037500000000000006 50263
0.037500000000000006 50266
0.037500000000000006 50258
0.037500000000000006 50310
0.037500000000000006 50275
0.037500000000000006 50258
0.037500000000000006 50267
0.037500000000000006 50282
0.037500000000000006 50273
0.037500000000000006 50282
0.037500000000000006 50264
0.037500000000000006 50263
0.037500000000000006 50279
0.037500000000000006 50275
0.037500000000000006 50259
0.037500000000000006 50243
0.037500000000000006 50256
0.037500000000000006 50267
0.037500000000000006 50272
0.037500000000000006 50292
0.037500000000000006 50275
0.037500000000000006 50304
0.037500000000000006 50279
0.037500000000000006 50255
0.037500000000000006 50295
0.037500000000000006 50253
0.037500000000000006 50334
0.037500000000000006 50276
0.037500000000000006 50280
0.037500000000000006 50277
0.037500000000000006 50249
0.037500000000000006 50316
0.037500000000000006 50300
0.037500000000000006 50275
0.037500000000000006 50262
0.037500000000000006 50286
0.037500000000000006 50279
0.037500000000000006 50274
0.037500000000000006 50276
0.037500000000000006 50260
0.037500000000000006 50265
0.037500000000000006 50261
0.037500000000000006 50303
0.037500000000000006 50277
0.037500000000000006 50275
0.037500000000000006 50261
0.037500000000000006 50261
0.037500000000000006 50288
#processors:400 remote_steal_latency:5                  remote_steal_proba:0.05
0.05 50233
0.05 50224
0.05 50198
0.05 50203
0.05 50220
0.05 50239
0.05 50239
0.05 50217
0.05 50248
0.05 50231
0.05 50212
0.05 50230
0.05 50236
0.05 50217
0.05 50222
0.05 50227
0.05 50244
0.05 50266
0.05 50235
0.05 50238
0.05 50226
0.05 50251
0.05 50235
0.05 50249
0.05 50223
0.05 50223
0.05 50232
0.05 50226
0.05 50219
0.05 50245
0.05 50201
0.05 50214
0.05 50232
0.05 50212
0.05 50231
0.05 50222
0.05 50218
0.05 50201
0.05 50271
0.05 50212
0.05 50223
0.05 50243
0.05 50242
0.05 50245
0.05 50236
0.05 50238
0.05 50249
0.05 50221
0.05 50236
0.05 50240
0.05 50220
0.05 50236
0.05 50239
0.05 50233
0.05 50257
0.05 50252
0.05 50231
0.05 50217
0.05 50263
0.05 50232
0.05 50220
0.05 50243
0.05 50237
0.05 50239
0.05 50236
0.05 50220
0.05 50231
0.05 50232
0.05 50234
0.05 50217
0.05 50219
0.05 50242
0.05 50237
0.05 50232
0.05 50225
0.05 50218
0.05 50188
0.05 50192
0.05 50239
0.05 50226
0.05 50221
0.05 50218
0.05 50242
0.05 50240
0.05 50241
0.05 50233
0.05 50245
0.05 50219
0.05 50220
0.05 50217
0.05 50243
0.05 50246
0.05 50235
0.05 50244
0.05 50244
0.05 50235
0.05 50229
0.05 50248
0.05 50210
0.05 50232
0.05 50227
0.05 50217
0.05 50239
0.05 50221
0.05 50243
0.05 50229
0.05 50252
0.05 50219
0.05 50211
0.05 50271
0.05 50242
0.05 50231
0.05 50223
0.05 50220
0.05 50242
0.05 50235
0.05 50230
0.05 50196
0.05 50220
0.05 50227
0.05 50231
0.05 50244
0.05 50229
0.05 50203
0.05 50259
0.05 50247
0.05 50233
0.05 50267
0.05 50205
0.05 50244
0.05 50246
0.05 50234
0.05 50234
0.05 50222
0.05 50202
0.05 50226
0.05 50243
0.05 50246
0.05 50231
0.05 50229
0.05 50219
0.05 50244
0.05 50247
0.05 50255
0.05 50223
0.05 50254
0.05 50236
0.05 50240
0.05 50260
0.05 50227
0.05 50233
0.05 50215
0.05 50208
0.05 50245
0.05 50254
0.05 50208
0.05 50230
0.05 50220
0.05 50244
0.05 50251
0.05 50233
0.05 50231
0.05 50217
0.05 50227
0.05 50234
0.05 50219
0.05 50210
0.05 50200
0.05 50211
0.05 50206
0.05 50250
0.05 50244
0.05 50237
0.05 50264
0.05 50235
0.05 50254
0.05 50236
0.05 50225
0.05 50244
0.05 50224
0.05 50272
0.05 50252
0.05 50223
0.05 50233
0.05 50238
0.05 50257
0.05 50225
0.05 50206
0.05 50235
0.05 50206
0.05 50236
0.05 50228
0.05 50257
0.05 50238
0.05 50203
0.05 50224
0.05 50209
0.05 50237
0.05 50269
0.05 50243
0.05 50248
0.05 50267
0.05 50229
0.05 50244
0.05 50264
0.05 50194
0.05 50226
0.05 50232
0.05 50220
0.05 50264
0.05 50251
0.05 50211
0.05 50210
0.05 50232
0.05 50214
0.05 50231
0.05 50215
0.05 50228
0.05 50211
0.05 50276
0.05 50178
0.05 50227
0.05 50247
0.05 50316
0.05 50249
0.05 50259
0.05 50213
0.05 50254
0.05 50255
0.05 50262
0.05 50217
0.05 50249
0.05 50275
0.05 50238
0.05 50219
0.05 50235
0.05 50238
0.05 50221
0.05 50249
0.05 50217
0.05 50256
0.05 50254
0.05 50238
0.05 50251
0.05 50220
0.05 50209
0.05 50245
0.05 50233
0.05 50227
0.05 50228
0.05 50236
0.05 50228
0.05 50245
0.05 50219
0.05 50233
0.05 50241
0.05 50255
0.05 50266
0.05 50250
0.05 50228
0.05 50215
0.05 50266
0.05 50255
0.05 50232
0.05 50179
0.05 50194
0.05 50238
0.05 50224
0.05 50239
0.05 50234
0.05 50239
0.05 50248
0.05 50219
0.05 50181
0.05 50220
0.05 50265
0.05 50233
0.05 50234
0.05 50223
0.05 50231
0.05 50200
0.05 50224
0.05 50235
0.05 50229
0.05 50229
0.05 50201
0.05 50211
0.05 50237
0.05 50253
0.05 50241
0.05 50223
0.05 50229
0.05 50185
0.05 50236
0.05 50234
0.05 50256
0.05 50226
0.05 50188
0.05 50262
0.05 50213
0.05 50238
0.05 50221
0.05 50220
0.05 50234
0.05 50212
0.05 50246
0.05 50233
0.05 50220
0.05 50243
0.05 50207
0.05 50232
0.05 50230
0.05 50218
0.05 50233
0.05 50251
0.05 50213
0.05 50212
0.05 50247
0.05 50244
0.05 50219
0.05 50258
0.05 50233
0.05 50233
0.05 50242
0.05 50217
0.05 50240
0.05 50247
0.05 50189
0.05 50238
0.05 50222
0.05 50216
0.05 50210
0.05 50226
0.05 50228
0.05 50228
0.05 50213
0.05 50236
0.05 50225
0.05 50245
0.05 50215
0.05 50230
0.05 50228
0.05 50229
0.05 50239
0.05 50243
0.05 50225
0.05 50247
0.05 50251
0.05 50221
0.05 50229
0.05 50230
0.05 50211
0.05 50216
0.05 50228
0.05 50230
0.05 50255
0.05 50254
0.05 50231
0.05 50203
0.05 50248
0.05 50248
0.05 50253
0.05 50224
0.05 50207
0.05 50258
0.05 50236
0.05 50239
0.05 50253
0.05 50216
0.05 50213
0.05 50223
0.05 50240
0.05 50216
0.05 50217
0.05 50234
0.05 50221
0.05 50208
0.05 50225
0.05 50236
0.05 50265
0.05 50252
0.05 50237
0.05 50234
0.05 50224
0.05 50232
0.05 50232
0.05 50248
0.05 50220
0.05 50215
0.05 50233
0.05 50227
0.05 50262
0.05 50210
0.05 50264
0.05 50217
0.05 50222
0.05 50219
0.05 50256
0.05 50210
0.05 50253
0.05 50220
0.05 50243
0.05 50223
0.05 50222
0.05 50255
0.05 50243
0.05 50235
0.05 50214
0.05 50210
0.05 50225
0.05 50225
0.05 50224
0.05 50240
0.05 50234
0.05 50232
0.05 50216
0.05 50232
0.05 50250
0.05 50210
0.05 50229
0.05 50200
0.05 50227
0.05 50229
0.05 50250
0.05 50233
0.05 50212
0.05 50213
0.05 50226
0.05 50259
0.05 50252
0.05 50276
0.05 50229
0.05 50242
0.05 50276
0.05 50203
0.05 50238
0.05 50239
0.05 50236
0.05 50234
0.05 50226
0.05 50233
0.05 50233
0.05 50250
0.05 50227
0.05 50238
0.05 50246
0.05 50245
0.05 50231
0.05 50238
0.05 50225
0.05 50230
0.05 50232
0.05 50236
0.05 50231
0.05 50225
0.05 50256
0.05 50263
0.05 50216
0.05 50232
0.05 50229
0.05 50242
0.05 50231
0.05 50241
0.05 50244
0.05 50228
0.05 50222
0.05 50242
0.05 50223
0.05 50208
0.05 50212
0.05 50248
0.05 50241
0.05 50219
0.05 50263
0.05 50247
0.05 50246
0.05 50225
0.05 50231
0.05 50199
0.05 50251
0.05 50205
0.05 50230
0.05 50241
0.05 50242
0.05 50217
0.05 50255
0.05 50233
0.05 50216
0.05 50243
0.05 50209
0.05 50237
0.05 50230
0.05 50217
0.05 50229
0.05 50216
0.05 50246
0.05 50217
0.05 50238
