0.26	100	661	368	208	82	313754	32	10000000	100                              	2	200	22818456	7383879	608
0.26	100	589	368	197	96	313647	32	10000000	100                              	2	200	24337047	6059586	604
0.26	100	675	416	247	134	313973	32	10000000	100                              	2	200	25394722	6895964	608
0.26	100	753	404	249	113	313987	32	10000000	100                              	2	200	21405484	8640330	614
0.26	100	808	470	301	142	314350	32	10000000	100                              	2	200	24229315	7532438	812
0.26	100	782	488	261	124	314080	32	10000000	100                              	2	200	24624483	7777752	610
0.26	100	534	344	191	101	313640	32	10000000	100                              	2	200	22152716	8439144	604
0.26	100	668	356	235	109	313899	32	10000000	100                              	2	200	21806431	7961684	826
0.26	100	668	370	238	110	313906	32	10000000	100                              	2	200	22442910	8147400	614
0.26	100	759	446	254	116	314010	32	10000000	100                              	2	200	24732842	6515102	606
0.26	100	766	411	293	126	314269	32	10000000	100                              	2	200	21300872	8215830	800
0.26	100	660	322	227	66	313875	32	10000000	100                              	2	200	21884674	7413614	622
0.26	100	671	344	241	103	313949	32	10000000	100                              	2	200	21702139	8642125	604
0.26	100	572	330	181	84	313551	32	10000000	100                              	2	200	21478517	7555657	622
0.26	100	708	464	260	132	314052	32	10000000	100                              	2	200	25061195	7999690	602
0.26	100	598	315	181	66	313543	32	10000000	100                              	2	200	22521162	6241716	602
0.26	100	682	428	238	100	313930	32	10000000	100                              	2	200	21698934	7610439	412
0.26	100	798	495	283	146	314235	32	10000000	100                              	2	200	21576949	10955758	604
0.26	100	636	366	253	106	314061	32	10000000	100                              	2	200	21431009	8058931	618
0.26	100	809	373	261	103	314101	32	10000000	100                              	2	200	23860507	6970673	802
0.26	100	624	350	204	94	313712	32	10000000	100                              	2	200	22047109	7190150	618
0.26	100	759	461	265	117	314119	32	10000000	100                              	2	200	24693367	8816335	618
0.26	100	649	397	221	99	313846	32	10000000	100                              	2	200	23444231	6668579	614
0.26	100	609	352	205	81	313715	32	10000000	100                              	2	200	22892135	6951486	806
0.26	100	724	455	265	131	314103	32	10000000	100                              	2	200	22326431	8509583	614
0.26	100	636	354	229	108	313856	32	10000000	100                              	2	200	23009881	7424088	600
0.26	100	567	316	203	78	313707	32	10000000	100                              	2	200	21889897	7080421	612
0.26	100	797	458	275	136	314154	32	10000000	100                              	2	200	25500487	7185580	630
0.26	100	817	437	280	103	314195	32	10000000	100                              	2	200	18861003	12911242	816
0.26	100	478	306	188	93	313596	32	10000000	100                              	2	200	22259444	7749365	604
0.26	100	716	464	221	104	313802	32	10000000	100                              	2	200	25171131	5867421	608
0.26	100	590	321	203	95	313708	32	10000000	100                              	2	200	21576709	7662636	608
0.26	100	744	474	245	133	313977	32	10000000	100                              	2	200	23243778	9463538	620
0.26	100	702	410	255	105	314007	32	10000000	100                              	2	200	22206764	9240707	804
0.26	100	698	388	247	118	313993	32	10000000	100                              	2	200	21935942	9289706	814
0.26	100	721	431	253	110	314044	32	10000000	100                              	2	200	21312040	9649134	806
0.26	100	771	454	270	116	314138	32	10000000	100                              	2	200	21522518	8169915	616
0.26	100	892	537	267	118	314109	32	10000000	100                              	2	200	23131556	10011598	612
0.26	100	773	410	268	116	314124	32	10000000	100                              	2	200	18390874	11594751	818
0.26	100	636	367	242	115	313943	32	10000000	100                              	2	200	21951956	9874958	614
0.26	100	763	387	235	93	313906	32	10000000	100                              	2	200	21473531	8365549	802
0.26	100	650	369	230	120	313884	32	10000000	100                              	2	200	22172612	8388454	618
0.26	100	748	359	253	107	314012	32	10000000	100                              	2	200	19836400	9799113	610
0.26	100	796	434	284	137	314227	32	10000000	100                              	2	200	17745644	13154791	824
0.26	100	631	311	239	92	313942	32	10000000	100                              	2	200	21148990	9598528	616
0.26	100	656	428	224	129	313820	32	10000000	100                              	2	200	23337730	7077954	608
0.26	100	764	471	271	145	314133	32	10000000	100                              	2	200	26033238	7301567	416
0.26	100	774	434	263	117	314077	32	10000000	100                              	2	200	24624551	8360155	612
0.26	100	700	423	196	109	313645	32	10000000	100                              	2	200	24141435	7453493	408
0.26	100	697	396	252	122	314025	32	10000000	100                              	2	200	19701213	10339472	610
0.26	100	825	496	255	137	314039	32	10000000	100                              	2	200	24054398	6951912	418
0.26	100	638	336	232	98	313899	32	10000000	100                              	2	200	18594592	10428100	622
0.26	100	761	441	230	92	313862	32	10000000	100                              	2	200	24335449	6388892	414
0.26	100	881	518	310	137	314412	32	10000000	100                              	2	200	22059625	8099263	604
0.26	100	792	472	285	141	314221	32	10000000	100                              	2	200	21212160	9069851	804
0.26	100	794	410	273	121	314164	32	10000000	100                              	2	200	17002900	13950730	816
0.26	100	704	346	265	119	314114	32	10000000	100                              	2	200	20328810	9666239	612
0.26	100	664	431	232	112	313893	32	10000000	100                              	2	200	23073280	7741171	600
0.26	100	724	411	277	133	314152	32	10000000	100                              	2	200	21707651	9132084	622
0.26	100	693	418	257	113	314064	32	10000000	100                              	2	200	21941945	8822322	606
0.26	100	740	449	286	127	314225	32	10000000	100                              	2	200	23202530	9321618	614
0.26	100	764	467	243	103	313951	32	10000000	100                              	2	200	23269134	8023060	606
0.26	100	791	530	283	156	314224	32	10000000	100                              	2	200	24713850	8591986	606
0.26	100	555	330	178	88	313531	32	10000000	100                              	2	200	21498671	7283573	614
0.26	100	792	465	290	119	314256	32	10000000	100                              	2	200	24476885	7533808	800
0.26	100	745	397	278	138	314194	32	10000000	100                              	2	200	22838284	8686553	602
0.26	100	592	355	226	93	313845	32	10000000	100                              	2	200	22137338	7320190	606
0.26	100	539	325	188	99	313603	32	10000000	100                              	2	200	21811366	7564277	612
0.26	100	500	290	176	87	313506	32	10000000	100                              	2	200	21610240	7625428	612
0.26	100	707	394	244	110	313989	32	10000000	100                              	2	200	24259533	6961184	808
0.26	100	740	446	254	124	314049	32	10000000	100                              	2	200	23371826	7992440	814
0.26	100	730	383	262	89	314062	32	10000000	100                              	2	200	21087442	8979784	612
0.26	100	776	416	258	101	314028	32	10000000	100                              	2	200	24600377	7165800	422
0.26	100	763	450	266	123	314121	32	10000000	100                              	2	200	25469738	7556824	610
0.26	100	560	324	216	95	313794	32	10000000	100                              	2	200	20674750	8977677	808
0.26	100	777	467	261	139	314081	32	10000000	100                              	2	200	23367700	9119711	620
0.26	100	880	591	275	152	314168	32	10000000	100                              	2	200	24574035	9093328	604
0.26	100	749	367	275	104	314168	32	10000000	100                              	2	200	22214175	6753845	608
0.26	100	699	417	285	137	314218	32	10000000	100                              	2	200	25398893	8004934	812
0.26	100	656	432	238	113	313948	32	10000000	100                              	2	200	23268961	7565051	602
0.26	100	671	393	255	127	314027	32	10000000	100                              	2	200	24962068	8265369	412
0.26	100	669	382	231	108	313885	32	10000000	100                              	2	200	21298156	8872395	810
0.26	100	696	434	250	117	313999	32	10000000	100                              	2	200	23755084	8754583	610
0.26	100	606	341	196	84	313670	32	10000000	100                              	2	200	23688290	7350322	606
0.26	100	761	396	256	96	314011	32	10000000	100                              	2	200	22744873	7330409	816
0.26	100	600	348	227	98	313862	32	10000000	100                              	2	200	22133981	8131331	604
0.26	100	529	336	200	100	313681	32	10000000	100                              	2	200	21561367	7457252	618
0.26	100	701	416	238	105	313956	32	10000000	100                              	2	200	24026484	7423913	616
0.26	100	707	457	240	107	313929	32	10000000	100                              	2	200	27180709	5706462	612
0.26	100	665	449	244	125	313983	32	10000000	100                              	2	200	24192730	6352114	612
0.26	100	659	427	240	128	313931	32	10000000	100                              	2	200	23737658	7194864	808
0.26	100	661	356	271	120	314149	32	10000000	100                              	2	200	24018275	7784457	608
0.26	100	757	468	317	152	314444	32	10000000	100                              	2	200	23183668	9594817	608
0.26	100	675	378	245	112	313976	32	10000000	100                              	2	200	24947575	6626386	606
0.26	100	826	483	298	133	314316	32	10000000	100                              	2	200	25298384	7010426	416
0.26	100	847	494	260	103	314089	32	10000000	100                              	2	200	24518507	7007883	808
0.26	100	787	483	281	136	314209	32	10000000	100                              	2	200	20531737	10347122	608
0.26	100	835	522	302	160	314319	32	10000000	100                              	2	200	21547626	10524296	612
0.26	100	603	360	221	117	313854	32	10000000	100                              	2	200	23046569	7904545	414
0.26	100	758	454	224	102	313849	32	10000000	100                              	2	200	25259937	7520249	604
0.26	100	1772	835	594	207	158065	64	10000000	100                              	2	200	25971111	11103342	620
0.26	100	1789	977	642	254	158217	64	10000000	100                              	2	200	22227656	15722533	816
0.26	100	1693	883	601	234	158093	64	10000000	100                              	2	200	27238530	10357863	642
0.26	100	1579	842	542	220	157884	64	10000000	100                              	2	200	28801308	7597032	624
0.26	100	1512	922	569	241	157967	64	10000000	100                              	2	200	28640490	9284623	616
0.26	100	1492	902	542	221	157905	64	10000000	100                              	2	200	27038109	8597650	610
0.26	100	1934	1040	665	251	158299	64	10000000	100                              	2	200	28841445	8782500	802
0.26	100	1373	826	530	244	157862	64	10000000	100                              	2	200	26452428	10259017	608
0.26	100	1379	867	463	228	157651	64	10000000	100                              	2	200	29134479	8710830	616
0.26	100	1750	1002	616	244	158126	64	10000000	100                              	2	200	26775417	10911986	618
0.26	100	1830	919	632	199	158180	64	10000000	100                              	2	200	26893831	9313471	608
0.26	100	1404	774	495	221	157750	64	10000000	100                              	2	200	29885109	8044447	612
0.26	100	1517	820	513	206	157825	64	10000000	100                              	2	200	27147398	9648591	814
0.26	100	1556	893	513	220	157797	64	10000000	100                              	2	200	28616474	8507698	630
0.26	100	1681	950	555	237	157930	64	10000000	100                              	2	200	30216565	8338645	612
0.26	100	1542	788	550	195	157911	64	10000000	100                              	2	200	21176145	13940179	826
0.26	100	1492	846	486	191	157707	64	10000000	100                              	2	200	27444019	9115302	614
0.26	100	1652	911	568	227	157984	64	10000000	100                              	2	200	28970706	7955223	620
0.26	100	1436	855	480	229	157692	64	10000000	100                              	2	200	27581476	9932096	810
0.26	100	1770	1037	595	260	158068	64	10000000	100                              	2	200	28022307	9320554	612
0.26	100	1329	741	462	156	157623	64	10000000	100                              	2	200	26203459	9353607	614
0.26	100	1365	815	446	185	157572	64	10000000	100                              	2	200	27574793	8335445	808
0.26	100	1827	904	649	250	158219	64	10000000	100                              	2	200	27659651	11167487	608
0.26	100	1494	912	562	272	157938	64	10000000	100                              	2	200	30508287	7483502	628
0.26	100	2272	1181	751	279	158557	64	10000000	100                              	2	200	29971263	9205870	832
0.26	100	1462	881	507	229	157777	64	10000000	100                              	2	200	27648134	8435224	618
0.26	100	1593	868	602	233	158089	64	10000000	100                              	2	200	26758426	10967070	806
0.26	100	1703	854	600	224	158059	64	10000000	100                              	2	200	27436715	8478730	824
0.26	100	1603	930	567	252	157973	64	10000000	100                              	2	200	25012430	12366075	810
0.26	100	1269	672	465	201	157637	64	10000000	100                              	2	200	27409905	8690004	616
0.26	100	1540	894	493	216	157729	64	10000000	100                              	2	200	27036172	8885163	812
0.26	100	1803	982	675	267	158318	64	10000000	100                              	2	200	27489280	10232802	1030
0.26	100	1503	881	529	228	157836	64	10000000	100                              	2	200	29432918	9379364	614
0.26	100	1538	846	549	246	157926	64	10000000	100                              	2	200	29950062	7985238	810
0.26	100	1590	877	541	202	157884	64	10000000	100                              	2	200	26213651	10099670	812
0.26	100	1487	879	557	256	157920	64	10000000	100                              	2	200	27866750	10793340	816
0.26	100	1575	911	568	235	157966	64	10000000	100                              	2	200	28544211	8489207	616
0.26	100	1474	847	490	219	157725	64	10000000	100                              	2	200	24151707	12284352	820
0.26	100	1807	1044	634	303	158221	64	10000000	100                              	2	200	29129857	8727560	614
0.26	100	1472	828	527	206	157830	64	10000000	100                              	2	200	21999730	15119633	1012
0.26	100	1661	879	569	218	157983	64	10000000	100                              	2	200	28086506	8177470	808
0.26	100	1398	722	471	169	157667	64	10000000	100                              	2	200	28275232	6993595	606
0.26	100	1597	816	505	199	157780	64	10000000	100                              	2	200	29462297	7513279	642
0.26	100	1501	887	525	201	157844	64	10000000	100                              	2	200	27948756	8499727	608
0.26	100	1365	857	502	228	157777	64	10000000	100                              	2	200	28470592	7868563	614
0.26	100	1433	728	513	170	157797	64	10000000	100                              	2	200	27565167	7878951	820
0.26	100	1586	893	505	213	157790	64	10000000	100                              	2	200	28486836	8030841	620
0.26	100	1601	790	554	224	157930	64	10000000	100                              	2	200	28172042	9081990	810
0.26	100	1626	866	565	251	157969	64	10000000	100                              	2	200	25299321	12439702	610
0.26	100	1612	930	576	256	158005	64	10000000	100                              	2	200	25890402	12124424	812
0.26	100	1580	815	593	227	158054	64	10000000	100                              	2	200	26021339	9932008	810
0.26	100	1438	906	502	255	157771	64	10000000	100                              	2	200	30606672	8847602	608
0.26	100	1285	843	452	219	157619	64	10000000	100                              	2	200	27031831	10059421	618
0.26	100	1416	826	471	209	157652	64	10000000	100                              	2	200	25173945	10868315	614
0.26	100	1532	937	520	248	157822	64	10000000	100                              	2	200	27822056	9607005	630
0.26	100	1363	696	505	199	157759	64	10000000	100                              	2	200	24259536	12220299	810
0.26	100	1389	800	496	223	157734	64	10000000	100                              	2	200	27567602	9581982	618
0.26	100	1476	726	513	168	157789	64	10000000	100                              	2	200	29513842	6766274	844
0.26	100	1836	919	649	285	158255	64	10000000	100                              	2	200	23203214	16080591	1224
0.26	100	1266	746	495	215	157743	64	10000000	100                              	2	200	28335118	9023819	810
0.26	100	1251	665	446	172	157570	64	10000000	100                              	2	200	26460622	9350286	618
0.26	100	1615	901	560	223	157947	64	10000000	100                              	2	200	28635835	9795362	614
0.26	100	1613	838	492	199	157731	64	10000000	100                              	2	200	29909052	7070747	612
0.26	100	1282	675	459	180	157625	64	10000000	100                              	2	200	26830815	8420129	610
0.26	100	1611	882	589	240	158063	64	10000000	100                              	2	200	25963532	10130117	616
0.26	100	1511	779	526	217	157843	64	10000000	100                              	2	200	27472930	8533210	822
0.26	100	1396	835	501	248	157754	64	10000000	100                              	2	200	25834755	10981797	812
0.26	100	1749	996	621	237	158148	64	10000000	100                              	2	200	26836899	9899971	802
0.26	100	1546	748	548	197	157907	64	10000000	100                              	2	200	24035360	11679147	826
0.26	100	1363	834	548	244	157908	64	10000000	100                              	2	200	25133893	12991922	814
0.26	100	1519	843	558	214	157940	64	10000000	100                              	2	200	22672042	14115863	820
0.26	100	1543	1055	540	268	157872	64	10000000	100                              	2	200	24320262	14152297	610
0.26	100	1553	933	571	246	157991	64	10000000	100                              	2	200	30255835	7782282	608
0.26	100	1417	730	507	193	157780	64	10000000	100                              	2	200	25934602	9326630	618
0.26	100	1606	1055	560	290	157977	64	10000000	100                              	2	200	29881868	9866651	802
0.26	100	1564	1006	597	287	158073	64	10000000	100                              	2	200	28506836	9281349	620
0.26	100	1266	696	460	216	157617	64	10000000	100                              	2	200	29648358	6886921	610
0.26	100	1699	890	567	218	157980	64	10000000	100                              	2	200	24560122	11127831	822
0.26	100	1540	850	558	221	157931	64	10000000	100                              	2	200	29527977	8123740	822
0.26	100	1742	1076	608	267	158110	64	10000000	100                              	2	200	28125974	9468340	604
0.26	100	1364	734	512	208	157796	64	10000000	100                              	2	200	26222932	9511140	612
0.26	100	1388	772	463	182	157655	64	10000000	100                              	2	200	27726441	8896867	806
0.26	100	1620	823	535	183	157864	64	10000000	100                              	2	200	27422258	8977782	804
0.26	100	1471	842	517	205	157820	64	10000000	100                              	2	200	28779012	8252532	608
0.26	100	1674	1026	580	259	158010	64	10000000	100                              	2	200	29451806	7340000	616
0.26	100	1434	825	489	211	157728	64	10000000	100                              	2	200	29339311	8166840	626
0.26	100	1353	647	497	177	157748	64	10000000	100                              	2	200	27705307	7790691	812
0.26	100	1530	863	572	231	157978	64	10000000	100                              	2	200	28539115	7810608	610
0.26	100	1732	985	659	248	158265	64	10000000	100                              	2	200	29295935	7826668	808
0.26	100	1526	910	533	211	157880	64	10000000	100                              	2	200	29069951	7936810	618
0.26	100	1252	723	459	216	157625	64	10000000	100                              	2	200	25972978	10435113	614
0.26	100	1441	845	475	194	157699	64	10000000	100                              	2	200	27931063	8175790	616
0.26	100	1881	1081	612	255	158130	64	10000000	100                              	2	200	26614074	11402639	820
0.26	100	1608	862	562	251	157970	64	10000000	100                              	2	200	27777920	10280531	624
0.26	100	1473	903	527	229	157835	64	10000000	100                              	2	200	24351908	12852931	816
0.26	100	1801	949	646	287	158231	64	10000000	100                              	2	200	25517611	12635491	826
0.26	100	1698	1030	587	251	158027	64	10000000	100                              	2	200	27633340	10426403	620
0.26	100	1791	952	630	236	158195	64	10000000	100                              	2	200	25503565	11703050	814
0.26	100	1288	752	464	196	157646	64	10000000	100                              	2	200	26478393	8352264	612
0.26	100	1257	669	443	193	157576	64	10000000	100                              	2	200	26409156	9837277	806
0.26	100	3192	1606	1092	412	79805	128	10000000	100                              	2	200	28884227	13260638	814
0.26	100	4048	2259	1404	578	80289	128	10000000	100                              	2	200	35667352	9865253	810
0.26	100	3604	1802	1270	439	80075	128	10000000	100                              	2	200	35123565	8663412	1022
0.26	100	3014	1433	1061	346	79720	128	10000000	100                              	2	200	30634535	10839841	642
0.26	100	3176	1552	1099	412	79808	128	10000000	100                              	2	200	31366053	11421089	816
0.26	100	2734	1403	934	323	79540	128	10000000	100                              	2	200	31360933	10118130	822
0.26	100	2663	1490	936	383	79534	128	10000000	100                              	2	200	32230256	10121202	624
0.26	100	3350	1749	1195	412	79943	128	10000000	100                              	2	200	30005768	11098090	814
0.26	100	3096	1636	1058	349	79728	128	10000000	100                              	2	200	32672877	8105405	818
0.26	100	2927	1583	1026	387	79673	128	10000000	100                              	2	200	31161500	10662679	814
0.26	100	3728	2184	1311	562	80129	128	10000000	100                              	2	200	32994636	12222482	820
0.26	100	3279	1648	1094	383	79791	128	10000000	100                              	2	200	32491657	9623356	808
0.26	100	3357	1518	1127	326	79849	128	10000000	100                              	2	200	27959941	13117224	836
0.26	100	2723	1477	911	321	79484	128	10000000	100                              	2	200	30992012	10464462	808
0.26	100	2812	1455	980	368	79622	128	10000000	100                              	2	200	31880781	9607590	800
0.26	100	2745	1357	1047	342	79715	128	10000000	100                              	2	200	32330587	9378028	806
0.26	100	3222	1844	1168	472	79889	128	10000000	100                              	2	200	33442151	10072437	808
0.26	100	3238	1668	1184	432	79935	128	10000000	100                              	2	200	32102611	9903342	824
0.26	100	3393	1547	1228	375	79996	128	10000000	100                              	2	200	32238833	10736813	630
0.26	100	3790	1929	1267	441	80075	128	10000000	100                              	2	200	30127378	12403452	818
0.26	100	2725	1534	973	405	79594	128	10000000	100                              	2	200	31826798	10338567	822
0.26	100	3415	1918	1143	418	79861	128	10000000	100                              	2	200	34009845	8354844	808
0.26	100	3196	1745	1117	419	79822	128	10000000	100                              	2	200	31282061	12885051	808
0.26	100	3531	1624	1215	380	79977	128	10000000	100                              	2	200	30779369	10822414	820
0.26	100	3765	1787	1280	418	80081	128	10000000	100                              	2	200	32078018	9450678	1016
0.26	100	3267	1523	1120	341	79844	128	10000000	100                              	2	200	30880346	10158349	1020
0.26	100	3159	1608	1119	395	79828	128	10000000	100                              	2	200	31211190	11198279	828
0.26	100	3055	1625	1104	427	79801	128	10000000	100                              	2	200	30332183	12145915	816
0.26	100	3256	1764	1087	443	79771	128	10000000	100                              	2	200	35040340	8563839	804
0.26	100	3763	1750	1283	428	80085	128	10000000	100                              	2	200	30744681	12615183	836
0.26	100	3584	1998	1202	469	79948	128	10000000	100                              	2	200	31819912	10738437	828
0.26	100	2923	1341	1042	325	79701	128	10000000	100                              	2	200	30623743	9815234	814
0.26	100	4021	2295	1442	577	80352	128	10000000	100                              	2	200	31123270	13678383	818
0.26	100	3974	1820	1384	405	80253	128	10000000	100                              	2	200	30229030	12123597	826
0.26	100	3772	1898	1301	408	80119	128	10000000	100                              	2	200	34181866	7728839	1022
0.26	100	2847	1424	1024	384	79676	128	10000000	100                              	2	200	32027600	9875033	850
0.26	100	2922	1538	1025	407	79679	128	10000000	100                              	2	200	32285802	10719457	804
0.26	100	3097	1360	1105	329	79800	128	10000000	100                              	2	200	31016841	9824339	808
0.26	100	3152	1604	1136	422	79836	128	10000000	100                              	2	200	33356412	9500954	818
0.26	100	3186	1628	1064	383	79739	128	10000000	100                              	2	200	33291758	8459161	810
0.26	100	3468	1843	1199	417	79943	128	10000000	100                              	2	200	32189106	10098494	620
0.26	100	3335	1774	1170	414	79914	128	10000000	100                              	2	200	31153801	11859523	620
0.26	100	2891	1548	1014	382	79645	128	10000000	100                              	2	200	30059720	11388921	820
0.26	100	3073	1519	1159	401	79882	128	10000000	100                              	2	200	32221988	10175833	814
0.26	100	2900	1543	976	382	79597	128	10000000	100                              	2	200	31993398	9807192	808
0.26	100	3099	1512	1051	392	79697	128	10000000	100                              	2	200	33838546	9057681	814
0.26	100	3100	1613	1147	431	79867	128	10000000	100                              	2	200	28648914	13219310	1010
0.26	100	3602	2086	1227	467	80004	128	10000000	100                              	2	200	34254887	9729879	806
0.26	100	3221	1671	1057	362	79739	128	10000000	100                              	2	200	30231301	10684227	816
0.26	100	3203	1759	1177	466	79920	128	10000000	100                              	2	200	29035457	13765720	1012
0.26	100	3311	1801	1133	429	79859	128	10000000	100                              	2	200	32760668	10418792	816
0.26	100	3640	1815	1276	467	80068	128	10000000	100                              	2	200	32493555	10468660	1008
0.26	100	2950	1441	1071	374	79741	128	10000000	100                              	2	200	30693259	10482622	620
0.26	100	3769	2024	1352	463	80198	128	10000000	100                              	2	200	33274053	9015096	616
0.26	100	3314	1766	1211	441	79969	128	10000000	100                              	2	200	32059605	10236697	804
0.26	100	2947	1549	1060	401	79727	128	10000000	100                              	2	200	33463671	9204391	810
0.26	100	3582	1685	1255	422	80039	128	10000000	100                              	2	200	29746803	12941938	848
0.26	100	3718	1754	1203	365	79966	128	10000000	100                              	2	200	33942871	8356247	806
0.26	100	3255	1782	1097	413	79780	128	10000000	100                              	2	200	32916053	10265960	814
0.26	100	2828	1414	928	352	79522	128	10000000	100                              	2	200	31856168	9006401	620
0.26	100	3122	1741	1114	418	79829	128	10000000	100                              	2	200	32890564	9785558	806
0.26	100	3424	1752	1181	418	79928	128	10000000	100                              	2	200	33325767	10176247	840
0.26	100	3129	1652	1121	383	79837	128	10000000	100                              	2	200	30872771	10923539	816
0.26	100	3136	1495	1061	371	79728	128	10000000	100                              	2	200	32145798	9512990	832
0.26	100	3675	2086	1328	516	80163	128	10000000	100                              	2	200	33306503	11772161	814
0.26	100	3324	1788	1193	455	79937	128	10000000	100                              	2	200	33069051	10470258	812
0.26	100	3331	1525	1114	322	79840	128	10000000	100                              	2	200	32235570	8906345	818
0.26	100	2952	1456	1054	362	79722	128	10000000	100                              	2	200	30225397	11468419	1008
0.26	100	2594	1487	950	357	79556	128	10000000	100                              	2	200	32981639	8432886	814
0.26	100	2943	1386	1026	296	79684	128	10000000	100                              	2	200	33370234	8096459	814
0.26	100	3259	1429	1102	370	79791	128	10000000	100                              	2	200	27079406	14631640	836
0.26	100	2988	1699	1071	403	79752	128	10000000	100                              	2	200	32350152	9555217	810
0.26	100	3239	1748	1087	427	79772	128	10000000	100                              	2	200	33337486	9112374	614
0.26	100	3295	1751	1159	450	79887	128	10000000	100                              	2	200	32848786	10512090	814
0.26	100	3130	1547	1099	413	79790	128	10000000	100                              	2	200	31124415	11589092	810
0.26	100	3641	1675	1317	406	80128	128	10000000	100                              	2	200	30891344	11235198	820
0.26	100	3395	1670	1254	428	80033	128	10000000	100                              	2	200	32728848	9651415	804
0.26	100	2806	1524	976	359	79603	128	10000000	100                              	2	200	30953678	10720492	816
0.26	100	3334	1627	1135	408	79846	128	10000000	100                              	2	200	31389617	10449614	624
0.26	100	2866	1605	1026	413	79676	128	10000000	100                              	2	200	32193858	10612683	622
0.26	100	3198	1600	1136	366	79844	128	10000000	100                              	2	200	31907598	9772697	810
0.26	100	3484	1619	1153	408	79883	128	10000000	100                              	2	200	31577008	11212996	808
0.26	100	2990	1574	1074	413	79765	128	10000000	100                              	2	200	28903576	13371557	820
0.26	100	2549	1425	905	365	79478	128	10000000	100                              	2	200	32009755	9510910	622
0.26	100	2946	1406	1027	331	79676	128	10000000	100                              	2	200	31934983	9068378	814
0.26	100	3102	1565	1082	408	79765	128	10000000	100                              	2	200	31003989	10962898	818
0.26	100	3322	1776	1208	417	79978	128	10000000	100                              	2	200	30500402	11211721	618
0.26	100	3224	1624	1073	385	79766	128	10000000	100                              	2	200	31675322	9653517	816
0.26	100	3961	2182	1356	535	80208	128	10000000	100                              	2	200	33382095	10594290	616
0.26	100	3327	1625	1157	364	79888	128	10000000	100                              	2	200	30008647	11153785	814
0.26	100	2794	1392	1055	411	79718	128	10000000	100                              	2	200	30046064	12161039	828
0.26	100	3408	2062	1174	518	79924	128	10000000	100                              	2	200	33939729	9975206	630
0.26	100	2938	1473	979	327	79623	128	10000000	100                              	2	200	31951675	9053248	814
0.26	100	3637	1604	1242	370	80018	128	10000000	100                              	2	200	30491452	12386165	1008
0.26	100	2772	1566	1005	400	79645	128	10000000	100                              	2	200	34216861	8003450	814
0.26	100	2631	1532	903	354	79488	128	10000000	100                              	2	200	31550358	9755037	814
0.26	100	3727	1828	1291	438	80101	128	10000000	100                              	2	200	30107597	12693097	818
0.26	100	3166	1710	1147	435	79877	128	10000000	100                              	2	200	32425112	11255298	820
0.26	100	2964	1536	1062	393	79726	128	10000000	100                              	2	200	30809259	11579210	826
0.26	100	2715	1474	955	387	79576	128	10000000	100                              	2	200	32068219	9955807	812
0.26	100	6449	3273	2282	736	40804	256	10000000	100                              	2	200	37380255	10067067	1012
0.26	100	7615	4026	2712	932	41136	256	10000000	100                              	2	200	36922596	12381567	822
0.26	100	7249	3619	2507	815	40978	256	10000000	100                              	2	200	39900863	9047486	836
0.26	100	7418	3810	2575	866	41023	256	10000000	100                              	2	200	37702457	11575909	830
0.26	100	6676	3064	2326	746	40831	256	10000000	100                              	2	200	36776706	11621551	812
0.26	100	6844	2904	2366	707	40874	256	10000000	100                              	2	200	33478426	14715145	1014
0.26	100	7709	3904	2796	899	41209	256	10000000	100                              	2	200	36997860	13060098	1008
0.26	100	6604	2817	2349	689	40840	256	10000000	100                              	2	200	35422211	11555210	814
0.26	100	6953	3140	2524	699	41004	256	10000000	100                              	2	200	32190608	15318498	1032
0.26	100	7643	3521	2721	890	41169	256	10000000	100                              	2	200	32858022	16565397	1008
0.26	100	6186	2974	2228	689	40753	256	10000000	100                              	2	200	37353807	9937153	812
0.26	100	6061	3234	2142	792	40695	256	10000000	100                              	2	200	37525692	11047091	808
0.26	100	6192	3193	2163	691	40707	256	10000000	100                              	2	200	37338543	9905225	814
0.26	100	6899	3287	2407	722	40891	256	10000000	100                              	2	200	36270943	10500219	856
0.26	100	5677	2752	1958	618	40537	256	10000000	100                              	2	200	37098938	10053067	1008
0.26	100	6443	2760	2242	709	40770	256	10000000	100                              	2	200	36685676	10342805	822
0.26	100	7960	3562	2779	800	41197	256	10000000	100                              	2	200	33181254	15865683	1406
0.26	100	6308	3472	2203	802	40737	256	10000000	100                              	2	200	37250908	10716083	838
0.26	100	6209	2882	2178	672	40719	256	10000000	100                              	2	200	36659490	10696677	820
0.26	100	6943	3027	2518	731	40989	256	10000000	100                              	2	200	37102573	10669821	820
0.26	100	6785	3217	2407	771	40899	256	10000000	100                              	2	200	36389658	11422814	820
0.26	100	7515	4236	2581	997	41041	256	10000000	100                              	2	200	38142204	12342381	824
0.26	100	6159	3230	2093	765	40647	256	10000000	100                              	2	200	37557550	11487305	820
0.26	100	7407	3305	2532	738	41010	256	10000000	100                              	2	200	39640321	8473105	1016
0.26	100	6554	3307	2224	705	40750	256	10000000	100                              	2	200	37818096	10291114	1004
0.26	100	7469	3584	2624	890	41086	256	10000000	100                              	2	200	35777143	13700030	1014
0.26	100	6978	3086	2428	734	40909	256	10000000	100                              	2	200	36483107	11428540	820
0.26	100	6376	2921	2241	635	40766	256	10000000	100                              	2	200	34164309	12322531	1020
0.26	100	6048	2949	2133	691	40679	256	10000000	100                              	2	200	32935270	14185818	818
0.26	100	7490	3414	2625	812	41075	256	10000000	100                              	2	200	36018766	13004897	1216
0.26	100	6662	3083	2350	701	40848	256	10000000	100                              	2	200	36700063	10907141	820
0.26	100	6939	3710	2220	835	40761	256	10000000	100                              	2	200	37797594	11869759	812
0.26	100	6564	2979	2270	675	40782	256	10000000	100                              	2	200	35542212	11924204	834
0.26	100	6187	3047	2228	686	40751	256	10000000	100                              	2	200	36636460	11567655	1020
0.26	100	7668	3406	2589	749	41050	256	10000000	100                              	2	200	35677606	12037046	840
0.26	100	5669	2858	2062	703	40618	256	10000000	100                              	2	200	35383944	11508159	826
0.26	100	7772	3518	2783	795	41203	256	10000000	100                              	2	200	34935546	13768825	1032
0.26	100	7730	3230	2649	687	41101	256	10000000	100                              	2	200	35919053	11059590	816
0.26	100	6688	3048	2221	691	40755	256	10000000	100                              	2	200	38357197	9713268	808
0.26	100	7459	3311	2609	682	41068	256	10000000	100                              	2	200	35442136	12084439	834
0.26	100	6435	3154	2162	710	40699	256	10000000	100                              	2	200	36496367	10706075	830
0.26	100	6788	3082	2393	723	40894	256	10000000	100                              	2	200	36124149	11548831	1008
0.26	100	6601	2890	2279	705	40799	256	10000000	100                              	2	200	36424236	11086293	818
0.26	100	6185	3210	2083	753	40643	256	10000000	100                              	2	200	36155447	12563258	822
0.26	100	5884	2873	2132	738	40684	256	10000000	100                              	2	200	37527858	10213222	1014
0.26	100	9194	3863	3213	811	41549	256	10000000	100                              	2	200	38066101	10729395	818
0.26	100	7389	3407	2619	823	41073	256	10000000	100                              	2	200	37625288	11046521	1014
0.26	100	6163	3067	2207	718	40745	256	10000000	100                              	2	200	37641669	9900099	820
0.26	100	6682	2781	2423	665	40916	256	10000000	100                              	2	200	31890180	14799711	1018
0.26	100	7337	3258	2670	768	41108	256	10000000	100                              	2	200	31387712	17014504	1006
0.26	100	7077	3501	2500	795	40977	256	10000000	100                              	2	200	36555970	12528429	1014
0.26	100	6125	3087	2271	775	40792	256	10000000	100                              	2	200	35099945	12544514	816
0.26	100	6905	2870	2428	650	40907	256	10000000	100                              	2	200	36738289	9596254	842
0.26	100	6515	2649	2278	573	40796	256	10000000	100                              	2	200	36951129	9658494	1006
0.26	100	6339	2836	2216	623	40748	256	10000000	100                              	2	200	34975338	11403047	826
0.26	100	8902	3547	3096	805	41468	256	10000000	100                              	2	200	34703723	13677117	1018
0.26	100	8028	3807	2750	814	41174	256	10000000	100                              	2	200	37305221	10566408	822
0.26	100	7152	2889	2478	719	40953	256	10000000	100                              	2	200	36203955	11574042	1006
0.26	100	7201	3014	2652	757	41100	256	10000000	100                              	2	200	35983816	11439311	822
0.26	100	6950	3075	2448	698	40927	256	10000000	100                              	2	200	32417966	14428338	1006
0.26	100	7254	3383	2549	776	41021	256	10000000	100                              	2	200	34064951	14507380	826
0.26	100	7748	3315	2749	733	41168	256	10000000	100                              	2	200	35693072	11269366	820
0.26	100	6361	3225	2167	726	40702	256	10000000	100                              	2	200	37809475	9874151	818
0.26	100	7210	3433	2545	792	41010	256	10000000	100                              	2	200	34544404	14168595	1018
0.26	100	7495	3002	2542	681	41011	256	10000000	100                              	2	200	36523754	10512704	1000
0.26	100	7188	3569	2556	787	41022	256	10000000	100                              	2	200	35275765	12730652	1006
0.26	100	6151	2950	2246	758	40765	256	10000000	100                              	2	200	37670299	10091354	812
0.26	100	6868	3139	2367	701	40870	256	10000000	100                              	2	200	37470635	9512158	822
0.26	100	7173	3547	2537	799	41000	256	10000000	100                              	2	200	36392664	11972610	1008
0.26	100	6245	2985	2185	694	40720	256	10000000	100                              	2	200	36017361	10749817	808
0.26	100	7421	3601	2690	975	41113	256	10000000	100                              	2	200	35525973	14649848	816
0.26	100	6569	3381	2319	793	40822	256	10000000	100                              	2	200	37444308	11691025	812
0.26	100	7290	3259	2582	790	41035	256	10000000	100                              	2	200	37754793	10277890	1214
0.26	100	6341	2843	2183	653	40713	256	10000000	100                              	2	200	35809091	10943525	828
0.26	100	6822	2779	2444	668	40926	256	10000000	100                              	2	200	35444923	11715347	822
0.26	100	6837	2812	2455	636	40927	256	10000000	100                              	2	200	37439484	9463789	842
0.26	100	5735	2534	2102	623	40642	256	10000000	100                              	2	200	35465434	11523959	820
0.26	100	6528	2723	2211	642	40748	256	10000000	100                              	2	200	34323902	12734517	818
0.26	100	6463	2784	2393	673	40878	256	10000000	100                              	2	200	32139313	14925289	1232
0.26	100	7164	3337	2387	724	40890	256	10000000	100                              	2	200	34069224	13078311	1012
0.26	100	7001	3166	2429	689	40915	256	10000000	100                              	2	200	36561817	10128762	820
0.26	100	7185	3499	2494	809	40974	256	10000000	100                              	2	200	36956297	11164889	818
0.26	100	6561	3455	2278	827	40799	256	10000000	100                              	2	200	34856276	14233892	822
0.26	100	7364	3393	2572	718	41036	256	10000000	100                              	2	200	37295388	9978068	1008
0.26	100	7560	3575	2696	830	41130	256	10000000	100                              	2	200	37642876	10906661	818
0.26	100	7745	3809	2725	860	41151	256	10000000	100                              	2	200	40007714	8857244	1004
0.26	100	6595	2996	2362	671	40863	256	10000000	100                              	2	200	36485478	10837607	824
0.26	100	6274	2986	2153	655	40693	256	10000000	100                              	2	200	37336043	9402165	1012
0.26	100	6454	2814	2219	644	40750	256	10000000	100                              	2	200	36335996	10055894	828
0.26	100	5608	2583	1928	601	40516	256	10000000	100                              	2	200	36674494	9571441	1028
0.26	100	6507	3068	2347	758	40854	256	10000000	100                              	2	200	35530172	12008720	822
0.26	100	8027	3637	2939	871	41323	256	10000000	100                              	2	200	33329504	15259107	824
0.26	100	6412	3148	2150	708	40687	256	10000000	100                              	2	200	36079537	10890329	808
0.26	100	7468	4205	2612	931	41063	256	10000000	100                              	2	200	34094208	15939767	1012
0.26	100	6479	2840	2213	622	40742	256	10000000	100                              	2	200	34575825	11927366	820
0.26	100	7103	3449	2373	788	40883	256	10000000	100                              	2	200	37383929	10876690	812
0.26	100	6917	3495	2477	810	40959	256	10000000	100                              	2	200	36031691	11770997	824
0.26	100	7344	3052	2638	713	41077	256	10000000	100                              	2	200	37873433	10032057	810
0.26	100	6758	2784	2317	664	40838	256	10000000	100                              	2	200	36555463	10318700	828
0.26	100	5744	2747	2051	651	40622	256	10000000	100                              	2	200	36613593	9991419	822
