0.26	100	661	368	208	82	313754	32	10000000	100                              	2	200	22818456	7383879	608
0.26	100	589	368	197	96	313647	32	10000000	100                              	2	200	24337047	6059586	604
0.26	100	675	416	247	134	313973	32	10000000	100                              	2	200	25394722	6895964	608
0.26	100	753	404	249	113	313987	32	10000000	100                              	2	200	21405484	8640330	614
0.26	100	808	470	301	142	314350	32	10000000	100                              	2	200	24229315	7532438	812
0.26	100	782	488	261	124	314080	32	10000000	100                              	2	200	24624483	7777752	610
0.26	100	534	344	191	101	313640	32	10000000	100                              	2	200	22152716	8439144	604
0.26	100	668	356	235	109	313899	32	10000000	100                              	2	200	21806431	7961684	826
0.26	100	668	370	238	110	313906	32	10000000	100                              	2	200	22442910	8147400	614
0.26	100	759	446	254	116	314010	32	10000000	100                              	2	200	24732842	6515102	606
0.26	100	766	411	293	126	314269	32	10000000	100                              	2	200	21300872	8215830	800
0.26	100	660	322	227	66	313875	32	10000000	100                              	2	200	21884674	7413614	622
0.26	100	671	344	241	103	313949	32	10000000	100                              	2	200	21702139	8642125	604
0.26	100	572	330	181	84	313551	32	10000000	100                              	2	200	21478517	7555657	622
0.26	100	708	464	260	132	314052	32	10000000	100                              	2	200	25061195	7999690	602
0.26	100	598	315	181	66	313543	32	10000000	100                              	2	200	22521162	6241716	602
0.26	100	682	428	238	100	313930	32	10000000	100                              	2	200	21698934	7610439	412
0.26	100	798	495	283	146	314235	32	10000000	100                              	2	200	21576949	10955758	604
0.26	100	636	366	253	106	314061	32	10000000	100                              	2	200	21431009	8058931	618
0.26	100	809	373	261	103	314101	32	10000000	100                              	2	200	23860507	6970673	802
0.26	100	624	350	204	94	313712	32	10000000	100                              	2	200	22047109	7190150	618
0.26	100	759	461	265	117	314119	32	10000000	100                              	2	200	24693367	8816335	618
0.26	100	649	397	221	99	313846	32	10000000	100                              	2	200	23444231	6668579	614
0.26	100	609	352	205	81	313715	32	10000000	100                              	2	200	22892135	6951486	806
0.26	100	724	455	265	131	314103	32	10000000	100                              	2	200	22326431	8509583	614
0.26	100	636	354	229	108	313856	32	10000000	100                              	2	200	23009881	7424088	600
0.26	100	567	316	203	78	313707	32	10000000	100                              	2	200	21889897	7080421	612
0.26	100	797	458	275	136	314154	32	10000000	100                              	2	200	25500487	7185580	630
0.26	100	817	437	280	103	314195	32	10000000	100                              	2	200	18861003	12911242	816
0.26	100	478	306	188	93	313596	32	10000000	100                              	2	200	22259444	7749365	604
0.26	100	716	464	221	104	313802	32	10000000	100                              	2	200	25171131	5867421	608
0.26	100	590	321	203	95	313708	32	10000000	100                              	2	200	21576709	7662636	608
0.26	100	744	474	245	133	313977	32	10000000	100                              	2	200	23243778	9463538	620
0.26	100	702	410	255	105	314007	32	10000000	100                              	2	200	22206764	9240707	804
0.26	100	698	388	247	118	313993	32	10000000	100                              	2	200	21935942	9289706	814
0.26	100	721	431	253	110	314044	32	10000000	100                              	2	200	21312040	9649134	806
0.26	100	771	454	270	116	314138	32	10000000	100                              	2	200	21522518	8169915	616
0.26	100	892	537	267	118	314109	32	10000000	100                              	2	200	23131556	10011598	612
0.26	100	773	410	268	116	314124	32	10000000	100                              	2	200	18390874	11594751	818
0.26	100	636	367	242	115	313943	32	10000000	100                              	2	200	21951956	9874958	614
0.26	100	763	387	235	93	313906	32	10000000	100                              	2	200	21473531	8365549	802
0.26	100	650	369	230	120	313884	32	10000000	100                              	2	200	22172612	8388454	618
0.26	100	748	359	253	107	314012	32	10000000	100                              	2	200	19836400	9799113	610
0.26	100	796	434	284	137	314227	32	10000000	100                              	2	200	17745644	13154791	824
0.26	100	631	311	239	92	313942	32	10000000	100                              	2	200	21148990	9598528	616
0.26	100	656	428	224	129	313820	32	10000000	100                              	2	200	23337730	7077954	608
0.26	100	764	471	271	145	314133	32	10000000	100                              	2	200	26033238	7301567	416
0.26	100	774	434	263	117	314077	32	10000000	100                              	2	200	24624551	8360155	612
0.26	100	700	423	196	109	313645	32	10000000	100                              	2	200	24141435	7453493	408
0.26	100	697	396	252	122	314025	32	10000000	100                              	2	200	19701213	10339472	610
0.26	100	825	496	255	137	314039	32	10000000	100                              	2	200	24054398	6951912	418
0.26	100	638	336	232	98	313899	32	10000000	100                              	2	200	18594592	10428100	622
0.26	100	761	441	230	92	313862	32	10000000	100                              	2	200	24335449	6388892	414
0.26	100	881	518	310	137	314412	32	10000000	100                              	2	200	22059625	8099263	604
0.26	100	792	472	285	141	314221	32	10000000	100                              	2	200	21212160	9069851	804
0.26	100	794	410	273	121	314164	32	10000000	100                              	2	200	17002900	13950730	816
0.26	100	704	346	265	119	314114	32	10000000	100                              	2	200	20328810	9666239	612
0.26	100	664	431	232	112	313893	32	10000000	100                              	2	200	23073280	7741171	600
0.26	100	724	411	277	133	314152	32	10000000	100                              	2	200	21707651	9132084	622
0.26	100	693	418	257	113	314064	32	10000000	100                              	2	200	21941945	8822322	606
0.26	100	740	449	286	127	314225	32	10000000	100                              	2	200	23202530	9321618	614
0.26	100	764	467	243	103	313951	32	10000000	100                              	2	200	23269134	8023060	606
0.26	100	791	530	283	156	314224	32	10000000	100                              	2	200	24713850	8591986	606
0.26	100	555	330	178	88	313531	32	10000000	100                              	2	200	21498671	7283573	614
0.26	100	792	465	290	119	314256	32	10000000	100                              	2	200	24476885	7533808	800
0.26	100	745	397	278	138	314194	32	10000000	100                              	2	200	22838284	8686553	602
0.26	100	592	355	226	93	313845	32	10000000	100                              	2	200	22137338	7320190	606
0.26	100	539	325	188	99	313603	32	10000000	100                              	2	200	21811366	7564277	612
0.26	100	500	290	176	87	313506	32	10000000	100                              	2	200	21610240	7625428	612
0.26	100	707	394	244	110	313989	32	10000000	100                              	2	200	24259533	6961184	808
0.26	100	740	446	254	124	314049	32	10000000	100                              	2	200	23371826	7992440	814
0.26	100	730	383	262	89	314062	32	10000000	100                              	2	200	21087442	8979784	612
0.26	100	776	416	258	101	314028	32	10000000	100                              	2	200	24600377	7165800	422
0.26	100	763	450	266	123	314121	32	10000000	100                              	2	200	25469738	7556824	610
0.26	100	560	324	216	95	313794	32	10000000	100                              	2	200	20674750	8977677	808
0.26	100	777	467	261	139	314081	32	10000000	100                              	2	200	23367700	9119711	620
0.26	100	880	591	275	152	314168	32	10000000	100                              	2	200	24574035	9093328	604
0.26	100	749	367	275	104	314168	32	10000000	100                              	2	200	22214175	6753845	608
0.26	100	699	417	285	137	314218	32	10000000	100                              	2	200	25398893	8004934	812
0.26	100	656	432	238	113	313948	32	10000000	100                              	2	200	23268961	7565051	602
0.26	100	671	393	255	127	314027	32	10000000	100                              	2	200	24962068	8265369	412
0.26	100	669	382	231	108	313885	32	10000000	100                              	2	200	21298156	8872395	810
0.26	100	696	434	250	117	313999	32	10000000	100                              	2	200	23755084	8754583	610
0.26	100	606	341	196	84	313670	32	10000000	100                              	2	200	23688290	7350322	606
0.26	100	761	396	256	96	314011	32	10000000	100                              	2	200	22744873	7330409	816
0.26	100	600	348	227	98	313862	32	10000000	100                              	2	200	22133981	8131331	604
0.26	100	529	336	200	100	313681	32	10000000	100                              	2	200	21561367	7457252	618
0.26	100	701	416	238	105	313956	32	10000000	100                              	2	200	24026484	7423913	616
0.26	100	707	457	240	107	313929	32	10000000	100                              	2	200	27180709	5706462	612
0.26	100	665	449	244	125	313983	32	10000000	100                              	2	200	24192730	6352114	612
0.26	100	659	427	240	128	313931	32	10000000	100                              	2	200	23737658	7194864	808
0.26	100	661	356	271	120	314149	32	10000000	100                              	2	200	24018275	7784457	608
0.26	100	757	468	317	152	314444	32	10000000	100                              	2	200	23183668	9594817	608
0.26	100	675	378	245	112	313976	32	10000000	100                              	2	200	24947575	6626386	606
0.26	100	826	483	298	133	314316	32	10000000	100                              	2	200	25298384	7010426	416
0.26	100	847	494	260	103	314089	32	10000000	100                              	2	200	24518507	7007883	808
0.26	100	787	483	281	136	314209	32	10000000	100                              	2	200	20531737	10347122	608
0.26	100	835	522	302	160	314319	32	10000000	100                              	2	200	21547626	10524296	612
0.26	100	603	360	221	117	313854	32	10000000	100                              	2	200	23046569	7904545	414
0.26	100	758	454	224	102	313849	32	10000000	100                              	2	200	25259937	7520249	604
