0.02	100	3986	1028	102	42	313318	32	10000000	100                              	2	200	27063214	4995944	390
0.02	100	5235	2089	112	69	313483	32	10000000	100                              	2	200	28629627	5033433	434
0.02	100	3158	1059	74	49	313131	32	10000000	100                              	2	200	24780180	5401709	346
0.02	100	7137	1707	144	74	313789	32	10000000	100                              	2	200	26528610	5052341	430
0.02	100	6798	2156	145	88	313785	32	10000000	100                              	2	200	31242459	5126253	412
0.02	100	5428	1885	104	66	313446	32	10000000	100                              	2	200	27624409	5039976	366
0.02	100	7643	1926	142	68	313799	32	10000000	100                              	2	200	28245591	4992168	352
0.02	100	6279	1921	97	62	313470	32	10000000	100                              	2	200	31117063	5013701	320
0.02	100	5262	1332	107	68	313440	32	10000000	100                              	2	200	26878986	5061074	366
0.02	100	5853	1507	121	72	313583	32	10000000	100                              	2	200	26555058	5007048	360
0.02	100	7164	2446	131	85	313722	32	10000000	100                              	2	200	28433460	4983037	366
0.02	100	6333	2029	133	80	313694	32	10000000	100                              	2	200	28715563	4984687	346
0.02	100	5616	1377	110	70	313505	32	10000000	100                              	2	200	25875517	4985212	348
0.02	100	7421	2164	149	85	313841	32	10000000	100                              	2	200	26539443	4980945	448
0.02	100	5607	1576	113	70	313520	32	10000000	100                              	2	200	29574066	4986188	422
0.02	100	8773	3099	166	102	314034	32	10000000	100                              	2	200	29095582	5964922	346
0.02	100	5418	1192	109	67	313466	32	10000000	100                              	2	200	27052407	5020807	426
0.02	100	4867	1771	98	61	313363	32	10000000	100                              	2	200	26948661	5003031	384
0.02	100	6397	1458	146	78	313745	32	10000000	100                              	2	200	27615036	5003087	388
0.02	100	7752	2033	156	91	313896	32	10000000	100                              	2	200	30160027	5017862	352
0.02	100	4868	1478	95	61	313336	32	10000000	100                              	2	200	27693665	4998415	408
0.02	100	7076	2067	150	79	313823	32	10000000	100                              	2	200	29960163	4982184	360
0.02	100	6390	2368	138	85	313694	32	10000000	100                              	2	200	29915678	4987871	298
0.02	100	5942	1708	134	86	313653	32	10000000	100                              	2	200	29814441	5044730	418
0.02	100	5852	1604	122	75	313573	32	10000000	100                              	2	200	26213131	5003120	382
0.02	100	4670	1496	89	59	313308	32	10000000	100                              	2	200	26142631	4987910	318
0.02	100	6090	1566	120	71	313579	32	10000000	100                              	2	200	26669187	5042220	410
0.02	100	7240	2099	144	72	313794	32	10000000	100                              	2	200	28356869	4980836	348
0.02	100	4627	1458	92	59	313319	32	10000000	100                              	2	200	27418402	4991026	400
0.02	100	5034	1160	94	61	313353	32	10000000	100                              	2	200	25730726	4990020	436
0.02	100	4900	1262	97	63	313366	32	10000000	100                              	2	200	27953579	5040710	380
0.02	100	5037	1465	120	73	313522	32	10000000	100                              	2	200	28251818	5025953	412
0.02	100	4761	1369	92	57	313300	32	10000000	100                              	2	200	28272491	5268235	388
0.02	100	7277	1560	138	77	313763	32	10000000	100                              	2	200	26286275	5172310	434
0.02	100	6292	1781	109	70	313481	32	10000000	100                              	2	200	27792219	4985400	348
0.02	100	6113	1485	116	56	313557	32	10000000	100                              	2	200	27583972	4996714	390
0.02	100	5771	1526	114	67	313526	32	10000000	100                              	2	200	27100689	4984826	394
0.02	100	6765	2267	119	77	313621	32	10000000	100                              	2	200	28163078	4983156	368
0.02	100	6274	1791	110	69	313535	32	10000000	100                              	2	200	28659124	5020156	364
0.02	100	7273	1582	139	79	313764	32	10000000	100                              	2	200	28141436	5021085	414
0.02	100	4973	1704	107	62	313473	32	10000000	100                              	2	200	28484666	5145942	402
0.02	100	4624	1261	96	51	313348	32	10000000	100                              	2	200	27894869	5215136	422
0.02	100	5499	1707	108	74	313467	32	10000000	100                              	2	200	27782652	4986256	414
0.02	100	5059	1470	96	65	313378	32	10000000	100                              	2	200	27168962	4990185	386
0.02	100	4422	1216	85	43	313248	32	10000000	100                              	2	200	26598618	5008915	334
0.02	100	8504	2333	166	99	314019	32	10000000	100                              	2	200	30717826	4992289	324
0.02	100	8269	2258	165	98	314010	32	10000000	100                              	2	200	28948907	5115336	384
0.02	100	5444	1453	119	70	313547	32	10000000	100                              	2	200	27522185	4990575	388
0.02	100	5638	1480	114	78	313508	32	10000000	100                              	2	200	26861942	5682872	382
0.02	100	8228	2389	173	104	314029	32	10000000	100                              	2	200	28308941	4983612	388
0.02	100	7014	1671	125	69	313676	32	10000000	100                              	2	200	27251265	5056368	380
0.02	100	6999	1913	132	75	313724	32	10000000	100                              	2	200	28349555	4988853	412
0.02	100	5154	1761	110	70	313478	32	10000000	100                              	2	200	29256591	5081061	346
0.02	100	6415	1766	135	84	313678	32	10000000	100                              	2	200	26775829	5129148	386
0.02	100	6383	1852	131	70	313665	32	10000000	100                              	2	200	25572775	4984817	370
0.02	100	6166	1521	102	67	313481	32	10000000	100                              	2	200	26533790	5064182	430
0.02	100	3714	1579	98	62	313290	32	10000000	100                              	2	200	31435409	5062448	528
0.02	100	4507	1178	92	52	313301	32	10000000	100                              	2	200	26729474	4992964	310
0.02	100	3895	1311	81	53	313182	32	10000000	100                              	2	200	27641053	4992864	300
0.02	100	5070	1648	112	65	313446	32	10000000	100                              	2	200	27988111	4997890	414
0.02	100	4079	1154	93	57	313321	32	10000000	100                              	2	200	26452981	5113785	410
0.02	100	6539	1903	127	72	313654	32	10000000	100                              	2	200	28824813	5354764	278
0.02	100	6180	2314	121	79	313572	32	10000000	100                              	2	200	28399832	5002898	348
0.02	100	6631	1450	123	72	313642	32	10000000	100                              	2	200	26441576	4983728	326
0.02	100	4026	1130	85	49	313248	32	10000000	100                              	2	200	28680832	5005643	412
0.02	100	5215	1503	95	62	313394	32	10000000	100                              	2	200	26530624	5151843	392
0.02	100	5294	1251	103	60	313417	32	10000000	100                              	2	200	25932998	5014368	398
0.02	100	5586	1786	133	76	313595	32	10000000	100                              	2	200	28563131	4985487	396
0.02	100	4818	1470	99	57	313395	32	10000000	100                              	2	200	26135417	4997987	384
0.02	100	5538	2108	118	86	313560	32	10000000	100                              	2	200	27734243	4984174	408
0.02	100	5045	1355	119	71	313501	32	10000000	100                              	2	200	25927465	4997983	456
0.02	100	4150	1414	76	47	313207	32	10000000	100                              	2	200	27705397	4990616	386
0.02	100	5907	1770	123	72	313578	32	10000000	100                              	2	200	26891493	4984475	356
0.02	100	5537	1457	106	59	313465	32	10000000	100                              	2	200	28185186	5009675	356
0.02	100	5255	1517	94	60	313362	32	10000000	100                              	2	200	27887645	4988903	426
0.02	100	5890	1294	133	71	313654	32	10000000	100                              	2	200	28625147	5004305	380
0.02	100	5331	1358	108	62	313452	32	10000000	100                              	2	200	26579538	4991200	354
0.02	100	5048	2002	114	72	313468	32	10000000	100                              	2	200	30162546	4990844	416
0.02	100	6077	2005	130	85	313657	32	10000000	100                              	2	200	29740171	5012495	424
0.02	100	6161	2225	144	96	313758	32	10000000	100                              	2	200	28338880	5002410	366
0.02	100	5668	1620	115	74	313531	32	10000000	100                              	2	200	29118381	5045862	366
0.02	100	4609	1373	117	65	313450	32	10000000	100                              	2	200	28785479	5004235	402
0.02	100	4844	1243	111	59	313433	32	10000000	100                              	2	200	27539348	5004093	406
0.02	100	5609	1479	112	55	313482	32	10000000	100                              	2	200	27341967	4999603	380
0.02	100	7582	1860	147	83	313841	32	10000000	100                              	2	200	26879899	4980151	370
0.02	100	6298	1755	132	83	313664	32	10000000	100                              	2	200	27175543	5015779	380
0.02	100	6135	1518	110	58	313538	32	10000000	100                              	2	200	27653912	4996403	306
0.02	100	5213	1838	109	66	313462	32	10000000	100                              	2	200	28899989	5040150	400
0.02	100	4595	1055	93	56	313334	32	10000000	100                              	2	200	26614532	5056378	360
0.02	100	5805	1321	128	66	313605	32	10000000	100                              	2	200	27348500	5006150	446
0.02	100	4026	1385	96	70	313333	32	10000000	100                              	2	200	26909711	5045813	430
0.02	100	5603	1534	119	68	313543	32	10000000	100                              	2	200	26315540	4985240	368
0.02	100	5822	1882	120	80	313552	32	10000000	100                              	2	200	27181585	4996027	338
0.02	100	5618	2026	121	78	313562	32	10000000	100                              	2	200	28051523	4984332	382
0.02	100	7482	1789	150	85	313866	32	10000000	100                              	2	200	29116628	5303524	402
0.02	100	7574	2101	134	78	313769	32	10000000	100                              	2	200	26311332	4981407	376
0.02	100	6410	1486	124	72	313640	32	10000000	100                              	2	200	25864595	4987294	514
0.02	100	6754	1478	124	68	313645	32	10000000	100                              	2	200	26092943	4983207	294
0.02	100	8277	2580	178	108	314099	32	10000000	100                              	2	200	29495394	4992439	398
0.02	100	8368	1985	139	81	313846	32	10000000	100                              	2	200	29366034	4985865	358
0.02	100	9739	3275	202	103	157112	64	10000000	100                              	2	200	35090228	5549563	376
0.02	100	13678	4261	251	136	157431	64	10000000	100                              	2	200	32389323	4978399	418
0.02	100	12670	4643	268	149	157436	64	10000000	100                              	2	200	34307506	4971240	426
0.02	100	9996	3516	213	110	157180	64	10000000	100                              	2	200	34429599	4985424	410
0.02	100	8653	3395	184	120	157047	64	10000000	100                              	2	200	32457873	5251762	394
0.02	100	11611	4113	224	145	157260	64	10000000	100                              	2	200	35641863	4987818	380
0.02	100	12995	4943	277	153	157468	64	10000000	100                              	2	200	34554289	4969046	408
0.02	100	10694	3706	232	136	157264	64	10000000	100                              	2	200	33204692	5003820	408
0.02	100	13835	4779	260	156	157435	64	10000000	100                              	2	200	34177990	4973476	420
0.02	100	12171	4233	233	142	157288	64	10000000	100                              	2	200	33502490	4972938	382
0.02	100	10675	3386	214	112	157185	64	10000000	100                              	2	200	33687279	4985234	414
0.02	100	13323	4016	280	122	157466	64	10000000	100                              	2	200	32629617	4970994	438
0.02	100	11824	3877	245	123	157330	64	10000000	100                              	2	200	32674292	5124379	416
0.02	100	12678	5259	262	167	157408	64	10000000	100                              	2	200	34594759	4970327	444
0.02	100	13892	5418	293	148	157545	64	10000000	100                              	2	200	33973164	5186237	422
0.02	100	9400	2256	186	88	157068	64	10000000	100                              	2	200	32021460	5047910	418
0.02	100	12876	5244	251	148	157363	64	10000000	100                              	2	200	38442865	4975441	412
0.02	100	10892	4219	240	144	157288	64	10000000	100                              	2	200	34309539	4983332	406
0.02	100	10830	3660	201	114	157178	64	10000000	100                              	2	200	34066268	4974177	424
0.02	100	13805	4516	256	151	157438	64	10000000	100                              	2	200	33211734	4977849	396
0.02	100	12296	4215	252	141	157369	64	10000000	100                              	2	200	33194376	4987467	398
0.02	100	10304	4234	192	117	157115	64	10000000	100                              	2	200	34617402	4990283	376
0.02	100	11711	3321	229	131	157269	64	10000000	100                              	2	200	34060429	5156124	406
0.02	100	11014	3950	236	128	157282	64	10000000	100                              	2	200	34038277	4976786	434
0.02	100	10543	3712	221	114	157214	64	10000000	100                              	2	200	33345444	4976398	398
0.02	100	12668	4802	267	147	157414	64	10000000	100                              	2	200	33368175	4972685	396
0.02	100	10789	3705	226	118	157233	64	10000000	100                              	2	200	33621367	4978597	426
0.02	100	11697	3552	265	132	157379	64	10000000	100                              	2	200	31646766	4982892	482
0.02	100	8002	2804	167	93	156965	64	10000000	100                              	2	200	33592906	4986459	434
0.02	100	11476	3767	223	136	157249	64	10000000	100                              	2	200	32322463	5115533	370
0.02	100	11483	4469	240	130	157291	64	10000000	100                              	2	200	33442545	4970833	466
0.02	100	12688	4332	241	140	157340	64	10000000	100                              	2	200	32973549	4979460	390
0.02	100	13992	4448	278	153	157504	64	10000000	100                              	2	200	33964721	5013290	454
0.02	100	12963	4211	259	131	157420	64	10000000	100                              	2	200	32050565	5052974	412
0.02	100	9218	3226	203	105	157116	64	10000000	100                              	2	200	34966265	4990810	404
0.02	100	10974	3990	220	110	157205	64	10000000	100                              	2	200	32657904	5096988	484
0.02	100	12341	5293	254	156	157367	64	10000000	100                              	2	200	36369097	4975588	380
0.02	100	11477	3746	231	126	157263	64	10000000	100                              	2	200	31737375	4977042	400
0.02	100	13142	4417	263	150	157436	64	10000000	100                              	2	200	34521410	5164379	470
0.02	100	11125	2864	233	125	157281	64	10000000	100                              	2	200	32890455	5102785	388
0.02	100	13813	5289	261	144	157438	64	10000000	100                              	2	200	35785401	4976354	488
0.02	100	10837	4229	214	125	157207	64	10000000	100                              	2	200	34929467	4995835	400
0.02	100	8570	3284	179	98	157034	64	10000000	100                              	2	200	33521215	5166331	430
0.02	100	12315	4490	260	149	157384	64	10000000	100                              	2	200	34509606	4976779	410
0.02	100	9796	3414	207	117	157158	64	10000000	100                              	2	200	33502209	4980656	356
0.02	100	10919	3773	245	131	157303	64	10000000	100                              	2	200	34578056	5135997	462
0.02	100	11304	3724	232	115	157272	64	10000000	100                              	2	200	33937121	4993188	346
0.02	100	9297	3860	192	115	157088	64	10000000	100                              	2	200	33449135	4977920	462
0.02	100	11865	5379	264	147	157370	64	10000000	100                              	2	200	35304988	5215656	440
0.02	100	10100	3561	208	112	157136	64	10000000	100                              	2	200	33242652	4984556	620
0.02	100	10700	3043	214	114	157200	64	10000000	100                              	2	200	33572097	5018045	432
0.02	100	13348	5302	280	144	157484	64	10000000	100                              	2	200	33774558	4970671	384
0.02	100	10311	2832	203	101	157154	64	10000000	100                              	2	200	31984582	4987802	422
0.02	100	13221	4549	251	130	157391	64	10000000	100                              	2	200	35019761	4984845	422
0.02	100	13536	5213	272	162	157470	64	10000000	100                              	2	200	35841364	5034585	424
0.02	100	14545	4220	290	138	157543	64	10000000	100                              	2	200	33615805	4984622	416
0.02	100	13106	5501	268	171	157456	64	10000000	100                              	2	200	36362699	5062425	406
0.02	100	10533	4210	234	143	157246	64	10000000	100                              	2	200	35962662	4993077	392
0.02	100	7938	3185	189	96	157023	64	10000000	100                              	2	200	33541964	5016411	382
0.02	100	12348	4145	243	125	157329	64	10000000	100                              	2	200	34218943	4972677	454
0.02	100	11433	3896	229	119	157248	64	10000000	100                              	2	200	32303768	4975470	330
0.02	100	13495	5101	272	170	157480	64	10000000	100                              	2	200	33571184	5024541	408
0.02	100	9554	2973	183	104	157065	64	10000000	100                              	2	200	30726677	5001895	406
0.02	100	9682	3116	193	96	157099	64	10000000	100                              	2	200	36361708	5096864	546
0.02	100	11953	4267	215	126	157249	64	10000000	100                              	2	200	34756620	4973039	418
0.02	100	15250	4730	308	176	157635	64	10000000	100                              	2	200	33490121	5022975	430
0.02	100	11979	3576	220	126	157259	64	10000000	100                              	2	200	33856031	5173833	408
0.02	100	12073	3653	226	110	157280	64	10000000	100                              	2	200	32512477	4974158	412
0.02	100	14369	4623	288	161	157540	64	10000000	100                              	2	200	34083654	4983546	418
0.02	100	12571	5467	237	139	157323	64	10000000	100                              	2	200	35516407	4971113	480
0.02	100	10958	4372	238	125	157287	64	10000000	100                              	2	200	33909621	4969632	438
0.02	100	12928	4175	269	135	157438	64	10000000	100                              	2	200	33204421	4972291	370
0.02	100	12444	4902	236	132	157325	64	10000000	100                              	2	200	36124973	4972198	346
0.02	100	11237	4290	244	130	157312	64	10000000	100                              	2	200	34025836	4980811	402
0.02	100	11942	3311	273	124	157418	64	10000000	100                              	2	200	33204557	5037082	406
0.02	100	10501	3410	216	125	157188	64	10000000	100                              	2	200	32126465	5009290	434
0.02	100	13292	5209	274	149	157459	64	10000000	100                              	2	200	35390627	4980056	430
0.02	100	12936	4553	275	165	157452	64	10000000	100                              	2	200	33678173	5091166	424
0.02	100	14371	5175	280	166	157507	64	10000000	100                              	2	200	34666796	4980886	406
0.02	100	8998	3115	212	119	157138	64	10000000	100                              	2	200	33159014	5176969	414
0.02	100	12102	4565	270	149	157431	64	10000000	100                              	2	200	34524755	4981578	404
0.02	100	10545	3874	216	117	157205	64	10000000	100                              	2	200	35126131	4982115	390
0.02	100	10727	3350	215	119	157197	64	10000000	100                              	2	200	33446224	5826665	416
0.02	100	10575	4464	214	129	157193	64	10000000	100                              	2	200	32293754	4975035	390
0.02	100	10603	3915	217	121	157215	64	10000000	100                              	2	200	36122659	5007701	440
0.02	100	12889	4815	238	131	157352	64	10000000	100                              	2	200	35089911	5029480	464
0.02	100	11571	4174	243	119	157310	64	10000000	100                              	2	200	32418666	4971965	418
0.02	100	10318	3648	220	128	157191	64	10000000	100                              	2	200	33469209	5022764	420
0.02	100	10468	3858	219	118	157205	64	10000000	100                              	2	200	34303233	5107542	366
0.02	100	12513	4154	242	136	157366	64	10000000	100                              	2	200	34274508	4972161	464
0.02	100	9875	3932	189	120	157122	64	10000000	100                              	2	200	33492077	4975969	418
0.02	100	10283	3306	209	116	157162	64	10000000	100                              	2	200	34018174	4973664	390
0.02	100	10995	3679	242	129	157288	64	10000000	100                              	2	200	34474682	5067104	368
0.02	100	12410	5375	239	157	157329	64	10000000	100                              	2	200	35697447	4969500	410
0.02	100	9504	2649	210	115	157150	64	10000000	100                              	2	200	32030524	5172652	412
0.02	100	11357	3641	228	124	157277	64	10000000	100                              	2	200	36065921	4986720	406
0.02	100	14393	3989	272	141	157494	64	10000000	100                              	2	200	33017219	4976797	414
0.02	100	11705	3298	236	115	157286	64	10000000	100                              	2	200	32599438	4974988	384
0.02	100	10769	4318	224	149	157232	64	10000000	100                              	2	200	33465801	5005044	482
0.02	100	12753	3045	219	118	157275	64	10000000	100                              	2	200	33428174	4981116	432
0.02	100	21526	7219	451	221	79103	128	10000000	100                              	2	200	37236615	4954499	414
0.02	100	17705	8444	398	229	78959	128	10000000	100                              	2	200	38660430	5033798	502
0.02	100	22914	9597	467	250	79151	128	10000000	100                              	2	200	42018762	4969452	482
0.02	100	24350	8764	495	269	79234	128	10000000	100                              	2	200	40552272	5048713	520
0.02	100	25495	9133	522	266	79259	128	10000000	100                              	2	200	38798219	4970183	480
0.02	100	23127	10196	490	254	79191	128	10000000	100                              	2	200	38974965	4949680	422
0.02	100	25333	8852	532	276	79291	128	10000000	100                              	2	200	40473031	5011832	404
0.02	100	21280	7551	426	208	79063	128	10000000	100                              	2	200	38804657	4997100	602
0.02	100	23546	9853	472	293	79181	128	10000000	100                              	2	200	41133341	5270013	418
0.02	100	25498	10017	475	252	79220	128	10000000	100                              	2	200	40252583	4941253	424
0.02	100	20804	8506	421	217	79053	128	10000000	100                              	2	200	40915418	5024364	480
0.02	100	24374	10103	491	276	79209	128	10000000	100                              	2	200	40052752	5012121	406
0.02	100	22800	10073	429	253	79093	128	10000000	100                              	2	200	40272786	5013399	454
0.02	100	21128	8454	444	219	79070	128	10000000	100                              	2	200	37990621	4999050	400
0.02	100	23746	9911	472	231	79179	128	10000000	100                              	2	200	38552891	4974219	404
0.02	100	23031	8671	481	256	79157	128	10000000	100                              	2	200	39318332	5045978	496
0.02	100	20085	8293	411	227	79014	128	10000000	100                              	2	200	38979034	4984783	438
0.02	100	20649	10054	409	242	79030	128	10000000	100                              	2	200	38249743	4955416	448
0.02	100	20290	8984	401	240	79001	128	10000000	100                              	2	200	39856561	5045654	478
0.02	100	20719	7860	435	224	79066	128	10000000	100                              	2	200	39665600	4999167	594
0.02	100	21320	8604	424	239	79072	128	10000000	100                              	2	200	38196084	4989548	408
0.02	100	21485	9145	444	233	79105	128	10000000	100                              	2	200	39340952	4970536	454
0.02	100	25775	9629	504	243	79253	128	10000000	100                              	2	200	39035434	4976737	408
0.02	100	24897	9430	523	251	79284	128	10000000	100                              	2	200	38757861	4942588	452
0.02	100	26583	10167	494	268	79252	128	10000000	100                              	2	200	41914109	4972924	402
0.02	100	18941	7564	409	211	79002	128	10000000	100                              	2	200	39113608	4988936	448
0.02	100	23821	9749	471	259	79180	128	10000000	100                              	2	200	41162757	5016427	410
0.02	100	18337	6959	395	201	78974	128	10000000	100                              	2	200	37870737	4954838	470
0.02	100	22338	8338	467	225	79153	128	10000000	100                              	2	200	38314076	4983896	484
0.02	100	21257	8366	448	249	79104	128	10000000	100                              	2	200	39191087	5106487	422
0.02	100	22847	8709	479	231	79162	128	10000000	100                              	2	200	38416471	5105057	510
0.02	100	20084	9076	437	217	79050	128	10000000	100                              	2	200	42256770	5029477	414
0.02	100	26530	10023	536	256	79308	128	10000000	100                              	2	200	41150554	4948985	404
0.02	100	24275	9125	498	237	79218	128	10000000	100                              	2	200	40442457	5007782	400
0.02	100	22426	8456	458	247	79123	128	10000000	100                              	2	200	37947321	4955072	526
0.02	100	21322	7070	433	209	79085	128	10000000	100                              	2	200	38489678	4968607	414
0.02	100	25298	10788	528	288	79292	128	10000000	100                              	2	200	40534657	5271645	494
0.02	100	21239	9546	417	225	79054	128	10000000	100                              	2	200	38086503	4948993	542
0.02	100	22659	11229	411	225	79064	128	10000000	100                              	2	200	40747365	4959747	436
0.02	100	25679	10809	489	251	79237	128	10000000	100                              	2	200	40890061	4945206	370
0.02	100	23777	9026	469	247	79167	128	10000000	100                              	2	200	38411758	5140559	418
0.02	100	25364	11584	481	263	79217	128	10000000	100                              	2	200	40952783	4949238	404
0.02	100	24834	10537	517	270	79257	128	10000000	100                              	2	200	39698573	4936845	468
0.02	100	19958	8667	448	241	79062	128	10000000	100                              	2	200	39179459	4956686	500
0.02	100	22297	8519	467	250	79138	128	10000000	100                              	2	200	38934269	4947896	416
0.02	100	25752	11143	512	280	79268	128	10000000	100                              	2	200	42349114	5016029	410
0.02	100	18862	7572	409	204	79001	128	10000000	100                              	2	200	39619197	4957292	454
0.02	100	20114	7636	454	233	79081	128	10000000	100                              	2	200	39376053	4976191	422
0.02	100	25164	8389	523	256	79265	128	10000000	100                              	2	200	39307124	4974289	392
0.02	100	21687	6665	441	172	79084	128	10000000	100                              	2	200	38315961	4958146	480
0.02	100	23018	10256	450	249	79137	128	10000000	100                              	2	200	38991020	5074772	456
0.02	100	19527	6674	434	199	79041	128	10000000	100                              	2	200	38094072	5263186	408
0.02	100	21868	8427	453	222	79102	128	10000000	100                              	2	200	40796562	4957700	448
0.02	100	23502	10397	502	259	79227	128	10000000	100                              	2	200	39810317	5013186	460
0.02	100	26638	8788	545	239	79322	128	10000000	100                              	2	200	38939689	4953699	402
0.02	100	23048	10296	482	277	79184	128	10000000	100                              	2	200	43714683	4953773	382
0.02	100	19194	5854	426	185	79008	128	10000000	100                              	2	200	38521420	5052830	418
0.02	100	22118	9282	439	237	79097	128	10000000	100                              	2	200	39876229	4950662	416
0.02	100	24765	9373	510	271	79232	128	10000000	100                              	2	200	39466480	4966519	504
0.02	100	23716	8465	457	237	79141	128	10000000	100                              	2	200	38774282	4950651	418
0.02	100	20354	9107	413	220	79042	128	10000000	100                              	2	200	39490886	5001011	622
0.02	100	16972	5050	333	157	78854	128	10000000	100                              	2	200	38071852	5047422	410
0.02	100	21053	9282	427	243	79067	128	10000000	100                              	2	200	39041125	4978119	410
0.02	100	21366	6450	453	197	79094	128	10000000	100                              	2	200	37752706	5282845	532
0.02	100	17443	7296	334	185	78881	128	10000000	100                              	2	200	38260600	5116762	384
0.02	100	20749	8417	434	209	79068	128	10000000	100                              	2	200	37690733	4977716	408
0.02	100	22955	9556	469	236	79152	128	10000000	100                              	2	200	38683649	5252076	416
0.02	100	21890	9580	466	256	79143	128	10000000	100                              	2	200	40572992	5064401	410
0.02	100	26165	9205	511	258	79287	128	10000000	100                              	2	200	39364829	5083867	416
0.02	100	23872	9669	511	258	79264	128	10000000	100                              	2	200	39959630	5016812	424
0.02	100	22013	8888	460	225	79110	128	10000000	100                              	2	200	39305975	5106893	426
0.02	100	20101	6713	398	232	79003	128	10000000	100                              	2	200	38900236	4976224	420
0.02	100	21620	8497	452	219	79104	128	10000000	100                              	2	200	40202823	4987468	420
0.02	100	18781	7550	373	187	78959	128	10000000	100                              	2	200	38633923	5031917	402
0.02	100	23292	7008	477	230	79185	128	10000000	100                              	2	200	39055899	4971429	414
0.02	100	21944	8701	473	251	79151	128	10000000	100                              	2	200	40252597	5264208	414
0.02	100	24744	11391	533	291	79265	128	10000000	100                              	2	200	42906696	4979499	440
0.02	100	23089	9016	471	246	79167	128	10000000	100                              	2	200	40637640	4953452	452
0.02	100	19304	7380	416	226	79021	128	10000000	100                              	2	200	37924767	5019869	394
0.02	100	23736	10183	494	277	79224	128	10000000	100                              	2	200	42226549	5064527	456
0.02	100	23016	10974	492	279	79190	128	10000000	100                              	2	200	38398542	5120884	524
0.02	100	21506	9976	454	260	79093	128	10000000	100                              	2	200	39990064	4952348	412
0.02	100	24413	8599	472	248	79192	128	10000000	100                              	2	200	38374164	4942985	450
0.02	100	22929	10020	460	260	79151	128	10000000	100                              	2	200	40473150	4968676	424
0.02	100	22600	8985	502	256	79205	128	10000000	100                              	2	200	39699672	4981457	576
0.02	100	23862	9732	504	265	79224	128	10000000	100                              	2	200	41543261	4947665	410
0.02	100	20572	9085	400	237	79021	128	10000000	100                              	2	200	38537870	4955637	436
0.02	100	22119	8688	468	244	79137	128	10000000	100                              	2	200	40187854	4976597	478
0.02	100	18697	7357	386	181	78952	128	10000000	100                              	2	200	39663403	5026719	520
0.02	100	21784	6252	443	211	79107	128	10000000	100                              	2	200	37355583	5533723	422
0.02	100	21831	8586	436	224	79100	128	10000000	100                              	2	200	39699636	5060298	424
0.02	100	22650	8151	432	224	79106	128	10000000	100                              	2	200	38484979	5013557	442
0.02	100	20905	7152	413	210	79043	128	10000000	100                              	2	200	38113742	4953047	404
0.02	100	26035	9913	463	239	79196	128	10000000	100                              	2	200	41291599	4955993	406
0.02	100	22649	10849	461	253	79145	128	10000000	100                              	2	200	41034499	4949750	406
0.02	100	23432	9837	427	235	79097	128	10000000	100                              	2	200	39880975	4956666	408
0.02	100	20917	9161	417	238	79029	128	10000000	100                              	2	200	39205759	5026328	444
0.02	100	21699	9787	458	264	79106	128	10000000	100                              	2	200	39849232	4962110	424
0.02	100	24592	10404	504	262	79237	128	10000000	100                              	2	200	40507960	4955214	420
0.02	100	20709	8842	424	221	79055	128	10000000	100                              	2	200	38717336	5107348	430
0.02	100	42715	19294	865	413	40013	256	10000000	100                              	2	200	44929528	4947682	428
0.02	100	46252	19432	903	432	40071	256	10000000	100                              	2	200	45807845	4895426	422
0.02	100	42277	15624	891	436	40013	256	10000000	100                              	2	200	44891146	4929372	550
0.02	100	40838	19120	874	442	39990	256	10000000	100                              	2	200	45577710	5103795	466
0.02	100	39883	15419	781	369	39928	256	10000000	100                              	2	200	44818518	4935393	612
0.02	100	43017	17027	818	406	39973	256	10000000	100                              	2	200	45298771	4945109	422
0.02	100	46652	19262	990	450	40127	256	10000000	100                              	2	200	46012067	4969523	464
0.02	100	41132	17805	879	443	40008	256	10000000	100                              	2	200	45024513	4945400	414
0.02	100	43466	17774	889	421	40040	256	10000000	100                              	2	200	45183728	4974515	480
0.02	100	46540	17467	930	444	40083	256	10000000	100                              	2	200	46372427	4978797	420
0.02	100	42019	13860	903	347	40026	256	10000000	100                              	2	200	44619999	5216704	428
0.02	100	37871	17608	784	388	39906	256	10000000	100                              	2	200	45144591	4924183	442
0.02	100	40327	17156	857	419	39995	256	10000000	100                              	2	200	45118773	4927565	426
0.02	100	45982	19456	904	424	40056	256	10000000	100                              	2	200	46953618	4919752	458
0.02	100	40811	15947	831	382	39965	256	10000000	100                              	2	200	43377315	5018472	412
0.02	100	39937	18366	836	440	39973	256	10000000	100                              	2	200	48195851	4951604	580
0.02	100	41702	18772	833	405	39976	256	10000000	100                              	2	200	46332290	4915302	454
0.02	100	40625	16165	850	394	39988	256	10000000	100                              	2	200	45320677	5018498	446
0.02	100	41488	17954	862	378	39992	256	10000000	100                              	2	200	46149336	4937587	458
0.02	100	36807	13620	740	354	39881	256	10000000	100                              	2	200	43528798	4948962	466
0.02	100	43681	21476	936	499	40078	256	10000000	100                              	2	200	49035717	4962140	414
0.02	100	45493	17916	880	415	40046	256	10000000	100                              	2	200	45669253	4955412	472
0.02	100	40539	16656	815	415	39955	256	10000000	100                              	2	200	45653321	5136642	428
0.02	100	33573	14032	666	333	39784	256	10000000	100                              	2	200	43416251	4938915	444
0.02	100	45728	16071	885	405	40040	256	10000000	100                              	2	200	45830077	4936791	418
0.02	100	44034	19462	873	421	40009	256	10000000	100                              	2	200	45896723	4978610	528
0.02	100	44373	17132	893	425	40051	256	10000000	100                              	2	200	46060685	4940158	416
0.02	100	45121	18285	928	432	40069	256	10000000	100                              	2	200	47292072	4913806	466
0.02	100	44373	16265	854	403	40020	256	10000000	100                              	2	200	44174106	4926515	448
0.02	100	43814	17686	906	412	40049	256	10000000	100                              	2	200	46181624	4914427	428
0.02	100	43975	18700	920	413	40051	256	10000000	100                              	2	200	45176472	4926241	422
0.02	100	44268	19127	862	416	40019	256	10000000	100                              	2	200	45451263	4949364	412
0.02	100	43939	17961	889	445	40049	256	10000000	100                              	2	200	45728440	5080255	450
0.02	100	41543	17559	875	414	39999	256	10000000	100                              	2	200	45660487	4913918	522
0.02	100	43894	18224	895	436	40039	256	10000000	100                              	2	200	46221238	4909922	410
0.02	100	44723	18412	893	442	40041	256	10000000	100                              	2	200	44876232	4928807	506
0.02	100	38306	12815	733	331	39877	256	10000000	100                              	2	200	44246598	4936564	418
0.02	100	41829	17027	818	389	39960	256	10000000	100                              	2	200	45236010	4962287	436
0.02	100	40772	17780	841	408	39969	256	10000000	100                              	2	200	45735367	4946207	492
0.02	100	39811	15792	804	398	39950	256	10000000	100                              	2	200	44834027	5016650	448
0.02	100	41203	16864	805	392	39951	256	10000000	100                              	2	200	44631593	4920838	468
0.02	100	39636	15540	748	386	39898	256	10000000	100                              	2	200	43926893	4930552	424
0.02	100	43034	18841	821	446	39977	256	10000000	100                              	2	200	45142714	4918751	534
0.02	100	40450	15257	821	386	39955	256	10000000	100                              	2	200	44520104	4935237	418
0.02	100	36676	13893	793	347	39905	256	10000000	100                              	2	200	43502847	4949867	498
0.02	100	41424	15551	859	397	40003	256	10000000	100                              	2	200	44627849	5142757	422
0.02	100	41549	17668	854	421	39986	256	10000000	100                              	2	200	45537138	4994889	502
0.02	100	40677	17852	846	381	39975	256	10000000	100                              	2	200	47469234	4937471	450
0.02	100	40138	17893	815	371	39942	256	10000000	100                              	2	200	45190219	4908700	420
0.02	100	45071	18712	915	420	40069	256	10000000	100                              	2	200	44730868	4918296	562
0.02	100	42625	17870	832	419	39988	256	10000000	100                              	2	200	46626637	4912571	456
0.02	100	44031	18518	867	401	40022	256	10000000	100                              	2	200	46006059	4966300	512
0.02	100	44096	17483	902	417	40038	256	10000000	100                              	2	200	46170166	5040409	424
0.02	100	41599	16092	827	385	39965	256	10000000	100                              	2	200	44348911	4930699	518
0.02	100	41913	16831	844	418	39978	256	10000000	100                              	2	200	44455166	4927418	476
0.02	100	36831	15526	771	387	39910	256	10000000	100                              	2	200	45395780	5232328	456
0.02	100	43987	16717	931	401	40070	256	10000000	100                              	2	200	46242877	4957639	448
0.02	100	43329	14664	855	422	40013	256	10000000	100                              	2	200	44862004	5013731	462
0.02	100	45122	17212	897	402	40051	256	10000000	100                              	2	200	44530250	4923811	468
0.02	100	43785	20118	912	463	40051	256	10000000	100                              	2	200	46687673	4923227	438
0.02	100	44764	17872	956	427	40089	256	10000000	100                              	2	200	46414508	4943816	422
0.02	100	43911	17282	895	414	40042	256	10000000	100                              	2	200	45319494	4960062	436
0.02	100	43956	19247	919	460	40060	256	10000000	100                              	2	200	45581909	4911025	456
0.02	100	37122	15120	768	389	39901	256	10000000	100                              	2	200	43656068	4921504	420
0.02	100	38682	15247	823	364	39946	256	10000000	100                              	2	200	45688436	5036073	460
0.02	100	50335	15390	987	389	40172	256	10000000	100                              	2	200	45538711	4978142	586
0.02	100	44079	17572	961	452	40086	256	10000000	100                              	2	200	47028134	5005179	424
0.02	100	42578	14369	862	393	40001	256	10000000	100                              	2	200	45260268	5637480	406
0.02	100	48998	21044	942	457	40111	256	10000000	100                              	2	200	46913531	4899769	500
0.02	100	38464	14734	760	388	39899	256	10000000	100                              	2	200	44468964	4953238	424
0.02	100	46854	18104	986	414	40122	256	10000000	100                              	2	200	46772019	4903927	502
0.02	100	42062	14450	857	420	40009	256	10000000	100                              	2	200	43989563	4939241	492
0.02	100	45647	18602	906	445	40059	256	10000000	100                              	2	200	44371759	5013543	470
0.02	100	38419	15460	794	405	39927	256	10000000	100                              	2	200	44296333	4925070	522
0.02	100	38725	17765	802	408	39935	256	10000000	100                              	2	200	45277816	4910835	450
0.02	100	46483	19871	937	420	40080	256	10000000	100                              	2	200	46710670	4922068	420
0.02	100	35535	15847	738	374	39860	256	10000000	100                              	2	200	46455118	4971724	420
0.02	100	40257	15889	825	368	39956	256	10000000	100                              	2	200	43749579	4935536	438
0.02	100	41633	16293	852	414	39992	256	10000000	100                              	2	200	44776615	4936940	440
0.02	100	42893	16734	843	393	39989	256	10000000	100                              	2	200	45382377	4936525	434
0.02	100	36823	15376	768	390	39899	256	10000000	100                              	2	200	45700063	4928808	434
0.02	100	35626	12764	713	325	39830	256	10000000	100                              	2	200	44321776	4948711	458
0.02	100	46911	19231	919	446	40095	256	10000000	100                              	2	200	45143950	5066727	426
0.02	100	40916	16768	858	386	39989	256	10000000	100                              	2	200	45315316	4924739	428
0.02	100	37997	12805	810	367	39928	256	10000000	100                              	2	200	45492002	4941577	510
0.02	100	45187	17135	896	389	40049	256	10000000	100                              	2	200	45421119	4920113	464
0.02	100	42161	14992	882	383	40007	256	10000000	100                              	2	200	43703903	4916981	464
0.02	100	44258	14759	923	405	40064	256	10000000	100                              	2	200	45051040	4936203	456
0.02	100	42218	15076	802	368	39961	256	10000000	100                              	2	200	43810994	5010822	422
0.02	100	42297	14003	843	365	39986	256	10000000	100                              	2	200	42819165	4957788	424
0.02	100	42409	16270	843	382	39998	256	10000000	100                              	2	200	44476210	5065462	604
0.02	100	38668	13579	773	376	39918	256	10000000	100                              	2	200	43457418	5038988	428
0.02	100	44696	19240	856	445	40015	256	10000000	100                              	2	200	46044301	4986860	544
0.02	100	39021	14564	760	365	39902	256	10000000	100                              	2	200	44326565	4939664	412
0.02	100	39371	15637	808	330	39940	256	10000000	100                              	2	200	44498222	4970084	470
0.02	100	42329	16878	857	424	40012	256	10000000	100                              	2	200	43650125	4916189	480
0.02	100	44590	18393	916	426	40064	256	10000000	100                              	2	200	45526714	4914887	490
0.02	100	42836	16097	833	375	39986	256	10000000	100                              	2	200	44405775	4957884	450
0.02	100	47594	20578	972	455	40134	256	10000000	100                              	2	200	45828006	4903975	600
0.02	100	41722	16289	870	391	40005	256	10000000	100                              	2	200	44949599	4940468	424
