0.27 1 0.04496
0.27 1 RUNS: 100
0.27 1 latency internal steal number SISN external steal number SESN internal data transfered external data transfered running time processors work task threshold local_granularity remote_granularity beginning
0.27 1 6955 3582 150 116 313027 32 10000000 100 2 20 30048739 4994167 46
0.27 1 8890 4257 175 140 313162 32 10000000 100 2 20 29824542 4991756 56
0.27 1 6383 2906 143 108 312987 32 10000000 100 2 20 30416195 4995895 50
0.27 1 6808 3457 135 111 313008 32 10000000 100 2 20 31437715 4993123 48
0.27 1 7834 3595 158 144 313087 32 10000000 100 2 20 31789398 4991434 48
0.27 1 6690 2806 117 101 312990 32 10000000 100 2 20 30705804 5067896 38
0.27 1 5996 2950 115 93 312945 32 10000000 100 2 20 29496851 4995679 46
0.27 1 5361 2936 112 98 312904 32 10000000 100 2 20 30113693 5017501 48
0.27 1 6162 2944 141 113 312971 32 10000000 100 2 20 29230142 4994764 46
0.27 1 7184 2823 119 91 313021 32 10000000 100 2 20 30485903 4996864 38
0.27 1 6475 2640 155 117 312999 32 10000000 100 2 20 29688146 5072761 50
0.27 1 5658 2520 112 87 312921 32 10000000 100 2 20 29037120 4994113 76
0.27 1 6544 3335 128 103 312986 32 10000000 100 2 20 31682339 4997534 64
0.27 1 7188 3913 154 122 313043 32 10000000 100 2 20 33771998 4992540 56
0.27 1 5828 2899 114 95 312932 32 10000000 100 2 20 30771772 5028623 58
0.27 1 5655 2829 129 103 312931 32 10000000 100 2 20 29635122 5009915 56
0.27 1 6620 3194 118 96 312984 32 10000000 100 2 20 31131847 4992998 42
0.27 1 6716 3475 152 115 313012 32 10000000 100 2 20 30027256 4992969 46
0.27 1 5074 2229 120 96 312891 32 10000000 100 2 20 28708784 5009183 56
0.27 1 5850 2627 107 91 312930 32 10000000 100 2 20 28755897 4993948 46
0.27 1 6032 2982 121 89 312951 32 10000000 100 2 20 31835895 4993658 64
0.27 1 7452 3285 137 108 313049 32 10000000 100 2 20 30139526 5066191 56
0.27 1 6243 2615 124 98 312964 32 10000000 100 2 20 29453118 5022535 52
0.27 1 8173 4138 144 121 313098 32 10000000 100 2 20 32745279 5000945 86
0.27 1 6339 2978 121 103 312971 32 10000000 100 2 20 28949678 4993352 54
0.27 1 6108 2941 120 98 312954 32 10000000 100 2 20 29910333 5008943 54
0.27 1 7585 4083 152 127 313066 32 10000000 100 2 20 31248736 4992176 64
0.27 1 7491 3348 146 120 313058 32 10000000 100 2 20 30352580 4993891 50
0.27 1 7313 4179 131 109 313037 32 10000000 100 2 20 33476252 4992342 40
0.27 1 5480 2527 109 83 312909 32 10000000 100 2 20 30836910 5015597 48
0.27 1 5958 3525 131 112 312951 32 10000000 100 2 20 31623158 4996344 44
0.27 1 7071 3261 161 124 313040 32 10000000 100 2 20 28909776 5054557 54
0.27 1 7152 3470 140 108 313032 32 10000000 100 2 20 29837214 5001030 42
0.27 1 4740 2718 97 88 312854 32 10000000 100 2 20 30828532 4995980 60
0.27 1 6473 3842 147 124 312995 32 10000000 100 2 20 33191827 4995713 44
0.27 1 5643 2105 119 94 312925 32 10000000 100 2 20 27484890 4995691 58
0.27 1 7500 3110 144 106 313057 32 10000000 100 2 20 28710464 4992176 48
0.27 1 7344 3478 139 103 313043 32 10000000 100 2 20 31416791 4995455 70
0.27 1 6786 3659 128 114 313003 32 10000000 100 2 20 30769402 5003838 46
0.27 1 4994 2506 103 83 312875 32 10000000 100 2 20 31076532 5178686 52
0.27 1 7012 3248 130 108 313018 32 10000000 100 2 20 31717766 4994810 54
0.27 1 7094 2702 147 106 313032 32 10000000 100 2 20 30907328 5030983 46
0.27 1 6860 3424 141 115 313015 32 10000000 100 2 20 32220196 4994792 46
0.27 1 7064 3731 151 122 313033 32 10000000 100 2 20 31604433 4997933 46
0.27 1 5277 3166 120 98 312902 32 10000000 100 2 20 30881060 4997498 42
0.27 1 6245 2413 117 86 312962 32 10000000 100 2 20 27773227 4993660 50
0.27 1 8522 3903 177 143 313140 32 10000000 100 2 20 30130430 5027589 42
0.27 1 5614 2922 112 83 312920 32 10000000 100 2 20 30281043 4994146 54
0.27 1 6228 2840 125 104 312965 32 10000000 100 2 20 29764158 4993395 62
0.27 1 6288 3596 119 100 312965 32 10000000 100 2 20 29531414 4993405 52
0.27 1 5535 2879 119 96 312918 32 10000000 100 2 20 30380869 4993962 64
0.27 1 7391 3372 158 118 313059 32 10000000 100 2 20 29942865 5009630 48
0.27 1 8385 3821 154 132 313119 32 10000000 100 2 20 31807154 5039739 84
0.27 1 7402 3473 145 102 313049 32 10000000 100 2 20 31812481 5009875 48
0.27 1 4878 2520 101 82 312866 32 10000000 100 2 20 28703574 4995497 56
0.27 1 7337 3701 130 107 313038 32 10000000 100 2 20 31219463 4993344 60
0.27 1 6024 3371 127 101 312953 32 10000000 100 2 20 31847627 4994933 48
0.27 1 4737 2281 85 67 312847 32 10000000 100 2 20 28739294 5049961 38
0.27 1 6984 3734 153 123 313031 32 10000000 100 2 20 31468858 5000063 64
0.27 1 5166 2889 113 93 312891 32 10000000 100 2 20 29839217 4996311 54
0.27 1 5493 2565 96 82 312902 32 10000000 100 2 20 26961027 4995758 48
0.27 1 6653 2615 122 96 312988 32 10000000 100 2 20 29007096 4993196 46
0.27 1 5860 2681 104 81 312930 32 10000000 100 2 20 29993837 4996466 46
0.27 1 6190 2784 113 86 312955 32 10000000 100 2 20 28414092 4994219 52
0.27 1 6489 3428 117 94 312977 32 10000000 100 2 20 30883260 4994470 48
0.27 1 6167 3005 127 106 312963 32 10000000 100 2 20 31491372 5009455 42
0.27 1 4483 2042 96 74 312839 32 10000000 100 2 20 30416754 4999705 52
0.27 1 7153 3267 138 111 313031 32 10000000 100 2 20 29675975 4992601 56
0.27 1 7479 3529 156 126 313062 32 10000000 100 2 20 32143249 4992104 50
0.27 1 5970 3218 129 97 312951 32 10000000 100 2 20 31849964 4994059 50
0.27 1 6599 3569 166 135 313014 32 10000000 100 2 20 32791400 4999060 40
0.27 1 7996 3826 147 119 313089 32 10000000 100 2 20 30795325 5001220 74
0.27 1 6910 2817 143 104 313018 32 10000000 100 2 20 30390160 4992727 46
0.27 1 6754 3370 139 109 313007 32 10000000 100 2 20 30958683 4998223 56
0.27 1 5398 2795 117 92 312907 32 10000000 100 2 20 30555356 4994325 50
0.27 1 7279 2938 117 89 313026 32 10000000 100 2 20 30033817 4993510 54
0.27 1 5799 2835 152 114 312953 32 10000000 100 2 20 29678516 5279404 52
0.27 1 5687 2666 102 81 312916 32 10000000 100 2 20 29441629 4995748 32
0.27 1 7349 3812 138 115 313043 32 10000000 100 2 20 29893102 4992415 66
0.27 1 7432 4004 153 131 313058 32 10000000 100 2 20 32728415 5024212 60
0.27 1 5894 3023 124 98 312944 32 10000000 100 2 20 30197562 4994731 50
0.27 1 7385 3362 140 111 313046 32 10000000 100 2 20 30920120 4992850 38
0.27 1 7742 4058 160 133 313082 32 10000000 100 2 20 31516752 4992792 38
0.27 1 7630 3365 145 114 313064 32 10000000 100 2 20 31067245 4991923 48
0.27 1 7210 3291 125 103 313025 32 10000000 100 2 20 30219569 5074181 42
0.27 1 6118 2955 122 98 312956 32 10000000 100 2 20 30019619 5000423 48
0.27 1 6232 3066 126 110 312965 32 10000000 100 2 20 30464948 4994047 40
0.27 1 4619 2486 109 92 312855 32 10000000 100 2 20 28114423 5001254 56
0.27 1 7818 3856 152 121 313081 32 10000000 100 2 20 31841323 4997592 58
0.27 1 6892 2513 137 95 313013 32 10000000 100 2 20 29425550 4993467 40
0.27 1 7347 3499 145 120 313048 32 10000000 100 2 20 29141558 5015441 34
0.27 1 6600 3326 145 115 313000 32 10000000 100 2 20 31858009 4998458 32
0.27 1 6675 3593 138 119 313002 32 10000000 100 2 20 31473205 4993472 44
0.27 1 4738 2502 115 91 312864 32 10000000 100 2 20 30389457 4994944 46
0.27 1 6373 2911 133 103 312979 32 10000000 100 2 20 29428733 4993826 46
0.27 1 8484 4165 151 132 313122 32 10000000 100 2 20 32175567 5013605 50
0.27 1 4671 2357 111 87 312859 32 10000000 100 2 20 29059180 5001247 68
0.27 1 6833 3058 154 114 313020 32 10000000 100 2 20 30529359 4992961 60
0.27 1 6093 2758 119 101 312953 32 10000000 100 2 20 27572024 5005599 56
0.27 1 6847 3107 138 109 313012 32 10000000 100 2 20 30555478 4993052 52
0.27 1 888 501 326 156 312750 32 10000000 100 2 20 20161756 11310901 76
0.27 1 661 409 262 134 312698 32 10000000 100 2 20 20716029 9208017 66
0.27 1 922 543 343 185 312764 32 10000000 100 2 20 21079532 8232945 82
0.27 1 670 393 253 144 312691 32 10000000 100 2 20 21549392 9295614 66
0.27 1 744 470 262 151 312701 32 10000000 100 2 20 23524116 8761371 70
0.27 1 1001 531 346 183 312771 32 10000000 100 2 20 20478391 11459973 88
0.27 1 934 495 279 136 312724 32 10000000 100 2 20 22524323 7368527 82
0.27 1 750 418 283 157 312716 32 10000000 100 2 20 19650806 10492359 86
0.27 1 844 529 290 165 312727 32 10000000 100 2 20 23576455 6711076 54
0.27 1 761 460 295 167 312723 32 10000000 100 2 20 19852464 10219190 64
0.27 1 727 443 234 139 312684 32 10000000 100 2 20 22687399 8474023 64
0.27 1 936 537 296 148 312735 32 10000000 100 2 20 24037728 7430361 84
0.27 1 869 643 271 189 312715 32 10000000 100 2 20 26413179 7855013 68
0.27 1 899 532 337 195 312758 32 10000000 100 2 20 23315719 7678340 50
0.27 1 841 510 293 161 312728 32 10000000 100 2 20 19593381 12622981 82
0.27 1 857 605 302 208 312734 32 10000000 100 2 20 23133953 9910560 66
0.27 1 786 432 301 152 312728 32 10000000 100 2 20 21445356 9817857 86
0.27 1 795 443 321 157 312740 32 10000000 100 2 20 15178615 14108121 98
0.27 1 755 440 261 142 312704 32 10000000 100 2 20 22772300 7572347 88
0.27 1 775 466 286 148 312717 32 10000000 100 2 20 19733674 9277909 68
0.27 1 758 465 234 118 312686 32 10000000 100 2 20 24079303 7494650 72
0.27 1 877 513 323 177 312746 32 10000000 100 2 20 20676049 10766715 82
0.27 1 786 350 260 116 312705 32 10000000 100 2 20 16041589 13417899 94
0.27 1 879 509 321 160 312748 32 10000000 100 2 20 21463620 8679499 88
0.27 1 690 489 253 173 312692 32 10000000 100 2 20 22175023 10088823 66
0.27 1 753 417 248 126 312695 32 10000000 100 2 20 22698711 7224646 70
0.27 1 705 405 267 133 312703 32 10000000 100 2 20 19646811 8899871 98
0.27 1 783 467 304 170 312731 32 10000000 100 2 20 16091858 14067604 84
0.27 1 732 424 286 164 312714 32 10000000 100 2 20 18444250 13280944 70
0.27 1 970 624 308 190 312746 32 10000000 100 2 20 24926768 7592577 64
0.27 1 842 545 316 207 312741 32 10000000 100 2 20 21361904 10161936 62
0.27 1 901 554 304 165 312737 32 10000000 100 2 20 22609361 7832719 64
0.27 1 832 485 302 148 312730 32 10000000 100 2 20 22542265 8131948 60
0.27 1 865 439 288 135 312726 32 10000000 100 2 20 21949216 8405050 62
0.27 1 827 452 287 138 312725 32 10000000 100 2 20 22368297 8154356 106
0.27 1 772 423 305 144 312732 32 10000000 100 2 20 20963435 8700629 90
0.27 1 954 499 318 160 312751 32 10000000 100 2 20 23977105 6137614 90
0.27 1 1054 586 346 174 312773 32 10000000 100 2 20 24452011 7174340 70
0.27 1 857 515 298 173 312732 32 10000000 100 2 20 19585859 11747560 88
0.27 1 838 532 291 167 312726 32 10000000 100 2 20 24471913 6920954 112
0.27 1 764 483 262 169 312703 32 10000000 100 2 20 22427988 10072354 66
0.27 1 791 480 273 139 312712 32 10000000 100 2 20 23327427 7438683 64
0.27 1 861 461 274 118 312717 32 10000000 100 2 20 22090259 6996939 68
0.27 1 681 432 225 137 312675 32 10000000 100 2 20 22465869 6915875 52
0.27 1 848 551 292 194 312730 32 10000000 100 2 20 23866737 9913146 72
0.27 1 940 524 337 167 312762 32 10000000 100 2 20 21216997 11610135 100
0.27 1 875 600 298 172 312732 32 10000000 100 2 20 25977401 7526876 74
0.27 1 725 449 270 153 312708 32 10000000 100 2 20 23287570 8642880 62
0.27 1 746 475 264 155 312702 32 10000000 100 2 20 19132678 10492407 68
0.27 1 816 466 303 185 312731 32 10000000 100 2 20 19700937 11811587 72
0.27 1 812 446 290 143 312724 32 10000000 100 2 20 22315231 7288782 80
0.27 1 836 417 251 128 312703 32 10000000 100 2 20 20084326 9136301 64
0.27 1 665 479 262 174 312695 32 10000000 100 2 20 25017617 6905466 48
0.27 1 944 562 352 180 312770 32 10000000 100 2 20 20498125 12201817 70
0.27 1 736 417 280 160 312714 32 10000000 100 2 20 18680559 12947227 90
0.27 1 722 462 260 152 312699 32 10000000 100 2 20 20976787 7020980 70
0.27 1 882 550 287 139 312727 32 10000000 100 2 20 23935543 6835070 84
0.27 1 930 529 287 143 312730 32 10000000 100 2 20 19598627 10618088 70
0.27 1 907 516 293 147 312732 32 10000000 100 2 20 23829128 7432210 68
0.27 1 1025 566 383 198 312796 32 10000000 100 2 20 24093485 6217068 76
0.27 1 870 515 335 188 312754 32 10000000 100 2 20 21889832 8952797 84
0.27 1 919 600 295 171 312731 32 10000000 100 2 20 21537704 8343149 82
0.27 1 788 426 292 138 312725 32 10000000 100 2 20 22259492 8040874 68
0.27 1 883 556 312 178 312744 32 10000000 100 2 20 24881417 8063648 60
0.27 1 915 624 318 185 312747 32 10000000 100 2 20 24100153 6341154 68
0.27 1 813 505 307 179 312735 32 10000000 100 2 20 19192184 11448649 70
0.27 1 780 443 263 138 312705 32 10000000 100 2 20 21794778 8916353 56
0.27 1 672 410 243 130 312683 32 10000000 100 2 20 24302717 5726204 50
0.27 1 743 399 281 119 312714 32 10000000 100 2 20 20333006 9033879 86
0.27 1 756 475 259 154 312699 32 10000000 100 2 20 24025867 7474930 66
0.27 1 809 450 305 164 312733 32 10000000 100 2 20 19206043 11858909 82
0.27 1 901 518 312 172 312743 32 10000000 100 2 20 24942688 6438779 86
0.27 1 787 478 251 143 312699 32 10000000 100 2 20 23332859 6118454 62
0.27 1 897 523 298 167 312735 32 10000000 100 2 20 26093615 7427579 66
0.27 1 884 579 298 180 312734 32 10000000 100 2 20 19672392 10454058 70
0.27 1 884 546 326 169 312747 32 10000000 100 2 20 22213128 8388805 70
0.27 1 866 486 309 150 312737 32 10000000 100 2 20 19452078 11221511 92
0.27 1 937 526 310 162 312746 32 10000000 100 2 20 15837237 14742610 102
0.27 1 846 469 272 150 312715 32 10000000 100 2 20 24470740 8399353 62
0.27 1 747 428 275 140 312712 32 10000000 100 2 20 21244335 9402250 74
0.27 1 702 409 253 131 312693 32 10000000 100 2 20 19628768 9791744 86
0.27 1 828 504 280 155 312717 32 10000000 100 2 20 24043206 7227345 66
0.27 1 1013 606 315 162 312754 32 10000000 100 2 20 22155598 8538515 82
0.27 1 696 434 236 126 312684 32 10000000 100 2 20 21686191 7980238 62
0.27 1 837 573 287 180 312724 32 10000000 100 2 20 22681117 8898087 70
0.27 1 849 493 287 159 312724 32 10000000 100 2 20 26504597 5926798 68
0.27 1 836 444 251 132 312703 32 10000000 100 2 20 23375023 6887639 66
0.27 1 819 443 271 139 312712 32 10000000 100 2 20 20003690 8696176 66
0.27 1 927 624 295 188 312734 32 10000000 100 2 20 23214786 10119357 68
0.27 1 1026 667 395 237 312803 32 10000000 100 2 20 24694301 9108034 68
0.27 1 795 481 313 170 312738 32 10000000 100 2 20 18568382 11276352 72
0.27 1 704 459 266 152 312702 32 10000000 100 2 20 24439185 7701697 70
0.27 1 766 461 300 160 312728 32 10000000 100 2 20 21772969 9695291 68
0.27 1 832 514 279 153 312718 32 10000000 100 2 20 22057251 7654742 54
0.27 1 689 376 281 142 312711 32 10000000 100 2 20 20632879 9168834 68
0.27 1 740 394 271 137 312709 32 10000000 100 2 20 20488029 9074903 90
0.27 1 835 584 295 182 312728 32 10000000 100 2 20 23564408 10584547 66
0.27 1 823 507 296 166 312728 32 10000000 100 2 20 24608186 7901098 76
0.27 1 907 512 300 162 312736 32 10000000 100 2 20 21854727 7909926 66
0.27 1 632 350 233 117 312678 32 10000000 100 2 20 21759954 8225188 68
0.27 1 561 358 571 314 312881 32 10000000 100 2 20 17690900 12489991 108
0.27 1 485 310 492 263 312830 32 10000000 100 2 20 17406024 14379891 122
0.27 1 545 327 511 303 312843 32 10000000 100 2 20 18256334 14771087 106
0.27 1 551 323 568 277 312880 32 10000000 100 2 20 16304333 13463530 102
0.27 1 539 338 542 312 312866 32 10000000 100 2 20 9263890 20836406 126
0.27 1 485 312 511 299 312839 32 10000000 100 2 20 12312944 17979070 126
0.27 1 570 384 598 371 312898 32 10000000 100 2 20 19292108 13779644 100
0.27 1 467 347 480 306 312819 32 10000000 100 2 20 18141644 13268200 86
0.27 1 446 256 433 211 312788 32 10000000 100 2 20 16701313 11634547 92
0.27 1 418 283 451 260 312796 32 10000000 100 2 20 19044120 12253100 106
0.27 1 452 285 467 264 312811 32 10000000 100 2 20 17486654 12960961 98
0.27 1 458 270 494 226 312827 32 10000000 100 2 20 17984974 13359016 102
0.27 1 577 311 585 280 312892 32 10000000 100 2 20 10080339 19290109 130
0.27 1 550 330 537 274 312862 32 10000000 100 2 20 15560486 14005799 106
0.27 1 457 267 448 244 312799 32 10000000 100 2 20 16103632 14200750 86
0.27 1 559 379 556 362 312873 32 10000000 100 2 20 17571366 15004976 82
0.27 1 552 270 539 227 312860 32 10000000 100 2 20 18080477 11125879 102
0.27 1 407 238 421 211 312781 32 10000000 100 2 20 18120431 11960278 102
0.27 1 484 281 513 255 312842 32 10000000 100 2 20 17972122 11510969 70
0.27 1 603 366 580 336 312893 32 10000000 100 2 20 16415187 15750852 94
0.27 1 440 277 427 258 312785 32 10000000 100 2 20 16884584 13321377 84
0.27 1 468 249 449 236 312799 32 10000000 100 2 20 16398421 12454697 96
0.27 1 497 334 472 292 312816 32 10000000 100 2 20 17489853 13432960 88
0.27 1 711 469 677 400 312957 32 10000000 100 2 20 17160005 16522497 98
0.27 1 511 334 589 326 312890 32 10000000 100 2 20 15110246 17052660 120
0.27 1 568 345 497 264 312835 32 10000000 100 2 20 21656180 9645428 86
0.27 1 523 310 492 265 312832 32 10000000 100 2 20 17570632 12193263 90
0.27 1 551 350 514 291 312846 32 10000000 100 2 20 17280523 13042197 84
0.27 1 467 310 496 316 312832 32 10000000 100 2 20 18119165 13275139 90
0.27 1 448 252 453 214 312802 32 10000000 100 2 20 12743555 17864782 104
0.27 1 575 362 552 309 312871 32 10000000 100 2 20 12523119 19028927 110
0.27 1 493 314 479 267 312822 32 10000000 100 2 20 21319111 9753279 92
0.27 1 507 286 489 251 312827 32 10000000 100 2 20 19440621 11927850 108
0.27 1 507 317 523 296 312850 32 10000000 100 2 20 15273411 15636540 108
0.27 1 468 285 442 253 312794 32 10000000 100 2 20 16983445 12362767 80
0.27 1 487 297 479 269 312822 32 10000000 100 2 20 18989561 14223520 114
0.27 1 500 324 485 274 312825 32 10000000 100 2 20 15899774 13083910 104
0.27 1 537 350 568 337 312878 32 10000000 100 2 20 16443813 14215418 106
0.27 1 521 329 530 275 312855 32 10000000 100 2 20 16118518 15771173 152
0.27 1 560 332 527 264 312854 32 10000000 100 2 20 17712329 12325695 88
0.27 1 533 303 547 303 312867 32 10000000 100 2 20 15467022 16738328 104
0.27 1 498 300 501 293 312837 32 10000000 100 2 20 12258760 19011745 106
0.27 1 345 196 337 178 312723 32 10000000 100 2 20 19401700 9301371 90
0.27 1 683 445 617 365 312918 32 10000000 100 2 20 17143596 13832536 84
0.27 1 482 307 488 288 312826 32 10000000 100 2 20 17091089 14141680 106
0.27 1 540 343 542 311 312863 32 10000000 100 2 20 21789131 10919231 86
0.27 1 517 351 529 293 312854 32 10000000 100 2 20 16833469 15303916 84
0.27 1 400 239 421 216 312778 32 10000000 100 2 20 14766401 15647963 126
0.27 1 737 412 702 349 312975 32 10000000 100 2 20 12827044 18961434 110
0.27 1 516 316 520 297 312850 32 10000000 100 2 20 15400805 16213354 126
0.27 1 598 301 655 301 312936 32 10000000 100 2 20 11970252 17973686 180
0.27 1 492 333 496 296 312831 32 10000000 100 2 20 18827907 12990175 88
0.27 1 607 319 595 278 312897 32 10000000 100 2 20 17953983 13459161 114
0.27 1 519 274 528 228 312854 32 10000000 100 2 20 16491718 13711555 166
0.27 1 552 296 494 228 312834 32 10000000 100 2 20 15205944 16326200 106
0.27 1 489 295 462 235 312811 32 10000000 100 2 20 15154472 13678497 104
0.27 1 534 344 481 254 312824 32 10000000 100 2 20 14664716 17713191 104
0.27 1 493 285 495 256 312831 32 10000000 100 2 20 15791845 15317175 104
0.27 1 469 271 445 234 312800 32 10000000 100 2 20 17619147 12071579 128
0.27 1 601 372 604 335 312903 32 10000000 100 2 20 19499067 12222806 110
0.27 1 374 243 376 225 312748 32 10000000 100 2 20 16384735 12763949 80
0.27 1 451 281 447 241 312797 32 10000000 100 2 20 16344874 13434504 104
0.27 1 548 331 533 286 312859 32 10000000 100 2 20 16719302 14777876 88
0.27 1 588 428 616 410 312914 32 10000000 100 2 20 18696189 14035572 86
0.27 1 515 316 551 321 312865 32 10000000 100 2 20 13398977 18464426 106
0.27 1 623 384 666 353 312946 32 10000000 100 2 20 18880911 12059827 104
0.27 1 527 343 555 303 312870 32 10000000 100 2 20 17022548 12556966 84
0.27 1 620 417 617 369 312915 32 10000000 100 2 20 20553803 13232337 104
0.27 1 576 319 615 309 312910 32 10000000 100 2 20 11614139 17355668 154
0.27 1 617 425 587 328 312893 32 10000000 100 2 20 17541488 16193109 100
0.27 1 487 305 475 264 312819 32 10000000 100 2 20 16923993 12864805 104
0.27 1 604 398 624 362 312920 32 10000000 100 2 20 21347819 13890620 86
0.27 1 561 388 555 328 312873 32 10000000 100 2 20 16128577 16545706 108
0.27 1 490 316 414 239 312781 32 10000000 100 2 20 20857069 10544445 82
0.27 1 495 331 489 285 312826 32 10000000 100 2 20 16325575 15047154 102
0.27 1 422 279 418 223 312781 32 10000000 100 2 20 16996813 13460376 104
0.27 1 498 292 544 308 312862 32 10000000 100 2 20 14678286 15356198 108
0.27 1 350 224 351 185 312730 32 10000000 100 2 20 18231660 11555261 86
0.27 1 499 288 500 268 312836 32 10000000 100 2 20 14920128 16381392 90
0.27 1 452 310 494 278 312829 32 10000000 100 2 20 13949619 16905067 82
0.27 1 541 299 535 273 312860 32 10000000 100 2 20 10846427 17962814 108
0.27 1 508 317 530 270 312854 32 10000000 100 2 20 19375245 11853999 106
0.27 1 580 355 595 301 312898 32 10000000 100 2 20 18312678 12364434 90
0.27 1 572 351 525 292 312855 32 10000000 100 2 20 16286074 16215638 122
0.27 1 519 366 477 318 312821 32 10000000 100 2 20 19080191 13841646 86
0.27 1 419 257 346 166 312732 32 10000000 100 2 20 15822007 13093397 84
0.27 1 567 370 578 341 312885 32 10000000 100 2 20 15181158 15821474 110
0.27 1 406 237 422 225 312779 32 10000000 100 2 20 14777537 15738651 102
0.27 1 485 293 480 267 312821 32 10000000 100 2 20 13728757 16967003 132
0.27 1 467 293 423 223 312784 32 10000000 100 2 20 9604339 20907859 128
0.27 1 525 330 502 292 312833 32 10000000 100 2 20 16239880 16058442 86
0.27 1 388 293 377 234 312750 32 10000000 100 2 20 20649625 9559649 102
0.27 1 499 270 548 275 312865 32 10000000 100 2 20 12396689 18439979 154
0.27 1 424 274 423 240 312782 32 10000000 100 2 20 16169329 14076981 110
0.27 1 443 268 468 244 312811 32 10000000 100 2 20 15593414 14780529 102
0.27 1 510 282 532 255 312853 32 10000000 100 2 20 15120544 15587150 124
0.27 1 439 266 441 224 312792 32 10000000 100 2 20 13774666 15286610 104
0.27 1 448 265 491 253 312824 32 10000000 100 2 20 10695425 18233825 108
0.27 1 521 309 546 267 312864 32 10000000 100 2 20 17965705 13117338 120
0.27 1 564 330 575 335 312884 32 10000000 100 2 20 11097941 20595683 116
