0.26	10	888	501	326	156	312750	32	10000000	100                              	2	20	20161756	11310901	76
0.26	10	661	409	262	134	312698	32	10000000	100                              	2	20	20716029	9208017	66
0.26	10	922	543	343	185	312764	32	10000000	100                              	2	20	21079532	8232945	82
0.26	10	670	393	253	144	312691	32	10000000	100                              	2	20	21549392	9295614	66
0.26	10	744	470	262	151	312701	32	10000000	100                              	2	20	23524116	8761371	70
0.26	10	1001	531	346	183	312771	32	10000000	100                              	2	20	20478391	11459973	88
0.26	10	934	495	279	136	312724	32	10000000	100                              	2	20	22524323	7368527	82
0.26	10	750	418	283	157	312716	32	10000000	100                              	2	20	19650806	10492359	86
0.26	10	844	529	290	165	312727	32	10000000	100                              	2	20	23576455	6711076	54
0.26	10	761	460	295	167	312723	32	10000000	100                              	2	20	19852464	10219190	64
0.26	10	727	443	234	139	312684	32	10000000	100                              	2	20	22687399	8474023	64
0.26	10	936	537	296	148	312735	32	10000000	100                              	2	20	24037728	7430361	84
0.26	10	869	643	271	189	312715	32	10000000	100                              	2	20	26413179	7855013	68
0.26	10	899	532	337	195	312758	32	10000000	100                              	2	20	23315719	7678340	50
0.26	10	841	510	293	161	312728	32	10000000	100                              	2	20	19593381	12622981	82
0.26	10	857	605	302	208	312734	32	10000000	100                              	2	20	23133953	9910560	66
0.26	10	786	432	301	152	312728	32	10000000	100                              	2	20	21445356	9817857	86
0.26	10	795	443	321	157	312740	32	10000000	100                              	2	20	15178615	14108121	98
0.26	10	755	440	261	142	312704	32	10000000	100                              	2	20	22772300	7572347	88
0.26	10	775	466	286	148	312717	32	10000000	100                              	2	20	19733674	9277909	68
0.26	10	758	465	234	118	312686	32	10000000	100                              	2	20	24079303	7494650	72
0.26	10	877	513	323	177	312746	32	10000000	100                              	2	20	20676049	10766715	82
0.26	10	786	350	260	116	312705	32	10000000	100                              	2	20	16041589	13417899	94
0.26	10	879	509	321	160	312748	32	10000000	100                              	2	20	21463620	8679499	88
0.26	10	690	489	253	173	312692	32	10000000	100                              	2	20	22175023	10088823	66
0.26	10	753	417	248	126	312695	32	10000000	100                              	2	20	22698711	7224646	70
0.26	10	705	405	267	133	312703	32	10000000	100                              	2	20	19646811	8899871	98
0.26	10	783	467	304	170	312731	32	10000000	100                              	2	20	16091858	14067604	84
0.26	10	732	424	286	164	312714	32	10000000	100                              	2	20	18444250	13280944	70
0.26	10	970	624	308	190	312746	32	10000000	100                              	2	20	24926768	7592577	64
0.26	10	842	545	316	207	312741	32	10000000	100                              	2	20	21361904	10161936	62
0.26	10	901	554	304	165	312737	32	10000000	100                              	2	20	22609361	7832719	64
0.26	10	832	485	302	148	312730	32	10000000	100                              	2	20	22542265	8131948	60
0.26	10	865	439	288	135	312726	32	10000000	100                              	2	20	21949216	8405050	62
0.26	10	827	452	287	138	312725	32	10000000	100                              	2	20	22368297	8154356	106
0.26	10	772	423	305	144	312732	32	10000000	100                              	2	20	20963435	8700629	90
0.26	10	954	499	318	160	312751	32	10000000	100                              	2	20	23977105	6137614	90
0.26	10	1054	586	346	174	312773	32	10000000	100                              	2	20	24452011	7174340	70
0.26	10	857	515	298	173	312732	32	10000000	100                              	2	20	19585859	11747560	88
0.26	10	838	532	291	167	312726	32	10000000	100                              	2	20	24471913	6920954	112
0.26	10	764	483	262	169	312703	32	10000000	100                              	2	20	22427988	10072354	66
0.26	10	791	480	273	139	312712	32	10000000	100                              	2	20	23327427	7438683	64
0.26	10	861	461	274	118	312717	32	10000000	100                              	2	20	22090259	6996939	68
0.26	10	681	432	225	137	312675	32	10000000	100                              	2	20	22465869	6915875	52
0.26	10	848	551	292	194	312730	32	10000000	100                              	2	20	23866737	9913146	72
0.26	10	940	524	337	167	312762	32	10000000	100                              	2	20	21216997	11610135	100
0.26	10	875	600	298	172	312732	32	10000000	100                              	2	20	25977401	7526876	74
0.26	10	725	449	270	153	312708	32	10000000	100                              	2	20	23287570	8642880	62
0.26	10	746	475	264	155	312702	32	10000000	100                              	2	20	19132678	10492407	68
0.26	10	816	466	303	185	312731	32	10000000	100                              	2	20	19700937	11811587	72
0.26	10	812	446	290	143	312724	32	10000000	100                              	2	20	22315231	7288782	80
0.26	10	836	417	251	128	312703	32	10000000	100                              	2	20	20084326	9136301	64
0.26	10	665	479	262	174	312695	32	10000000	100                              	2	20	25017617	6905466	48
0.26	10	944	562	352	180	312770	32	10000000	100                              	2	20	20498125	12201817	70
0.26	10	736	417	280	160	312714	32	10000000	100                              	2	20	18680559	12947227	90
0.26	10	722	462	260	152	312699	32	10000000	100                              	2	20	20976787	7020980	70
0.26	10	882	550	287	139	312727	32	10000000	100                              	2	20	23935543	6835070	84
0.26	10	930	529	287	143	312730	32	10000000	100                              	2	20	19598627	10618088	70
0.26	10	907	516	293	147	312732	32	10000000	100                              	2	20	23829128	7432210	68
0.26	10	1025	566	383	198	312796	32	10000000	100                              	2	20	24093485	6217068	76
0.26	10	870	515	335	188	312754	32	10000000	100                              	2	20	21889832	8952797	84
0.26	10	919	600	295	171	312731	32	10000000	100                              	2	20	21537704	8343149	82
0.26	10	788	426	292	138	312725	32	10000000	100                              	2	20	22259492	8040874	68
0.26	10	883	556	312	178	312744	32	10000000	100                              	2	20	24881417	8063648	60
0.26	10	915	624	318	185	312747	32	10000000	100                              	2	20	24100153	6341154	68
0.26	10	813	505	307	179	312735	32	10000000	100                              	2	20	19192184	11448649	70
0.26	10	780	443	263	138	312705	32	10000000	100                              	2	20	21794778	8916353	56
0.26	10	672	410	243	130	312683	32	10000000	100                              	2	20	24302717	5726204	50
0.26	10	743	399	281	119	312714	32	10000000	100                              	2	20	20333006	9033879	86
0.26	10	756	475	259	154	312699	32	10000000	100                              	2	20	24025867	7474930	66
0.26	10	809	450	305	164	312733	32	10000000	100                              	2	20	19206043	11858909	82
0.26	10	901	518	312	172	312743	32	10000000	100                              	2	20	24942688	6438779	86
0.26	10	787	478	251	143	312699	32	10000000	100                              	2	20	23332859	6118454	62
0.26	10	897	523	298	167	312735	32	10000000	100                              	2	20	26093615	7427579	66
0.26	10	884	579	298	180	312734	32	10000000	100                              	2	20	19672392	10454058	70
0.26	10	884	546	326	169	312747	32	10000000	100                              	2	20	22213128	8388805	70
0.26	10	866	486	309	150	312737	32	10000000	100                              	2	20	19452078	11221511	92
0.26	10	937	526	310	162	312746	32	10000000	100                              	2	20	15837237	14742610	102
0.26	10	846	469	272	150	312715	32	10000000	100                              	2	20	24470740	8399353	62
0.26	10	747	428	275	140	312712	32	10000000	100                              	2	20	21244335	9402250	74
0.26	10	702	409	253	131	312693	32	10000000	100                              	2	20	19628768	9791744	86
0.26	10	828	504	280	155	312717	32	10000000	100                              	2	20	24043206	7227345	66
0.26	10	1013	606	315	162	312754	32	10000000	100                              	2	20	22155598	8538515	82
0.26	10	696	434	236	126	312684	32	10000000	100                              	2	20	21686191	7980238	62
0.26	10	837	573	287	180	312724	32	10000000	100                              	2	20	22681117	8898087	70
0.26	10	849	493	287	159	312724	32	10000000	100                              	2	20	26504597	5926798	68
0.26	10	836	444	251	132	312703	32	10000000	100                              	2	20	23375023	6887639	66
0.26	10	819	443	271	139	312712	32	10000000	100                              	2	20	20003690	8696176	66
0.26	10	927	624	295	188	312734	32	10000000	100                              	2	20	23214786	10119357	68
0.26	10	1026	667	395	237	312803	32	10000000	100                              	2	20	24694301	9108034	68
0.26	10	795	481	313	170	312738	32	10000000	100                              	2	20	18568382	11276352	72
0.26	10	704	459	266	152	312702	32	10000000	100                              	2	20	24439185	7701697	70
0.26	10	766	461	300	160	312728	32	10000000	100                              	2	20	21772969	9695291	68
0.26	10	832	514	279	153	312718	32	10000000	100                              	2	20	22057251	7654742	54
0.26	10	689	376	281	142	312711	32	10000000	100                              	2	20	20632879	9168834	68
0.26	10	740	394	271	137	312709	32	10000000	100                              	2	20	20488029	9074903	90
0.26	10	835	584	295	182	312728	32	10000000	100                              	2	20	23564408	10584547	66
0.26	10	823	507	296	166	312728	32	10000000	100                              	2	20	24608186	7901098	76
0.26	10	907	512	300	162	312736	32	10000000	100                              	2	20	21854727	7909926	66
0.26	10	632	350	233	117	312678	32	10000000	100                              	2	20	21759954	8225188	68
0.26	10	1828	1186	623	357	156492	64	10000000	100                              	2	20	26704047	10308631	68
0.26	10	2066	1271	732	402	156538	64	10000000	100                              	2	20	23577825	14511717	94
0.26	10	2028	1074	735	346	156535	64	10000000	100                              	2	20	26376965	9901952	96
0.26	10	2076	1118	726	348	156531	64	10000000	100                              	2	20	27057038	9139177	84
0.26	10	2072	1227	708	350	156528	64	10000000	100                              	2	20	24194518	12199489	88
0.26	10	1560	902	599	323	156480	64	10000000	100                              	2	20	25152271	10871006	76
0.26	10	1732	1040	588	301	156480	64	10000000	100                              	2	20	26575892	8914900	88
0.26	10	1724	1059	604	309	156485	64	10000000	100                              	2	20	26767452	9300216	68
0.26	10	1960	1152	661	360	156509	64	10000000	100                              	2	20	27982843	9526808	92
0.26	10	1797	1058	673	341	156508	64	10000000	100                              	2	20	27124328	8472387	94
0.26	10	1856	1160	692	398	156517	64	10000000	100                              	2	20	26659742	10578058	72
0.26	10	1698	964	564	293	156472	64	10000000	100                              	2	20	28415737	8724864	84
0.26	10	1620	905	565	265	156469	64	10000000	100                              	2	20	25542724	10594221	92
0.26	10	1975	1092	651	291	156507	64	10000000	100                              	2	20	27910323	8309358	90
0.26	10	1952	1177	698	382	156521	64	10000000	100                              	2	20	31871039	8048970	70
0.26	10	1780	1116	610	333	156487	64	10000000	100                              	2	20	27118282	10255042	74
0.26	10	1617	924	549	285	156465	64	10000000	100                              	2	20	27417232	8418393	76
0.26	10	2041	1253	719	411	156531	64	10000000	100                              	2	20	29555030	8127347	74
0.26	10	1600	863	560	278	156466	64	10000000	100                              	2	20	27942095	7724882	68
0.26	10	1721	927	632	317	156493	64	10000000	100                              	2	20	24310843	12319127	88
0.26	10	1717	922	590	252	156479	64	10000000	100                              	2	20	23434342	12212617	96
0.26	10	1666	1015	604	305	156483	64	10000000	100                              	2	20	27838220	8523810	88
0.26	10	1769	1134	595	313	156483	64	10000000	100                              	2	20	29417427	8291299	84
0.26	10	1733	958	623	323	156492	64	10000000	100                              	2	20	25988863	10700045	112
0.26	10	1555	925	564	298	156467	64	10000000	100                              	2	20	27738125	9783094	82
0.26	10	1824	975	636	301	156497	64	10000000	100                              	2	20	26181730	10539772	100
0.26	10	1616	975	584	316	156475	64	10000000	100                              	2	20	26306949	9879168	68
0.26	10	1608	835	592	273	156477	64	10000000	100                              	2	20	25130471	10751550	84
0.26	10	2174	1178	702	336	156528	64	10000000	100                              	2	20	20154701	16129652	124
0.26	10	1969	1015	705	330	156525	64	10000000	100                              	2	20	25575019	11214354	94
0.26	10	2523	1427	889	470	156600	64	10000000	100                              	2	20	25147249	14766094	82
0.26	10	1832	1006	643	307	156499	64	10000000	100                              	2	20	26298047	10457056	86
0.26	10	1854	1120	610	341	156490	64	10000000	100                              	2	20	27449792	10180724	76
0.26	10	2276	1248	806	405	156564	64	10000000	100                              	2	20	28831843	8550605	88
0.26	10	2057	1165	686	335	156521	64	10000000	100                              	2	20	28069258	9895997	106
0.26	10	2068	1091	699	306	156527	64	10000000	100                              	2	20	29978940	7409663	110
0.26	10	1679	865	593	266	156480	64	10000000	100                              	2	20	26546471	9379064	106
0.26	10	1697	1068	588	309	156477	64	10000000	100                              	2	20	27884439	10476388	84
0.26	10	1828	1138	637	353	156497	64	10000000	100                              	2	20	29255511	8293500	74
0.26	10	1530	850	533	283	156456	64	10000000	100                              	2	20	29461406	7598482	62
0.26	10	1751	1045	634	335	156495	64	10000000	100                              	2	20	29169771	7738539	84
0.26	10	1980	1073	671	289	156512	64	10000000	100                              	2	20	23672153	12182049	78
0.26	10	2197	1085	733	307	156540	64	10000000	100                              	2	20	23467232	11614133	110
0.26	10	1626	973	552	281	156465	64	10000000	100                              	2	20	25386570	8623676	80
0.26	10	1641	904	557	264	156468	64	10000000	100                              	2	20	28772357	6271496	80
0.26	10	1440	786	536	258	156455	64	10000000	100                              	2	20	26865003	8709391	72
0.26	10	2041	1087	746	380	156539	64	10000000	100                              	2	20	27870394	9904849	66
0.26	10	1795	1019	659	314	156503	64	10000000	100                              	2	20	25578441	10636203	74
0.26	10	1589	900	562	271	156467	64	10000000	100                              	2	20	26532767	9560093	92
0.26	10	1768	934	590	263	156481	64	10000000	100                              	2	20	23839432	12247913	106
0.26	10	1673	1014	613	316	156484	64	10000000	100                              	2	20	28530721	8592409	86
0.26	10	2357	1151	869	400	156587	64	10000000	100                              	2	20	27922153	9559747	96
0.26	10	1942	1202	662	355	156511	64	10000000	100                              	2	20	27555873	11655421	92
0.26	10	1774	977	673	353	156508	64	10000000	100                              	2	20	26694230	11407084	84
0.26	10	1811	1101	598	320	156485	64	10000000	100                              	2	20	27715709	9475985	72
0.26	10	1478	781	557	246	156462	64	10000000	100                              	2	20	25965929	10677544	76
0.26	10	1731	891	582	259	156478	64	10000000	100                              	2	20	26079709	8504144	94
0.26	10	1735	898	597	265	156482	64	10000000	100                              	2	20	25165542	10365320	90
0.26	10	2252	1359	786	399	156559	64	10000000	100                              	2	20	28880507	9068435	92
0.26	10	1915	1135	645	365	156503	64	10000000	100                              	2	20	25903649	11524849	70
0.26	10	2058	1383	753	461	156540	64	10000000	100                              	2	20	29709032	8431316	72
0.26	10	2259	1145	807	345	156564	64	10000000	100                              	2	20	17110596	18172931	124
0.26	10	1794	960	678	303	156510	64	10000000	100                              	2	20	23376961	12394863	96
0.26	10	1789	1001	586	270	156482	64	10000000	100                              	2	20	27645519	8972654	64
0.26	10	1515	885	555	289	156463	64	10000000	100                              	2	20	26808926	8861860	98
0.26	10	1793	984	625	283	156494	64	10000000	100                              	2	20	26741039	8755616	90
0.26	10	1559	934	588	295	156474	64	10000000	100                              	2	20	24784626	12011973	82
0.26	10	1670	992	554	258	156467	64	10000000	100                              	2	20	28975382	8031661	84
0.26	10	1775	983	670	327	156506	64	10000000	100                              	2	20	25786139	9693127	86
0.26	10	1554	891	538	280	156459	64	10000000	100                              	2	20	26933063	8920424	84
0.26	10	1748	1062	636	343	156494	64	10000000	100                              	2	20	25590785	11929860	92
0.26	10	1653	947	557	293	156469	64	10000000	100                              	2	20	25980768	10369951	70
0.26	10	1797	1008	656	330	156503	64	10000000	100                              	2	20	28507538	8028096	102
0.26	10	1624	969	553	309	156464	64	10000000	100                              	2	20	28217603	10114349	72
0.26	10	1889	1109	693	345	156518	64	10000000	100                              	2	20	24158824	11792027	118
0.26	10	2003	1256	747	401	156537	64	10000000	100                              	2	20	15204884	22547381	108
0.26	10	1568	981	535	282	156457	64	10000000	100                              	2	20	26348299	11073979	80
0.26	10	1763	987	613	306	156489	64	10000000	100                              	2	20	25280651	9636025	104
0.26	10	1858	946	681	296	156514	64	10000000	100                              	2	20	26944573	9321310	118
0.26	10	1650	930	585	296	156476	64	10000000	100                              	2	20	25868506	11130795	88
0.26	10	2121	1095	736	334	156537	64	10000000	100                              	2	20	20481732	16634643	124
0.26	10	2124	1280	750	385	156542	64	10000000	100                              	2	20	27476801	8634874	108
0.26	10	1815	1059	692	344	156516	64	10000000	100                              	2	20	24963959	11263783	100
0.26	10	1729	918	608	273	156485	64	10000000	100                              	2	20	28159302	8648073	100
0.26	10	1733	1000	600	299	156486	64	10000000	100                              	2	20	28056749	8495499	74
0.26	10	1479	933	495	236	156444	64	10000000	100                              	2	20	26940668	8863993	76
0.26	10	1906	1161	698	371	156520	64	10000000	100                              	2	20	27013966	8799755	80
0.26	10	1793	997	636	329	156497	64	10000000	100                              	2	20	26639930	9910460	94
0.26	10	2031	1133	724	363	156531	64	10000000	100                              	2	20	20047317	16931398	110
0.26	10	2008	1106	660	293	156510	64	10000000	100                              	2	20	28253805	8835006	96
0.26	10	2077	1127	740	381	156537	64	10000000	100                              	2	20	26546354	10075232	70
0.26	10	1790	1013	605	299	156488	64	10000000	100                              	2	20	22077775	13232718	92
0.26	10	1918	935	661	285	156510	64	10000000	100                              	2	20	17868778	17540378	114
0.26	10	1523	884	567	318	156467	64	10000000	100                              	2	20	25753251	10529394	90
0.26	10	1635	969	549	300	156464	64	10000000	100                              	2	20	25422908	10523559	90
0.26	10	1653	829	553	220	156466	64	10000000	100                              	2	20	21856322	13319056	112
0.26	10	2086	1103	694	295	156523	64	10000000	100                              	2	20	23956549	12612383	108
0.26	10	1731	1027	677	375	156507	64	10000000	100                              	2	20	28366574	9549871	86
0.26	10	2070	1184	739	355	156536	64	10000000	100                              	2	20	28393011	9950659	74
0.26	10	1987	1190	707	381	156525	64	10000000	100                              	2	20	24969091	10663624	88
0.26	10	3731	2235	1376	704	78390	128	10000000	100                              	2	20	33067840	10854927	88
0.26	10	3233	1742	1117	526	78342	128	10000000	100                              	2	20	27670141	15057887	96
0.26	10	3823	1994	1313	543	78383	128	10000000	100                              	2	20	31552344	9752861	102
0.26	10	3935	2068	1398	602	78398	128	10000000	100                              	2	20	27535234	15722743	112
0.26	10	3955	2200	1484	674	78409	128	10000000	100                              	2	20	32206476	9087778	106
0.26	10	3575	1945	1305	618	78376	128	10000000	100                              	2	20	31776790	9614617	88
0.26	10	4301	2107	1430	611	78407	128	10000000	100                              	2	20	29533542	12433834	106
0.26	10	4488	2618	1661	800	78447	128	10000000	100                              	2	20	32629101	12153817	104
0.26	10	3982	2059	1403	591	78397	128	10000000	100                              	2	20	30341773	11186371	100
0.26	10	3709	2221	1365	684	78389	128	10000000	100                              	2	20	31349649	11654272	94
0.26	10	3401	1930	1225	596	78362	128	10000000	100                              	2	20	32793111	8401622	106
0.26	10	4219	2208	1553	692	78425	128	10000000	100                              	2	20	32138680	11018146	106
0.26	10	3487	1877	1257	588	78368	128	10000000	100                              	2	20	25952987	16572000	106
0.26	10	3659	1969	1322	566	78381	128	10000000	100                              	2	20	30368184	11704582	94
0.26	10	3477	1933	1205	569	78360	128	10000000	100                              	2	20	32734623	10212847	106
0.26	10	3442	1840	1254	585	78367	128	10000000	100                              	2	20	28728758	12975786	102
0.26	10	3871	1920	1341	562	78387	128	10000000	100                              	2	20	28964046	12619977	110
0.26	10	4364	2041	1392	572	78402	128	10000000	100                              	2	20	31520674	9449393	98
0.26	10	3355	1935	1189	563	78354	128	10000000	100                              	2	20	29645866	12191704	102
0.26	10	4006	2364	1356	658	78391	128	10000000	100                              	2	20	30202605	13395669	98
0.26	10	3905	1857	1409	581	78397	128	10000000	100                              	2	20	30302549	12991649	104
0.26	10	4228	2442	1492	736	78416	128	10000000	100                              	2	20	32246081	10674688	90
0.26	10	3316	1633	1131	464	78345	128	10000000	100                              	2	20	31056523	9237502	96
0.26	10	3572	1890	1187	539	78359	128	10000000	100                              	2	20	29505868	11853350	94
0.26	10	3238	1828	1207	574	78356	128	10000000	100                              	2	20	29350979	11544363	98
0.26	10	3289	1786	1113	523	78342	128	10000000	100                              	2	20	33561863	8146170	70
0.26	10	3861	2075	1389	628	78394	128	10000000	100                              	2	20	30330531	12222748	98
0.26	10	3808	2094	1355	647	78388	128	10000000	100                              	2	20	30296860	12392031	98
0.26	10	3829	1835	1392	551	78394	128	10000000	100                              	2	20	27589206	14385821	102
0.26	10	3848	2078	1421	669	78398	128	10000000	100                              	2	20	32897333	9088094	82
0.26	10	3883	2040	1374	611	78392	128	10000000	100                              	2	20	24264272	17863992	110
0.26	10	4117	2499	1368	693	78395	128	10000000	100                              	2	20	34126171	8859426	98
0.26	10	4407	2026	1562	594	78430	128	10000000	100                              	2	20	28052022	14563978	116
0.26	10	4383	2102	1530	570	78425	128	10000000	100                              	2	20	32424968	9040539	88
0.26	10	3974	1867	1419	567	78400	128	10000000	100                              	2	20	19984404	21175028	120
0.26	10	3854	2247	1313	656	78383	128	10000000	100                              	2	20	32558818	11345744	90
0.26	10	3797	2238	1345	663	78387	128	10000000	100                              	2	20	32645159	9620900	84
0.26	10	3948	2062	1400	638	78398	128	10000000	100                              	2	20	31123720	10974412	78
0.26	10	3280	1763	1117	517	78343	128	10000000	100                              	2	20	31137534	10710322	100
0.26	10	4074	2234	1454	636	78408	128	10000000	100                              	2	20	32011511	9669501	76
0.26	10	4071	2551	1547	841	78423	128	10000000	100                              	2	20	33129923	11559259	92
0.26	10	3698	1973	1285	568	78376	128	10000000	100                              	2	20	26984260	14620285	98
0.26	10	3871	2033	1342	611	78388	128	10000000	100                              	2	20	31825906	9766642	74
0.26	10	4296	2285	1478	639	78416	128	10000000	100                              	2	20	32645433	9536219	108
0.26	10	4092	2200	1446	668	78407	128	10000000	100                              	2	20	31026489	11936002	126
0.26	10	3892	2119	1291	631	78380	128	10000000	100                              	2	20	33090311	9777501	114
0.26	10	3764	1994	1297	614	78379	128	10000000	100                              	2	20	28642871	13922179	100
0.26	10	3965	2365	1272	667	78378	128	10000000	100                              	2	20	30745716	13722559	94
0.26	10	3779	2098	1333	595	78384	128	10000000	100                              	2	20	30684847	11521774	106
0.26	10	3999	2310	1409	688	78401	128	10000000	100                              	2	20	33829751	8715386	94
0.26	10	3848	1731	1363	519	78390	128	10000000	100                              	2	20	30378621	11211259	124
0.26	10	4397	2290	1531	658	78425	128	10000000	100                              	2	20	29776927	12881255	92
0.26	10	3367	1731	1193	540	78357	128	10000000	100                              	2	20	31566930	10074891	114
0.26	10	3429	1794	1231	537	78363	128	10000000	100                              	2	20	31757190	9251805	102
0.26	10	4444	2409	1553	660	78429	128	10000000	100                              	2	20	29646302	13488101	90
0.26	10	3525	1837	1177	516	78356	128	10000000	100                              	2	20	29012792	11988060	90
0.26	10	3216	1550	1150	491	78347	128	10000000	100                              	2	20	30639505	10579743	98
0.26	10	3653	2241	1305	699	78378	128	10000000	100                              	2	20	29073146	13433627	98
0.26	10	4392	2267	1569	661	78431	128	10000000	100                              	2	20	25194825	17151197	118
0.26	10	4203	2213	1429	625	78407	128	10000000	100                              	2	20	33362661	9808120	90
0.26	10	3605	1896	1326	553	78379	128	10000000	100                              	2	20	29431285	12790324	100
0.26	10	4055	2432	1388	678	78396	128	10000000	100                              	2	20	31086029	12518701	82
0.26	10	3448	1983	1258	568	78369	128	10000000	100                              	2	20	30192276	11746358	88
0.26	10	3996	1835	1427	587	78402	128	10000000	100                              	2	20	31816387	10251586	104
0.26	10	3825	1931	1324	557	78383	128	10000000	100                              	2	20	27908475	13216850	96
0.26	10	3370	1887	1272	599	78369	128	10000000	100                              	2	20	32487541	9622581	80
0.26	10	3485	2159	1274	646	78369	128	10000000	100                              	2	20	30048316	12136554	84
0.26	10	3449	1833	1259	591	78367	128	10000000	100                              	2	20	26699166	14937182	90
0.26	10	3866	2298	1348	704	78388	128	10000000	100                              	2	20	34111472	10735597	98
0.26	10	3989	2321	1400	717	78398	128	10000000	100                              	2	20	34083093	9963554	94
0.26	10	4132	2079	1528	626	78420	128	10000000	100                              	2	20	27817525	15323416	122
0.26	10	4280	2151	1488	650	78416	128	10000000	100                              	2	20	31331515	11640183	122
0.26	10	4248	2148	1483	623	78414	128	10000000	100                              	2	20	28534851	15089974	116
0.26	10	3697	1950	1307	604	78380	128	10000000	100                              	2	20	32119005	10019230	118
0.26	10	4115	2105	1483	645	78413	128	10000000	100                              	2	20	29467887	13535977	90
0.26	10	3900	2011	1388	637	78394	128	10000000	100                              	2	20	30904464	11201881	100
0.26	10	3812	2153	1352	638	78388	128	10000000	100                              	2	20	32396181	10880773	86
0.26	10	3891	2036	1323	583	78385	128	10000000	100                              	2	20	29514044	12400936	98
0.26	10	3611	2034	1301	636	78378	128	10000000	100                              	2	20	29820815	10958919	102
0.26	10	4117	2385	1515	732	78419	128	10000000	100                              	2	20	31847434	11444907	94
0.26	10	3711	1864	1322	556	78381	128	10000000	100                              	2	20	29942050	10188069	96
0.26	10	4361	2482	1520	719	78422	128	10000000	100                              	2	20	32731631	10371577	90
0.26	10	3476	1926	1208	580	78360	128	10000000	100                              	2	20	32597005	8339655	98
0.26	10	3255	1961	1087	589	78338	128	10000000	100                              	2	20	36191811	8249689	80
0.26	10	4426	2109	1509	585	78423	128	10000000	100                              	2	20	26955106	14714851	128
0.26	10	3385	1910	1157	536	78351	128	10000000	100                              	2	20	33338810	9138721	86
0.26	10	4150	2279	1509	681	78416	128	10000000	100                              	2	20	32545242	9524219	84
0.26	10	3664	2002	1268	622	78372	128	10000000	100                              	2	20	31800123	8983040	110
0.26	10	3665	2086	1337	677	78383	128	10000000	100                              	2	20	32869464	10676195	88
0.26	10	4055	2225	1460	695	78408	128	10000000	100                              	2	20	31862014	10526771	90
0.26	10	3755	2218	1379	699	78390	128	10000000	100                              	2	20	32183539	9207256	90
0.26	10	3387	1649	1164	499	78351	128	10000000	100                              	2	20	30988598	9607578	92
0.26	10	3834	2197	1336	632	78385	128	10000000	100                              	2	20	32018206	11115716	90
0.26	10	4193	2176	1449	654	78409	128	10000000	100                              	2	20	29608247	13923271	104
0.26	10	4112	1974	1480	579	78413	128	10000000	100                              	2	20	32643695	10567562	128
0.26	10	3687	1998	1309	594	78379	128	10000000	100                              	2	20	25669273	16880245	100
0.26	10	3412	1924	1201	555	78357	128	10000000	100                              	2	20	33605576	7763699	94
0.26	10	3945	2390	1420	724	78401	128	10000000	100                              	2	20	36456754	8286577	102
0.26	10	3875	1973	1326	571	78385	128	10000000	100                              	2	20	31233732	9808664	102
0.26	10	3934	2276	1338	628	78387	128	10000000	100                              	2	20	31531091	9784259	96
0.26	10	7863	3706	2780	1095	39334	256	10000000	100                              	2	20	31291338	16579503	126
0.26	10	7452	3869	2685	1140	39322	256	10000000	100                              	2	20	34704233	12108561	94
0.26	10	7869	3928	2753	1157	39331	256	10000000	100                              	2	20	32989137	15388597	96
0.26	10	8389	3803	3032	1143	39357	256	10000000	100                              	2	20	31297434	15267655	112
0.26	10	7631	3602	2613	965	39318	256	10000000	100                              	2	20	34051834	12605681	128
0.26	10	8135	4098	2899	1215	39344	256	10000000	100                              	2	20	35366525	12544067	110
0.26	10	7620	3708	2792	1147	39332	256	10000000	100                              	2	20	32878244	13769518	112
0.26	10	7320	3602	2651	1102	39319	256	10000000	100                              	2	20	33785041	13138049	120
0.26	10	7924	3869	2802	1084	39335	256	10000000	100                              	2	20	38226171	9659672	104
0.26	10	6974	3669	2433	1066	39299	256	10000000	100                              	2	20	34914294	11981247	98
0.26	10	8627	4625	3044	1369	39360	256	10000000	100                              	2	20	32489208	15570687	116
0.26	10	7919	3696	2888	1173	39341	256	10000000	100                              	2	20	33856739	13760252	112
0.26	10	7649	4183	2721	1235	39326	256	10000000	100                              	2	20	38402146	10330940	106
0.26	10	7906	3252	2750	942	39331	256	10000000	100                              	2	20	35002838	11328393	104
0.26	10	7991	4178	2904	1296	39343	256	10000000	100                              	2	20	33560516	14548116	114
0.26	10	8152	4314	2831	1260	39339	256	10000000	100                              	2	20	36318503	11181509	120
0.26	10	8493	4647	2954	1351	39352	256	10000000	100                              	2	20	35652437	14899028	110
0.26	10	7323	3273	2508	921	39308	256	10000000	100                              	2	20	35358748	10899743	96
0.26	10	8742	4042	3071	1119	39363	256	10000000	100                              	2	20	36403062	11027577	128
0.26	10	7479	3495	2735	1121	39327	256	10000000	100                              	2	20	32470259	14374890	114
0.26	10	7948	4272	2783	1239	39334	256	10000000	100                              	2	20	37346335	10808140	102
0.26	10	8430	3695	2971	1122	39353	256	10000000	100                              	2	20	34145244	13605029	118
0.26	10	7888	4188	2829	1313	39337	256	10000000	100                              	2	20	34485187	13055223	106
0.26	10	7433	3980	2700	1148	39324	256	10000000	100                              	2	20	34888923	12424887	110
0.26	10	8612	3881	2972	1098	39355	256	10000000	100                              	2	20	39040723	8434692	108
0.26	10	8435	3793	2954	1108	39351	256	10000000	100                              	2	20	36569650	11088075	98
0.26	10	8947	3935	3047	1063	39363	256	10000000	100                              	2	20	34323276	11982964	120
0.26	10	7900	4048	2794	1251	39335	256	10000000	100                              	2	20	35803289	12801248	112
0.26	10	8073	3578	2794	1023	39336	256	10000000	100                              	2	20	35204270	12853382	120
0.26	10	10408	4341	3609	1203	39417	256	10000000	100                              	2	20	36050247	11850938	144
0.26	10	9479	3990	3201	1089	39379	256	10000000	100                              	2	20	34967890	12541074	104
0.26	10	7661	3568	2609	1025	39318	256	10000000	100                              	2	20	34253435	13170508	110
0.26	10	7605	3865	2741	1155	39329	256	10000000	100                              	2	20	35705418	11691989	102
0.26	10	8392	4138	2974	1201	39353	256	10000000	100                              	2	20	35617587	11609378	100
0.26	10	7651	4004	2789	1294	39332	256	10000000	100                              	2	20	37487976	11170340	96
0.26	10	8751	4360	3084	1346	39365	256	10000000	100                              	2	20	35619451	13389942	94
0.26	10	7677	3731	2684	1098	39324	256	10000000	100                              	2	20	34969485	12884904	104
0.26	10	6995	3765	2483	1132	39303	256	10000000	100                              	2	20	35590468	12416751	94
0.26	10	7783	3503	2737	1016	39329	256	10000000	100                              	2	20	35199266	11475861	98
0.26	10	8396	4228	2891	1176	39346	256	10000000	100                              	2	20	37594825	9607690	92
0.26	10	10018	4438	3515	1251	39407	256	10000000	100                              	2	20	35910033	11424849	140
0.26	10	9144	4333	3292	1253	39383	256	10000000	100                              	2	20	38335635	10549426	104
0.26	10	7992	4392	2894	1380	39343	256	10000000	100                              	2	20	33740815	14896616	108
0.26	10	7278	3547	2469	996	39304	256	10000000	100                              	2	20	32325973	13934288	106
0.26	10	7001	3486	2529	1100	39307	256	10000000	100                              	2	20	35157949	11789366	104
0.26	10	7174	3462	2535	1033	39309	256	10000000	100                              	2	20	35311246	11833639	120
0.26	10	7902	3733	2724	1086	39329	256	10000000	100                              	2	20	32507745	14840849	114
0.26	10	7988	3938	2908	1212	39344	256	10000000	100                              	2	20	34634167	13432802	116
0.26	10	8079	4338	2864	1206	39341	256	10000000	100                              	2	20	33544145	13364778	110
0.26	10	8429	4051	2989	1175	39354	256	10000000	100                              	2	20	28613041	18823239	132
0.26	10	7160	3513	2496	981	39306	256	10000000	100                              	2	20	33864774	13772226	104
0.26	10	8590	4072	2951	1189	39352	256	10000000	100                              	2	20	32609163	15146423	110
0.26	10	7716	3491	2615	984	39319	256	10000000	100                              	2	20	36206187	10539648	104
0.26	10	8275	3881	2925	1138	39347	256	10000000	100                              	2	20	35253216	12253424	120
0.26	10	9863	4444	3434	1251	39400	256	10000000	100                              	2	20	38258976	10334447	122
0.26	10	8117	4565	2758	1240	39333	256	10000000	100                              	2	20	36436268	11619382	106
0.26	10	8164	4247	2790	1182	39336	256	10000000	100                              	2	20	36642389	11106364	84
0.26	10	8478	4473	2880	1238	39345	256	10000000	100                              	2	20	36540299	11624919	98
0.26	10	8654	4324	3011	1274	39357	256	10000000	100                              	2	20	34391889	13805225	112
0.26	10	7556	3549	2616	1063	39318	256	10000000	100                              	2	20	33114017	13865718	114
0.26	10	7083	3891	2541	1211	39309	256	10000000	100                              	2	20	34945909	12586207	94
0.26	10	7670	3700	2749	1147	39329	256	10000000	100                              	2	20	35039541	12536409	116
0.26	10	6752	4032	2317	1200	39288	256	10000000	100                              	2	20	37479865	10001025	90
0.26	10	7019	3702	2413	1124	39298	256	10000000	100                              	2	20	35720420	12725287	92
0.26	10	8201	4023	2952	1224	39349	256	10000000	100                              	2	20	36047882	12021833	102
0.26	10	8729	3898	3032	1122	39360	256	10000000	100                              	2	20	36924041	10381124	92
0.26	10	7961	4085	2765	1240	39333	256	10000000	100                              	2	20	34497360	13810581	118
0.26	10	8016	3792	2784	1135	39334	256	10000000	100                              	2	20	35775497	12388591	104
0.26	10	7441	3974	2637	1217	39318	256	10000000	100                              	2	20	35099550	13790532	114
0.26	10	8568	4300	3004	1166	39356	256	10000000	100                              	2	20	37000458	10925177	124
0.26	10	9161	4306	3277	1332	39382	256	10000000	100                              	2	20	36579922	12414129	140
0.26	10	8121	3924	2737	1106	39332	256	10000000	100                              	2	20	31206594	17207350	114
0.26	10	7839	4082	2742	1171	39331	256	10000000	100                              	2	20	37870598	10215166	116
0.26	10	7478	3785	2607	1095	39317	256	10000000	100                              	2	20	33758771	13053677	110
0.26	10	7672	3611	2640	1074	39321	256	10000000	100                              	2	20	31570329	15238148	124
0.26	10	8804	4009	3142	1200	39369	256	10000000	100                              	2	20	33078110	14839444	140
0.26	10	8652	3959	3093	1200	39363	256	10000000	100                              	2	20	34438754	13855351	120
0.26	10	7069	3467	2507	1006	39305	256	10000000	100                              	2	20	33643275	13396331	100
0.26	10	9335	4809	3349	1443	39388	256	10000000	100                              	2	20	35527947	13495502	122
0.26	10	9337	4745	3209	1270	39378	256	10000000	100                              	2	20	36818860	10816387	112
0.26	10	8713	4052	3029	1281	39359	256	10000000	100                              	2	20	27089955	21061355	136
0.26	10	7880	3778	2719	1100	39329	256	10000000	100                              	2	20	30097061	16671669	116
0.26	10	7952	4006	2722	1115	39329	256	10000000	100                              	2	20	35287875	11958765	100
0.26	10	7771	3568	2794	1031	39333	256	10000000	100                              	2	20	35124670	11786878	106
0.26	10	7524	3723	2636	1066	39319	256	10000000	100                              	2	20	34570948	12484211	100
0.26	10	8403	3675	2905	1093	39347	256	10000000	100                              	2	20	26590762	20213404	134
0.26	10	7799	4244	2762	1255	39332	256	10000000	100                              	2	20	34742475	14161894	106
0.26	10	7709	3623	2686	1041	39325	256	10000000	100                              	2	20	34445231	13067689	112
0.26	10	8822	4148	3094	1235	39366	256	10000000	100                              	2	20	36159259	11713562	110
0.26	10	7849	4045	2764	1176	39332	256	10000000	100                              	2	20	37862475	10281904	92
0.26	10	7686	3688	2675	1089	39324	256	10000000	100                              	2	20	34556826	12630031	110
0.26	10	8170	3807	2800	1050	39337	256	10000000	100                              	2	20	33318774	13151891	106
0.26	10	8156	3951	2800	1072	39337	256	10000000	100                              	2	20	34459687	13114856	92
0.26	10	8446	4139	2958	1192	39351	256	10000000	100                              	2	20	32739077	15618374	104
0.26	10	7965	3802	2783	1092	39334	256	10000000	100                              	2	20	36151767	10925345	104
0.26	10	8310	3742	2920	1007	39347	256	10000000	100                              	2	20	37160904	10633183	114
0.26	10	8314	4603	2985	1435	39352	256	10000000	100                              	2	20	34069866	14796611	116
0.26	10	7044	3387	2529	1045	39307	256	10000000	100                              	2	20	36058643	10751122	98
0.26	10	8968	4147	3254	1228	39379	256	10000000	100                              	2	20	37557369	11368395	112
0.26	10	7199	3598	2561	1103	39311	256	10000000	100                              	2	20	33087285	14402744	106
