0.02	10	6955	3582	150	116	313027	32	10000000	100                              	2	20	30048739	4994167	46
0.02	10	8890	4257	175	140	313162	32	10000000	100                              	2	20	29824542	4991756	56
0.02	10	6383	2906	143	108	312987	32	10000000	100                              	2	20	30416195	4995895	50
0.02	10	6808	3457	135	111	313008	32	10000000	100                              	2	20	31437715	4993123	48
0.02	10	7834	3595	158	144	313087	32	10000000	100                              	2	20	31789398	4991434	48
0.02	10	6690	2806	117	101	312990	32	10000000	100                              	2	20	30705804	5067896	38
0.02	10	5996	2950	115	93	312945	32	10000000	100                              	2	20	29496851	4995679	46
0.02	10	5361	2936	112	98	312904	32	10000000	100                              	2	20	30113693	5017501	48
0.02	10	6162	2944	141	113	312971	32	10000000	100                              	2	20	29230142	4994764	46
0.02	10	7184	2823	119	91	313021	32	10000000	100                              	2	20	30485903	4996864	38
0.02	10	6475	2640	155	117	312999	32	10000000	100                              	2	20	29688146	5072761	50
0.02	10	5658	2520	112	87	312921	32	10000000	100                              	2	20	29037120	4994113	76
0.02	10	6544	3335	128	103	312986	32	10000000	100                              	2	20	31682339	4997534	64
0.02	10	7188	3913	154	122	313043	32	10000000	100                              	2	20	33771998	4992540	56
0.02	10	5828	2899	114	95	312932	32	10000000	100                              	2	20	30771772	5028623	58
0.02	10	5655	2829	129	103	312931	32	10000000	100                              	2	20	29635122	5009915	56
0.02	10	6620	3194	118	96	312984	32	10000000	100                              	2	20	31131847	4992998	42
0.02	10	6716	3475	152	115	313012	32	10000000	100                              	2	20	30027256	4992969	46
0.02	10	5074	2229	120	96	312891	32	10000000	100                              	2	20	28708784	5009183	56
0.02	10	5850	2627	107	91	312930	32	10000000	100                              	2	20	28755897	4993948	46
0.02	10	6032	2982	121	89	312951	32	10000000	100                              	2	20	31835895	4993658	64
0.02	10	7452	3285	137	108	313049	32	10000000	100                              	2	20	30139526	5066191	56
0.02	10	6243	2615	124	98	312964	32	10000000	100                              	2	20	29453118	5022535	52
0.02	10	8173	4138	144	121	313098	32	10000000	100                              	2	20	32745279	5000945	86
0.02	10	6339	2978	121	103	312971	32	10000000	100                              	2	20	28949678	4993352	54
0.02	10	6108	2941	120	98	312954	32	10000000	100                              	2	20	29910333	5008943	54
0.02	10	7585	4083	152	127	313066	32	10000000	100                              	2	20	31248736	4992176	64
0.02	10	7491	3348	146	120	313058	32	10000000	100                              	2	20	30352580	4993891	50
0.02	10	7313	4179	131	109	313037	32	10000000	100                              	2	20	33476252	4992342	40
0.02	10	5480	2527	109	83	312909	32	10000000	100                              	2	20	30836910	5015597	48
0.02	10	5958	3525	131	112	312951	32	10000000	100                              	2	20	31623158	4996344	44
0.02	10	7071	3261	161	124	313040	32	10000000	100                              	2	20	28909776	5054557	54
0.02	10	7152	3470	140	108	313032	32	10000000	100                              	2	20	29837214	5001030	42
0.02	10	4740	2718	97	88	312854	32	10000000	100                              	2	20	30828532	4995980	60
0.02	10	6473	3842	147	124	312995	32	10000000	100                              	2	20	33191827	4995713	44
0.02	10	5643	2105	119	94	312925	32	10000000	100                              	2	20	27484890	4995691	58
0.02	10	7500	3110	144	106	313057	32	10000000	100                              	2	20	28710464	4992176	48
0.02	10	7344	3478	139	103	313043	32	10000000	100                              	2	20	31416791	4995455	70
0.02	10	6786	3659	128	114	313003	32	10000000	100                              	2	20	30769402	5003838	46
0.02	10	4994	2506	103	83	312875	32	10000000	100                              	2	20	31076532	5178686	52
0.02	10	7012	3248	130	108	313018	32	10000000	100                              	2	20	31717766	4994810	54
0.02	10	7094	2702	147	106	313032	32	10000000	100                              	2	20	30907328	5030983	46
0.02	10	6860	3424	141	115	313015	32	10000000	100                              	2	20	32220196	4994792	46
0.02	10	7064	3731	151	122	313033	32	10000000	100                              	2	20	31604433	4997933	46
0.02	10	5277	3166	120	98	312902	32	10000000	100                              	2	20	30881060	4997498	42
0.02	10	6245	2413	117	86	312962	32	10000000	100                              	2	20	27773227	4993660	50
0.02	10	8522	3903	177	143	313140	32	10000000	100                              	2	20	30130430	5027589	42
0.02	10	5614	2922	112	83	312920	32	10000000	100                              	2	20	30281043	4994146	54
0.02	10	6228	2840	125	104	312965	32	10000000	100                              	2	20	29764158	4993395	62
0.02	10	6288	3596	119	100	312965	32	10000000	100                              	2	20	29531414	4993405	52
0.02	10	5535	2879	119	96	312918	32	10000000	100                              	2	20	30380869	4993962	64
0.02	10	7391	3372	158	118	313059	32	10000000	100                              	2	20	29942865	5009630	48
0.02	10	8385	3821	154	132	313119	32	10000000	100                              	2	20	31807154	5039739	84
0.02	10	7402	3473	145	102	313049	32	10000000	100                              	2	20	31812481	5009875	48
0.02	10	4878	2520	101	82	312866	32	10000000	100                              	2	20	28703574	4995497	56
0.02	10	7337	3701	130	107	313038	32	10000000	100                              	2	20	31219463	4993344	60
0.02	10	6024	3371	127	101	312953	32	10000000	100                              	2	20	31847627	4994933	48
0.02	10	4737	2281	85	67	312847	32	10000000	100                              	2	20	28739294	5049961	38
0.02	10	6984	3734	153	123	313031	32	10000000	100                              	2	20	31468858	5000063	64
0.02	10	5166	2889	113	93	312891	32	10000000	100                              	2	20	29839217	4996311	54
0.02	10	5493	2565	96	82	312902	32	10000000	100                              	2	20	26961027	4995758	48
0.02	10	6653	2615	122	96	312988	32	10000000	100                              	2	20	29007096	4993196	46
0.02	10	5860	2681	104	81	312930	32	10000000	100                              	2	20	29993837	4996466	46
0.02	10	6190	2784	113	86	312955	32	10000000	100                              	2	20	28414092	4994219	52
0.02	10	6489	3428	117	94	312977	32	10000000	100                              	2	20	30883260	4994470	48
0.02	10	6167	3005	127	106	312963	32	10000000	100                              	2	20	31491372	5009455	42
0.02	10	4483	2042	96	74	312839	32	10000000	100                              	2	20	30416754	4999705	52
0.02	10	7153	3267	138	111	313031	32	10000000	100                              	2	20	29675975	4992601	56
0.02	10	7479	3529	156	126	313062	32	10000000	100                              	2	20	32143249	4992104	50
0.02	10	5970	3218	129	97	312951	32	10000000	100                              	2	20	31849964	4994059	50
0.02	10	6599	3569	166	135	313014	32	10000000	100                              	2	20	32791400	4999060	40
0.02	10	7996	3826	147	119	313089	32	10000000	100                              	2	20	30795325	5001220	74
0.02	10	6910	2817	143	104	313018	32	10000000	100                              	2	20	30390160	4992727	46
0.02	10	6754	3370	139	109	313007	32	10000000	100                              	2	20	30958683	4998223	56
0.02	10	5398	2795	117	92	312907	32	10000000	100                              	2	20	30555356	4994325	50
0.02	10	7279	2938	117	89	313026	32	10000000	100                              	2	20	30033817	4993510	54
0.02	10	5799	2835	152	114	312953	32	10000000	100                              	2	20	29678516	5279404	52
0.02	10	5687	2666	102	81	312916	32	10000000	100                              	2	20	29441629	4995748	32
0.02	10	7349	3812	138	115	313043	32	10000000	100                              	2	20	29893102	4992415	66
0.02	10	7432	4004	153	131	313058	32	10000000	100                              	2	20	32728415	5024212	60
0.02	10	5894	3023	124	98	312944	32	10000000	100                              	2	20	30197562	4994731	50
0.02	10	7385	3362	140	111	313046	32	10000000	100                              	2	20	30920120	4992850	38
0.02	10	7742	4058	160	133	313082	32	10000000	100                              	2	20	31516752	4992792	38
0.02	10	7630	3365	145	114	313064	32	10000000	100                              	2	20	31067245	4991923	48
0.02	10	7210	3291	125	103	313025	32	10000000	100                              	2	20	30219569	5074181	42
0.02	10	6118	2955	122	98	312956	32	10000000	100                              	2	20	30019619	5000423	48
0.02	10	6232	3066	126	110	312965	32	10000000	100                              	2	20	30464948	4994047	40
0.02	10	4619	2486	109	92	312855	32	10000000	100                              	2	20	28114423	5001254	56
0.02	10	7818	3856	152	121	313081	32	10000000	100                              	2	20	31841323	4997592	58
0.02	10	6892	2513	137	95	313013	32	10000000	100                              	2	20	29425550	4993467	40
0.02	10	7347	3499	145	120	313048	32	10000000	100                              	2	20	29141558	5015441	34
0.02	10	6600	3326	145	115	313000	32	10000000	100                              	2	20	31858009	4998458	32
0.02	10	6675	3593	138	119	313002	32	10000000	100                              	2	20	31473205	4993472	44
0.02	10	4738	2502	115	91	312864	32	10000000	100                              	2	20	30389457	4994944	46
0.02	10	6373	2911	133	103	312979	32	10000000	100                              	2	20	29428733	4993826	46
0.02	10	8484	4165	151	132	313122	32	10000000	100                              	2	20	32175567	5013605	50
0.02	10	4671	2357	111	87	312859	32	10000000	100                              	2	20	29059180	5001247	68
0.02	10	6833	3058	154	114	313020	32	10000000	100                              	2	20	30529359	4992961	60
0.02	10	6093	2758	119	101	312953	32	10000000	100                              	2	20	27572024	5005599	56
0.02	10	6847	3107	138	109	313012	32	10000000	100                              	2	20	30555478	4993052	52
0.02	10	9229	5660	214	170	156603	64	10000000	100                              	2	20	36153112	4992490	46
0.02	10	10656	6738	210	151	156645	64	10000000	100                              	2	20	37659276	4995382	54
0.02	10	12989	6726	261	212	156735	64	10000000	100                              	2	20	36773419	4991500	54
0.02	10	8748	4208	192	137	156580	64	10000000	100                              	2	20	36118153	5026163	52
0.02	10	14120	7676	288	215	156779	64	10000000	100                              	2	20	38372467	5132304	68
0.02	10	12045	7497	251	202	156703	64	10000000	100                              	2	20	37392448	5025895	58
0.02	10	13495	7856	283	215	156757	64	10000000	100                              	2	20	38074328	4988066	64
0.02	10	12268	7136	258	194	156711	64	10000000	100                              	2	20	36896569	4992497	50
0.02	10	12016	6480	253	203	156702	64	10000000	100                              	2	20	36194113	5009218	52
0.02	10	12833	7494	246	198	156725	64	10000000	100                              	2	20	36304861	4989142	62
0.02	10	15393	8415	273	215	156813	64	10000000	100                              	2	20	36880624	4985109	62
0.02	10	14210	8439	307	241	156787	64	10000000	100                              	2	20	39375247	4990910	70
0.02	10	13057	8117	267	217	156740	64	10000000	100                              	2	20	38948993	4986561	46
0.02	10	12794	7092	265	204	156730	64	10000000	100                              	2	20	36237039	5026783	56
0.02	10	11439	6552	231	185	156677	64	10000000	100                              	2	20	36442789	4988790	46
0.02	10	12787	7404	271	210	156732	64	10000000	100                              	2	20	36954338	4988021	68
0.02	10	12551	6919	259	206	156721	64	10000000	100                              	2	20	36623414	4989010	60
0.02	10	14745	8030	272	209	156793	64	10000000	100                              	2	20	36852652	4985507	50
0.02	10	11567	6180	250	204	156686	64	10000000	100                              	2	20	37154040	4990160	58
0.02	10	9523	4846	216	160	156613	64	10000000	100                              	2	20	35615033	5014049	60
0.02	10	11451	6960	252	200	156685	64	10000000	100                              	2	20	36822036	4992075	58
0.02	10	13319	8003	277	210	156750	64	10000000	100                              	2	20	38416739	4990923	60
0.02	10	13877	8047	270	208	156766	64	10000000	100                              	2	20	36585459	4991718	50
0.02	10	13916	8594	275	230	156769	64	10000000	100                              	2	20	38615093	5015199	58
0.02	10	14648	8097	311	235	156802	64	10000000	100                              	2	20	37570981	4984890	46
0.02	10	13714	8142	253	187	156755	64	10000000	100                              	2	20	38127451	5004472	42
0.02	10	14160	8168	257	201	156770	64	10000000	100                              	2	20	39035435	4992692	58
0.02	10	12507	7151	253	201	156717	64	10000000	100                              	2	20	37557701	5021973	50
0.02	10	12938	7541	249	207	156730	64	10000000	100                              	2	20	37433259	5001464	52
0.02	10	13280	7686	270	212	156746	64	10000000	100                              	2	20	38624763	4996102	68
0.02	10	15257	8578	280	241	156812	64	10000000	100                              	2	20	38015833	4984743	54
0.02	10	10933	6431	239	196	156664	64	10000000	100                              	2	20	36516999	4991726	60
0.02	10	12661	6698	250	192	156721	64	10000000	100                              	2	20	37420847	4990657	48
0.02	10	10391	5605	211	174	156638	64	10000000	100                              	2	20	35873315	4989672	42
0.02	10	14394	8448	298	234	156791	64	10000000	100                              	2	20	38387811	4998779	72
0.02	10	12003	6947	257	205	156703	64	10000000	100                              	2	20	35593834	4998832	56
0.02	10	13230	7915	273	221	156746	64	10000000	100                              	2	20	38267029	5002693	58
0.02	10	8828	5496	191	138	156583	64	10000000	100                              	2	20	36786584	4999456	58
0.02	10	10321	5901	223	177	156640	64	10000000	100                              	2	20	36662481	5073667	56
0.02	10	13312	7640	270	210	156748	64	10000000	100                              	2	20	38490054	5016817	60
0.02	10	11887	6826	238	181	156694	64	10000000	100                              	2	20	35818225	4991873	56
0.02	10	11076	6639	240	191	156668	64	10000000	100                              	2	20	36394424	5015712	46
0.02	10	11422	6899	245	195	156681	64	10000000	100                              	2	20	36374181	5006705	60
0.02	10	12960	7050	239	183	156727	64	10000000	100                              	2	20	36843234	4997127	50
0.02	10	12747	7448	246	199	156723	64	10000000	100                              	2	20	36945062	5101653	54
0.02	10	12388	7527	251	196	156713	64	10000000	100                              	2	20	37348373	4987367	46
0.02	10	16338	8772	325	257	156860	64	10000000	100                              	2	20	38524016	4987671	46
0.02	10	13395	7013	274	205	156751	64	10000000	100                              	2	20	36252454	4988640	64
0.02	10	13713	8247	253	197	156756	64	10000000	100                              	2	20	37845645	5026712	56
0.02	10	8335	4927	194	145	156568	64	10000000	100                              	2	20	37366827	5070386	46
0.02	10	13807	8248	299	240	156772	64	10000000	100                              	2	20	38143329	4988354	48
0.02	10	16288	8669	332	252	156860	64	10000000	100                              	2	20	37113011	4990514	58
0.02	10	12816	6889	264	207	156730	64	10000000	100                              	2	20	35149490	4994559	50
0.02	10	11371	5545	234	171	156676	64	10000000	100                              	2	20	36064417	4998464	58
0.02	10	13923	7039	263	208	156765	64	10000000	100                              	2	20	36766084	5016699	54
0.02	10	12231	6492	253	172	156709	64	10000000	100                              	2	20	37912522	4988039	56
0.02	10	13815	7020	264	197	156762	64	10000000	100                              	2	20	37061887	4989901	48
0.02	10	14209	7118	308	224	156788	64	10000000	100                              	2	20	36941333	4990428	60
0.02	10	11431	6163	234	177	156678	64	10000000	100                              	2	20	34623556	4994488	58
0.02	10	13388	7352	276	219	156752	64	10000000	100                              	2	20	36420896	4985994	56
0.02	10	12430	6481	212	168	156703	64	10000000	100                              	2	20	36448867	4997010	50
0.02	10	11129	5986	239	187	156671	64	10000000	100                              	2	20	34279549	5001511	56
0.02	10	15971	8432	313	240	156844	64	10000000	100                              	2	20	37948701	5067233	46
0.02	10	12350	6649	246	177	156710	64	10000000	100                              	2	20	39283581	4990329	48
0.02	10	11875	7144	254	201	156699	64	10000000	100                              	2	20	38331694	4991807	56
0.02	10	11079	6617	270	217	156678	64	10000000	100                              	2	20	37509251	5015494	50
0.02	10	11038	6709	230	193	156665	64	10000000	100                              	2	20	34875641	4992304	58
0.02	10	10736	5773	224	170	156653	64	10000000	100                              	2	20	36596941	4989498	52
0.02	10	10809	6136	230	172	156657	64	10000000	100                              	2	20	36006424	4996358	56
0.02	10	12633	6426	255	197	156723	64	10000000	100                              	2	20	34938928	4992009	68
0.02	10	12908	6500	265	190	156734	64	10000000	100                              	2	20	36545398	4997944	56
0.02	10	14688	8182	291	227	156798	64	10000000	100                              	2	20	37502119	5067250	46
0.02	10	12299	6450	243	179	156708	64	10000000	100                              	2	20	36687322	5007636	54
0.02	10	10451	6106	203	173	156638	64	10000000	100                              	2	20	35988776	4998195	58
0.02	10	12261	7041	280	228	156718	64	10000000	100                              	2	20	37182810	4991540	60
0.02	10	10480	6083	253	178	156651	64	10000000	100                              	2	20	36484693	5007384	38
0.02	10	12445	7051	244	193	156712	64	10000000	100                              	2	20	36683062	5019058	70
0.02	10	14920	7787	284	231	156803	64	10000000	100                              	2	20	36511028	4997188	56
0.02	10	16650	8920	321	242	156868	64	10000000	100                              	2	20	36087200	5002263	62
0.02	10	12037	7358	247	206	156701	64	10000000	100                              	2	20	36527736	4990166	56
0.02	10	12408	6777	248	193	156712	64	10000000	100                              	2	20	34790668	4987935	62
0.02	10	12809	7081	242	183	156723	64	10000000	100                              	2	20	36155058	4987481	50
0.02	10	12201	6298	243	187	156706	64	10000000	100                              	2	20	36068311	5049247	54
0.02	10	14682	6946	293	204	156798	64	10000000	100                              	2	20	35171815	4985241	50
0.02	10	13313	7266	278	215	156751	64	10000000	100                              	2	20	37345474	4989768	52
0.02	10	11432	6526	238	202	156679	64	10000000	100                              	2	20	37159273	5008757	58
0.02	10	11610	6521	243	194	156686	64	10000000	100                              	2	20	36456725	5020394	70
0.02	10	13642	7497	255	206	156754	64	10000000	100                              	2	20	36518042	4987907	64
0.02	10	13840	7890	255	206	156760	64	10000000	100                              	2	20	37564231	4986222	56
0.02	10	14351	8063	285	233	156785	64	10000000	100                              	2	20	38475318	4993596	68
0.02	10	13744	8361	306	234	156773	64	10000000	100                              	2	20	36958260	5018522	48
0.02	10	10234	6441	215	170	156635	64	10000000	100                              	2	20	36953331	4999915	40
0.02	10	11116	6039	250	198	156673	64	10000000	100                              	2	20	37752181	5002992	36
0.02	10	11895	6414	242	182	156695	64	10000000	100                              	2	20	35445467	5301390	42
0.02	10	14029	7878	296	220	156779	64	10000000	100                              	2	20	36631169	4999226	44
0.02	10	12299	6764	257	195	156711	64	10000000	100                              	2	20	37025292	5000093	56
0.02	10	13981	8817	291	252	156776	64	10000000	100                              	2	20	36920137	4992037	54
0.02	10	12122	6093	235	182	156700	64	10000000	100                              	2	20	36327741	4988178	54
0.02	10	13251	6709	259	187	156744	64	10000000	100                              	2	20	36452597	4995033	58
0.02	10	12858	7703	253	203	156728	64	10000000	100                              	2	20	38234130	4989297	66
0.02	10	27769	16797	594	466	78649	128	10000000	100                              	2	20	43660539	4991547	62
0.02	10	25384	14992	542	406	78604	128	10000000	100                              	2	20	43416328	4982353	54
0.02	10	26492	14670	558	422	78624	128	10000000	100                              	2	20	44099371	4979540	70
0.02	10	27040	15310	546	406	78630	128	10000000	100                              	2	20	42917172	5024443	58
0.02	10	26647	16091	516	395	78619	128	10000000	100                              	2	20	43529295	4978158	68
0.02	10	20039	10654	406	303	78499	128	10000000	100                              	2	20	41076301	4995294	62
0.02	10	23635	14208	520	375	78572	128	10000000	100                              	2	20	42060797	4977069	64
0.02	10	24153	13620	489	354	78576	128	10000000	100                              	2	20	42750356	4980691	56
0.02	10	23894	13431	500	363	78574	128	10000000	100                              	2	20	41979643	4982534	54
0.02	10	21604	12101	443	304	78529	128	10000000	100                              	2	20	41129020	4981068	56
0.02	10	22639	13888	440	335	78545	128	10000000	100                              	2	20	43378100	5029878	56
0.02	10	21325	12230	443	351	78525	128	10000000	100                              	2	20	42645791	4982481	62
0.02	10	27491	15780	502	394	78631	128	10000000	100                              	2	20	43491895	4974109	60
0.02	10	23804	14144	500	385	78573	128	10000000	100                              	2	20	43248685	5029312	54
0.02	10	27192	14997	551	414	78634	128	10000000	100                              	2	20	43486668	5015874	58
0.02	10	22366	12846	474	366	78546	128	10000000	100                              	2	20	41814446	4980681	54
0.02	10	25819	12970	511	359	78605	128	10000000	100                              	2	20	41757126	4980155	66
0.02	10	23852	13168	509	352	78575	128	10000000	100                              	2	20	42611449	5018611	60
0.02	10	23958	13827	522	384	78578	128	10000000	100                              	2	20	42795550	5002350	60
0.02	10	29977	19656	651	517	78692	128	10000000	100                              	2	20	45519881	4974889	56
0.02	10	23930	11897	479	359	78571	128	10000000	100                              	2	20	42252221	4985705	54
0.02	10	26202	14705	517	374	78612	128	10000000	100                              	2	20	42312270	5051460	58
0.02	10	23722	12429	465	341	78566	128	10000000	100                              	2	20	42223541	4976270	54
0.02	10	23266	13835	465	371	78559	128	10000000	100                              	2	20	43063113	4981009	54
0.02	10	21811	12769	465	364	78537	128	10000000	100                              	2	20	42102465	4980921	58
0.02	10	24211	13100	506	371	78580	128	10000000	100                              	2	20	42307101	4987953	56
0.02	10	23432	13460	455	343	78560	128	10000000	100                              	2	20	40940522	4981586	56
0.02	10	24676	13003	496	366	78586	128	10000000	100                              	2	20	41671853	4977692	66
0.02	10	27757	14850	529	396	78639	128	10000000	100                              	2	20	42284583	4992945	64
0.02	10	25612	13355	549	396	78608	128	10000000	100                              	2	20	41717771	4976116	60
0.02	10	25836	13844	541	400	78611	128	10000000	100                              	2	20	41554966	5000302	58
0.02	10	26297	15841	538	385	78617	128	10000000	100                              	2	20	43078076	4975885	60
0.02	10	22948	12938	479	377	78556	128	10000000	100                              	2	20	43720897	5010201	66
0.02	10	30356	14434	607	437	78692	128	10000000	100                              	2	20	42700236	4980841	54
0.02	10	22270	12437	440	338	78539	128	10000000	100                              	2	20	42905290	5003771	56
0.02	10	25055	13438	525	402	78596	128	10000000	100                              	2	20	42311761	4977607	62
0.02	10	21531	12013	445	325	78529	128	10000000	100                              	2	20	44249747	4986983	66
0.02	10	26404	13362	487	333	78612	128	10000000	100                              	2	20	43272564	4975095	64
0.02	10	22246	12263	461	319	78543	128	10000000	100                              	2	20	41006970	4992901	62
0.02	10	22759	12496	452	326	78548	128	10000000	100                              	2	20	42257795	4983621	62
0.02	10	20830	11435	442	315	78517	128	10000000	100                              	2	20	41870179	4991962	60
0.02	10	23496	13998	475	380	78564	128	10000000	100                              	2	20	42847111	4993092	54
0.02	10	27053	16313	523	387	78627	128	10000000	100                              	2	20	43456374	4992017	58
0.02	10	25261	13818	542	396	78602	128	10000000	100                              	2	20	43049313	4984599	64
0.02	10	23742	13986	504	371	78572	128	10000000	100                              	2	20	42589922	4985336	54
0.02	10	24638	14472	428	335	78575	128	10000000	100                              	2	20	43436002	4975051	58
0.02	10	27485	16168	581	435	78642	128	10000000	100                              	2	20	42440174	4999937	66
0.02	10	26887	15237	533	405	78625	128	10000000	100                              	2	20	43625764	4977998	68
0.02	10	25855	14060	561	403	78615	128	10000000	100                              	2	20	41782438	5215692	58
0.02	10	23493	13449	513	379	78569	128	10000000	100                              	2	20	42714803	4984385	50
0.02	10	24071	13341	506	367	78578	128	10000000	100                              	2	20	42153356	4978984	58
0.02	10	25264	13897	518	391	78598	128	10000000	100                              	2	20	41421070	4977225	56
0.02	10	24636	15482	524	396	78589	128	10000000	100                              	2	20	44632802	5132681	52
0.02	10	26683	14969	567	437	78628	128	10000000	100                              	2	20	44874115	4987272	54
0.02	10	21136	11862	476	327	78526	128	10000000	100                              	2	20	42637152	4981838	62
0.02	10	26252	15052	520	394	78614	128	10000000	100                              	2	20	42216757	5615261	60
0.02	10	22311	13351	450	332	78541	128	10000000	100                              	2	20	41927802	4981534	56
0.02	10	20851	11839	437	314	78516	128	10000000	100                              	2	20	41350295	4986295	54
0.02	10	23313	13491	470	371	78559	128	10000000	100                              	2	20	42444946	4979177	50
0.02	10	20860	11281	431	304	78516	128	10000000	100                              	2	20	41082136	4985239	54
0.02	10	22995	14065	488	374	78559	128	10000000	100                              	2	20	41947156	4981320	56
0.02	10	32847	17658	656	493	78738	128	10000000	100                              	2	20	42487825	4969976	72
0.02	10	24582	13454	499	379	78585	128	10000000	100                              	2	20	41709785	5000435	62
0.02	10	24307	14265	505	379	78581	128	10000000	100                              	2	20	42230229	4978507	56
0.02	10	25073	14690	500	369	78593	128	10000000	100                              	2	20	42301794	4986223	60
0.02	10	24819	14814	501	380	78589	128	10000000	100                              	2	20	42950121	5004015	58
0.02	10	21734	13558	424	322	78528	128	10000000	100                              	2	20	43087104	4982251	64
0.02	10	21444	12551	448	353	78528	128	10000000	100                              	2	20	41863676	4984606	56
0.02	10	23794	14711	488	380	78571	128	10000000	100                              	2	20	44233238	4980561	56
0.02	10	23827	12837	541	387	78579	128	10000000	100                              	2	20	43110595	5014899	66
0.02	10	20659	11741	461	336	78517	128	10000000	100                              	2	20	42193972	4985104	62
0.02	10	22906	13791	453	344	78551	128	10000000	100                              	2	20	42754585	4978140	54
0.02	10	24461	13395	491	374	78582	128	10000000	100                              	2	20	41713319	4978584	64
0.02	10	19577	12903	381	291	78487	128	10000000	100                              	2	20	43301729	5000181	60
0.02	10	24554	13424	494	369	78584	128	10000000	100                              	2	20	42179454	4988534	56
0.02	10	23764	13534	461	363	78566	128	10000000	100                              	2	20	41896164	5019533	58
0.02	10	25653	13887	474	354	78598	128	10000000	100                              	2	20	43163871	4975918	54
0.02	10	25775	14502	523	391	78607	128	10000000	100                              	2	20	42418917	4986149	64
0.02	10	22375	14351	513	402	78553	128	10000000	100                              	2	20	44078118	5058764	56
0.02	10	24370	13514	482	358	78578	128	10000000	100                              	2	20	41322178	4988432	52
0.02	10	26748	14837	537	407	78624	128	10000000	100                              	2	20	43900743	4978051	64
0.02	10	25557	14554	526	401	78604	128	10000000	100                              	2	20	42678976	4976435	58
0.02	10	26571	14284	533	388	78621	128	10000000	100                              	2	20	43062342	4996697	58
0.02	10	22128	12810	428	314	78535	128	10000000	100                              	2	20	41326777	4993946	68
0.02	10	27586	15330	533	399	78637	128	10000000	100                              	2	20	41706783	5017517	56
0.02	10	24329	14327	481	360	78577	128	10000000	100                              	2	20	42912856	4995606	60
0.02	10	25214	15816	506	382	78596	128	10000000	100                              	2	20	43351553	4978425	60
0.02	10	25859	14343	536	375	78611	128	10000000	100                              	2	20	43348453	4978005	64
0.02	10	23416	13558	508	374	78568	128	10000000	100                              	2	20	42186131	5020875	54
0.02	10	25792	14590	528	371	78607	128	10000000	100                              	2	20	43847012	4989772	60
0.02	10	22355	13108	495	360	78549	128	10000000	100                              	2	20	43633681	4987332	58
0.02	10	22901	13262	484	360	78555	128	10000000	100                              	2	20	42451059	4978819	54
0.02	10	23797	12802	473	364	78568	128	10000000	100                              	2	20	41811860	4978483	62
0.02	10	21961	13133	426	326	78532	128	10000000	100                              	2	20	42574950	4994852	56
0.02	10	24630	13646	487	353	78583	128	10000000	100                              	2	20	43291376	4977883	70
0.02	10	25440	14270	504	360	78599	128	10000000	100                              	2	20	42496456	4981530	60
0.02	10	25743	14518	498	367	78602	128	10000000	100                              	2	20	42180291	4977683	66
0.02	10	26144	13053	508	345	78610	128	10000000	100                              	2	20	41560200	4980777	56
0.02	10	19503	10138	428	305	78494	128	10000000	100                              	2	20	42183087	5031047	54
0.02	10	25945	14014	542	394	78612	128	10000000	100                              	2	20	40860738	5023348	62
0.02	10	44929	23762	931	655	39484	256	10000000	100                              	2	20	47640085	4997310	62
0.02	10	47744	26207	1028	737	39513	256	10000000	100                              	2	20	48673547	4972472	66
0.02	10	42838	24636	827	564	39459	256	10000000	100                              	2	20	48513838	4964794	58
0.02	10	44717	23821	874	596	39477	256	10000000	100                              	2	20	48456029	4978099	68
0.02	10	50438	27519	1029	756	39534	256	10000000	100                              	2	20	48162128	4957008	64
0.02	10	43405	22795	879	625	39468	256	10000000	100                              	2	20	49053831	4996366	62
0.02	10	51432	28674	1056	769	39544	256	10000000	100                              	2	20	50125107	4958927	62
0.02	10	43161	24188	881	641	39466	256	10000000	100                              	2	20	48715570	4996204	66
0.02	10	45522	25186	927	662	39488	256	10000000	100                              	2	20	47681887	4972212	62
0.02	10	49709	27709	1012	746	39528	256	10000000	100                              	2	20	48122979	4972777	62
0.02	10	42949	24276	860	605	39463	256	10000000	100                              	2	20	47577752	4961916	56
0.02	10	44725	23774	963	646	39485	256	10000000	100                              	2	20	49273702	4994719	76
0.02	10	45262	26472	929	639	39486	256	10000000	100                              	2	20	48798783	4975258	66
0.02	10	46321	22953	927	590	39494	256	10000000	100                              	2	20	47373162	4958631	60
0.02	10	46200	25916	952	689	39496	256	10000000	100                              	2	20	47872326	4976740	48
0.02	10	49181	25971	979	668	39521	256	10000000	100                              	2	20	48683950	4973465	56
0.02	10	43211	23820	856	630	39465	256	10000000	100                              	2	20	48363128	4966188	56
0.02	10	50767	27007	999	718	39534	256	10000000	100                              	2	20	49265182	4979896	78
0.02	10	40441	20620	855	595	39443	256	10000000	100                              	2	20	47139703	4970798	56
0.02	10	48111	26161	999	683	39514	256	10000000	100                              	2	20	49088468	4970809	64
0.02	10	50067	26042	1036	724	39532	256	10000000	100                              	2	20	48331285	4964072	70
0.02	10	48227	26632	961	689	39512	256	10000000	100                              	2	20	48012688	4962928	60
0.02	10	45163	24936	896	630	39483	256	10000000	100                              	2	20	47588464	4967611	58
0.02	10	41119	23037	825	559	39446	256	10000000	100                              	2	20	47683580	4976608	60
0.02	10	45264	25534	917	671	39485	256	10000000	100                              	2	20	49658535	4970436	60
0.02	10	45800	26510	902	665	39488	256	10000000	100                              	2	20	48789255	4969722	66
0.02	10	47998	26424	940	662	39509	256	10000000	100                              	2	20	48539755	4956668	60
0.02	10	51732	29206	1032	768	39545	256	10000000	100                              	2	20	48744564	5037510	60
0.02	10	47367	26729	942	671	39504	256	10000000	100                              	2	20	48923011	4960045	64
0.02	10	41305	18953	812	506	39446	256	10000000	100                              	2	20	45563977	5230132	62
0.02	10	43943	24466	861	612	39471	256	10000000	100                              	2	20	48608401	4978869	62
0.02	10	41039	23016	879	630	39450	256	10000000	100                              	2	20	48048756	5023323	64
0.02	10	48282	25832	1048	689	39518	256	10000000	100                              	2	20	49099225	4965020	62
0.02	10	42918	23213	937	658	39468	256	10000000	100                              	2	20	46535215	4963950	56
0.02	10	43182	25072	823	572	39462	256	10000000	100                              	2	20	48184123	4960445	62
0.02	10	44901	24394	899	634	39481	256	10000000	100                              	2	20	48642336	4969507	62
0.02	10	46409	24578	892	617	39492	256	10000000	100                              	2	20	48441504	4970710	56
0.02	10	38926	20583	800	563	39426	256	10000000	100                              	2	20	47388857	4994027	66
0.02	10	54725	26594	1145	745	39577	256	10000000	100                              	2	20	48131672	4950374	70
0.02	10	46251	26351	970	714	39497	256	10000000	100                              	2	20	48021753	4987810	62
0.02	10	43374	24597	862	627	39466	256	10000000	100                              	2	20	47343549	4960019	58
0.02	10	42886	25253	878	655	39464	256	10000000	100                              	2	20	48549660	5044964	58
0.02	10	49566	26176	1029	659	39527	256	10000000	100                              	2	20	48182141	4963815	66
0.02	10	45727	27086	869	651	39485	256	10000000	100                              	2	20	48855406	4996599	56
0.02	10	45714	24457	949	688	39491	256	10000000	100                              	2	20	48448918	4966006	62
0.02	10	45456	25821	899	653	39485	256	10000000	100                              	2	20	48788863	4965230	62
0.02	10	49933	27828	1053	732	39532	256	10000000	100                              	2	20	48998300	4953524	64
0.02	10	47396	27382	988	704	39507	256	10000000	100                              	2	20	50077110	4999115	54
0.02	10	46778	25290	910	672	39497	256	10000000	100                              	2	20	48416946	4959434	62
0.02	10	48417	26625	921	640	39510	256	10000000	100                              	2	20	48631688	4960050	68
0.02	10	41073	22858	812	581	39445	256	10000000	100                              	2	20	47064039	4964244	54
0.02	10	45717	25417	970	691	39493	256	10000000	100                              	2	20	49284542	4972411	58
0.02	10	42760	23668	891	623	39464	256	10000000	100                              	2	20	47298882	4961127	62
0.02	10	45813	25681	936	667	39491	256	10000000	100                              	2	20	49359402	4970301	74
0.02	10	46579	24877	965	661	39499	256	10000000	100                              	2	20	49374462	4971305	62
0.02	10	45518	24889	907	643	39486	256	10000000	100                              	2	20	48140920	4965370	60
0.02	10	45267	24474	966	680	39490	256	10000000	100                              	2	20	48623448	5054988	62
0.02	10	47153	24545	928	674	39501	256	10000000	100                              	2	20	47475946	4969206	64
0.02	10	40632	21198	846	560	39444	256	10000000	100                              	2	20	48156448	4973182	68
0.02	10	47597	26889	973	700	39508	256	10000000	100                              	2	20	46665787	4961973	58
0.02	10	38642	20306	846	558	39427	256	10000000	100                              	2	20	47297530	4987453	64
0.02	10	47560	26140	964	707	39507	256	10000000	100                              	2	20	47699961	4957197	56
0.02	10	47458	26542	986	700	39508	256	10000000	100                              	2	20	48118738	4959530	60
0.02	10	46377	26502	920	666	39494	256	10000000	100                              	2	20	49229773	4960788	72
0.02	10	47687	26410	915	656	39504	256	10000000	100                              	2	20	48762119	4980916	64
0.02	10	44597	25252	946	713	39483	256	10000000	100                              	2	20	48937777	5069652	68
0.02	10	41735	22349	845	592	39452	256	10000000	100                              	2	20	46876613	4964346	58
0.02	10	45624	25509	967	697	39491	256	10000000	100                              	2	20	48225389	4966114	64
0.02	10	46247	24228	959	669	39497	256	10000000	100                              	2	20	47062643	5039526	68
0.02	10	47964	25559	955	679	39510	256	10000000	100                              	2	20	48467979	4960832	64
0.02	10	45861	26095	926	683	39491	256	10000000	100                              	2	20	48748414	5029328	62
0.02	10	50757	28164	1012	721	39536	256	10000000	100                              	2	20	48196926	4961611	66
0.02	10	45994	26888	943	680	39492	256	10000000	100                              	2	20	47623756	4978866	58
0.02	10	45375	23978	964	670	39490	256	10000000	100                              	2	20	47449262	4962063	60
0.02	10	46499	25244	991	672	39501	256	10000000	100                              	2	20	47449670	4966080	56
0.02	10	46857	28167	952	710	39500	256	10000000	100                              	2	20	48192158	5018636	62
0.02	10	44041	22360	902	599	39474	256	10000000	100                              	2	20	47171971	4984946	60
0.02	10	46010	24704	963	644	39494	256	10000000	100                              	2	20	48318790	5043890	58
0.02	10	43017	22450	895	596	39466	256	10000000	100                              	2	20	46493349	5602978	70
0.02	10	53003	29578	1127	768	39562	256	10000000	100                              	2	20	50463365	4983197	68
0.02	10	45833	24554	967	662	39494	256	10000000	100                              	2	20	48021484	4977984	64
0.02	10	45725	25318	926	669	39489	256	10000000	100                              	2	20	48449288	4963330	60
0.02	10	39849	24194	804	613	39434	256	10000000	100                              	2	20	48912495	4967132	62
0.02	10	44680	24752	913	626	39480	256	10000000	100                              	2	20	47377942	5427366	54
0.02	10	49692	27998	1050	760	39530	256	10000000	100                              	2	20	48439109	5053012	62
0.02	10	44431	25141	890	593	39476	256	10000000	100                              	2	20	48607650	4967392	62
0.02	10	46959	25940	912	672	39498	256	10000000	100                              	2	20	48954408	4969500	64
0.02	10	41490	23406	853	598	39451	256	10000000	100                              	2	20	47286661	4986551	56
0.02	10	47402	27428	916	675	39502	256	10000000	100                              	2	20	47854536	4966753	56
0.02	10	43579	23352	876	614	39468	256	10000000	100                              	2	20	46936396	5124573	62
0.02	10	45056	24737	899	650	39482	256	10000000	100                              	2	20	47106144	4998085	56
0.02	10	33694	19328	727	491	39380	256	10000000	100                              	2	20	47271647	4983820	58
0.02	10	53975	25506	1102	696	39568	256	10000000	100                              	2	20	48666318	4986406	64
0.02	10	49550	27416	990	695	39524	256	10000000	100                              	2	20	48312463	4999560	64
0.02	10	43105	26466	884	651	39466	256	10000000	100                              	2	20	48950670	4965581	60
0.02	10	50341	27916	992	702	39531	256	10000000	100                              	2	20	47564456	4963135	58
0.02	10	44802	21391	913	614	39481	256	10000000	100                              	2	20	46844024	5145401	64
0.02	10	41265	21842	795	527	39445	256	10000000	100                              	2	20	47206372	4970124	66
0.02	10	45743	25278	884	620	39487	256	10000000	100                              	2	20	49311596	4966576	62
0.02	10	41788	22009	822	547	39451	256	10000000	100                              	2	20	47735071	4991296	54
