#using seed 0.043721
# Work:10159328, depth:444825, work/p+depth:524194.75
#PROCESSORS: 128, RUNS: 100
#prb	R-l	ISR	ESR	runTime	processors    	work	taskThreshold	lGranularity	rGranularity	IDATAT	EDATAT	W0	W1
0.5	100	235668	0	447515	128	10159328	100	2	200                              	74433	0	10159328	0
0.5	100	236689	0	449100	128	10159328	100	2	200                              	74433	0	10159328	0
0.5	100	236232	0	448391	128	10159328	100	2	200                              	74433	0	10159328	0
0.5	100	236810	0	449300	128	10159328	100	2	200                              	74433	0	10159328	0
0.5	100	236404	0	448637	128	10159328	100	2	200                              	74433	0	10159328	0
0.5	100	236539	0	448851	128	10159328	100	2	200                              	74433	0	10159328	0
0.5	100	236397	0	448627	128	10159328	100	2	200                              	74433	0	10159328	0
0.5	100	235929	0	447909	128	10159328	100	2	200                              	74433	0	10159328	0
0.5	100	236386	0	448601	128	10159328	100	2	200                              	74433	0	10159328	0
0.5	100	235503	0	447241	128	10159328	100	2	200                              	74433	0	10159328	0
0.5	100	237075	0	449700	128	10159328	100	2	200                              	74433	0	10159328	0
0.5	100	236311	0	448500	128	10159328	100	2	200                              	74433	0	10159328	0
0.5	100	236566	0	448902	128	10159328	100	2	200                              	74433	0	10159328	0
0.5	100	236474	0	448785	128	10159328	100	2	200                              	74433	0	10159328	0
0.5	100	236474	0	448767	128	10159328	100	2	200                              	74433	0	10159328	0
0.5	100	236432	0	448700	128	10159328	100	2	200                              	74433	0	10159328	0
0.5	100	236214	0	448352	128	10159328	100	2	200                              	74433	0	10159328	0
0.5	100	236014	0	448029	128	10159328	100	2	200                              	74433	0	10159328	0
0.5	100	236570	0	448912	128	10159328	100	2	200                              	74433	0	10159328	0
0.5	100	236172	0	448278	128	10159328	100	2	200                              	74433	0	10159328	0
0.5	100	235799	0	447708	128	10159328	100	2	200                              	74433	0	10159328	0
0.5	100	236177	0	448300	128	10159328	100	2	200                              	74433	0	10159328	0
0.5	100	235828	0	447764	128	10159328	100	2	200                              	74433	0	10159328	0
0.5	100	235534	0	447292	128	10159328	100	2	200                              	74433	0	10159328	0
0.5	100	237108	0	449762	128	10159328	100	2	200                              	74433	0	10159328	0
0.5	100	236098	0	448179	128	10159328	100	2	200                              	74433	0	10159328	0
0.5	100	236567	0	448900	128	10159328	100	2	200                              	74433	0	10159328	0
0.5	100	236181	0	448300	128	10159328	100	2	200                              	74433	0	10159328	0
0.5	100	236026	0	448056	128	10159328	100	2	200                              	74433	0	10159328	0
0.5	100	236180	0	448291	128	10159328	100	2	200                              	74433	0	10159328	0
0.5	100	235927	0	447900	128	10159328	100	2	200                              	74433	0	10159328	0
0.5	100	236481	0	448782	128	10159328	100	2	200                              	74433	0	10159328	0
0.5	100	237483	0	450342	128	10159328	100	2	200                              	74433	0	10159328	0
0.5	100	236685	0	449086	128	10159328	100	2	200                              	74433	0	10159328	0
0.5	100	235935	0	447914	128	10159328	100	2	200                              	74433	0	10159328	0
0.5	100	236155	0	448251	128	10159328	100	2	200                              	74433	0	10159328	0
0.5	100	235705	0	447570	128	10159328	100	2	200                              	74433	0	10159328	0
0.5	100	236436	0	448700	128	10159328	100	2	200                              	74433	0	10159328	0
0.5	100	236345	0	448568	128	10159328	100	2	200                              	74433	0	10159328	0
0.5	100	236553	0	448873	128	10159328	100	2	200                              	74433	0	10159328	0
0.5	100	235798	0	447700	128	10159328	100	2	200                              	74433	0	10159328	0
0.5	100	236436	0	448700	128	10159328	100	2	200                              	74433	0	10159328	0
0.5	100	237087	0	449730	128	10159328	100	2	200                              	74433	0	10159328	0
0.5	100	236564	0	448900	128	10159328	100	2	200                              	74433	0	10159328	0
0.5	100	235869	0	447804	128	10159328	100	2	200                              	74433	0	10159328	0
0.5	100	236209	0	448343	128	10159328	100	2	200                              	74433	0	10159328	0
0.5	100	236438	0	448700	128	10159328	100	2	200                              	74433	0	10159328	0
0.5	100	236278	0	448445	128	10159328	100	2	200                              	74433	0	10159328	0
0.5	100	236578	0	448921	128	10159328	100	2	200                              	74433	0	10159328	0
0.5	100	235720	0	447596	128	10159328	100	2	200                              	74433	0	10159328	0
0.5	100	236109	0	448198	128	10159328	100	2	200                              	74433	0	10159328	0
0.5	100	235686	0	447540	128	10159328	100	2	200                              	74433	0	10159328	0
0.5	100	235893	0	447843	128	10159328	100	2	200                              	74433	0	10159328	0
0.5	100	236279	0	448443	128	10159328	100	2	200                              	74433	0	10159328	0
0.5	100	236197	0	448328	128	10159328	100	2	200                              	74433	0	10159328	0
0.5	100	236224	0	448372	128	10159328	100	2	200                              	74433	0	10159328	0
0.5	100	236434	0	448700	128	10159328	100	2	200                              	74433	0	10159328	0
0.5	100	236330	0	448541	128	10159328	100	2	200                              	74433	0	10159328	0
0.5	100	236821	0	449301	128	10159328	100	2	200                              	74433	0	10159328	0
0.5	100	235823	0	447752	128	10159328	100	2	200                              	74433	0	10159328	0
0.5	100	235426	0	447128	128	10159328	100	2	200                              	74433	0	10159328	0
0.5	100	236230	0	448398	128	10159328	100	2	200                              	74433	0	10159328	0
0.5	100	236305	0	448497	128	10159328	100	2	200                              	74433	0	10159328	0
0.5	100	235579	0	447381	128	10159328	100	2	200                              	74433	0	10159328	0
0.5	100	236449	0	448722	128	10159328	100	2	200                              	74433	0	10159328	0
0.5	100	236556	0	448885	128	10159328	100	2	200                              	74433	0	10159328	0
0.5	100	236591	0	448953	128	10159328	100	2	200                              	74433	0	10159328	0
0.5	100	235580	0	447368	128	10159328	100	2	200                              	74433	0	10159328	0
0.5	100	235866	0	447806	128	10159328	100	2	200                              	74433	0	10159328	0
0.5	100	236064	0	448116	128	10159328	100	2	200                              	74433	0	10159328	0
0.5	100	236928	0	449461	128	10159328	100	2	200                              	74433	0	10159328	0
0.5	100	236404	0	448645	128	10159328	100	2	200                              	74433	0	10159328	0
0.5	100	235806	0	447722	128	10159328	100	2	200                              	74433	0	10159328	0
0.5	100	235669	0	447493	128	10159328	100	2	200                              	74433	0	10159328	0
0.5	100	236693	0	449100	128	10159328	100	2	200                              	74433	0	10159328	0
0.5	100	237604	0	450531	128	10159328	100	2	200                              	74433	0	10159328	0
0.5	100	236184	0	448304	128	10159328	100	2	200                              	74433	0	10159328	0
0.5	100	235636	0	447451	128	10159328	100	2	200                              	74433	0	10159328	0
0.5	100	237031	0	449620	128	10159328	100	2	200                              	74433	0	10159328	0
0.5	100	235770	0	447659	128	10159328	100	2	200                              	74433	0	10159328	0
0.5	100	236152	0	448252	128	10159328	100	2	200                              	74433	0	10159328	0
0.5	100	237072	0	449688	128	10159328	100	2	200                              	74433	0	10159328	0
0.5	100	236052	0	448100	128	10159328	100	2	200                              	74433	0	10159328	0
0.5	100	235658	0	447475	128	10159328	100	2	200                              	74433	0	10159328	0
0.5	100	235676	0	447500	128	10159328	100	2	200                              	74433	0	10159328	0
0.5	100	235770	0	447656	128	10159328	100	2	200                              	74433	0	10159328	0
0.5	100	237843	0	450899	128	10159328	100	2	200                              	74433	0	10159328	0
0.5	100	235545	0	447313	128	10159328	100	2	200                              	74433	0	10159328	0
0.5	100	236104	0	448197	128	10159328	100	2	200                              	74433	0	10159328	0
0.5	100	236556	0	448890	128	10159328	100	2	200                              	74433	0	10159328	0
0.5	100	235941	0	447941	128	10159328	100	2	200                              	74433	0	10159328	0
0.5	100	236449	0	448713	128	10159328	100	2	200                              	74433	0	10159328	0
0.5	100	236475	0	448777	128	10159328	100	2	200                              	74433	0	10159328	0
0.5	100	235923	0	447900	128	10159328	100	2	200                              	74433	0	10159328	0
0.5	100	236312	0	448510	128	10159328	100	2	200                              	74433	0	10159328	0
0.5	100	237306	0	450051	128	10159328	100	2	200                              	74433	0	10159328	0
0.5	100	235754	0	447626	128	10159328	100	2	200                              	74433	0	10159328	0
0.5	100	236528	0	448826	128	10159328	100	2	200                              	74433	0	10159328	0
0.5	100	236854	0	449372	128	10159328	100	2	200                              	74433	0	10159328	0
0.5	100	236279	0	448445	128	10159328	100	2	200                              	74433	0	10159328	0
0.5	1100	26176	0	528079	128	10159328	100	2	2200                              	74433	0	10159328	0
0.5	1100	25663	0	519210	128	10159328	100	2	2200                              	74433	0	10159328	0
0.5	1100	24613	0	501357	128	10159328	100	2	2200                              	74433	0	10159328	0
0.5	1100	26652	0	536556	128	10159328	100	2	2200                              	74433	0	10159328	0
0.5	1100	24529	0	499661	128	10159328	100	2	2200                              	74433	0	10159328	0
0.5	1100	24797	0	504427	128	10159328	100	2	2200                              	74433	0	10159328	0
0.5	1100	25315	0	513323	128	10159328	100	2	2200                              	74271	0	10159328	0
0.5	1100	25623	0	518626	128	10159328	100	2	2200                              	74433	0	10159328	0
0.5	1100	24644	0	501749	128	10159328	100	2	2200                              	74433	0	10159328	0
0.5	1100	26224	0	528953	128	10159328	100	2	2200                              	74433	0	10159328	0
0.5	1100	24788	0	504219	128	10159328	100	2	2200                              	74276	0	10159328	0
0.5	1100	25834	0	522128	128	10159328	100	2	2200                              	74433	0	10159328	0
0.5	1100	24607	0	501285	128	10159328	100	2	2200                              	74433	0	10159328	0
0.5	1100	25671	0	519375	128	10159328	100	2	2200                              	74433	0	10159328	0
0.5	1100	25727	0	520308	128	10159328	100	2	2200                              	74433	0	10159328	0
0.5	1100	25060	0	508899	128	10159328	100	2	2200                              	74276	0	10159328	0
0.5	1100	25164	0	510617	128	10159328	100	2	2200                              	74433	0	10159328	0
0.5	1100	25101	0	509815	128	10159328	100	2	2200                              	74433	0	10159328	0
0.5	1100	25956	0	524267	128	10159328	100	2	2200                              	74278	0	10159328	0
0.5	1100	24824	0	504901	128	10159328	100	2	2200                              	74433	0	10159328	0
0.5	1100	25849	0	522618	128	10159328	100	2	2200                              	74269	0	10159328	0
0.5	1100	26902	0	540759	128	10159328	100	2	2200                              	74433	0	10159328	0
0.5	1100	25280	0	512610	128	10159328	100	2	2200                              	74433	0	10159328	0
0.5	1100	25465	0	515983	128	10159328	100	2	2200                              	74433	0	10159328	0
0.5	1100	26951	0	541500	128	10159328	100	2	2200                              	74433	0	10159328	0
0.5	1100	25932	0	523870	128	10159328	100	2	2200                              	74433	0	10159328	0
0.5	1100	25223	0	511771	128	10159328	100	2	2200                              	74281	0	10159328	0
0.5	1100	25210	0	511510	128	10159328	100	2	2200                              	74433	0	10159328	0
0.5	1100	24999	0	508148	128	10159328	100	2	2200                              	74433	0	10159328	0
0.5	1100	25238	0	512008	128	10159328	100	2	2200                              	74433	0	10159328	0
0.5	1100	25695	0	519859	128	10159328	100	2	2200                              	74433	0	10159328	0
0.5	1100	25222	0	511806	128	10159328	100	2	2200                              	74433	0	10159328	0
0.5	1100	25366	0	514297	128	10159328	100	2	2200                              	74273	0	10159328	0
0.5	1100	25460	0	515855	128	10159328	100	2	2200                              	74433	0	10159328	0
0.5	1100	24725	0	503359	128	10159328	100	2	2200                              	74433	0	10159328	0
0.5	1100	24996	0	508122	128	10159328	100	2	2200                              	74433	0	10159328	0
0.5	1100	26029	0	525773	128	10159328	100	2	2200                              	74433	0	10159328	0
0.5	1100	25670	0	519349	128	10159328	100	2	2200                              	74433	0	10159328	0
0.5	1100	25216	0	511632	128	10159328	100	2	2200                              	74433	0	10159328	0
0.5	1100	25437	0	515447	128	10159328	100	2	2200                              	74433	0	10159328	0
0.5	1100	25687	0	519645	128	10159328	100	2	2200                              	74433	0	10159328	0
0.5	1100	25495	0	516589	128	10159328	100	2	2200                              	74286	0	10159328	0
0.5	1100	25113	0	510030	128	10159328	100	2	2200                              	74433	0	10159328	0
0.5	1100	26174	0	528000	128	10159328	100	2	2200                              	74433	0	10159328	0
0.5	1100	25162	0	510650	128	10159328	100	2	2200                              	74433	0	10159328	0
0.5	1100	25345	0	513882	128	10159328	100	2	2200                              	74433	0	10159328	0
0.5	1100	26225	0	528918	128	10159328	100	2	2200                              	74271	0	10159328	0
0.5	1100	26555	0	534610	128	10159328	100	2	2200                              	74433	0	10159328	0
0.5	1100	25895	0	523532	128	10159328	100	2	2200                              	74433	0	10159328	0
0.5	1100	24818	0	504781	128	10159328	100	2	2200                              	74433	0	10159328	0
0.5	1100	25691	0	519700	128	10159328	100	2	2200                              	74433	0	10159328	0
0.5	1100	25679	0	519547	128	10159328	100	2	2200                              	74433	0	10159328	0
0.5	1100	25490	0	516523	128	10159328	100	2	2200                              	74271	0	10159328	0
0.5	1100	25433	0	515300	128	10159328	100	2	2200                              	74433	0	10159328	0
0.5	1100	25386	0	514783	128	10159328	100	2	2200                              	74433	0	10159328	0
0.5	1100	25454	0	515671	128	10159328	100	2	2200                              	74433	0	10159328	0
0.5	1100	25826	0	522151	128	10159328	100	2	2200                              	74433	0	10159328	0
0.5	1100	26065	0	526100	128	10159328	100	2	2200                              	74281	0	10159328	0
0.5	1100	26150	0	527914	128	10159328	100	2	2200                              	74271	0	10159328	0
0.5	1100	26255	0	529455	128	10159328	100	2	2200                              	74271	0	10159328	0
0.5	1100	25358	0	514101	128	10159328	100	2	2200                              	74433	0	10159328	0
0.5	1100	26018	0	525677	128	10159328	100	2	2200                              	74263	0	10159328	0
0.5	1100	26369	0	531435	128	10159328	100	2	2200                              	73954	0	10159328	0
0.5	1100	24605	0	501225	128	10159328	100	2	2200                              	74433	0	10159328	0
0.5	1100	24670	0	502305	128	10159328	100	2	2200                              	74433	0	10159328	0
0.5	1100	25430	0	515327	128	10159328	100	2	2200                              	74433	0	10159328	0
0.5	1100	26195	0	528447	128	10159328	100	2	2200                              	74128	0	10159328	0
0.5	1100	24905	0	506118	128	10159328	100	2	2200                              	74433	0	10159328	0
0.5	1100	26195	0	528423	128	10159328	100	2	2200                              	74433	0	10159328	0
0.5	1100	25068	0	508995	128	10159328	100	2	2200                              	74433	0	10159328	0
0.5	1100	24834	0	505035	128	10159328	100	2	2200                              	74433	0	10159328	0
0.5	1100	25422	0	515142	128	10159328	100	2	2200                              	74433	0	10159328	0
0.5	1100	25866	0	522853	128	10159328	100	2	2200                              	74433	0	10159328	0
0.5	1100	25237	0	512159	128	10159328	100	2	2200                              	74433	0	10159328	0
0.5	1100	24597	0	501123	128	10159328	100	2	2200                              	74433	0	10159328	0
0.5	1100	25062	0	508817	128	10159328	100	2	2200                              	74433	0	10159328	0
0.5	1100	25728	0	520472	128	10159328	100	2	2200                              	74433	0	10159328	0
0.5	1100	25554	0	517406	128	10159328	100	2	2200                              	74221	0	10159328	0
0.5	1100	25875	0	522984	128	10159328	100	2	2200                              	74433	0	10159328	0
0.5	1100	25276	0	512639	128	10159328	100	2	2200                              	74433	0	10159328	0
0.5	1100	25881	0	523262	128	10159328	100	2	2200                              	74275	0	10159328	0
0.5	1100	26533	0	534513	128	10159328	100	2	2200                              	74433	0	10159328	0
0.5	1100	26153	0	527950	128	10159328	100	2	2200                              	74286	0	10159328	0
0.5	1100	25935	0	523960	128	10159328	100	2	2200                              	74433	0	10159328	0
0.5	1100	25116	0	509979	128	10159328	100	2	2200                              	74433	0	10159328	0
0.5	1100	25209	0	511560	128	10159328	100	2	2200                              	74433	0	10159328	0
0.5	1100	25968	0	524541	128	10159328	100	2	2200                              	74273	0	10159328	0
0.5	1100	25798	0	521576	128	10159328	100	2	2200                              	74433	0	10159328	0
0.5	1100	25108	0	509959	128	10159328	100	2	2200                              	74433	0	10159328	0
0.5	1100	25603	0	518316	128	10159328	100	2	2200                              	74433	0	10159328	0
0.5	1100	24991	0	507874	128	10159328	100	2	2200                              	74433	0	10159328	0
0.5	1100	24901	0	506164	128	10159328	100	2	2200                              	74433	0	10159328	0
0.5	1100	26012	0	525462	128	10159328	100	2	2200                              	74281	0	10159328	0
0.5	1100	26404	0	532205	128	10159328	100	2	2200                              	74433	0	10159328	0
0.5	1100	24729	0	503359	128	10159328	100	2	2200                              	74433	0	10159328	0
0.5	1100	26151	0	527999	128	10159328	100	2	2200                              	74276	0	10159328	0
0.5	1100	24535	0	499844	128	10159328	100	2	2200                              	74433	0	10159328	0
0.5	1100	26116	0	527198	128	10159328	100	2	2200                              	74433	0	10159328	0
0.5	1100	25056	0	508883	128	10159328	100	2	2200                              	74433	0	10159328	0
0.5	1100	25765	0	521205	128	10159328	100	2	2200                              	74433	0	10159328	0
0.5	2100	15373	0	581618	128	10159328	100	2	4200                              	73813	0	10159328	0
0.5	2100	15621	0	589805	128	10159328	100	2	4200                              	73616	0	10159328	0
0.5	2100	16802	0	628523	128	10159328	100	2	4200                              	71792	0	10159328	0
0.5	2100	16257	0	610408	128	10159328	100	2	4200                              	73641	0	10159328	0
0.5	2100	16855	0	630082	128	10159328	100	2	4200                              	71187	0	10159328	0
0.5	2100	15207	0	576159	128	10159328	100	2	4200                              	73647	0	10159328	0
0.5	2100	14635	0	557548	128	10159328	100	2	4200                              	73770	0	10159328	0
0.5	2100	15615	0	589501	128	10159328	100	2	4200                              	73962	0	10159328	0
0.5	2100	15031	0	570710	128	10159328	100	2	4200                              	73652	0	10159328	0
0.5	2100	16767	0	627207	128	10159328	100	2	4200                              	73172	0	10159328	0
0.5	2100	15910	0	599327	128	10159328	100	2	4200                              	71530	0	10159328	0
0.5	2100	15779	0	595121	128	10159328	100	2	4200                              	73814	0	10159328	0
0.5	2100	16880	0	630759	128	10159328	100	2	4200                              	73655	0	10159328	0
0.5	2100	15527	0	586858	128	10159328	100	2	4200                              	73813	0	10159328	0
0.5	2100	15710	0	592472	128	10159328	100	2	4200                              	73303	0	10159328	0
0.5	2100	15463	0	584571	128	10159328	100	2	4200                              	73197	0	10159328	0
0.5	2100	14454	0	551450	128	10159328	100	2	4200                              	72228	0	10159328	0
0.5	2100	15255	0	577659	128	10159328	100	2	4200                              	73653	0	10159328	0
0.5	2100	15236	0	577165	128	10159328	100	2	4200                              	73478	0	10159328	0
0.5	2100	16296	0	612005	128	10159328	100	2	4200                              	73454	0	10159328	0
0.5	2100	15917	0	599743	128	10159328	100	2	4200                              	72574	0	10159328	0
0.5	2100	15427	0	583794	128	10159328	100	2	4200                              	73992	0	10159328	0
0.5	2100	16600	0	621992	128	10159328	100	2	4200                              	73684	0	10159328	0
0.5	2100	16945	0	633520	128	10159328	100	2	4200                              	71294	0	10159328	0
0.5	2100	15277	0	578610	128	10159328	100	2	4200                              	73802	0	10159328	0
0.5	2100	14612	0	556583	128	10159328	100	2	4200                              	71741	0	10159328	0
0.5	2100	16229	0	609549	128	10159328	100	2	4200                              	73421	0	10159328	0
0.5	2100	15154	0	574630	128	10159328	100	2	4200                              	73807	0	10159328	0
0.5	2100	14751	0	561134	128	10159328	100	2	4200                              	73767	0	10159328	0
0.5	2100	15213	0	576159	128	10159328	100	2	4200                              	73810	0	10159328	0
0.5	2100	16746	0	626430	128	10159328	100	2	4200                              	70767	0	10159328	0
0.5	2100	16542	0	620109	128	10159328	100	2	4200                              	73300	0	10159328	0
0.5	2100	15508	0	585771	128	10159328	100	2	4200                              	73750	0	10159328	0
0.5	2100	16644	0	623257	128	10159328	100	2	4200                              	71273	0	10159328	0
0.5	2100	15843	0	597159	128	10159328	100	2	4200                              	73645	0	10159328	0
0.5	2100	15917	0	599598	128	10159328	100	2	4200                              	71270	0	10159328	0
0.5	2100	16281	0	611183	128	10159328	100	2	4200                              	73594	0	10159328	0
0.5	2100	15970	0	600902	128	10159328	100	2	4200                              	71309	0	10159328	0
0.5	2100	15450	0	583930	128	10159328	100	2	4200                              	73483	0	10159328	0
0.5	2100	16186	0	608743	128	10159328	100	2	4200                              	69277	0	10159328	0
0.5	2100	15784	0	595498	128	10159328	100	2	4200                              	72025	0	10159328	0
0.5	2100	15083	0	572124	128	10159328	100	2	4200                              	71646	0	10159328	0
0.5	2100	15808	0	596345	128	10159328	100	2	4200                              	74126	0	10159328	0
0.5	2100	16128	0	606353	128	10159328	100	2	4200                              	73966	0	10159328	0
0.5	2100	16271	0	610930	128	10159328	100	2	4200                              	73155	0	10159328	0
0.5	2100	14622	0	556899	128	10159328	100	2	4200                              	72104	0	10159328	0
0.5	2100	16686	0	624894	128	10159328	100	2	4200                              	73819	0	10159328	0
0.5	2100	15551	0	587964	128	10159328	100	2	4200                              	73805	0	10159328	0
0.5	2100	14903	0	566465	128	10159328	100	2	4200                              	71574	0	10159328	0
0.5	2100	17636	0	655614	128	10159328	100	2	4200                              	73819	0	10159328	0
0.5	2100	15530	0	587057	128	10159328	100	2	4200                              	71617	0	10159328	0
0.5	2100	15893	0	598635	128	10159328	100	2	4200                              	73450	0	10159328	0
0.5	2100	15127	0	573435	128	10159328	100	2	4200                              	71539	0	10159328	0
0.5	2100	15419	0	583459	128	10159328	100	2	4200                              	74129	0	10159328	0
0.5	2100	14988	0	568965	128	10159328	100	2	4200                              	73475	0	10159328	0
0.5	2100	16266	0	610753	128	10159328	100	2	4200                              	73474	0	10159328	0
0.5	2100	15833	0	596722	128	10159328	100	2	4200                              	73633	0	10159328	0
0.5	2100	17152	0	640191	128	10159328	100	2	4200                              	71435	0	10159328	0
0.5	2100	15373	0	581537	128	10159328	100	2	4200                              	73795	0	10159328	0
0.5	2100	15834	0	596533	128	10159328	100	2	4200                              	73770	0	10159328	0
0.5	2100	14894	0	566046	128	10159328	100	2	4200                              	73664	0	10159328	0
0.5	2100	15503	0	585855	128	10159328	100	2	4200                              	73642	0	10159328	0
0.5	2100	15145	0	574348	128	10159328	100	2	4200                              	73516	0	10159328	0
0.5	2100	17050	0	636632	128	10159328	100	2	4200                              	73838	0	10159328	0
0.5	2100	15906	0	599082	128	10159328	100	2	4200                              	73357	0	10159328	0
0.5	2100	16288	0	611560	128	10159328	100	2	4200                              	73498	0	10159328	0
0.5	2100	15585	0	588852	128	10159328	100	2	4200                              	73816	0	10159328	0
0.5	2100	15253	0	577678	128	10159328	100	2	4200                              	73667	0	10159328	0
0.5	2100	15645	0	590479	128	10159328	100	2	4200                              	73370	0	10159328	0
0.5	2100	14695	0	559359	128	10159328	100	2	4200                              	74114	0	10159328	0
0.5	2100	16186	0	608653	128	10159328	100	2	4200                              	74134	0	10159328	0
0.5	2100	15976	0	601314	128	10159328	100	2	4200                              	73324	0	10159328	0
0.5	2100	15916	0	599505	128	10159328	100	2	4200                              	73669	0	10159328	0
0.5	2100	16754	0	626733	128	10159328	100	2	4200                              	73354	0	10159328	0
0.5	2100	16319	0	613176	128	10159328	100	2	4200                              	71131	0	10159328	0
0.5	2100	15477	0	585050	128	10159328	100	2	4200                              	73580	0	10159328	0
0.5	2100	15654	0	590949	128	10159328	100	2	4200                              	73263	0	10159328	0
0.5	2100	15256	0	577968	128	10159328	100	2	4200                              	73755	0	10159328	0
0.5	2100	14460	0	551589	128	10159328	100	2	4200                              	73964	0	10159328	0
0.5	2100	15664	0	591486	128	10159328	100	2	4200                              	73494	0	10159328	0
0.5	2100	15548	0	587704	128	10159328	100	2	4200                              	74276	0	10159328	0
0.5	2100	15224	0	576727	128	10159328	100	2	4200                              	73421	0	10159328	0
0.5	2100	15670	0	591933	128	10159328	100	2	4200                              	73634	0	10159328	0
0.5	2100	15659	0	591291	128	10159328	100	2	4200                              	73299	0	10159328	0
0.5	2100	16633	0	622716	128	10159328	100	2	4200                              	71313	0	10159328	0
0.5	2100	15637	0	590326	128	10159328	100	2	4200                              	70967	0	10159328	0
0.5	2100	15978	0	601428	128	10159328	100	2	4200                              	73459	0	10159328	0
0.5	2100	15355	0	581062	128	10159328	100	2	4200                              	73983	0	10159328	0
0.5	2100	15373	0	581408	128	10159328	100	2	4200                              	71727	0	10159328	0
0.5	2100	15017	0	570148	128	10159328	100	2	4200                              	73652	0	10159328	0
0.5	2100	16055	0	604377	128	10159328	100	2	4200                              	71761	0	10159328	0
0.5	2100	15796	0	595712	128	10159328	100	2	4200                              	73285	0	10159328	0
0.5	2100	16358	0	613751	128	10159328	100	2	4200                              	71637	0	10159328	0
0.5	2100	15794	0	595553	128	10159328	100	2	4200                              	73818	0	10159328	0
0.5	2100	16214	0	609033	128	10159328	100	2	4200                              	73671	0	10159328	0
0.5	2100	15492	0	585516	128	10159328	100	2	4200                              	73779	0	10159328	0
0.5	2100	15386	0	582347	128	10159328	100	2	4200                              	73451	0	10159328	0
0.5	2100	15922	0	599936	128	10159328	100	2	4200                              	71774	0	10159328	0
0.5	2100	15355	0	581024	128	10159328	100	2	4200                              	73978	0	10159328	0
0.5	2100	16273	0	611235	128	10159328	100	2	4200                              	73655	0	10159328	0
0.5	3100	12649	0	688205	128	10159328	100	2	6200                              	69539	0	10159328	0
0.5	3100	12811	0	696673	128	10159328	100	2	6200                              	70487	0	10159328	0
0.5	3100	12339	0	673630	128	10159328	100	2	6200                              	70652	0	10159328	0
0.5	3100	12279	0	670987	128	10159328	100	2	6200                              	69830	0	10159328	0
0.5	3100	12363	0	675361	128	10159328	100	2	6200                              	71707	0	10159328	0
0.5	3100	11705	0	643183	128	10159328	100	2	6200                              	69927	0	10159328	0
0.5	3100	12582	0	685765	128	10159328	100	2	6200                              	72228	0	10159328	0
0.5	3100	11937	0	654607	128	10159328	100	2	6200                              	68036	0	10159328	0
0.5	3100	12953	0	703584	128	10159328	100	2	6200                              	69531	0	10159328	0
0.5	3100	11253	0	621159	128	10159328	100	2	6200                              	69817	0	10159328	0
0.5	3100	11970	0	656342	128	10159328	100	2	6200                              	70426	0	10159328	0
0.5	3100	12688	0	690735	128	10159328	100	2	6200                              	67617	0	10159328	0
0.5	3100	12541	0	683483	128	10159328	100	2	6200                              	72060	0	10159328	0
0.5	3100	11284	0	622597	128	10159328	100	2	6200                              	73087	0	10159328	0
0.5	3100	12726	0	692655	128	10159328	100	2	6200                              	69045	0	10159328	0
0.5	3100	11930	0	654054	128	10159328	100	2	6200                              	70776	0	10159328	0
0.5	3100	12060	0	660372	128	10159328	100	2	6200                              	68277	0	10159328	0
0.5	3100	12435	0	678516	128	10159328	100	2	6200                              	70105	0	10159328	0
0.5	3100	12011	0	657625	128	10159328	100	2	6200                              	69708	0	10159328	0
0.5	3100	12142	0	664325	128	10159328	100	2	6200                              	69916	0	10159328	0
0.5	3100	12541	0	683596	128	10159328	100	2	6200                              	69706	0	10159328	0
0.5	3100	11885	0	651839	128	10159328	100	2	6200                              	71565	0	10159328	0
0.5	3100	12020	0	658359	128	10159328	100	2	6200                              	72077	0	10159328	0
0.5	3100	11635	0	639523	128	10159328	100	2	6200                              	71681	0	10159328	0
0.5	3100	11430	0	629694	128	10159328	100	2	6200                              	69088	0	10159328	0
0.5	3100	12173	0	666018	128	10159328	100	2	6200                              	71160	0	10159328	0
0.5	3100	11770	0	646300	128	10159328	100	2	6200                              	68103	0	10159328	0
0.5	3100	12360	0	675527	128	10159328	100	2	6200                              	67026	0	10159328	0
0.5	3100	12815	0	696900	128	10159328	100	2	6200                              	69275	0	10159328	0
0.5	3100	13076	0	709521	128	10159328	100	2	6200                              	67436	0	10159328	0
0.5	3100	11521	0	634457	128	10159328	100	2	6200                              	66879	0	10159328	0
0.5	3100	12562	0	684653	128	10159328	100	2	6200                              	69574	0	10159328	0
0.5	3100	11538	0	635192	128	10159328	100	2	6200                              	70769	0	10159328	0
0.5	3100	12106	0	663221	128	10159328	100	2	6200                              	70207	0	10159328	0
0.5	3100	11701	0	643235	128	10159328	100	2	6200                              	69097	0	10159328	0
0.5	3100	12905	0	700899	128	10159328	100	2	6200                              	70347	0	10159328	0
0.5	3100	11823	0	649091	128	10159328	100	2	6200                              	70807	0	10159328	0
0.5	3100	12915	0	701759	128	10159328	100	2	6200                              	68051	0	10159328	0
0.5	3100	12349	0	674694	128	10159328	100	2	6200                              	71689	0	10159328	0
0.5	3100	11667	0	641013	128	10159328	100	2	6200                              	70025	0	10159328	0
0.5	3100	12662	0	689135	128	10159328	100	2	6200                              	66671	0	10159328	0
0.5	3100	12017	0	658091	128	10159328	100	2	6200                              	70502	0	10159328	0
0.5	3100	13046	0	707697	128	10159328	100	2	6200                              	71412	0	10159328	0
0.5	3100	12142	0	663629	128	10159328	100	2	6200                              	69811	0	10159328	0
0.5	3100	11896	0	652519	128	10159328	100	2	6200                              	72581	0	10159328	0
0.5	3100	11578	0	637035	128	10159328	100	2	6200                              	69998	0	10159328	0
0.5	3100	12698	0	691227	128	10159328	100	2	6200                              	71995	0	10159328	0
0.5	3100	11808	0	648435	128	10159328	100	2	6200                              	69709	0	10159328	0
0.5	3100	13192	0	715222	128	10159328	100	2	6200                              	69367	0	10159328	0
0.5	3100	12571	0	684930	128	10159328	100	2	6200                              	67712	0	10159328	0
0.5	3100	12406	0	676922	128	10159328	100	2	6200                              	71860	0	10159328	0
0.5	3100	13060	0	708926	128	10159328	100	2	6200                              	71808	0	10159328	0
0.5	3100	11894	0	652086	128	10159328	100	2	6200                              	69763	0	10159328	0
0.5	3100	11370	0	626245	128	10159328	100	2	6200                              	70663	0	10159328	0
0.5	3100	12141	0	663867	128	10159328	100	2	6200                              	72328	0	10159328	0
0.5	3100	12952	0	703587	128	10159328	100	2	6200                              	68600	0	10159328	0
0.5	3100	12156	0	664928	128	10159328	100	2	6200                              	70154	0	10159328	0
0.5	3100	11830	0	649618	128	10159328	100	2	6200                              	67918	0	10159328	0
0.5	3100	11976	0	656378	128	10159328	100	2	6200                              	72449	0	10159328	0
0.5	3100	12155	0	664556	128	10159328	100	2	6200                              	71999	0	10159328	0
0.5	3100	12787	0	695399	128	10159328	100	2	6200                              	70642	0	10159328	0
0.5	3100	11885	0	651495	128	10159328	100	2	6200                              	70927	0	10159328	0
0.5	3100	12173	0	665788	128	10159328	100	2	6200                              	72035	0	10159328	0
0.5	3100	12817	0	697210	128	10159328	100	2	6200                              	70493	0	10159328	0
0.5	3100	11907	0	652794	128	10159328	100	2	6200                              	72222	0	10159328	0
0.5	3100	12614	0	687593	128	10159328	100	2	6200                              	71903	0	10159328	0
0.5	3100	13203	0	715822	128	10159328	100	2	6200                              	71796	0	10159328	0
0.5	3100	12731	0	693184	128	10159328	100	2	6200                              	68061	0	10159328	0
0.5	3100	11731	0	644779	128	10159328	100	2	6200                              	71905	0	10159328	0
0.5	3100	12611	0	687689	128	10159328	100	2	6200                              	69877	0	10159328	0
0.5	3100	12174	0	665934	128	10159328	100	2	6200                              	69599	0	10159328	0
0.5	3100	12035	0	659297	128	10159328	100	2	6200                              	69327	0	10159328	0
0.5	3100	12712	0	691954	128	10159328	100	2	6200                              	69702	0	10159328	0
0.5	3100	11687	0	642468	128	10159328	100	2	6200                              	72519	0	10159328	0
0.5	3100	11125	0	614718	128	10159328	100	2	6200                              	69970	0	10159328	0
0.5	3100	12232	0	669152	128	10159328	100	2	6200                              	72234	0	10159328	0
0.5	3100	12286	0	671436	128	10159328	100	2	6200                              	70622	0	10159328	0
0.5	3100	13173	0	713881	128	10159328	100	2	6200                              	67791	0	10159328	0
0.5	3100	11967	0	656334	128	10159328	100	2	6200                              	69553	0	10159328	0
0.5	3100	12294	0	671637	128	10159328	100	2	6200                              	69689	0	10159328	0
0.5	3100	12189	0	666875	128	10159328	100	2	6200                              	71788	0	10159328	0
0.5	3100	12093	0	661898	128	10159328	100	2	6200                              	69697	0	10159328	0
0.5	3100	13300	0	720064	128	10159328	100	2	6200                              	72200	0	10159328	0
0.5	3100	11912	0	653158	128	10159328	100	2	6200                              	68911	0	10159328	0
0.5	3100	12231	0	668805	128	10159328	100	2	6200                              	67997	0	10159328	0
0.5	3100	11939	0	654322	128	10159328	100	2	6200                              	70935	0	10159328	0
0.5	3100	12788	0	694978	128	10159328	100	2	6200                              	69237	0	10159328	0
0.5	3100	12787	0	695398	128	10159328	100	2	6200                              	67882	0	10159328	0
0.5	3100	11918	0	653532	128	10159328	100	2	6200                              	66817	0	10159328	0
0.5	3100	12036	0	658932	128	10159328	100	2	6200                              	67777	0	10159328	0
0.5	3100	12273	0	670759	128	10159328	100	2	6200                              	70047	0	10159328	0
0.5	3100	11652	0	640636	128	10159328	100	2	6200                              	69853	0	10159328	0
0.5	3100	12331	0	673443	128	10159328	100	2	6200                              	72335	0	10159328	0
0.5	3100	12108	0	663333	128	10159328	100	2	6200                              	69888	0	10159328	0
0.5	3100	11924	0	653989	128	10159328	100	2	6200                              	72417	0	10159328	0
0.5	3100	11975	0	656978	128	10159328	100	2	6200                              	67732	0	10159328	0
0.5	3100	12490	0	681872	128	10159328	100	2	6200                              	69799	0	10159328	0
0.5	3100	12098	0	662509	128	10159328	100	2	6200                              	71985	0	10159328	0
0.5	3100	11932	0	654433	128	10159328	100	2	6200                              	70931	0	10159328	0
0.5	3100	13892	0	749124	128	10159328	100	2	6200                              	72168	0	10159328	0
0.5	4100	9923	0	711523	128	10159328	100	2	8200                              	68644	0	10159328	0
0.5	4100	10585	0	753523	128	10159328	100	2	8200                              	67408	0	10159328	0
0.5	4100	9729	0	697690	128	10159328	100	2	8200                              	66750	0	10159328	0
0.5	4100	10449	0	745633	128	10159328	100	2	8200                              	64181	0	10159328	0
0.5	4100	10320	0	736594	128	10159328	100	2	8200                              	71447	0	10159328	0
0.5	4100	10668	0	759043	128	10159328	100	2	8200                              	68090	0	10159328	0
0.5	4100	10811	0	768241	128	10159328	100	2	8200                              	65834	0	10159328	0
0.5	4100	9904	0	710483	128	10159328	100	2	8200                              	64753	0	10159328	0
0.5	4100	10828	0	769278	128	10159328	100	2	8200                              	64695	0	10159328	0
0.5	4100	10124	0	722959	128	10159328	100	2	8200                              	67914	0	10159328	0
0.5	4100	10514	0	747862	128	10159328	100	2	8200                              	67732	0	10159328	0
0.5	4100	9680	0	695635	128	10159328	100	2	8200                              	65458	0	10159328	0
0.5	4100	10257	0	731840	128	10159328	100	2	8200                              	68731	0	10159328	0
0.5	4100	10011	0	716169	128	10159328	100	2	8200                              	61596	0	10159328	0
0.5	4100	9848	0	705459	128	10159328	100	2	8200                              	67892	0	10159328	0
0.5	4100	9737	0	698261	128	10159328	100	2	8200                              	71986	0	10159328	0
0.5	4100	10309	0	736290	128	10159328	100	2	8200                              	68462	0	10159328	0
0.5	4100	10199	0	729348	128	10159328	100	2	8200                              	69668	0	10159328	0
0.5	4100	10494	0	746761	128	10159328	100	2	8200                              	65573	0	10159328	0
0.5	4100	10775	0	765125	128	10159328	100	2	8200                              	66953	0	10159328	0
0.5	4100	10421	0	743529	128	10159328	100	2	8200                              	64343	0	10159328	0
0.5	4100	10421	0	743482	128	10159328	100	2	8200                              	64480	0	10159328	0
0.5	4100	11186	0	791979	128	10159328	100	2	8200                              	65737	0	10159328	0
0.5	4100	10764	0	764229	128	10159328	100	2	8200                              	67218	0	10159328	0
0.5	4100	9765	0	700678	128	10159328	100	2	8200                              	66066	0	10159328	0
0.5	4100	10446	0	744823	128	10159328	100	2	8200                              	65966	0	10159328	0
0.5	4100	10688	0	760520	128	10159328	100	2	8200                              	66829	0	10159328	0
0.5	4100	10453	0	745323	128	10159328	100	2	8200                              	65558	0	10159328	0
0.5	4100	10714	0	761980	128	10159328	100	2	8200                              	65754	0	10159328	0
0.5	4100	10077	0	721210	128	10159328	100	2	8200                              	68999	0	10159328	0
0.5	4100	10456	0	745975	128	10159328	100	2	8200                              	68961	0	10159328	0
0.5	4100	9923	0	711239	128	10159328	100	2	8200                              	68309	0	10159328	0
0.5	4100	9849	0	705447	128	10159328	100	2	8200                              	67451	0	10159328	0
0.5	4100	9517	0	684898	128	10159328	100	2	8200                              	70580	0	10159328	0
0.5	4100	10881	0	771292	128	10159328	100	2	8200                              	68036	0	10159328	0
0.5	4100	11793	0	829987	128	10159328	100	2	8200                              	67806	0	10159328	0
0.5	4100	10055	0	720022	128	10159328	100	2	8200                              	70347	0	10159328	0
0.5	4100	10838	0	770205	128	10159328	100	2	8200                              	69513	0	10159328	0
0.5	4100	11227	0	794913	128	10159328	100	2	8200                              	65318	0	10159328	0
0.5	4100	10587	0	753997	128	10159328	100	2	8200                              	67589	0	10159328	0
0.5	4100	10241	0	730731	128	10159328	100	2	8200                              	67674	0	10159328	0
0.5	4100	9809	0	703655	128	10159328	100	2	8200                              	66411	0	10159328	0
0.5	4100	10716	0	762450	128	10159328	100	2	8200                              	67912	0	10159328	0
0.5	4100	11072	0	785184	128	10159328	100	2	8200                              	69991	0	10159328	0
0.5	4100	10303	0	735678	128	10159328	100	2	8200                              	66326	0	10159328	0
0.5	4100	10048	0	719560	128	10159328	100	2	8200                              	70901	0	10159328	0
0.5	4100	10836	0	770285	128	10159328	100	2	8200                              	65893	0	10159328	0
0.5	4100	10491	0	746206	128	10159328	100	2	8200                              	66894	0	10159328	0
0.5	4100	10128	0	723521	128	10159328	100	2	8200                              	69360	0	10159328	0
0.5	4100	10327	0	737969	128	10159328	100	2	8200                              	67429	0	10159328	0
0.5	4100	9295	0	670855	128	10159328	100	2	8200                              	68571	0	10159328	0
0.5	4100	10048	0	719156	128	10159328	100	2	8200                              	68552	0	10159328	0
0.5	4100	9872	0	706879	128	10159328	100	2	8200                              	69272	0	10159328	0
0.5	4100	10778	0	765310	128	10159328	100	2	8200                              	68422	0	10159328	0
0.5	4100	9916	0	711244	128	10159328	100	2	8200                              	68189	0	10159328	0
0.5	4100	9944	0	712948	128	10159328	100	2	8200                              	65750	0	10159328	0
0.5	4100	9900	0	709511	128	10159328	100	2	8200                              	66507	0	10159328	0
0.5	4100	10311	0	736195	128	10159328	100	2	8200                              	68044	0	10159328	0
0.5	4100	9217	0	665026	128	10159328	100	2	8200                              	68824	0	10159328	0
0.5	4100	9770	0	701810	128	10159328	100	2	8200                              	68270	0	10159328	0
0.5	4100	9941	0	713119	128	10159328	100	2	8200                              	70487	0	10159328	0
0.5	4100	10457	0	745947	128	10159328	100	2	8200                              	65353	0	10159328	0
0.5	4100	9881	0	707731	128	10159328	100	2	8200                              	66686	0	10159328	0
0.5	4100	10252	0	730943	128	10159328	100	2	8200                              	66810	0	10159328	0
0.5	4100	10546	0	751278	128	10159328	100	2	8200                              	65606	0	10159328	0
0.5	4100	10626	0	755138	128	10159328	100	2	8200                              	68371	0	10159328	0
0.5	4100	9723	0	697355	128	10159328	100	2	8200                              	67342	0	10159328	0
0.5	4100	10067	0	720534	128	10159328	100	2	8200                              	67367	0	10159328	0
0.5	4100	9991	0	714389	128	10159328	100	2	8200                              	67408	0	10159328	0
0.5	4100	10165	0	727269	128	10159328	100	2	8200                              	66094	0	10159328	0
0.5	4100	10515	0	748134	128	10159328	100	2	8200                              	68585	0	10159328	0
0.5	4100	9552	0	687255	128	10159328	100	2	8200                              	67165	0	10159328	0
0.5	4100	10710	0	761535	128	10159328	100	2	8200                              	71173	0	10159328	0
0.5	4100	10997	0	779268	128	10159328	100	2	8200                              	68276	0	10159328	0
0.5	4100	9993	0	714708	128	10159328	100	2	8200                              	64364	0	10159328	0
0.5	4100	9686	0	696614	128	10159328	100	2	8200                              	68919	0	10159328	0
0.5	4100	9543	0	686895	128	10159328	100	2	8200                              	70398	0	10159328	0
0.5	4100	10067	0	720475	128	10159328	100	2	8200                              	69305	0	10159328	0
0.5	4100	9388	0	676720	128	10159328	100	2	8200                              	66477	0	10159328	0
0.5	4100	9694	0	696873	128	10159328	100	2	8200                              	69929	0	10159328	0
0.5	4100	10523	0	748869	128	10159328	100	2	8200                              	67156	0	10159328	0
0.5	4100	9927	0	711708	128	10159328	100	2	8200                              	69256	0	10159328	0
0.5	4100	10676	0	759479	128	10159328	100	2	8200                              	66964	0	10159328	0
0.5	4100	10043	0	719257	128	10159328	100	2	8200                              	70225	0	10159328	0
0.5	4100	9844	0	705207	128	10159328	100	2	8200                              	69179	0	10159328	0
0.5	4100	10816	0	768798	128	10159328	100	2	8200                              	65182	0	10159328	0
0.5	4100	10203	0	729615	128	10159328	100	2	8200                              	70510	0	10159328	0
0.5	4100	10533	0	749866	128	10159328	100	2	8200                              	63199	0	10159328	0
0.5	4100	10019	0	717228	128	10159328	100	2	8200                              	62683	0	10159328	0
0.5	4100	9947	0	713010	128	10159328	100	2	8200                              	66793	0	10159328	0
0.5	4100	10264	0	732393	128	10159328	100	2	8200                              	68557	0	10159328	0
0.5	4100	9930	0	711855	128	10159328	100	2	8200                              	68333	0	10159328	0
0.5	4100	10452	0	745184	128	10159328	100	2	8200                              	66326	0	10159328	0
0.5	4100	11194	0	792927	128	10159328	100	2	8200                              	64002	0	10159328	0
0.5	4100	9997	0	714900	128	10159328	100	2	8200                              	68109	0	10159328	0
0.5	4100	10685	0	760216	128	10159328	100	2	8200                              	68006	0	10159328	0
0.5	4100	10702	0	761529	128	10159328	100	2	8200                              	66813	0	10159328	0
0.5	4100	9688	0	696610	128	10159328	100	2	8200                              	67146	0	10159328	0
0.5	4100	11218	0	794594	128	10159328	100	2	8200                              	63887	0	10159328	0
0.5	4100	10904	0	773341	128	10159328	100	2	8200                              	65892	0	10159328	0
0.5	5100	8642	0	764604	128	10159328	100	2	10200                              	66709	0	10159328	0
0.5	5100	8641	0	763749	128	10159328	100	2	10200                              	62925	0	10159328	0
0.5	5100	8889	0	782921	128	10159328	100	2	10200                              	62373	0	10159328	0
0.5	5100	9647	0	842683	128	10159328	100	2	10200                              	67186	0	10159328	0
0.5	5100	8484	0	749799	128	10159328	100	2	10200                              	65666	0	10159328	0
0.5	5100	9892	0	861902	128	10159328	100	2	10200                              	62580	0	10159328	0
0.5	5100	9229	0	809123	128	10159328	100	2	10200                              	64251	0	10159328	0
0.5	5100	8207	0	727523	128	10159328	100	2	10200                              	66158	0	10159328	0
0.5	5100	8491	0	750322	128	10159328	100	2	10200                              	66804	0	10159328	0
0.5	5100	9854	0	858729	128	10159328	100	2	10200                              	59577	0	10159328	0
0.5	5100	9025	0	795199	128	10159328	100	2	10200                              	64305	0	10159328	0
0.5	5100	8974	0	788584	128	10159328	100	2	10200                              	63436	0	10159328	0
0.5	5100	9631	0	840513	128	10159328	100	2	10200                              	64839	0	10159328	0
0.5	5100	9360	0	819323	128	10159328	100	2	10200                              	62713	0	10159328	0
0.5	5100	8614	0	760059	128	10159328	100	2	10200                              	64821	0	10159328	0
0.5	5100	8879	0	781658	128	10159328	100	2	10200                              	66161	0	10159328	0
0.5	5100	8755	0	772757	128	10159328	100	2	10200                              	67066	0	10159328	0
0.5	5100	9507	0	831356	128	10159328	100	2	10200                              	63575	0	10159328	0
0.5	5100	9478	0	828855	128	10159328	100	2	10200                              	64052	0	10159328	0
0.5	5100	8577	0	757170	128	10159328	100	2	10200                              	66109	0	10159328	0
0.5	5100	9009	0	792250	128	10159328	100	2	10200                              	67097	0	10159328	0
0.5	5100	9088	0	797654	128	10159328	100	2	10200                              	63922	0	10159328	0
0.5	5100	9077	0	797225	128	10159328	100	2	10200                              	65272	0	10159328	0
0.5	5100	9528	0	834056	128	10159328	100	2	10200                              	62958	0	10159328	0
0.5	5100	8765	0	774133	128	10159328	100	2	10200                              	62525	0	10159328	0
0.5	5100	8773	0	775157	128	10159328	100	2	10200                              	67529	0	10159328	0
0.5	5100	8978	0	789148	128	10159328	100	2	10200                              	68328	0	10159328	0
0.5	5100	8763	0	772685	128	10159328	100	2	10200                              	68014	0	10159328	0
0.5	5100	9444	0	827039	128	10159328	100	2	10200                              	63672	0	10159328	0
0.5	5100	9394	0	823187	128	10159328	100	2	10200                              	65411	0	10159328	0
0.5	5100	9003	0	791421	128	10159328	100	2	10200                              	61563	0	10159328	0
0.5	5100	9146	0	804645	128	10159328	100	2	10200                              	64077	0	10159328	0
0.5	5100	9781	0	853612	128	10159328	100	2	10200                              	65358	0	10159328	0
0.5	5100	9441	0	826395	128	10159328	100	2	10200                              	67382	0	10159328	0
0.5	5100	9643	0	842536	128	10159328	100	2	10200                              	61845	0	10159328	0
0.5	5100	9713	0	848010	128	10159328	100	2	10200                              	65808	0	10159328	0
0.5	5100	8619	0	760537	128	10159328	100	2	10200                              	64657	0	10159328	0
0.5	5100	10807	0	935822	128	10159328	100	2	10200                              	64518	0	10159328	0
0.5	5100	9017	0	793935	128	10159328	100	2	10200                              	64065	0	10159328	0
0.5	5100	8358	0	739706	128	10159328	100	2	10200                              	63745	0	10159328	0
0.5	5100	8601	0	758204	128	10159328	100	2	10200                              	66249	0	10159328	0
0.5	5100	9065	0	796577	128	10159328	100	2	10200                              	64777	0	10159328	0
0.5	5100	9488	0	829384	128	10159328	100	2	10200                              	61758	0	10159328	0
0.5	5100	8739	0	769848	128	10159328	100	2	10200                              	67258	0	10159328	0
0.5	5100	9508	0	831483	128	10159328	100	2	10200                              	64744	0	10159328	0
0.5	5100	8832	0	777855	128	10159328	100	2	10200                              	64115	0	10159328	0
0.5	5100	8209	0	727648	128	10159328	100	2	10200                              	66095	0	10159328	0
0.5	5100	9344	0	818356	128	10159328	100	2	10200                              	64636	0	10159328	0
0.5	5100	8627	0	761330	128	10159328	100	2	10200                              	67706	0	10159328	0
0.5	5100	9023	0	795362	128	10159328	100	2	10200                              	62717	0	10159328	0
0.5	5100	8996	0	790349	128	10159328	100	2	10200                              	63823	0	10159328	0
0.5	5100	9667	0	845956	128	10159328	100	2	10200                              	63701	0	10159328	0
0.5	5100	8582	0	757461	128	10159328	100	2	10200                              	64937	0	10159328	0
0.5	5100	8758	0	771903	128	10159328	100	2	10200                              	62459	0	10159328	0
0.5	5100	8894	0	783856	128	10159328	100	2	10200                              	66990	0	10159328	0
0.5	5100	9271	0	813135	128	10159328	100	2	10200                              	61522	0	10159328	0
0.5	5100	9264	0	812635	128	10159328	100	2	10200                              	66205	0	10159328	0
0.5	5100	9003	0	791137	128	10159328	100	2	10200                              	63912	0	10159328	0
0.5	5100	9915	0	865124	128	10159328	100	2	10200                              	63179	0	10159328	0
0.5	5100	8621	0	760574	128	10159328	100	2	10200                              	61908	0	10159328	0
0.5	5100	9620	0	840005	128	10159328	100	2	10200                              	63087	0	10159328	0
0.5	5100	8733	0	769662	128	10159328	100	2	10200                              	67098	0	10159328	0
0.5	5100	8740	0	769922	128	10159328	100	2	10200                              	65860	0	10159328	0
0.5	5100	8877	0	781539	128	10159328	100	2	10200                              	69804	0	10159328	0
0.5	5100	8233	0	729804	128	10159328	100	2	10200                              	67260	0	10159328	0
0.5	5100	8612	0	760191	128	10159328	100	2	10200                              	62928	0	10159328	0
0.5	5100	9398	0	823127	128	10159328	100	2	10200                              	63231	0	10159328	0
0.5	5100	9149	0	804082	128	10159328	100	2	10200                              	64430	0	10159328	0
0.5	5100	9748	0	849923	128	10159328	100	2	10200                              	61821	0	10159328	0
0.5	5100	8851	0	778523	128	10159328	100	2	10200                              	64987	0	10159328	0
0.5	5100	8854	0	779397	128	10159328	100	2	10200                              	62312	0	10159328	0
0.5	5100	9517	0	832946	128	10159328	100	2	10200                              	64862	0	10159328	0
0.5	5100	9620	0	839723	128	10159328	100	2	10200                              	63193	0	10159328	0
0.5	5100	9263	0	812749	128	10159328	100	2	10200                              	65073	0	10159328	0
0.5	5100	8928	0	785742	128	10159328	100	2	10200                              	65611	0	10159328	0
0.5	5100	9106	0	798784	128	10159328	100	2	10200                              	64174	0	10159328	0
0.5	5100	10645	0	921748	128	10159328	100	2	10200                              	67861	0	10159328	0
0.5	5100	9092	0	798255	128	10159328	100	2	10200                              	62364	0	10159328	0
0.5	5100	8984	0	789005	128	10159328	100	2	10200                              	64864	0	10159328	0
0.5	5100	8634	0	763820	128	10159328	100	2	10200                              	63632	0	10159328	0
0.5	5100	9477	0	828739	128	10159328	100	2	10200                              	64283	0	10159328	0
0.5	5100	9711	0	847795	128	10159328	100	2	10200                              	64002	0	10159328	0
0.5	5100	8762	0	773176	128	10159328	100	2	10200                              	64328	0	10159328	0
0.5	5100	9390	0	822325	128	10159328	100	2	10200                              	63116	0	10159328	0
0.5	5100	9129	0	801577	128	10159328	100	2	10200                              	65262	0	10159328	0
0.5	5100	8714	0	767777	128	10159328	100	2	10200                              	65929	0	10159328	0
0.5	5100	9892	0	861660	128	10159328	100	2	10200                              	64656	0	10159328	0
0.5	5100	8942	0	787151	128	10159328	100	2	10200                              	63825	0	10159328	0
0.5	5100	9279	0	814652	128	10159328	100	2	10200                              	63883	0	10159328	0
0.5	5100	8883	0	782557	128	10159328	100	2	10200                              	65246	0	10159328	0
0.5	5100	8628	0	761615	128	10159328	100	2	10200                              	63988	0	10159328	0
0.5	5100	9104	0	798923	128	10159328	100	2	10200                              	63986	0	10159328	0
0.5	5100	8866	0	780358	128	10159328	100	2	10200                              	64266	0	10159328	0
0.5	5100	9106	0	798923	128	10159328	100	2	10200                              	64130	0	10159328	0
0.5	5100	8248	0	732201	128	10159328	100	2	10200                              	65310	0	10159328	0
0.5	5100	9858	0	858713	128	10159328	100	2	10200                              	64600	0	10159328	0
0.5	5100	8359	0	739716	128	10159328	100	2	10200                              	65000	0	10159328	0
0.5	5100	9495	0	829805	128	10159328	100	2	10200                              	63937	0	10159328	0
0.5	5100	9153	0	804761	128	10159328	100	2	10200                              	63379	0	10159328	0
0.5	5100	9509	0	831493	128	10159328	100	2	10200                              	61147	0	10159328	0
0.5	6100	8524	0	886886	128	10159328	100	2	12200                              	61992	0	10159328	0
0.5	6100	8170	0	852122	128	10159328	100	2	12200                              	63612	0	10159328	0
0.5	6100	8620	0	893716	128	10159328	100	2	12200                              	59922	0	10159328	0
0.5	6100	8528	0	887068	128	10159328	100	2	12200                              	62530	0	10159328	0
0.5	6100	8519	0	886925	128	10159328	100	2	12200                              	61288	0	10159328	0
0.5	6100	7799	0	817287	128	10159328	100	2	12200                              	64429	0	10159328	0
0.5	6100	8628	0	896316	128	10159328	100	2	12200                              	59927	0	10159328	0
0.5	6100	9253	0	952167	128	10159328	100	2	12200                              	59107	0	10159328	0
0.5	6100	8371	0	871559	128	10159328	100	2	12200                              	60376	0	10159328	0
0.5	6100	7795	0	816055	128	10159328	100	2	12200                              	62467	0	10159328	0
0.5	6100	8671	0	900391	128	10159328	100	2	12200                              	62026	0	10159328	0
0.5	6100	8152	0	851341	128	10159328	100	2	12200                              	61274	0	10159328	0
0.5	6100	8528	0	887702	128	10159328	100	2	12200                              	60370	0	10159328	0
0.5	6100	8430	0	877289	128	10159328	100	2	12200                              	62445	0	10159328	0
0.5	6100	7927	0	829205	128	10159328	100	2	12200                              	59168	0	10159328	0
0.5	6100	8808	0	913647	128	10159328	100	2	12200                              	59652	0	10159328	0
0.5	6100	8443	0	878005	128	10159328	100	2	12200                              	62141	0	10159328	0
0.5	6100	8103	0	842790	128	10159328	100	2	12200                              	64162	0	10159328	0
0.5	6100	8630	0	897448	128	10159328	100	2	12200                              	63057	0	10159328	0
0.5	6100	8435	0	877723	128	10159328	100	2	12200                              	62357	0	10159328	0
0.5	6100	8387	0	874216	128	10159328	100	2	12200                              	61932	0	10159328	0
0.5	6100	9044	0	936496	128	10159328	100	2	12200                              	61530	0	10159328	0
0.5	6100	9072	0	938900	128	10159328	100	2	12200                              	60709	0	10159328	0
0.5	6100	9334	0	963123	128	10159328	100	2	12200                              	61960	0	10159328	0
0.5	6100	8630	0	896657	128	10159328	100	2	12200                              	63827	0	10159328	0
0.5	6100	8771	0	910653	128	10159328	100	2	12200                              	62913	0	10159328	0
0.5	6100	8820	0	914323	128	10159328	100	2	12200                              	61703	0	10159328	0
0.5	6100	8157	0	851737	128	10159328	100	2	12200                              	62948	0	10159328	0
0.5	6100	9559	0	985492	128	10159328	100	2	12200                              	61304	0	10159328	0
0.5	6100	8389	0	874319	128	10159328	100	2	12200                              	61099	0	10159328	0
0.5	6100	9005	0	930995	128	10159328	100	2	12200                              	62915	0	10159328	0
0.5	6100	9521	0	980269	128	10159328	100	2	12200                              	61837	0	10159328	0
0.5	6100	7925	0	828784	128	10159328	100	2	12200                              	61491	0	10159328	0
0.5	6100	8562	0	889784	128	10159328	100	2	12200                              	61137	0	10159328	0
0.5	6100	8739	0	904359	128	10159328	100	2	12200                              	64214	0	10159328	0
0.5	6100	8436	0	877584	128	10159328	100	2	12200                              	61110	0	10159328	0
0.5	6100	8047	0	840455	128	10159328	100	2	12200                              	60436	0	10159328	0
0.5	6100	7771	0	814961	128	10159328	100	2	12200                              	63296	0	10159328	0
0.5	6100	8129	0	849426	128	10159328	100	2	12200                              	61234	0	10159328	0
0.5	6100	8410	0	876110	128	10159328	100	2	12200                              	67033	0	10159328	0
0.5	6100	8144	0	850926	128	10159328	100	2	12200                              	63234	0	10159328	0
0.5	6100	8182	0	853605	128	10159328	100	2	12200                              	60972	0	10159328	0
0.5	6100	8534	0	887885	128	10159328	100	2	12200                              	60074	0	10159328	0
0.5	6100	8437	0	878224	128	10159328	100	2	12200                              	61589	0	10159328	0
0.5	6100	8147	0	850968	128	10159328	100	2	12200                              	61920	0	10159328	0
0.5	6100	8405	0	875693	128	10159328	100	2	12200                              	63900	0	10159328	0
0.5	6100	8183	0	853323	128	10159328	100	2	12200                              	59644	0	10159328	0
0.5	6100	8183	0	853748	128	10159328	100	2	12200                              	59501	0	10159328	0
0.5	6100	7733	0	811370	128	10159328	100	2	12200                              	64041	0	10159328	0
0.5	6100	8180	0	852889	128	10159328	100	2	12200                              	60989	0	10159328	0
0.5	6100	8303	0	865021	128	10159328	100	2	12200                              	61084	0	10159328	0
0.5	6100	7721	0	806918	128	10159328	100	2	12200                              	61374	0	10159328	0
0.5	6100	9044	0	936693	128	10159328	100	2	12200                              	62880	0	10159328	0
0.5	6100	8240	0	858971	128	10159328	100	2	12200                              	62843	0	10159328	0
0.5	6100	8417	0	876394	128	10159328	100	2	12200                              	63231	0	10159328	0
0.5	6100	8151	0	851293	128	10159328	100	2	12200                              	62097	0	10159328	0
0.5	6100	8508	0	885157	128	10159328	100	2	12200                              	61774	0	10159328	0
0.5	6100	8000	0	837065	128	10159328	100	2	12200                              	62800	0	10159328	0
0.5	6100	8037	0	839668	128	10159328	100	2	12200                              	61715	0	10159328	0
0.5	6100	8410	0	876200	128	10159328	100	2	12200                              	60090	0	10159328	0
0.5	6100	8178	0	853184	128	10159328	100	2	12200                              	60044	0	10159328	0
0.5	6100	8805	0	913425	128	10159328	100	2	12200                              	52599	0	10159328	0
0.5	6100	8176	0	852833	128	10159328	100	2	12200                              	61594	0	10159328	0
0.5	6100	7722	0	808541	128	10159328	100	2	12200                              	64090	0	10159328	0
0.5	6100	8310	0	865384	128	10159328	100	2	12200                              	60936	0	10159328	0
0.5	6100	8298	0	864855	128	10159328	100	2	12200                              	63130	0	10159328	0
0.5	6100	9816	0	1009985	128	10159328	100	2	12200                              	63136	0	10159328	0
0.5	6100	7633	0	802493	128	10159328	100	2	12200                              	65770	0	10159328	0
0.5	6100	8287	0	864059	128	10159328	100	2	12200                              	63209	0	10159328	0
0.5	6100	8149	0	851263	128	10159328	100	2	12200                              	63557	0	10159328	0
0.5	6100	9630	0	988593	128	10159328	100	2	12200                              	60734	0	10159328	0
0.5	6100	7870	0	824668	128	10159328	100	2	12200                              	55041	0	10159328	0
0.5	6100	7926	0	828923	128	10159328	100	2	12200                              	64187	0	10159328	0
0.5	6100	8131	0	849775	128	10159328	100	2	12200                              	62310	0	10159328	0
0.5	6100	8256	0	861548	128	10159328	100	2	12200                              	63843	0	10159328	0
0.5	6100	8889	0	921504	128	10159328	100	2	12200                              	63628	0	10159328	0
0.5	6100	7415	0	780724	128	10159328	100	2	12200                              	64444	0	10159328	0
0.5	6100	8099	0	843359	128	10159328	100	2	12200                              	64958	0	10159328	0
0.5	6100	8542	0	888204	128	10159328	100	2	12200                              	62713	0	10159328	0
0.5	6100	7854	0	822045	128	10159328	100	2	12200                              	63729	0	10159328	0
0.5	6100	8276	0	863194	128	10159328	100	2	12200                              	64038	0	10159328	0
0.5	6100	9117	0	939640	128	10159328	100	2	12200                              	63551	0	10159328	0
0.5	6100	8182	0	852895	128	10159328	100	2	12200                              	62679	0	10159328	0
0.5	6100	8928	0	924937	128	10159328	100	2	12200                              	63850	0	10159328	0
0.5	6100	8926	0	924937	128	10159328	100	2	12200                              	60400	0	10159328	0
0.5	6100	8611	0	892159	128	10159328	100	2	12200                              	63939	0	10159328	0
0.5	6100	8019	0	838860	128	10159328	100	2	12200                              	64389	0	10159328	0
0.5	6100	8822	0	914184	128	10159328	100	2	12200                              	64150	0	10159328	0
0.5	6100	8567	0	890348	128	10159328	100	2	12200                              	64258	0	10159328	0
0.5	6100	8687	0	901455	128	10159328	100	2	12200                              	65610	0	10159328	0
0.5	6100	7911	0	827749	128	10159328	100	2	12200                              	61362	0	10159328	0
0.5	6100	8022	0	838902	128	10159328	100	2	12200                              	65795	0	10159328	0
0.5	6100	9135	0	943689	128	10159328	100	2	12200                              	60955	0	10159328	0
0.5	6100	7411	0	780405	128	10159328	100	2	12200                              	63958	0	10159328	0
0.5	6100	8178	0	852794	128	10159328	100	2	12200                              	61220	0	10159328	0
0.5	6100	8179	0	853184	128	10159328	100	2	12200                              	65425	0	10159328	0
0.5	6100	8412	0	876259	128	10159328	100	2	12200                              	62015	0	10159328	0
0.5	6100	7662	0	803953	128	10159328	100	2	12200                              	64207	0	10159328	0
0.5	6100	8685	0	901734	128	10159328	100	2	12200                              	61672	0	10159328	0
0.5	6100	7981	0	833601	128	10159328	100	2	12200                              	62768	0	10159328	0
0.5	7100	8151	0	977138	128	10159328	100	2	14200                              	59298	0	10159328	0
0.5	7100	8539	0	1021132	128	10159328	100	2	14200                              	56223	0	10159328	0
0.5	7100	6851	0	832321	128	10159328	100	2	14200                              	59731	0	10159328	0
0.5	7100	8392	0	1003805	128	10159328	100	2	14200                              	60671	0	10159328	0
0.5	7100	8389	0	1003384	128	10159328	100	2	14200                              	57785	0	10159328	0
0.5	7100	7824	0	937591	128	10159328	100	2	14200                              	63702	0	10159328	0
0.5	7100	7912	0	951286	128	10159328	100	2	14200                              	57452	0	10159328	0
0.5	7100	7827	0	937653	128	10159328	100	2	14200                              	61090	0	10159328	0
0.5	7100	8097	0	971363	128	10159328	100	2	14200                              	60053	0	10159328	0
0.5	7100	7841	0	941000	128	10159328	100	2	14200                              	60924	0	10159328	0
0.5	7100	7829	0	938668	128	10159328	100	2	14200                              	57385	0	10159328	0
0.5	7100	7881	0	947005	128	10159328	100	2	14200                              	59171	0	10159328	0
0.5	7100	7832	0	939639	128	10159328	100	2	14200                              	58961	0	10159328	0
0.5	7100	7752	0	932523	128	10159328	100	2	14200                              	58177	0	10159328	0
0.5	7100	7572	0	911164	128	10159328	100	2	14200                              	58962	0	10159328	0
0.5	7100	7647	0	921320	128	10159328	100	2	14200                              	61254	0	10159328	0
0.5	7100	9168	0	1090552	128	10159328	100	2	14200                              	62006	0	10159328	0
0.5	7100	9008	0	1071261	128	10159328	100	2	14200                              	61544	0	10159328	0
0.5	7100	7453	0	898215	128	10159328	100	2	14200                              	61973	0	10159328	0
0.5	7100	7839	0	940363	128	10159328	100	2	14200                              	60133	0	10159328	0
0.5	7100	8805	0	1050246	128	10159328	100	2	14200                              	61001	0	10159328	0
0.5	7100	7492	0	903861	128	10159328	100	2	14200                              	59061	0	10159328	0
0.5	7100	7746	0	932162	128	10159328	100	2	14200                              	59343	0	10159328	0
0.5	7100	7711	0	927119	128	10159328	100	2	14200                              	61438	0	10159328	0
0.5	7100	7838	0	942232	128	10159328	100	2	14200                              	61273	0	10159328	0
0.5	7100	7883	0	946723	128	10159328	100	2	14200                              	61920	0	10159328	0
0.5	7100	8672	0	1035113	128	10159328	100	2	14200                              	57387	0	10159328	0
0.5	7100	7438	0	895814	128	10159328	100	2	14200                              	63088	0	10159328	0
0.5	7100	8013	0	962532	128	10159328	100	2	14200                              	58206	0	10159328	0
0.5	7100	7693	0	923875	128	10159328	100	2	14200                              	63752	0	10159328	0
0.5	7100	7884	0	947148	128	10159328	100	2	14200                              	59113	0	10159328	0
0.5	7100	6808	0	825178	128	10159328	100	2	14200                              	60771	0	10159328	0
0.5	7100	8145	0	975631	128	10159328	100	2	14200                              	60620	0	10159328	0
0.5	7100	7618	0	917780	128	10159328	100	2	14200                              	61577	0	10159328	0
0.5	7100	7908	0	949750	128	10159328	100	2	14200                              	61183	0	10159328	0
0.5	7100	7894	0	948959	128	10159328	100	2	14200                              	60750	0	10159328	0
0.5	7100	7632	0	918605	128	10159328	100	2	14200                              	61621	0	10159328	0
0.5	7100	8134	0	974984	128	10159328	100	2	14200                              	57782	0	10159328	0
0.5	7100	7709	0	926481	128	10159328	100	2	14200                              	61146	0	10159328	0
0.5	7100	8367	0	1000710	128	10159328	100	2	14200                              	61254	0	10159328	0
0.5	7100	7885	0	947148	128	10159328	100	2	14200                              	61732	0	10159328	0
0.5	7100	8008	0	961205	128	10159328	100	2	14200                              	56147	0	10159328	0
0.5	7100	7568	0	909952	128	10159328	100	2	14200                              	61535	0	10159328	0
0.5	7100	8143	0	976458	128	10159328	100	2	14200                              	48608	0	10159328	0
0.5	7100	8222	0	983666	128	10159328	100	2	14200                              	60797	0	10159328	0
0.5	7100	8085	0	967633	128	10159328	100	2	14200                              	61837	0	10159328	0
0.5	7100	7715	0	928089	128	10159328	100	2	14200                              	63857	0	10159328	0
0.5	7100	8134	0	975301	128	10159328	100	2	14200                              	56041	0	10159328	0
0.5	7100	8220	0	982865	128	10159328	100	2	14200                              	59894	0	10159328	0
0.5	7100	8139	0	975123	128	10159328	100	2	14200                              	59013	0	10159328	0
0.5	7100	7754	0	932523	128	10159328	100	2	14200                              	64192	0	10159328	0
0.5	7100	7870	0	945735	128	10159328	100	2	14200                              	58540	0	10159328	0
0.5	7100	7730	0	929970	128	10159328	100	2	14200                              	60467	0	10159328	0
0.5	7100	7571	0	910860	128	10159328	100	2	14200                              	63861	0	10159328	0
0.5	7100	7507	0	906020	128	10159328	100	2	14200                              	60960	0	10159328	0
0.5	7100	7710	0	926070	128	10159328	100	2	14200                              	61173	0	10159328	0
0.5	7100	7976	0	958039	128	10159328	100	2	14200                              	63624	0	10159328	0
0.5	7100	8757	0	1044488	128	10159328	100	2	14200                              	59790	0	10159328	0
0.5	7100	7984	0	958744	128	10159328	100	2	14200                              	61594	0	10159328	0
0.5	7100	7109	0	861723	128	10159328	100	2	14200                              	60729	0	10159328	0
0.5	7100	7955	0	953949	128	10159328	100	2	14200                              	61451	0	10159328	0
0.5	7100	7884	0	947148	128	10159328	100	2	14200                              	64050	0	10159328	0
0.5	7100	8034	0	964454	128	10159328	100	2	14200                              	60180	0	10159328	0
0.5	7100	8102	0	969966	128	10159328	100	2	14200                              	57410	0	10159328	0
0.5	7100	7497	0	903838	128	10159328	100	2	14200                              	61497	0	10159328	0
0.5	7100	8283	0	991741	128	10159328	100	2	14200                              	57847	0	10159328	0
0.5	7100	7459	0	899674	128	10159328	100	2	14200                              	63419	0	10159328	0
0.5	7100	7978	0	958197	128	10159328	100	2	14200                              	58314	0	10159328	0
0.5	7100	7472	0	901535	128	10159328	100	2	14200                              	59378	0	10159328	0
0.5	7100	7647	0	921616	128	10159328	100	2	14200                              	56771	0	10159328	0
0.5	7100	7821	0	937523	128	10159328	100	2	14200                              	59923	0	10159328	0
0.5	7100	7469	0	900723	128	10159328	100	2	14200                              	60440	0	10159328	0
0.5	7100	8099	0	969711	128	10159328	100	2	14200                              	58906	0	10159328	0
0.5	7100	7492	0	904123	128	10159328	100	2	14200                              	61030	0	10159328	0
0.5	7100	8009	0	961205	128	10159328	100	2	14200                              	63322	0	10159328	0
0.5	7100	7730	0	930509	128	10159328	100	2	14200                              	60719	0	10159328	0
0.5	7100	7623	0	918821	128	10159328	100	2	14200                              	60114	0	10159328	0
0.5	7100	8336	0	995420	128	10159328	100	2	14200                              	61039	0	10159328	0
0.5	7100	7832	0	939162	128	10159328	100	2	14200                              	59396	0	10159328	0
0.5	7100	7910	0	951112	128	10159328	100	2	14200                              	61523	0	10159328	0
0.5	7100	7874	0	945805	128	10159328	100	2	14200                              	61682	0	10159328	0
0.5	7100	7201	0	870197	128	10159328	100	2	14200                              	58374	0	10159328	0
0.5	7100	8225	0	983739	128	10159328	100	2	14200                              	58304	0	10159328	0
0.5	7100	8218	0	983293	128	10159328	100	2	14200                              	59041	0	10159328	0
0.5	7100	7240	0	875723	128	10159328	100	2	14200                              	64225	0	10159328	0
0.5	7100	8229	0	984507	128	10159328	100	2	14200                              	60597	0	10159328	0
0.5	7100	7079	0	858523	128	10159328	100	2	14200                              	60078	0	10159328	0
0.5	7100	8741	0	1042446	128	10159328	100	2	14200                              	57851	0	10159328	0
0.5	7100	7983	0	958282	128	10159328	100	2	14200                              	60894	0	10159328	0
0.5	7100	8217	0	983102	128	10159328	100	2	14200                              	58618	0	10159328	0
0.5	7100	7625	0	918748	128	10159328	100	2	14200                              	64254	0	10159328	0
0.5	7100	7498	0	903984	128	10159328	100	2	14200                              	58399	0	10159328	0
0.5	7100	7428	0	894927	128	10159328	100	2	14200                              	63767	0	10159328	0
0.5	7100	8528	0	1018639	128	10159328	100	2	14200                              	61771	0	10159328	0
0.5	7100	8006	0	960383	128	10159328	100	2	14200                              	56411	0	10159328	0
0.5	7100	7708	0	926518	128	10159328	100	2	14200                              	62436	0	10159328	0
0.5	7100	7465	0	899976	128	10159328	100	2	14200                              	60180	0	10159328	0
0.5	7100	7510	0	905882	128	10159328	100	2	14200                              	61326	0	10159328	0
0.5	7100	7095	0	859888	128	10159328	100	2	14200                              	61908	0	10159328	0
0.5	7100	7727	0	929935	128	10159328	100	2	14200                              	62038	0	10159328	0
0.5	8100	6708	0	922077	128	10159328	100	2	16200                              	60758	0	10159328	0
0.5	8100	7478	0	1020159	128	10159328	100	2	16200                              	57872	0	10159328	0
0.5	8100	7470	0	1018537	128	10159328	100	2	16200                              	59103	0	10159328	0
0.5	8100	7212	0	986137	128	10159328	100	2	16200                              	57099	0	10159328	0
0.5	8100	6798	0	930923	128	10159328	100	2	16200                              	52046	0	10159328	0
0.5	8100	7433	0	1012205	128	10159328	100	2	16200                              	57136	0	10159328	0
0.5	8100	7577	0	1030359	128	10159328	100	2	16200                              	59287	0	10159328	0
0.5	8100	8190	0	1106772	128	10159328	100	2	16200                              	54734	0	10159328	0
0.5	8100	7135	0	972042	128	10159328	100	2	16200                              	60324	0	10159328	0
0.5	8100	7350	0	1003489	128	10159328	100	2	16200                              	59577	0	10159328	0
0.5	8100	7023	0	959359	128	10159328	100	2	16200                              	60138	0	10159328	0
0.5	8100	6928	0	947405	128	10159328	100	2	16200                              	62119	0	10159328	0
0.5	8100	7157	0	975577	128	10159328	100	2	16200                              	53470	0	10159328	0
0.5	8100	7517	0	1020816	128	10159328	100	2	16200                              	55541	0	10159328	0
0.5	8100	7847	0	1065707	128	10159328	100	2	16200                              	57422	0	10159328	0
0.5	8100	7692	0	1043655	128	10159328	100	2	16200                              	52775	0	10159328	0
0.5	8100	7411	0	1008331	128	10159328	100	2	16200                              	53693	0	10159328	0
0.5	8100	7342	0	1001971	128	10159328	100	2	16200                              	53947	0	10159328	0
0.5	8100	8291	0	1118816	128	10159328	100	2	16200                              	57584	0	10159328	0
0.5	8100	7534	0	1024514	128	10159328	100	2	16200                              	53667	0	10159328	0
0.5	8100	7570	0	1028123	128	10159328	100	2	16200                              	50778	0	10159328	0
0.5	8100	7842	0	1064685	128	10159328	100	2	16200                              	57995	0	10159328	0
0.5	8100	7566	0	1028123	128	10159328	100	2	16200                              	59440	0	10159328	0
0.5	8100	7311	0	995055	128	10159328	100	2	16200                              	56911	0	10159328	0
0.5	8100	7076	0	968436	128	10159328	100	2	16200                              	57819	0	10159328	0
0.5	8100	7695	0	1044748	128	10159328	100	2	16200                              	57639	0	10159328	0
0.5	8100	7296	0	993413	128	10159328	100	2	16200                              	59739	0	10159328	0
0.5	8100	7387	0	1004495	128	10159328	100	2	16200                              	58162	0	10159328	0
0.5	8100	7054	0	963323	128	10159328	100	2	16200                              	59750	0	10159328	0
0.5	8100	7464	0	1018131	128	10159328	100	2	16200                              	56600	0	10159328	0
0.5	8100	7427	0	1010831	128	10159328	100	2	16200                              	58775	0	10159328	0
0.5	8100	7173	0	978071	128	10159328	100	2	16200                              	59288	0	10159328	0
0.5	8100	7336	0	1001286	128	10159328	100	2	16200                              	56562	0	10159328	0
0.5	8100	7853	0	1066376	128	10159328	100	2	16200                              	51279	0	10159328	0
0.5	8100	6904	0	943334	128	10159328	100	2	16200                              	58479	0	10159328	0
0.5	8100	7435	0	1011255	128	10159328	100	2	16200                              	55016	0	10159328	0
0.5	8100	7472	0	1019245	128	10159328	100	2	16200                              	56280	0	10159328	0
0.5	8100	7921	0	1072366	128	10159328	100	2	16200                              	56705	0	10159328	0
0.5	8100	7061	0	964778	128	10159328	100	2	16200                              	57061	0	10159328	0
0.5	8100	7340	0	1001572	128	10159328	100	2	16200                              	55634	0	10159328	0
0.5	8100	7475	0	1019359	128	10159328	100	2	16200                              	57748	0	10159328	0
0.5	8100	8206	0	1109405	128	10159328	100	2	16200                              	60002	0	10159328	0
0.5	8100	6960	0	953214	128	10159328	100	2	16200                              	61980	0	10159328	0
0.5	8100	6959	0	954122	128	10159328	100	2	16200                              	57281	0	10159328	0
0.5	8100	7833	0	1064403	128	10159328	100	2	16200                              	53366	0	10159328	0
0.5	8100	8225	0	1113967	128	10159328	100	2	16200                              	57665	0	10159328	0
0.5	8100	8241	0	1116302	128	10159328	100	2	16200                              	55951	0	10159328	0
0.5	8100	7948	0	1077148	128	10159328	100	2	16200                              	59046	0	10159328	0
0.5	8100	7323	0	997860	128	10159328	100	2	16200                              	59956	0	10159328	0
0.5	8100	7728	0	1052089	128	10159328	100	2	16200                              	61825	0	10159328	0
0.5	8100	7076	0	967791	128	10159328	100	2	16200                              	57543	0	10159328	0
0.5	8100	6748	0	923575	128	10159328	100	2	16200                              	60579	0	10159328	0
0.5	8100	7159	0	976157	128	10159328	100	2	16200                              	58951	0	10159328	0
0.5	8100	7217	0	987612	128	10159328	100	2	16200                              	52499	0	10159328	0
0.5	8100	7343	0	1002337	128	10159328	100	2	16200                              	53148	0	10159328	0
0.5	8100	6770	0	927257	128	10159328	100	2	16200                              	57883	0	10159328	0
0.5	8100	6780	0	928980	128	10159328	100	2	16200                              	60739	0	10159328	0
0.5	8100	8372	0	1133535	128	10159328	100	2	16200                              	52782	0	10159328	0
0.5	8100	7693	0	1044323	128	10159328	100	2	16200                              	59869	0	10159328	0
0.5	8100	7094	0	971535	128	10159328	100	2	16200                              	58378	0	10159328	0
0.5	8100	7517	0	1021633	128	10159328	100	2	16200                              	55560	0	10159328	0
0.5	8100	7057	0	963748	128	10159328	100	2	16200                              	50785	0	10159328	0
0.5	8100	7269	0	989451	128	10159328	100	2	16200                              	58341	0	10159328	0
0.5	8100	7720	0	1050493	128	10159328	100	2	16200                              	52028	0	10159328	0
0.5	8100	7831	0	1062721	128	10159328	100	2	16200                              	51304	0	10159328	0
0.5	8100	7349	0	1003489	128	10159328	100	2	16200                              	56960	0	10159328	0
0.5	8100	7316	0	997131	128	10159328	100	2	16200                              	57478	0	10159328	0
0.5	8100	6926	0	946984	128	10159328	100	2	16200                              	55137	0	10159328	0
0.5	8100	7090	0	969937	128	10159328	100	2	16200                              	56064	0	10159328	0
0.5	8100	6826	0	937093	128	10159328	100	2	16200                              	56104	0	10159328	0
0.5	8100	7178	0	979523	128	10159328	100	2	16200                              	57225	0	10159328	0
0.5	8100	7291	0	992347	128	10159328	100	2	16200                              	56932	0	10159328	0
0.5	8100	7565	0	1028500	128	10159328	100	2	16200                              	57265	0	10159328	0
0.5	8100	6743	0	923916	128	10159328	100	2	16200                              	61918	0	10159328	0
0.5	8100	7724	0	1051322	128	10159328	100	2	16200                              	55694	0	10159328	0
0.5	8100	7541	0	1024627	128	10159328	100	2	16200                              	62779	0	10159328	0
0.5	8100	6618	0	907485	128	10159328	100	2	16200                              	60039	0	10159328	0
0.5	8100	7082	0	968983	128	10159328	100	2	16200                              	59147	0	10159328	0
0.5	8100	7081	0	969604	128	10159328	100	2	16200                              	56394	0	10159328	0
0.5	8100	7089	0	971089	128	10159328	100	2	16200                              	59356	0	10159328	0
0.5	8100	7006	0	955813	128	10159328	100	2	16200                              	57585	0	10159328	0
0.5	8100	7599	0	1034737	128	10159328	100	2	16200                              	55006	0	10159328	0
0.5	8100	7279	0	991890	128	10159328	100	2	16200                              	59743	0	10159328	0
0.5	8100	6670	0	915005	128	10159328	100	2	16200                              	60774	0	10159328	0
0.5	8100	7054	0	962974	128	10159328	100	2	16200                              	56875	0	10159328	0
0.5	8100	7321	0	998627	128	10159328	100	2	16200                              	53248	0	10159328	0
0.5	8100	6895	0	942077	128	10159328	100	2	16200                              	58911	0	10159328	0
0.5	8100	7215	0	986137	128	10159328	100	2	16200                              	55841	0	10159328	0
0.5	8100	7158	0	976023	128	10159328	100	2	16200                              	58675	0	10159328	0
0.5	8100	7977	0	1082933	128	10159328	100	2	16200                              	57789	0	10159328	0
0.5	8100	7657	0	1038754	128	10159328	100	2	16200                              	54780	0	10159328	0
0.5	8100	6806	0	933159	128	10159328	100	2	16200                              	54733	0	10159328	0
0.5	8100	7597	0	1034921	128	10159328	100	2	16200                              	55591	0	10159328	0
0.5	8100	7471	0	1018462	128	10159328	100	2	16200                              	59431	0	10159328	0
0.5	8100	8091	0	1094814	128	10159328	100	2	16200                              	59560	0	10159328	0
0.5	8100	7313	0	995723	128	10159328	100	2	16200                              	50090	0	10159328	0
0.5	8100	7427	0	1010818	128	10159328	100	2	16200                              	58314	0	10159328	0
0.5	8100	7350	0	1004040	128	10159328	100	2	16200                              	59616	0	10159328	0
0.5	8100	7726	0	1050614	128	10159328	100	2	16200                              	58072	0	10159328	0
0.5	8100	7903	0	1069429	128	10159328	100	2	16200                              	58955	0	10159328	0
0.5	9100	6852	0	1043348	128	10159328	100	2	18200                              	57154	0	10159328	0
0.5	9100	6491	0	992937	128	10159328	100	2	18200                              	55452	0	10159328	0
0.5	9100	7410	0	1125410	128	10159328	100	2	18200                              	58342	0	10159328	0
0.5	9100	6487	0	992648	128	10159328	100	2	18200                              	57048	0	10159328	0
0.5	9100	7364	0	1115937	128	10159328	100	2	18200                              	55526	0	10159328	0
0.5	9100	7120	0	1082996	128	10159328	100	2	18200                              	51088	0	10159328	0
0.5	9100	6628	0	1014084	128	10159328	100	2	18200                              	48368	0	10159328	0
0.5	9100	6503	0	994089	128	10159328	100	2	18200                              	56922	0	10159328	0
0.5	9100	6876	0	1047601	128	10159328	100	2	18200                              	56800	0	10159328	0
0.5	9100	7105	0	1079605	128	10159328	100	2	18200                              	55979	0	10159328	0
0.5	9100	7388	0	1120337	128	10159328	100	2	18200                              	57863	0	10159328	0
0.5	9100	6216	0	954069	128	10159328	100	2	18200                              	62093	0	10159328	0
0.5	9100	6645	0	1017510	128	10159328	100	2	18200                              	55474	0	10159328	0
0.5	9100	7129	0	1083493	128	10159328	100	2	18200                              	56614	0	10159328	0
0.5	9100	6765	0	1032739	128	10159328	100	2	18200                              	55883	0	10159328	0
0.5	9100	7534	0	1142785	128	10159328	100	2	18200                              	54684	0	10159328	0
0.5	9100	7158	0	1089956	128	10159328	100	2	18200                              	54143	0	10159328	0
0.5	9100	6720	0	1025148	128	10159328	100	2	18200                              	48082	0	10159328	0
0.5	9100	6721	0	1025005	128	10159328	100	2	18200                              	57823	0	10159328	0
0.5	9100	6729	0	1025878	128	10159328	100	2	18200                              	56711	0	10159328	0
0.5	9100	6496	0	993228	128	10159328	100	2	18200                              	55832	0	10159328	0
0.5	9100	7594	0	1147996	128	10159328	100	2	18200                              	55246	0	10159328	0
0.5	9100	6900	0	1054212	128	10159328	100	2	18200                              	54686	0	10159328	0
0.5	9100	7253	0	1101822	128	10159328	100	2	18200                              	55581	0	10159328	0
0.5	9100	6507	0	995252	128	10159328	100	2	18200                              	55841	0	10159328	0
0.5	9100	6719	0	1024723	128	10159328	100	2	18200                              	59637	0	10159328	0
0.5	9100	6778	0	1037068	128	10159328	100	2	18200                              	57227	0	10159328	0
0.5	9100	7215	0	1095005	128	10159328	100	2	18200                              	55007	0	10159328	0
0.5	9100	6609	0	1010203	128	10159328	100	2	18200                              	56903	0	10159328	0
0.5	9100	6578	0	1004646	128	10159328	100	2	18200                              	56534	0	10159328	0
0.5	9100	6471	0	989191	128	10159328	100	2	18200                              	55630	0	10159328	0
0.5	9100	6140	0	946336	128	10159328	100	2	18200                              	55308	0	10159328	0
0.5	9100	7620	0	1152358	128	10159328	100	2	18200                              	56140	0	10159328	0
0.5	9100	6468	0	988323	128	10159328	100	2	18200                              	60157	0	10159328	0
0.5	9100	7145	0	1087465	128	10159328	100	2	18200                              	51753	0	10159328	0
0.5	9100	6143	0	946136	128	10159328	100	2	18200                              	56095	0	10159328	0
0.5	9100	7110	0	1080661	128	10159328	100	2	18200                              	52809	0	10159328	0
0.5	9100	7355	0	1114752	128	10159328	100	2	18200                              	56529	0	10159328	0
0.5	9100	6757	0	1029965	128	10159328	100	2	18200                              	55889	0	10159328	0
0.5	9100	7465	0	1129666	128	10159328	100	2	18200                              	57687	0	10159328	0
0.5	9100	6640	0	1014740	128	10159328	100	2	18200                              	55444	0	10159328	0
0.5	9100	6846	0	1043348	128	10159328	100	2	18200                              	56916	0	10159328	0
0.5	9100	6365	0	974843	128	10159328	100	2	18200                              	50286	0	10159328	0
0.5	9100	6518	0	999458	128	10159328	100	2	18200                              	53280	0	10159328	0
0.5	9100	6465	0	988184	128	10159328	100	2	18200                              	57020	0	10159328	0
0.5	9100	6506	0	996316	128	10159328	100	2	18200                              	56501	0	10159328	0
0.5	9100	6621	0	1011137	128	10159328	100	2	18200                              	56823	0	10159328	0
0.5	9100	6375	0	976205	128	10159328	100	2	18200                              	55703	0	10159328	0
0.5	9100	6755	0	1029501	128	10159328	100	2	18200                              	59752	0	10159328	0
0.5	9100	6709	0	1023345	128	10159328	100	2	18200                              	58801	0	10159328	0
0.5	9100	6437	0	983783	128	10159328	100	2	18200                              	57529	0	10159328	0
0.5	9100	6322	0	968600	128	10159328	100	2	18200                              	56710	0	10159328	0
0.5	9100	6455	0	986859	128	10159328	100	2	18200                              	50404	0	10159328	0
0.5	9100	6755	0	1030489	128	10159328	100	2	18200                              	61526	0	10159328	0
0.5	9100	6119	0	940014	128	10159328	100	2	18200                              	57138	0	10159328	0
0.5	9100	7875	0	1188948	128	10159328	100	2	18200                              	52424	0	10159328	0
0.5	9100	7413	0	1126933	128	10159328	100	2	18200                              	56438	0	10159328	0
0.5	9100	6769	0	1035101	128	10159328	100	2	18200                              	54058	0	10159328	0
0.5	9100	6988	0	1064445	128	10159328	100	2	18200                              	52727	0	10159328	0
0.5	9100	6984	0	1061548	128	10159328	100	2	18200                              	49242	0	10159328	0
0.5	9100	6851	0	1043205	128	10159328	100	2	18200                              	57857	0	10159328	0
0.5	9100	7767	0	1174493	128	10159328	100	2	18200                              	52912	0	10159328	0
0.5	9100	6742	0	1028893	128	10159328	100	2	18200                              	54803	0	10159328	0
0.5	9100	6770	0	1034409	128	10159328	100	2	18200                              	58256	0	10159328	0
0.5	9100	6503	0	995052	128	10159328	100	2	18200                              	56233	0	10159328	0
0.5	9100	7531	0	1141425	128	10159328	100	2	18200                              	54961	0	10159328	0
0.5	9100	7791	0	1178838	128	10159328	100	2	18200                              	57255	0	10159328	0
0.5	9100	6882	0	1047922	128	10159328	100	2	18200                              	56552	0	10159328	0
0.5	9100	6592	0	1006948	128	10159328	100	2	18200                              	57218	0	10159328	0
0.5	9100	6813	0	1037446	128	10159328	100	2	18200                              	55684	0	10159328	0
0.5	9100	6775	0	1034761	128	10159328	100	2	18200                              	57489	0	10159328	0
0.5	9100	7661	0	1161207	128	10159328	100	2	18200                              	48772	0	10159328	0
0.5	9100	6698	0	1021360	128	10159328	100	2	18200                              	55157	0	10159328	0
0.5	9100	6721	0	1025005	128	10159328	100	2	18200                              	55741	0	10159328	0
0.5	9100	6339	0	970123	128	10159328	100	2	18200                              	58234	0	10159328	0
0.5	9100	6716	0	1024723	128	10159328	100	2	18200                              	53666	0	10159328	0
0.5	9100	7115	0	1081704	128	10159328	100	2	18200                              	57524	0	10159328	0
0.5	9100	7384	0	1119702	128	10159328	100	2	18200                              	53944	0	10159328	0
0.5	9100	6989	0	1065102	128	10159328	100	2	18200                              	54980	0	10159328	0
0.5	9100	6846	0	1042923	128	10159328	100	2	18200                              	52925	0	10159328	0
0.5	9100	6949	0	1055646	128	10159328	100	2	18200                              	56462	0	10159328	0
0.5	9100	7094	0	1077847	128	10159328	100	2	18200                              	57712	0	10159328	0
0.5	9100	7362	0	1115723	128	10159328	100	2	18200                              	56924	0	10159328	0
0.5	9100	6117	0	939094	128	10159328	100	2	18200                              	56493	0	10159328	0
0.5	9100	7207	0	1092480	128	10159328	100	2	18200                              	55281	0	10159328	0
0.5	9100	6521	0	1000727	128	10159328	100	2	18200                              	57842	0	10159328	0
0.5	9100	6603	0	1008759	128	10159328	100	2	18200                              	54562	0	10159328	0
0.5	9100	6756	0	1032148	128	10159328	100	2	18200                              	56074	0	10159328	0
0.5	9100	7238	0	1098924	128	10159328	100	2	18200                              	56390	0	10159328	0
0.5	9100	6334	0	970123	128	10159328	100	2	18200                              	56691	0	10159328	0
0.5	9100	6974	0	1060455	128	10159328	100	2	18200                              	58169	0	10159328	0
0.5	9100	6767	0	1033278	128	10159328	100	2	18200                              	52977	0	10159328	0
0.5	9100	6818	0	1037647	128	10159328	100	2	18200                              	45965	0	10159328	0
0.5	9100	6845	0	1041956	128	10159328	100	2	18200                              	53532	0	10159328	0
0.5	9100	7363	0	1116148	128	10159328	100	2	18200                              	55505	0	10159328	0
0.5	9100	6746	0	1029337	128	10159328	100	2	18200                              	49030	0	10159328	0
0.5	9100	7132	0	1084322	128	10159328	100	2	18200                              	54087	0	10159328	0
0.5	9100	6627	0	1012587	128	10159328	100	2	18200                              	55700	0	10159328	0
0.5	9100	6816	0	1038040	128	10159328	100	2	18200                              	50932	0	10159328	0
0.5	9100	6706	0	1023078	128	10159328	100	2	18200                              	57112	0	10159328	0
