#using seed 0.04556
# Work:10581248, depth:844030, work/p+depth:2166686.0
#PROCESSORS: 8, RUNS: 100
#prb	R-l	ISR	ESR	runTime	processors    	work	taskThreshold	lGranularity	rGranularity	IDATAT	EDATAT	W0	W1
0.5	100	3091	0	1399805	8	10581248	100	2	200                              	38423	0	10581248	0
0.5	100	3196	0	1402421	8	10581248	100	2	200                              	35417	0	10581248	0
0.5	100	2547	0	1386245	8	10581248	100	2	200                              	31020	0	10581248	0
0.5	100	2227	0	1378208	8	10581248	100	2	200                              	39295	0	10581248	0
0.5	100	2698	0	1390004	8	10581248	100	2	200                              	33681	0	10581248	0
0.5	100	3180	0	1402073	8	10581248	100	2	200                              	35478	0	10581248	0
0.5	100	2989	0	1397261	8	10581248	100	2	200                              	41995	0	10581248	0
0.5	100	2819	0	1393029	8	10581248	100	2	200                              	42725	0	10581248	0
0.5	100	3045	0	1398635	8	10581248	100	2	200                              	44361	0	10581248	0
0.5	100	2671	0	1389314	8	10581248	100	2	200                              	33969	0	10581248	0
0.5	100	2777	0	1391964	8	10581248	100	2	200                              	29368	0	10581248	0
0.5	100	3306	0	1405200	8	10581248	100	2	200                              	32984	0	10581248	0
0.5	100	3191	0	1402326	8	10581248	100	2	200                              	38648	0	10581248	0
0.5	100	3648	0	1413731	8	10581248	100	2	200                              	36089	0	10581248	0
0.5	100	4740	0	1441058	8	10581248	100	2	200                              	38279	0	10581248	0
0.5	100	2458	0	1383973	8	10581248	100	2	200                              	28757	0	10581248	0
0.5	100	2555	0	1386431	8	10581248	100	2	200                              	38279	0	10581248	0
0.5	100	2643	0	1388615	8	10581248	100	2	200                              	30361	0	10581248	0
0.5	100	2391	0	1382294	8	10581248	100	2	200                              	31758	0	10581248	0
0.5	100	3047	0	1398740	8	10581248	100	2	200                              	33429	0	10581248	0
0.5	100	2421	0	1383064	8	10581248	100	2	200                              	29918	0	10581248	0
0.5	100	3409	0	1407764	8	10581248	100	2	200                              	37599	0	10581248	0
0.5	100	2597	0	1387469	8	10581248	100	2	200                              	35179	0	10581248	0
0.5	100	4054	0	1423903	8	10581248	100	2	200                              	26043	0	10581248	0
0.5	100	2925	0	1395663	8	10581248	100	2	200                              	37656	0	10581248	0
0.5	100	2941	0	1396074	8	10581248	100	2	200                              	34174	0	10581248	0
0.5	100	2278	0	1379476	8	10581248	100	2	200                              	34046	0	10581248	0
0.5	100	2556	0	1386450	8	10581248	100	2	200                              	31384	0	10581248	0
0.5	100	2471	0	1384290	8	10581248	100	2	200                              	35459	0	10581248	0
0.5	100	3909	0	1420264	8	10581248	100	2	200                              	30349	0	10581248	0
0.5	100	3089	0	1399774	8	10581248	100	2	200                              	31198	0	10581248	0
0.5	100	2766	0	1391733	8	10581248	100	2	200                              	36105	0	10581248	0
0.5	100	2363	0	1381640	8	10581248	100	2	200                              	33691	0	10581248	0
0.5	100	3517	0	1410498	8	10581248	100	2	200                              	32627	0	10581248	0
0.5	100	2259	0	1379015	8	10581248	100	2	200                              	30362	0	10581248	0
0.5	100	2360	0	1381535	8	10581248	100	2	200                              	31309	0	10581248	0
0.5	100	2222	0	1378103	8	10581248	100	2	200                              	37744	0	10581248	0
0.5	100	2518	0	1385500	8	10581248	100	2	200                              	33839	0	10581248	0
0.5	100	2495	0	1384927	8	10581248	100	2	200                              	33407	0	10581248	0
0.5	100	3577	0	1411945	8	10581248	100	2	200                              	36275	0	10581248	0
0.5	100	2059	0	1373986	8	10581248	100	2	200                              	36695	0	10581248	0
0.5	100	2397	0	1382453	8	10581248	100	2	200                              	32255	0	10581248	0
0.5	100	2622	0	1388118	8	10581248	100	2	200                              	32124	0	10581248	0
0.5	100	3985	0	1422176	8	10581248	100	2	200                              	31396	0	10581248	0
0.5	100	4081	0	1424569	8	10581248	100	2	200                              	35898	0	10581248	0
0.5	100	2231	0	1378288	8	10581248	100	2	200                              	34500	0	10581248	0
0.5	100	2692	0	1389841	8	10581248	100	2	200                              	34858	0	10581248	0
0.5	100	2844	0	1393657	8	10581248	100	2	200                              	33198	0	10581248	0
0.5	100	3877	0	1419464	8	10581248	100	2	200                              	34175	0	10581248	0
0.5	100	2507	0	1385241	8	10581248	100	2	200                              	43138	0	10581248	0
0.5	100	3094	0	1399870	8	10581248	100	2	200                              	31893	0	10581248	0
0.5	100	2549	0	1386266	8	10581248	100	2	200                              	32974	0	10581248	0
0.5	100	3297	0	1404982	8	10581248	100	2	200                              	39741	0	10581248	0
0.5	100	2675	0	1389426	8	10581248	100	2	200                              	34617	0	10581248	0
0.5	100	2586	0	1387194	8	10581248	100	2	200                              	42045	0	10581248	0
0.5	100	4519	0	1435518	8	10581248	100	2	200                              	32954	0	10581248	0
0.5	100	2787	0	1392247	8	10581248	100	2	200                              	31705	0	10581248	0
0.5	100	4094	0	1424912	8	10581248	100	2	200                              	30444	0	10581248	0
0.5	100	2706	0	1390182	8	10581248	100	2	200                              	37935	0	10581248	0
0.5	100	2479	0	1384501	8	10581248	100	2	200                              	36953	0	10581248	0
0.5	100	2470	0	1384297	8	10581248	100	2	200                              	34784	0	10581248	0
0.5	100	2334	0	1380873	8	10581248	100	2	200                              	34038	0	10581248	0
0.5	100	3945	0	1421194	8	10581248	100	2	200                              	32340	0	10581248	0
0.5	100	4143	0	1426136	8	10581248	100	2	200                              	24128	0	10581248	0
0.5	100	2647	0	1388686	8	10581248	100	2	200                              	39516	0	10581248	0
0.5	100	2828	0	1393221	8	10581248	100	2	200                              	33514	0	10581248	0
0.5	100	2735	0	1390941	8	10581248	100	2	200                              	41263	0	10581248	0
0.5	100	2508	0	1385255	8	10581248	100	2	200                              	33709	0	10581248	0
0.5	100	2636	0	1388429	8	10581248	100	2	200                              	36179	0	10581248	0
0.5	100	2803	0	1392618	8	10581248	100	2	200                              	36897	0	10581248	0
0.5	100	2808	0	1392744	8	10581248	100	2	200                              	27907	0	10581248	0
0.5	100	4338	0	1430982	8	10581248	100	2	200                              	41436	0	10581248	0
0.5	100	2452	0	1383844	8	10581248	100	2	200                              	28069	0	10581248	0
0.5	100	4060	0	1424040	8	10581248	100	2	200                              	28090	0	10581248	0
0.5	100	2285	0	1379674	8	10581248	100	2	200                              	37935	0	10581248	0
0.5	100	2425	0	1383160	8	10581248	100	2	200                              	28336	0	10581248	0
0.5	100	2463	0	1384120	8	10581248	100	2	200                              	30515	0	10581248	0
0.5	100	2300	0	1380050	8	10581248	100	2	200                              	32652	0	10581248	0
0.5	100	2966	0	1396659	8	10581248	100	2	200                              	31773	0	10581248	0
0.5	100	3683	0	1414626	8	10581248	100	2	200                              	32622	0	10581248	0
0.5	100	3079	0	1399482	8	10581248	100	2	200                              	31051	0	10581248	0
0.5	100	2372	0	1381814	8	10581248	100	2	200                              	34447	0	10581248	0
0.5	100	2692	0	1389826	8	10581248	100	2	200                              	27110	0	10581248	0
0.5	100	2493	0	1384897	8	10581248	100	2	200                              	31893	0	10581248	0
0.5	100	3376	0	1406953	8	10581248	100	2	200                              	44754	0	10581248	0
0.5	100	2456	0	1383984	8	10581248	100	2	200                              	51099	0	10581248	0
0.5	100	4144	0	1426119	8	10581248	100	2	200                              	30093	0	10581248	0
0.5	100	3507	0	1410222	8	10581248	100	2	200                              	30332	0	10581248	0
0.5	100	2269	0	1379286	8	10581248	100	2	200                              	38523	0	10581248	0
0.5	100	2393	0	1382326	8	10581248	100	2	200                              	30954	0	10581248	0
0.5	100	2619	0	1388018	8	10581248	100	2	200                              	34382	0	10581248	0
0.5	100	3291	0	1404830	8	10581248	100	2	200                              	31896	0	10581248	0
0.5	100	2408	0	1382737	8	10581248	100	2	200                              	34367	0	10581248	0
0.5	100	4036	0	1423495	8	10581248	100	2	200                              	29344	0	10581248	0
0.5	100	3864	0	1419155	8	10581248	100	2	200                              	37392	0	10581248	0
0.5	100	3469	0	1409243	8	10581248	100	2	200                              	35418	0	10581248	0
0.5	100	2717	0	1390475	8	10581248	100	2	200                              	42801	0	10581248	0
0.5	100	3356	0	1406462	8	10581248	100	2	200                              	43248	0	10581248	0
0.5	100	2196	0	1377433	8	10581248	100	2	200                              	37744	0	10581248	0
0.5	100	2203	0	1377619	8	10581248	100	2	200                              	30652	0	10581248	0
0.5	1100	576	0	1479880	8	10581248	100	2	2200                              	36983	0	10581248	0
0.5	1100	1499	0	1733591	8	10581248	100	2	2200                              	26255	0	10581248	0
0.5	1100	1165	0	1641766	8	10581248	100	2	2200                              	32966	0	10581248	0
0.5	1100	700	0	1513431	8	10581248	100	2	2200                              	28781	0	10581248	0
0.5	1100	548	0	1471967	8	10581248	100	2	2200                              	31166	0	10581248	0
0.5	1100	758	0	1529856	8	10581248	100	2	2200                              	26096	0	10581248	0
0.5	1100	1734	0	1798198	8	10581248	100	2	2200                              	29415	0	10581248	0
0.5	1100	942	0	1580489	8	10581248	100	2	2200                              	29687	0	10581248	0
0.5	1100	648	0	1499603	8	10581248	100	2	2200                              	28749	0	10581248	0
0.5	1100	1737	0	1799184	8	10581248	100	2	2200                              	28863	0	10581248	0
0.5	1100	643	0	1498325	8	10581248	100	2	2200                              	27361	0	10581248	0
0.5	1100	643	0	1498368	8	10581248	100	2	2200                              	28444	0	10581248	0
0.5	1100	665	0	1504294	8	10581248	100	2	2200                              	38565	0	10581248	0
0.5	1100	632	0	1495295	8	10581248	100	2	2200                              	33166	0	10581248	0
0.5	1100	526	0	1465823	8	10581248	100	2	2200                              	29797	0	10581248	0
0.5	1100	2066	0	1889863	8	10581248	100	2	2200                              	28294	0	10581248	0
0.5	1100	1167	0	1642167	8	10581248	100	2	2200                              	32109	0	10581248	0
0.5	1100	1149	0	1637864	8	10581248	100	2	2200                              	29924	0	10581248	0
0.5	1100	1216	0	1655647	8	10581248	100	2	2200                              	25859	0	10581248	0
0.5	1100	650	0	1499983	8	10581248	100	2	2200                              	32458	0	10581248	0
0.5	1100	681	0	1508664	8	10581248	100	2	2200                              	29279	0	10581248	0
0.5	1100	581	0	1480848	8	10581248	100	2	2200                              	31170	0	10581248	0
0.5	1100	1634	0	1771006	8	10581248	100	2	2200                              	26774	0	10581248	0
0.5	1100	410	0	1434017	8	10581248	100	2	2200                              	25202	0	10581248	0
0.5	1100	590	0	1483917	8	10581248	100	2	2200                              	31158	0	10581248	0
0.5	1100	562	0	1475629	8	10581248	100	2	2200                              	32695	0	10581248	0
0.5	1100	1209	0	1654019	8	10581248	100	2	2200                              	33458	0	10581248	0
0.5	1100	1773	0	1809030	8	10581248	100	2	2200                              	23028	0	10581248	0
0.5	1100	563	0	1476396	8	10581248	100	2	2200                              	30518	0	10581248	0
0.5	1100	626	0	1493554	8	10581248	100	2	2200                              	27769	0	10581248	0
0.5	1100	593	0	1484881	8	10581248	100	2	2200                              	24742	0	10581248	0
0.5	1100	565	0	1476900	8	10581248	100	2	2200                              	27680	0	10581248	0
0.5	1100	653	0	1500648	8	10581248	100	2	2200                              	40284	0	10581248	0
0.5	1100	1498	0	1733183	8	10581248	100	2	2200                              	36386	0	10581248	0
0.5	1100	691	0	1511466	8	10581248	100	2	2200                              	28550	0	10581248	0
0.5	1100	542	0	1470467	8	10581248	100	2	2200                              	34482	0	10581248	0
0.5	1100	614	0	1490466	8	10581248	100	2	2200                              	27519	0	10581248	0
0.5	1100	1888	0	1840781	8	10581248	100	2	2200                              	25770	0	10581248	0
0.5	1100	476	0	1452546	8	10581248	100	2	2200                              	27210	0	10581248	0
0.5	1100	670	0	1505817	8	10581248	100	2	2200                              	34847	0	10581248	0
0.5	1100	625	0	1493630	8	10581248	100	2	2200                              	31808	0	10581248	0
0.5	1100	709	0	1516196	8	10581248	100	2	2200                              	33506	0	10581248	0
0.5	1100	586	0	1483008	8	10581248	100	2	2200                              	26316	0	10581248	0
0.5	1100	1130	0	1632253	8	10581248	100	2	2200                              	24416	0	10581248	0
0.5	1100	531	0	1467365	8	10581248	100	2	2200                              	30507	0	10581248	0
0.5	1100	1875	0	1837140	8	10581248	100	2	2200                              	28397	0	10581248	0
0.5	1100	621	0	1492406	8	10581248	100	2	2200                              	26863	0	10581248	0
0.5	1100	575	0	1479709	8	10581248	100	2	2200                              	31854	0	10581248	0
0.5	1100	1192	0	1649184	8	10581248	100	2	2200                              	22874	0	10581248	0
0.5	1100	2084	0	1894354	8	10581248	100	2	2200                              	30794	0	10581248	0
0.5	1100	1175	0	1644379	8	10581248	100	2	2200                              	28879	0	10581248	0
0.5	1100	612	0	1489639	8	10581248	100	2	2200                              	28636	0	10581248	0
0.5	1100	640	0	1497294	8	10581248	100	2	2200                              	29609	0	10581248	0
0.5	1100	1782	0	1811259	8	10581248	100	2	2200                              	25043	0	10581248	0
0.5	1100	539	0	1469441	8	10581248	100	2	2200                              	26379	0	10581248	0
0.5	1100	2110	0	1901908	8	10581248	100	2	2200                              	27011	0	10581248	0
0.5	1100	1137	0	1634083	8	10581248	100	2	2200                              	32220	0	10581248	0
0.5	1100	726	0	1520686	8	10581248	100	2	2200                              	36236	0	10581248	0
0.5	1100	586	0	1482076	8	10581248	100	2	2200                              	36827	0	10581248	0
0.5	1100	2333	0	1963110	8	10581248	100	2	2200                              	28040	0	10581248	0
0.5	1100	1092	0	1621525	8	10581248	100	2	2200                              	27801	0	10581248	0
0.5	1100	1595	0	1760036	8	10581248	100	2	2200                              	24631	0	10581248	0
0.5	1100	783	0	1536682	8	10581248	100	2	2200                              	33594	0	10581248	0
0.5	1100	714	0	1517778	8	10581248	100	2	2200                              	32997	0	10581248	0
0.5	1100	580	0	1480844	8	10581248	100	2	2200                              	28729	0	10581248	0
0.5	1100	730	0	1522417	8	10581248	100	2	2200                              	25823	0	10581248	0
0.5	1100	1659	0	1777543	8	10581248	100	2	2200                              	25412	0	10581248	0
0.5	1100	728	0	1521681	8	10581248	100	2	2200                              	25461	0	10581248	0
0.5	1100	544	0	1470974	8	10581248	100	2	2200                              	29846	0	10581248	0
0.5	1100	795	0	1540054	8	10581248	100	2	2200                              	24953	0	10581248	0
0.5	1100	905	0	1570620	8	10581248	100	2	2200                              	31590	0	10581248	0
0.5	1100	826	0	1548528	8	10581248	100	2	2200                              	24724	0	10581248	0
0.5	1100	675	0	1506775	8	10581248	100	2	2200                              	35866	0	10581248	0
0.5	1100	706	0	1515707	8	10581248	100	2	2200                              	23772	0	10581248	0
0.5	1100	541	0	1470223	8	10581248	100	2	2200                              	27773	0	10581248	0
0.5	1100	537	0	1469135	8	10581248	100	2	2200                              	26651	0	10581248	0
0.5	1100	574	0	1479473	8	10581248	100	2	2200                              	29691	0	10581248	0
0.5	1100	708	0	1516134	8	10581248	100	2	2200                              	26820	0	10581248	0
0.5	1100	1116	0	1628367	8	10581248	100	2	2200                              	30413	0	10581248	0
0.5	1100	565	0	1476754	8	10581248	100	2	2200                              	26541	0	10581248	0
0.5	1100	612	0	1489624	8	10581248	100	2	2200                              	30680	0	10581248	0
0.5	1100	1471	0	1725812	8	10581248	100	2	2200                              	29008	0	10581248	0
0.5	1100	554	0	1473525	8	10581248	100	2	2200                              	29863	0	10581248	0
0.5	1100	1222	0	1657038	8	10581248	100	2	2200                              	23278	0	10581248	0
0.5	1100	735	0	1523734	8	10581248	100	2	2200                              	31770	0	10581248	0
0.5	1100	664	0	1504068	8	10581248	100	2	2200                              	26687	0	10581248	0
0.5	1100	687	0	1510295	8	10581248	100	2	2200                              	24152	0	10581248	0
0.5	1100	616	0	1490522	8	10581248	100	2	2200                              	28505	0	10581248	0
0.5	1100	655	0	1501278	8	10581248	100	2	2200                              	30503	0	10581248	0
0.5	1100	1279	0	1673333	8	10581248	100	2	2200                              	29603	0	10581248	0
0.5	1100	594	0	1484964	8	10581248	100	2	2200                              	27427	0	10581248	0
0.5	1100	662	0	1503734	8	10581248	100	2	2200                              	31145	0	10581248	0
0.5	1100	551	0	1473018	8	10581248	100	2	2200                              	32478	0	10581248	0
0.5	1100	1858	0	1832497	8	10581248	100	2	2200                              	35901	0	10581248	0
0.5	1100	748	0	1527179	8	10581248	100	2	2200                              	28190	0	10581248	0
0.5	1100	1277	0	1672610	8	10581248	100	2	2200                              	26326	0	10581248	0
0.5	1100	1581	0	1756547	8	10581248	100	2	2200                              	30206	0	10581248	0
0.5	1100	516	0	1463173	8	10581248	100	2	2200                              	27720	0	10581248	0
0.5	1100	613	0	1489894	8	10581248	100	2	2200                              	28867	0	10581248	0
0.5	1100	1200	0	1651836	8	10581248	100	2	2200                              	23378	0	10581248	0
0.5	2100	486	0	1575632	8	10581248	100	2	4200                              	39710	0	10581248	0
0.5	2100	432	0	1547333	8	10581248	100	2	4200                              	22171	0	10581248	0
0.5	2100	470	0	1567224	8	10581248	100	2	4200                              	35843	0	10581248	0
0.5	2100	458	0	1560723	8	10581248	100	2	4200                              	26183	0	10581248	0
0.5	2100	481	0	1573461	8	10581248	100	2	4200                              	23320	0	10581248	0
0.5	2100	413	0	1537256	8	10581248	100	2	4200                              	24634	0	10581248	0
0.5	2100	528	0	1597934	8	10581248	100	2	4200                              	24679	0	10581248	0
0.5	2100	418	0	1539940	8	10581248	100	2	4200                              	29902	0	10581248	0
0.5	2100	418	0	1539690	8	10581248	100	2	4200                              	22053	0	10581248	0
0.5	2100	422	0	1542358	8	10581248	100	2	4200                              	30972	0	10581248	0
0.5	2100	1041	0	1866719	8	10581248	100	2	4200                              	23289	0	10581248	0
0.5	2100	515	0	1590934	8	10581248	100	2	4200                              	32096	0	10581248	0
0.5	2100	918	0	1802225	8	10581248	100	2	4200                              	27954	0	10581248	0
0.5	2100	493	0	1578638	8	10581248	100	2	4200                              	30216	0	10581248	0
0.5	2100	739	0	1708998	8	10581248	100	2	4200                              	32376	0	10581248	0
0.5	2100	522	0	1594176	8	10581248	100	2	4200                              	27990	0	10581248	0
0.5	2100	360	0	1509074	8	10581248	100	2	4200                              	34062	0	10581248	0
0.5	2100	450	0	1556595	8	10581248	100	2	4200                              	35968	0	10581248	0
0.5	2100	454	0	1559019	8	10581248	100	2	4200                              	32115	0	10581248	0
0.5	2100	418	0	1540098	8	10581248	100	2	4200                              	28966	0	10581248	0
0.5	2100	913	0	1799716	8	10581248	100	2	4200                              	22266	0	10581248	0
0.5	2100	432	0	1546190	8	10581248	100	2	4200                              	27470	0	10581248	0
0.5	2100	471	0	1567864	8	10581248	100	2	4200                              	34139	0	10581248	0
0.5	2100	431	0	1546683	8	10581248	100	2	4200                              	31668	0	10581248	0
0.5	2100	1079	0	1886944	8	10581248	100	2	4200                              	31535	0	10581248	0
0.5	2100	466	0	1564707	8	10581248	100	2	4200                              	33349	0	10581248	0
0.5	2100	1228	0	1964884	8	10581248	100	2	4200                              	34082	0	10581248	0
0.5	2100	492	0	1579328	8	10581248	100	2	4200                              	29296	0	10581248	0
0.5	2100	1135	0	1915903	8	10581248	100	2	4200                              	29999	0	10581248	0
0.5	2100	924	0	1805818	8	10581248	100	2	4200                              	18731	0	10581248	0
0.5	2100	980	0	1834308	8	10581248	100	2	4200                              	28755	0	10581248	0
0.5	2100	690	0	1682371	8	10581248	100	2	4200                              	26004	0	10581248	0
0.5	2100	481	0	1572465	8	10581248	100	2	4200                              	31391	0	10581248	0
0.5	2100	1222	0	1961766	8	10581248	100	2	4200                              	26644	0	10581248	0
0.5	2100	575	0	1621219	8	10581248	100	2	4200                              	29974	0	10581248	0
0.5	2100	676	0	1675045	8	10581248	100	2	4200                              	30803	0	10581248	0
0.5	2100	386	0	1523100	8	10581248	100	2	4200                              	28737	0	10581248	0
0.5	2100	450	0	1557057	8	10581248	100	2	4200                              	32259	0	10581248	0
0.5	2100	458	0	1560227	8	10581248	100	2	4200                              	27550	0	10581248	0
0.5	2100	502	0	1584048	8	10581248	100	2	4200                              	32836	0	10581248	0
0.5	2100	1092	0	1894460	8	10581248	100	2	4200                              	29026	0	10581248	0
0.5	2100	475	0	1569532	8	10581248	100	2	4200                              	30235	0	10581248	0
0.5	2100	472	0	1567674	8	10581248	100	2	4200                              	31284	0	10581248	0
0.5	2100	483	0	1573964	8	10581248	100	2	4200                              	22411	0	10581248	0
0.5	2100	1109	0	1901730	8	10581248	100	2	4200                              	27024	0	10581248	0
0.5	2100	734	0	1705562	8	10581248	100	2	4200                              	26092	0	10581248	0
0.5	2100	531	0	1599408	8	10581248	100	2	4200                              	29383	0	10581248	0
0.5	2100	711	0	1693518	8	10581248	100	2	4200                              	23998	0	10581248	0
0.5	2100	376	0	1517498	8	10581248	100	2	4200                              	42437	0	10581248	0
0.5	2100	482	0	1573681	8	10581248	100	2	4200                              	26959	0	10581248	0
0.5	2100	424	0	1543006	8	10581248	100	2	4200                              	30865	0	10581248	0
0.5	2100	980	0	1834800	8	10581248	100	2	4200                              	29401	0	10581248	0
0.5	2100	478	0	1571850	8	10581248	100	2	4200                              	32908	0	10581248	0
0.5	2100	753	0	1715228	8	10581248	100	2	4200                              	29126	0	10581248	0
0.5	2100	431	0	1546637	8	10581248	100	2	4200                              	28066	0	10581248	0
0.5	2100	452	0	1556922	8	10581248	100	2	4200                              	28115	0	10581248	0
0.5	2100	1149	0	1922934	8	10581248	100	2	4200                              	24594	0	10581248	0
0.5	2100	427	0	1543873	8	10581248	100	2	4200                              	27942	0	10581248	0
0.5	2100	579	0	1624033	8	10581248	100	2	4200                              	29317	0	10581248	0
0.5	2100	1091	0	1893568	8	10581248	100	2	4200                              	30697	0	10581248	0
0.5	2100	428	0	1544737	8	10581248	100	2	4200                              	26072	0	10581248	0
0.5	2100	517	0	1591565	8	10581248	100	2	4200                              	32506	0	10581248	0
0.5	2100	449	0	1556350	8	10581248	100	2	4200                              	33687	0	10581248	0
0.5	2100	428	0	1544713	8	10581248	100	2	4200                              	27604	0	10581248	0
0.5	2100	537	0	1601957	8	10581248	100	2	4200                              	29832	0	10581248	0
0.5	2100	358	0	1508427	8	10581248	100	2	4200                              	31047	0	10581248	0
0.5	2100	451	0	1556985	8	10581248	100	2	4200                              	27379	0	10581248	0
0.5	2100	778	0	1728860	8	10581248	100	2	4200                              	31945	0	10581248	0
0.5	2100	451	0	1556912	8	10581248	100	2	4200                              	26955	0	10581248	0
0.5	2100	895	0	1789843	8	10581248	100	2	4200                              	29365	0	10581248	0
0.5	2100	489	0	1576475	8	10581248	100	2	4200                              	26082	0	10581248	0
0.5	2100	547	0	1606860	8	10581248	100	2	4200                              	26674	0	10581248	0
0.5	2100	404	0	1531619	8	10581248	100	2	4200                              	31198	0	10581248	0
0.5	2100	429	0	1545370	8	10581248	100	2	4200                              	35008	0	10581248	0
0.5	2100	872	0	1777212	8	10581248	100	2	4200                              	31612	0	10581248	0
0.5	2100	484	0	1574474	8	10581248	100	2	4200                              	30866	0	10581248	0
0.5	2100	947	0	1817260	8	10581248	100	2	4200                              	24609	0	10581248	0
0.5	2100	462	0	1562779	8	10581248	100	2	4200                              	28022	0	10581248	0
0.5	2100	436	0	1549517	8	10581248	100	2	4200                              	26208	0	10581248	0
0.5	2100	889	0	1786349	8	10581248	100	2	4200                              	26056	0	10581248	0
0.5	2100	427	0	1544500	8	10581248	100	2	4200                              	35372	0	10581248	0
0.5	2100	471	0	1567897	8	10581248	100	2	4200                              	31380	0	10581248	0
0.5	2100	490	0	1577094	8	10581248	100	2	4200                              	28363	0	10581248	0
0.5	2100	773	0	1725626	8	10581248	100	2	4200                              	32583	0	10581248	0
0.5	2100	362	0	1509787	8	10581248	100	2	4200                              	27908	0	10581248	0
0.5	2100	470	0	1567294	8	10581248	100	2	4200                              	32428	0	10581248	0
0.5	2100	399	0	1530535	8	10581248	100	2	4200                              	27983	0	10581248	0
0.5	2100	424	0	1542532	8	10581248	100	2	4200                              	27734	0	10581248	0
0.5	2100	1099	0	1897934	8	10581248	100	2	4200                              	30865	0	10581248	0
0.5	2100	442	0	1551704	8	10581248	100	2	4200                              	28170	0	10581248	0
0.5	2100	500	0	1582753	8	10581248	100	2	4200                              	25164	0	10581248	0
0.5	2100	507	0	1585875	8	10581248	100	2	4200                              	25360	0	10581248	0
0.5	2100	506	0	1585668	8	10581248	100	2	4200                              	30091	0	10581248	0
0.5	2100	492	0	1579081	8	10581248	100	2	4200                              	22535	0	10581248	0
0.5	2100	544	0	1605659	8	10581248	100	2	4200                              	32170	0	10581248	0
0.5	2100	372	0	1515927	8	10581248	100	2	4200                              	27062	0	10581248	0
0.5	2100	435	0	1548460	8	10581248	100	2	4200                              	30084	0	10581248	0
0.5	2100	484	0	1574361	8	10581248	100	2	4200                              	27340	0	10581248	0
0.5	2100	400	0	1530075	8	10581248	100	2	4200                              	29824	0	10581248	0
0.5	2100	1136	0	1916594	8	10581248	100	2	4200                              	29017	0	10581248	0
0.5	3100	717	0	1875717	8	10581248	100	2	6200                              	30476	0	10581248	0
0.5	3100	803	0	1941605	8	10581248	100	2	6200                              	29672	0	10581248	0
0.5	3100	334	0	1578563	8	10581248	100	2	6200                              	28686	0	10581248	0
0.5	3100	463	0	1677590	8	10581248	100	2	6200                              	26278	0	10581248	0
0.5	3100	872	0	1995524	8	10581248	100	2	6200                              	30460	0	10581248	0
0.5	3100	855	0	1981688	8	10581248	100	2	6200                              	35157	0	10581248	0
0.5	3100	376	0	1610678	8	10581248	100	2	6200                              	27204	0	10581248	0
0.5	3100	739	0	1891814	8	10581248	100	2	6200                              	30185	0	10581248	0
0.5	3100	583	0	1770772	8	10581248	100	2	6200                              	29989	0	10581248	0
0.5	3100	412	0	1638787	8	10581248	100	2	6200                              	26665	0	10581248	0
0.5	3100	358	0	1596546	8	10581248	100	2	6200                              	31597	0	10581248	0
0.5	3100	390	0	1621344	8	10581248	100	2	6200                              	25795	0	10581248	0
0.5	3100	410	0	1636179	8	10581248	100	2	6200                              	25619	0	10581248	0
0.5	3100	372	0	1608013	8	10581248	100	2	6200                              	29834	0	10581248	0
0.5	3100	665	0	1835148	8	10581248	100	2	6200                              	28801	0	10581248	0
0.5	3100	553	0	1747922	8	10581248	100	2	6200                              	29863	0	10581248	0
0.5	3100	628	0	1806309	8	10581248	100	2	6200                              	31645	0	10581248	0
0.5	3100	292	0	1545160	8	10581248	100	2	6200                              	23966	0	10581248	0
0.5	3100	364	0	1601015	8	10581248	100	2	6200                              	30634	0	10581248	0
0.5	3100	617	0	1796866	8	10581248	100	2	6200                              	26354	0	10581248	0
0.5	3100	324	0	1570082	8	10581248	100	2	6200                              	27538	0	10581248	0
0.5	3100	371	0	1606145	8	10581248	100	2	6200                              	25610	0	10581248	0
0.5	3100	735	0	1889364	8	10581248	100	2	6200                              	31159	0	10581248	0
0.5	3100	449	0	1666901	8	10581248	100	2	6200                              	27460	0	10581248	0
0.5	3100	362	0	1600652	8	10581248	100	2	6200                              	24356	0	10581248	0
0.5	3100	341	0	1583342	8	10581248	100	2	6200                              	22732	0	10581248	0
0.5	3100	420	0	1644819	8	10581248	100	2	6200                              	24700	0	10581248	0
0.5	3100	461	0	1675938	8	10581248	100	2	6200                              	27667	0	10581248	0
0.5	3100	614	0	1795353	8	10581248	100	2	6200                              	31251	0	10581248	0
0.5	3100	848	0	1976346	8	10581248	100	2	6200                              	31998	0	10581248	0
0.5	3100	344	0	1585975	8	10581248	100	2	6200                              	25661	0	10581248	0
0.5	3100	406	0	1633981	8	10581248	100	2	6200                              	34325	0	10581248	0
0.5	3100	398	0	1627650	8	10581248	100	2	6200                              	25301	0	10581248	0
0.5	3100	334	0	1578486	8	10581248	100	2	6200                              	24694	0	10581248	0
0.5	3100	372	0	1607131	8	10581248	100	2	6200                              	29319	0	10581248	0
0.5	3100	383	0	1616311	8	10581248	100	2	6200                              	31296	0	10581248	0
0.5	3100	687	0	1851131	8	10581248	100	2	6200                              	22541	0	10581248	0
0.5	3100	358	0	1595977	8	10581248	100	2	6200                              	25578	0	10581248	0
0.5	3100	355	0	1594111	8	10581248	100	2	6200                              	26736	0	10581248	0
0.5	3100	354	0	1593321	8	10581248	100	2	6200                              	35425	0	10581248	0
0.5	3100	351	0	1592134	8	10581248	100	2	6200                              	25834	0	10581248	0
0.5	3100	367	0	1603030	8	10581248	100	2	6200                              	27596	0	10581248	0
0.5	3100	595	0	1781028	8	10581248	100	2	6200                              	27243	0	10581248	0
0.5	3100	408	0	1635140	8	10581248	100	2	6200                              	29731	0	10581248	0
0.5	3100	336	0	1580331	8	10581248	100	2	6200                              	21013	0	10581248	0
0.5	3100	336	0	1579289	8	10581248	100	2	6200                              	33141	0	10581248	0
0.5	3100	354	0	1593456	8	10581248	100	2	6200                              	27727	0	10581248	0
0.5	3100	337	0	1579684	8	10581248	100	2	6200                              	28824	0	10581248	0
0.5	3100	887	0	2005349	8	10581248	100	2	6200                              	28199	0	10581248	0
0.5	3100	762	0	1910365	8	10581248	100	2	6200                              	26995	0	10581248	0
0.5	3100	382	0	1615052	8	10581248	100	2	6200                              	27823	0	10581248	0
0.5	3100	351	0	1590417	8	10581248	100	2	6200                              	27852	0	10581248	0
0.5	3100	411	0	1638197	8	10581248	100	2	6200                              	33670	0	10581248	0
0.5	3100	411	0	1638438	8	10581248	100	2	6200                              	30866	0	10581248	0
0.5	3100	846	0	1974821	8	10581248	100	2	6200                              	28397	0	10581248	0
0.5	3100	777	0	1921998	8	10581248	100	2	6200                              	24731	0	10581248	0
0.5	3100	344	0	1586176	8	10581248	100	2	6200                              	29227	0	10581248	0
0.5	3100	331	0	1575128	8	10581248	100	2	6200                              	29453	0	10581248	0
0.5	3100	425	0	1647884	8	10581248	100	2	6200                              	25522	0	10581248	0
0.5	3100	401	0	1629646	8	10581248	100	2	6200                              	28585	0	10581248	0
0.5	3100	290	0	1544556	8	10581248	100	2	6200                              	24313	0	10581248	0
0.5	3100	687	0	1851159	8	10581248	100	2	6200                              	25932	0	10581248	0
0.5	3100	434	0	1654947	8	10581248	100	2	6200                              	32452	0	10581248	0
0.5	3100	379	0	1613753	8	10581248	100	2	6200                              	32366	0	10581248	0
0.5	3100	577	0	1765352	8	10581248	100	2	6200                              	23597	0	10581248	0
0.5	3100	380	0	1614018	8	10581248	100	2	6200                              	26323	0	10581248	0
0.5	3100	352	0	1591310	8	10581248	100	2	6200                              	23920	0	10581248	0
0.5	3100	385	0	1617046	8	10581248	100	2	6200                              	28039	0	10581248	0
0.5	3100	779	0	1922568	8	10581248	100	2	6200                              	28945	0	10581248	0
0.5	3100	449	0	1667364	8	10581248	100	2	6200                              	32924	0	10581248	0
0.5	3100	858	0	1984494	8	10581248	100	2	6200                              	25237	0	10581248	0
0.5	3100	584	0	1772347	8	10581248	100	2	6200                              	28584	0	10581248	0
0.5	3100	693	0	1857141	8	10581248	100	2	6200                              	26729	0	10581248	0
0.5	3100	364	0	1601420	8	10581248	100	2	6200                              	28296	0	10581248	0
0.5	3100	400	0	1629498	8	10581248	100	2	6200                              	32281	0	10581248	0
0.5	3100	374	0	1608689	8	10581248	100	2	6200                              	30814	0	10581248	0
0.5	3100	350	0	1589381	8	10581248	100	2	6200                              	32113	0	10581248	0
0.5	3100	419	0	1643933	8	10581248	100	2	6200                              	28601	0	10581248	0
0.5	3100	396	0	1625332	8	10581248	100	2	6200                              	34134	0	10581248	0
0.5	3100	805	0	1942349	8	10581248	100	2	6200                              	27206	0	10581248	0
0.5	3100	391	0	1621545	8	10581248	100	2	6200                              	25611	0	10581248	0
0.5	3100	344	0	1586177	8	10581248	100	2	6200                              	23187	0	10581248	0
0.5	3100	440	0	1660120	8	10581248	100	2	6200                              	29217	0	10581248	0
0.5	3100	536	0	1735384	8	10581248	100	2	6200                              	27296	0	10581248	0
0.5	3100	560	0	1753252	8	10581248	100	2	6200                              	35757	0	10581248	0
0.5	3100	689	0	1853633	8	10581248	100	2	6200                              	24607	0	10581248	0
0.5	3100	820	0	1955468	8	10581248	100	2	6200                              	28718	0	10581248	0
0.5	3100	584	0	1771719	8	10581248	100	2	6200                              	34063	0	10581248	0
0.5	3100	330	0	1574263	8	10581248	100	2	6200                              	23088	0	10581248	0
0.5	3100	533	0	1732622	8	10581248	100	2	6200                              	24136	0	10581248	0
0.5	3100	342	0	1583740	8	10581248	100	2	6200                              	26802	0	10581248	0
0.5	3100	709	0	1868449	8	10581248	100	2	6200                              	31367	0	10581248	0
0.5	3100	333	0	1577308	8	10581248	100	2	6200                              	36940	0	10581248	0
0.5	3100	363	0	1600783	8	10581248	100	2	6200                              	29795	0	10581248	0
0.5	3100	377	0	1611506	8	10581248	100	2	6200                              	25032	0	10581248	0
0.5	3100	361	0	1598821	8	10581248	100	2	6200                              	24253	0	10581248	0
0.5	3100	385	0	1617573	8	10581248	100	2	6200                              	26817	0	10581248	0
0.5	3100	569	0	1759838	8	10581248	100	2	6200                              	23111	0	10581248	0
0.5	3100	400	0	1629334	8	10581248	100	2	6200                              	27500	0	10581248	0
0.5	3100	422	0	1646673	8	10581248	100	2	6200                              	29096	0	10581248	0
0.5	4100	502	0	1832740	8	10581248	100	2	8200                              	30308	0	10581248	0
0.5	4100	326	0	1651500	8	10581248	100	2	8200                              	26880	0	10581248	0
0.5	4100	313	0	1638335	8	10581248	100	2	8200                              	23532	0	10581248	0
0.5	4100	332	0	1658104	8	10581248	100	2	8200                              	30994	0	10581248	0
0.5	4100	306	0	1633040	8	10581248	100	2	8200                              	21317	0	10581248	0
0.5	4100	571	0	1905007	8	10581248	100	2	8200                              	34075	0	10581248	0
0.5	4100	575	0	1907492	8	10581248	100	2	8200                              	26034	0	10581248	0
0.5	4100	654	0	1989294	8	10581248	100	2	8200                              	28487	0	10581248	0
0.5	4100	364	0	1690756	8	10581248	100	2	8200                              	27738	0	10581248	0
0.5	4100	308	0	1634698	8	10581248	100	2	8200                              	28171	0	10581248	0
0.5	4100	396	0	1724603	8	10581248	100	2	8200                              	28091	0	10581248	0
0.5	4100	329	0	1656053	8	10581248	100	2	8200                              	31551	0	10581248	0
0.5	4100	329	0	1655161	8	10581248	100	2	8200                              	30426	0	10581248	0
0.5	4100	412	0	1740206	8	10581248	100	2	8200                              	28526	0	10581248	0
0.5	4100	494	0	1824889	8	10581248	100	2	8200                              	21539	0	10581248	0
0.5	4100	345	0	1671757	8	10581248	100	2	8200                              	22993	0	10581248	0
0.5	4100	672	0	2007639	8	10581248	100	2	8200                              	32852	0	10581248	0
0.5	4100	367	0	1695871	8	10581248	100	2	8200                              	29281	0	10581248	0
0.5	4100	499	0	1829302	8	10581248	100	2	8200                              	24607	0	10581248	0
0.5	4100	324	0	1650592	8	10581248	100	2	8200                              	27336	0	10581248	0
0.5	4100	339	0	1664744	8	10581248	100	2	8200                              	23640	0	10581248	0
0.5	4100	385	0	1712090	8	10581248	100	2	8200                              	34965	0	10581248	0
0.5	4100	376	0	1702840	8	10581248	100	2	8200                              	28907	0	10581248	0
0.5	4100	681	0	2016223	8	10581248	100	2	8200                              	32845	0	10581248	0
0.5	4100	376	0	1703559	8	10581248	100	2	8200                              	27538	0	10581248	0
0.5	4100	562	0	1894210	8	10581248	100	2	8200                              	31076	0	10581248	0
0.5	4100	457	0	1786140	8	10581248	100	2	8200                              	21320	0	10581248	0
0.5	4100	362	0	1688534	8	10581248	100	2	8200                              	20274	0	10581248	0
0.5	4100	274	0	1599567	8	10581248	100	2	8200                              	26549	0	10581248	0
0.5	4100	384	0	1711915	8	10581248	100	2	8200                              	31742	0	10581248	0
0.5	4100	328	0	1655524	8	10581248	100	2	8200                              	24176	0	10581248	0
0.5	4100	391	0	1719577	8	10581248	100	2	8200                              	25067	0	10581248	0
0.5	4100	560	0	1892911	8	10581248	100	2	8200                              	23715	0	10581248	0
0.5	4100	489	0	1819519	8	10581248	100	2	8200                              	27828	0	10581248	0
0.5	4100	376	0	1703762	8	10581248	100	2	8200                              	30198	0	10581248	0
0.5	4100	331	0	1657547	8	10581248	100	2	8200                              	24760	0	10581248	0
0.5	4100	690	0	2025990	8	10581248	100	2	8200                              	28630	0	10581248	0
0.5	4100	330	0	1656914	8	10581248	100	2	8200                              	26431	0	10581248	0
0.5	4100	266	0	1591398	8	10581248	100	2	8200                              	23615	0	10581248	0
0.5	4100	410	0	1736667	8	10581248	100	2	8200                              	26612	0	10581248	0
0.5	4100	337	0	1663697	8	10581248	100	2	8200                              	31645	0	10581248	0
0.5	4100	682	0	2017211	8	10581248	100	2	8200                              	25604	0	10581248	0
0.5	4100	484	0	1814752	8	10581248	100	2	8200                              	18712	0	10581248	0
0.5	4100	364	0	1690256	8	10581248	100	2	8200                              	30617	0	10581248	0
0.5	4100	707	0	2042582	8	10581248	100	2	8200                              	21227	0	10581248	0
0.5	4100	345	0	1671934	8	10581248	100	2	8200                              	29126	0	10581248	0
0.5	4100	288	0	1614028	8	10581248	100	2	8200                              	26161	0	10581248	0
0.5	4100	653	0	1987864	8	10581248	100	2	8200                              	22188	0	10581248	0
0.5	4100	377	0	1704220	8	10581248	100	2	8200                              	23915	0	10581248	0
0.5	4100	536	0	1867437	8	10581248	100	2	8200                              	31261	0	10581248	0
0.5	4100	617	0	1949549	8	10581248	100	2	8200                              	32845	0	10581248	0
0.5	4100	716	0	2052797	8	10581248	100	2	8200                              	31261	0	10581248	0
0.5	4100	350	0	1676503	8	10581248	100	2	8200                              	32440	0	10581248	0
0.5	4100	489	0	1819348	8	10581248	100	2	8200                              	26263	0	10581248	0
0.5	4100	350	0	1677277	8	10581248	100	2	8200                              	28309	0	10581248	0
0.5	4100	363	0	1689152	8	10581248	100	2	8200                              	27680	0	10581248	0
0.5	4100	375	0	1703001	8	10581248	100	2	8200                              	34260	0	10581248	0
0.5	4100	682	0	2016173	8	10581248	100	2	8200                              	28143	0	10581248	0
0.5	4100	334	0	1659046	8	10581248	100	2	8200                              	26760	0	10581248	0
0.5	4100	355	0	1681839	8	10581248	100	2	8200                              	27101	0	10581248	0
0.5	4100	381	0	1708445	8	10581248	100	2	8200                              	31412	0	10581248	0
0.5	4100	432	0	1761621	8	10581248	100	2	8200                              	35019	0	10581248	0
0.5	4100	406	0	1734289	8	10581248	100	2	8200                              	28802	0	10581248	0
0.5	4100	387	0	1714271	8	10581248	100	2	8200                              	25223	0	10581248	0
0.5	4100	368	0	1696070	8	10581248	100	2	8200                              	24929	0	10581248	0
0.5	4100	349	0	1675328	8	10581248	100	2	8200                              	35131	0	10581248	0
0.5	4100	524	0	1855933	8	10581248	100	2	8200                              	32870	0	10581248	0
0.5	4100	337	0	1662969	8	10581248	100	2	8200                              	30330	0	10581248	0
0.5	4100	635	0	1969108	8	10581248	100	2	8200                              	30711	0	10581248	0
0.5	4100	348	0	1673303	8	10581248	100	2	8200                              	29863	0	10581248	0
0.5	4100	473	0	1802479	8	10581248	100	2	8200                              	26146	0	10581248	0
0.5	4100	505	0	1835209	8	10581248	100	2	8200                              	30089	0	10581248	0
0.5	4100	601	0	1933839	8	10581248	100	2	8200                              	25525	0	10581248	0
0.5	4100	363	0	1690808	8	10581248	100	2	8200                              	21590	0	10581248	0
0.5	4100	308	0	1634408	8	10581248	100	2	8200                              	26551	0	10581248	0
0.5	4100	313	0	1639459	8	10581248	100	2	8200                              	22952	0	10581248	0
0.5	4100	307	0	1633685	8	10581248	100	2	8200                              	28089	0	10581248	0
0.5	4100	354	0	1680926	8	10581248	100	2	8200                              	30717	0	10581248	0
0.5	4100	648	0	1982069	8	10581248	100	2	8200                              	23829	0	10581248	0
0.5	4100	425	0	1754539	8	10581248	100	2	8200                              	28305	0	10581248	0
0.5	4100	457	0	1786813	8	10581248	100	2	8200                              	27161	0	10581248	0
0.5	4100	291	0	1618292	8	10581248	100	2	8200                              	26939	0	10581248	0
0.5	4100	422	0	1751519	8	10581248	100	2	8200                              	31689	0	10581248	0
0.5	4100	564	0	1897474	8	10581248	100	2	8200                              	31446	0	10581248	0
0.5	4100	324	0	1650756	8	10581248	100	2	8200                              	22433	0	10581248	0
0.5	4100	772	0	2109418	8	10581248	100	2	8200                              	28586	0	10581248	0
0.5	4100	630	0	1964151	8	10581248	100	2	8200                              	35363	0	10581248	0
0.5	4100	388	0	1715139	8	10581248	100	2	8200                              	28019	0	10581248	0
0.5	4100	389	0	1716451	8	10581248	100	2	8200                              	30236	0	10581248	0
0.5	4100	380	0	1707816	8	10581248	100	2	8200                              	29828	0	10581248	0
0.5	4100	322	0	1648419	8	10581248	100	2	8200                              	26779	0	10581248	0
0.5	4100	307	0	1632150	8	10581248	100	2	8200                              	24198	0	10581248	0
0.5	4100	348	0	1674916	8	10581248	100	2	8200                              	27625	0	10581248	0
0.5	4100	386	0	1713195	8	10581248	100	2	8200                              	25571	0	10581248	0
0.5	4100	346	0	1673034	8	10581248	100	2	8200                              	30661	0	10581248	0
0.5	4100	513	0	1844079	8	10581248	100	2	8200                              	29432	0	10581248	0
0.5	4100	360	0	1686744	8	10581248	100	2	8200                              	22273	0	10581248	0
0.5	4100	282	0	1607297	8	10581248	100	2	8200                              	28964	0	10581248	0
0.5	4100	538	0	1869512	8	10581248	100	2	8200                              	23090	0	10581248	0
0.5	4100	596	0	1927746	8	10581248	100	2	8200                              	32172	0	10581248	0
0.5	5100	327	0	1732282	8	10581248	100	2	10200                              	29163	0	10581248	0
0.5	5100	304	0	1704070	8	10581248	100	2	10200                              	31099	0	10581248	0
0.5	5100	276	0	1667823	8	10581248	100	2	10200                              	20995	0	10581248	0
0.5	5100	549	0	2016871	8	10581248	100	2	10200                              	26919	0	10581248	0
0.5	5100	368	0	1785839	8	10581248	100	2	10200                              	28006	0	10581248	0
0.5	5100	332	0	1739781	8	10581248	100	2	10200                              	29154	0	10581248	0
0.5	5100	396	0	1822325	8	10581248	100	2	10200                              	27497	0	10581248	0
0.5	5100	357	0	1772576	8	10581248	100	2	10200                              	23302	0	10581248	0
0.5	5100	293	0	1690747	8	10581248	100	2	10200                              	21415	0	10581248	0
0.5	5100	312	0	1714193	8	10581248	100	2	10200                              	27971	0	10581248	0
0.5	5100	398	0	1824984	8	10581248	100	2	10200                              	33475	0	10581248	0
0.5	5100	318	0	1720295	8	10581248	100	2	10200                              	22322	0	10581248	0
0.5	5100	361	0	1777380	8	10581248	100	2	10200                              	33270	0	10581248	0
0.5	5100	386	0	1809156	8	10581248	100	2	10200                              	29488	0	10581248	0
0.5	5100	306	0	1706274	8	10581248	100	2	10200                              	27207	0	10581248	0
0.5	5100	327	0	1733618	8	10581248	100	2	10200                              	22945	0	10581248	0
0.5	5100	388	0	1811773	8	10581248	100	2	10200                              	23207	0	10581248	0
0.5	5100	423	0	1855656	8	10581248	100	2	10200                              	30514	0	10581248	0
0.5	5100	401	0	1828098	8	10581248	100	2	10200                              	32544	0	10581248	0
0.5	5100	298	0	1696439	8	10581248	100	2	10200                              	23906	0	10581248	0
0.5	5100	350	0	1763083	8	10581248	100	2	10200                              	32733	0	10581248	0
0.5	5100	277	0	1670107	8	10581248	100	2	10200                              	27512	0	10581248	0
0.5	5100	332	0	1741590	8	10581248	100	2	10200                              	27030	0	10581248	0
0.5	5100	301	0	1701579	8	10581248	100	2	10200                              	26748	0	10581248	0
0.5	5100	332	0	1741214	8	10581248	100	2	10200                              	21314	0	10581248	0
0.5	5100	274	0	1666622	8	10581248	100	2	10200                              	28590	0	10581248	0
0.5	5100	566	0	2037523	8	10581248	100	2	10200                              	24725	0	10581248	0
0.5	5100	281	0	1674883	8	10581248	100	2	10200                              	30302	0	10581248	0
0.5	5100	294	0	1691145	8	10581248	100	2	10200                              	24810	0	10581248	0
0.5	5100	286	0	1682625	8	10581248	100	2	10200                              	25877	0	10581248	0
0.5	5100	416	0	1846570	8	10581248	100	2	10200                              	20341	0	10581248	0
0.5	5100	285	0	1679648	8	10581248	100	2	10200                              	25098	0	10581248	0
0.5	5100	323	0	1730364	8	10581248	100	2	10200                              	33099	0	10581248	0
0.5	5100	364	0	1781553	8	10581248	100	2	10200                              	23517	0	10581248	0
0.5	5100	353	0	1766214	8	10581248	100	2	10200                              	28465	0	10581248	0
0.5	5100	307	0	1707823	8	10581248	100	2	10200                              	20982	0	10581248	0
0.5	5100	349	0	1762169	8	10581248	100	2	10200                              	31804	0	10581248	0
0.5	5100	345	0	1756433	8	10581248	100	2	10200                              	30146	0	10581248	0
0.5	5100	409	0	1840054	8	10581248	100	2	10200                              	32174	0	10581248	0
0.5	5100	257	0	1644819	8	10581248	100	2	10200                              	24292	0	10581248	0
0.5	5100	418	0	1850093	8	10581248	100	2	10200                              	19594	0	10581248	0
0.5	5100	378	0	1800147	8	10581248	100	2	10200                              	34247	0	10581248	0
0.5	5100	322	0	1727021	8	10581248	100	2	10200                              	24867	0	10581248	0
0.5	5100	302	0	1701864	8	10581248	100	2	10200                              	26715	0	10581248	0
0.5	5100	328	0	1736417	8	10581248	100	2	10200                              	18562	0	10581248	0
0.5	5100	349	0	1762561	8	10581248	100	2	10200                              	32182	0	10581248	0
0.5	5100	248	0	1633942	8	10581248	100	2	10200                              	28683	0	10581248	0
0.5	5100	341	0	1752135	8	10581248	100	2	10200                              	24794	0	10581248	0
0.5	5100	289	0	1684976	8	10581248	100	2	10200                              	25639	0	10581248	0
0.5	5100	314	0	1716866	8	10581248	100	2	10200                              	25264	0	10581248	0
0.5	5100	305	0	1705760	8	10581248	100	2	10200                              	27201	0	10581248	0
0.5	5100	318	0	1721927	8	10581248	100	2	10200                              	32382	0	10581248	0
0.5	5100	284	0	1680105	8	10581248	100	2	10200                              	28226	0	10581248	0
0.5	5100	290	0	1684699	8	10581248	100	2	10200                              	23401	0	10581248	0
0.5	5100	336	0	1744142	8	10581248	100	2	10200                              	29970	0	10581248	0
0.5	5100	301	0	1701674	8	10581248	100	2	10200                              	27108	0	10581248	0
0.5	5100	283	0	1677237	8	10581248	100	2	10200                              	29319	0	10581248	0
0.5	5100	433	0	1869256	8	10581248	100	2	10200                              	27587	0	10581248	0
0.5	5100	423	0	1857575	8	10581248	100	2	10200                              	34025	0	10581248	0
0.5	5100	435	0	1872814	8	10581248	100	2	10200                              	23281	0	10581248	0
0.5	5100	274	0	1664616	8	10581248	100	2	10200                              	25154	0	10581248	0
0.5	5100	298	0	1696489	8	10581248	100	2	10200                              	25796	0	10581248	0
0.5	5100	457	0	1900070	8	10581248	100	2	10200                              	32747	0	10581248	0
0.5	5100	549	0	2017605	8	10581248	100	2	10200                              	25433	0	10581248	0
0.5	5100	315	0	1718778	8	10581248	100	2	10200                              	23522	0	10581248	0
0.5	5100	309	0	1710257	8	10581248	100	2	10200                              	25686	0	10581248	0
0.5	5100	580	0	2056969	8	10581248	100	2	10200                              	24992	0	10581248	0
0.5	5100	269	0	1659674	8	10581248	100	2	10200                              	29511	0	10581248	0
0.5	5100	318	0	1721229	8	10581248	100	2	10200                              	32015	0	10581248	0
0.5	5100	334	0	1742898	8	10581248	100	2	10200                              	22892	0	10581248	0
0.5	5100	437	0	1873802	8	10581248	100	2	10200                              	30004	0	10581248	0
0.5	5100	398	0	1822634	8	10581248	100	2	10200                              	23583	0	10581248	0
0.5	5100	699	0	2207670	8	10581248	100	2	10200                              	22398	0	10581248	0
0.5	5100	375	0	1794016	8	10581248	100	2	10200                              	26119	0	10581248	0
0.5	5100	244	0	1626916	8	10581248	100	2	10200                              	22128	0	10581248	0
0.5	5100	292	0	1690524	8	10581248	100	2	10200                              	21689	0	10581248	0
0.5	5100	315	0	1718289	8	10581248	100	2	10200                              	31229	0	10581248	0
0.5	5100	421	0	1855304	8	10581248	100	2	10200                              	27276	0	10581248	0
0.5	5100	398	0	1824351	8	10581248	100	2	10200                              	23790	0	10581248	0
0.5	5100	343	0	1754388	8	10581248	100	2	10200                              	27554	0	10581248	0
0.5	5100	666	0	2163953	8	10581248	100	2	10200                              	31126	0	10581248	0
0.5	5100	381	0	1800033	8	10581248	100	2	10200                              	24794	0	10581248	0
0.5	5100	321	0	1726986	8	10581248	100	2	10200                              	24552	0	10581248	0
0.5	5100	624	0	2112070	8	10581248	100	2	10200                              	33021	0	10581248	0
0.5	5100	328	0	1734315	8	10581248	100	2	10200                              	22884	0	10581248	0
0.5	5100	285	0	1681681	8	10581248	100	2	10200                              	28586	0	10581248	0
0.5	5100	352	0	1765746	8	10581248	100	2	10200                              	25993	0	10581248	0
0.5	5100	301	0	1700848	8	10581248	100	2	10200                              	24337	0	10581248	0
0.5	5100	604	0	2086984	8	10581248	100	2	10200                              	28327	0	10581248	0
0.5	5100	310	0	1711661	8	10581248	100	2	10200                              	31633	0	10581248	0
0.5	5100	260	0	1647123	8	10581248	100	2	10200                              	24585	0	10581248	0
0.5	5100	514	0	1972329	8	10581248	100	2	10200                              	31602	0	10581248	0
0.5	5100	382	0	1805742	8	10581248	100	2	10200                              	25862	0	10581248	0
0.5	5100	344	0	1754986	8	10581248	100	2	10200                              	25266	0	10581248	0
0.5	5100	645	0	2139711	8	10581248	100	2	10200                              	23866	0	10581248	0
0.5	5100	291	0	1688412	8	10581248	100	2	10200                              	30301	0	10581248	0
0.5	5100	327	0	1733382	8	10581248	100	2	10200                              	29859	0	10581248	0
0.5	5100	379	0	1798162	8	10581248	100	2	10200                              	25558	0	10581248	0
0.5	5100	297	0	1694926	8	10581248	100	2	10200                              	26097	0	10581248	0
0.5	5100	291	0	1686313	8	10581248	100	2	10200                              	22192	0	10581248	0
0.5	6100	539	0	2137934	8	10581248	100	2	12200                              	28118	0	10581248	0
0.5	6100	478	0	2046402	8	10581248	100	2	12200                              	23446	0	10581248	0
0.5	6100	300	0	1774783	8	10581248	100	2	12200                              	22999	0	10581248	0
0.5	6100	527	0	2117466	8	10581248	100	2	12200                              	19594	0	10581248	0
0.5	6100	302	0	1775784	8	10581248	100	2	12200                              	29621	0	10581248	0
0.5	6100	279	0	1741503	8	10581248	100	2	12200                              	31786	0	10581248	0
0.5	6100	285	0	1750051	8	10581248	100	2	12200                              	26495	0	10581248	0
0.5	6100	421	0	1957016	8	10581248	100	2	12200                              	23979	0	10581248	0
0.5	6100	323	0	1807174	8	10581248	100	2	12200                              	29006	0	10581248	0
0.5	6100	298	0	1770142	8	10581248	100	2	12200                              	23546	0	10581248	0
0.5	6100	308	0	1784600	8	10581248	100	2	12200                              	23144	0	10581248	0
0.5	6100	285	0	1749491	8	10581248	100	2	12200                              	24051	0	10581248	0
0.5	6100	316	0	1797413	8	10581248	100	2	12200                              	36548	0	10581248	0
0.5	6100	353	0	1852286	8	10581248	100	2	12200                              	23034	0	10581248	0
0.5	6100	293	0	1761071	8	10581248	100	2	12200                              	20898	0	10581248	0
0.5	6100	287	0	1751447	8	10581248	100	2	12200                              	26440	0	10581248	0
0.5	6100	336	0	1828629	8	10581248	100	2	12200                              	22475	0	10581248	0
0.5	6100	384	0	1901432	8	10581248	100	2	12200                              	25670	0	10581248	0
0.5	6100	455	0	2008145	8	10581248	100	2	12200                              	18908	0	10581248	0
0.5	6100	556	0	2165057	8	10581248	100	2	12200                              	23417	0	10581248	0
0.5	6100	274	0	1734936	8	10581248	100	2	12200                              	25600	0	10581248	0
0.5	6100	396	0	1920608	8	10581248	100	2	12200                              	24329	0	10581248	0
0.5	6100	311	0	1790709	8	10581248	100	2	12200                              	22584	0	10581248	0
0.5	6100	361	0	1867573	8	10581248	100	2	12200                              	28895	0	10581248	0
0.5	6100	295	0	1767144	8	10581248	100	2	12200                              	25057	0	10581248	0
0.5	6100	589	0	2214122	8	10581248	100	2	12200                              	24441	0	10581248	0
0.5	6100	328	0	1817477	8	10581248	100	2	12200                              	23089	0	10581248	0
0.5	6100	380	0	1895340	8	10581248	100	2	12200                              	31310	0	10581248	0
0.5	6100	315	0	1797042	8	10581248	100	2	12200                              	19863	0	10581248	0
0.5	6100	290	0	1758678	8	10581248	100	2	12200                              	25320	0	10581248	0
0.5	6100	340	0	1834230	8	10581248	100	2	12200                              	20924	0	10581248	0
0.5	6100	330	0	1818629	8	10581248	100	2	12200                              	22984	0	10581248	0
0.5	6100	295	0	1765930	8	10581248	100	2	12200                              	27475	0	10581248	0
0.5	6100	470	0	2032612	8	10581248	100	2	12200                              	19617	0	10581248	0
0.5	6100	251	0	1699196	8	10581248	100	2	12200                              	28846	0	10581248	0
0.5	6100	426	0	1966130	8	10581248	100	2	12200                              	26949	0	10581248	0
0.5	6100	418	0	1954678	8	10581248	100	2	12200                              	22498	0	10581248	0
0.5	6100	317	0	1797956	8	10581248	100	2	12200                              	27825	0	10581248	0
0.5	6100	291	0	1761440	8	10581248	100	2	12200                              	29429	0	10581248	0
0.5	6100	303	0	1777394	8	10581248	100	2	12200                              	32586	0	10581248	0
0.5	6100	302	0	1775117	8	10581248	100	2	12200                              	24598	0	10581248	0
0.5	6100	543	0	2141884	8	10581248	100	2	12200                              	20862	0	10581248	0
0.5	6100	297	0	1767295	8	10581248	100	2	12200                              	31288	0	10581248	0
0.5	6100	236	0	1674248	8	10581248	100	2	12200                              	24913	0	10581248	0
0.5	6100	317	0	1798017	8	10581248	100	2	12200                              	23791	0	10581248	0
0.5	6100	306	0	1784181	8	10581248	100	2	12200                              	28855	0	10581248	0
0.5	6100	258	0	1709313	8	10581248	100	2	12200                              	24977	0	10581248	0
0.5	6100	545	0	2148411	8	10581248	100	2	12200                              	22444	0	10581248	0
0.5	6100	252	0	1700228	8	10581248	100	2	12200                              	21674	0	10581248	0
0.5	6100	593	0	2219741	8	10581248	100	2	12200                              	22404	0	10581248	0
0.5	6100	607	0	2240298	8	10581248	100	2	12200                              	33617	0	10581248	0
0.5	6100	531	0	2126793	8	10581248	100	2	12200                              	26210	0	10581248	0
0.5	6100	480	0	2047563	8	10581248	100	2	12200                              	26724	0	10581248	0
0.5	6100	559	0	2169737	8	10581248	100	2	12200                              	22264	0	10581248	0
0.5	6100	272	0	1729958	8	10581248	100	2	12200                              	28650	0	10581248	0
0.5	6100	444	0	1991541	8	10581248	100	2	12200                              	25445	0	10581248	0
0.5	6100	372	0	1883920	8	10581248	100	2	12200                              	23799	0	10581248	0
0.5	6100	286	0	1752953	8	10581248	100	2	12200                              	29025	0	10581248	0
0.5	6100	305	0	1780860	8	10581248	100	2	12200                              	27175	0	10581248	0
0.5	6100	503	0	2083016	8	10581248	100	2	12200                              	30058	0	10581248	0
0.5	6100	461	0	2021569	8	10581248	100	2	12200                              	29205	0	10581248	0
0.5	6100	327	0	1815470	8	10581248	100	2	12200                              	32103	0	10581248	0
0.5	6100	434	0	1977952	8	10581248	100	2	12200                              	31744	0	10581248	0
0.5	6100	279	0	1739547	8	10581248	100	2	12200                              	27705	0	10581248	0
0.5	6100	398	0	1921359	8	10581248	100	2	12200                              	37074	0	10581248	0
0.5	6100	558	0	2166949	8	10581248	100	2	12200                              	25226	0	10581248	0
0.5	6100	297	0	1767835	8	10581248	100	2	12200                              	22634	0	10581248	0
0.5	6100	266	0	1723511	8	10581248	100	2	12200                              	21642	0	10581248	0
0.5	6100	371	0	1882011	8	10581248	100	2	12200                              	25831	0	10581248	0
0.5	6100	515	0	2101801	8	10581248	100	2	12200                              	25025	0	10581248	0
0.5	6100	365	0	1872768	8	10581248	100	2	12200                              	31494	0	10581248	0
0.5	6100	309	0	1787057	8	10581248	100	2	12200                              	29010	0	10581248	0
0.5	6100	323	0	1807896	8	10581248	100	2	12200                              	21751	0	10581248	0
0.5	6100	311	0	1790067	8	10581248	100	2	12200                              	34215	0	10581248	0
0.5	6100	381	0	1897210	8	10581248	100	2	12200                              	24262	0	10581248	0
0.5	6100	454	0	2008469	8	10581248	100	2	12200                              	28800	0	10581248	0
0.5	6100	309	0	1787576	8	10581248	100	2	12200                              	22379	0	10581248	0
0.5	6100	329	0	1820268	8	10581248	100	2	12200                              	24378	0	10581248	0
0.5	6100	294	0	1765821	8	10581248	100	2	12200                              	26579	0	10581248	0
0.5	6100	309	0	1787853	8	10581248	100	2	12200                              	25566	0	10581248	0
0.5	6100	436	0	1978152	8	10581248	100	2	12200                              	30853	0	10581248	0
0.5	6100	296	0	1768637	8	10581248	100	2	12200                              	25037	0	10581248	0
0.5	6100	289	0	1758534	8	10581248	100	2	12200                              	21773	0	10581248	0
0.5	6100	358	0	1862030	8	10581248	100	2	12200                              	29533	0	10581248	0
0.5	6100	412	0	1944379	8	10581248	100	2	12200                              	31839	0	10581248	0
0.5	6100	318	0	1801107	8	10581248	100	2	12200                              	23919	0	10581248	0
0.5	6100	301	0	1772797	8	10581248	100	2	12200                              	24713	0	10581248	0
0.5	6100	336	0	1828640	8	10581248	100	2	12200                              	26827	0	10581248	0
0.5	6100	251	0	1697306	8	10581248	100	2	12200                              	24611	0	10581248	0
0.5	6100	288	0	1756193	8	10581248	100	2	12200                              	28756	0	10581248	0
0.5	6100	408	0	1940761	8	10581248	100	2	12200                              	24806	0	10581248	0
0.5	6100	286	0	1751913	8	10581248	100	2	12200                              	25203	0	10581248	0
0.5	6100	343	0	1838357	8	10581248	100	2	12200                              	25477	0	10581248	0
0.5	6100	363	0	1868599	8	10581248	100	2	12200                              	25871	0	10581248	0
0.5	6100	323	0	1810973	8	10581248	100	2	12200                              	22865	0	10581248	0
0.5	6100	308	0	1784413	8	10581248	100	2	12200                              	30512	0	10581248	0
0.5	6100	282	0	1744284	8	10581248	100	2	12200                              	19846	0	10581248	0
0.5	6100	329	0	1817016	8	10581248	100	2	12200                              	27009	0	10581248	0
0.5	6100	304	0	1778597	8	10581248	100	2	12200                              	27763	0	10581248	0
0.5	6100	305	0	1782967	8	10581248	100	2	12200                              	18237	0	10581248	0
0.5	7100	467	0	2144103	8	10581248	100	2	14200                              	28169	0	10581248	0
0.5	7100	303	0	1850608	8	10581248	100	2	14200                              	21789	0	10581248	0
0.5	7100	430	0	2079604	8	10581248	100	2	14200                              	27800	0	10581248	0
0.5	7100	304	0	1850492	8	10581248	100	2	14200                              	23920	0	10581248	0
0.5	7100	445	0	2104082	8	10581248	100	2	14200                              	24890	0	10581248	0
0.5	7100	359	0	1954614	8	10581248	100	2	14200                              	21083	0	10581248	0
0.5	7100	485	0	2175683	8	10581248	100	2	14200                              	30869	0	10581248	0
0.5	7100	459	0	2128466	8	10581248	100	2	14200                              	27309	0	10581248	0
0.5	7100	353	0	1941104	8	10581248	100	2	14200                              	26527	0	10581248	0
0.5	7100	298	0	1845644	8	10581248	100	2	14200                              	29600	0	10581248	0
0.5	7100	271	0	1795797	8	10581248	100	2	14200                              	28248	0	10581248	0
0.5	7100	257	0	1770173	8	10581248	100	2	14200                              	23113	0	10581248	0
0.5	7100	566	0	2319763	8	10581248	100	2	14200                              	29540	0	10581248	0
0.5	7100	280	0	1812345	8	10581248	100	2	14200                              	31347	0	10581248	0
0.5	7100	334	0	1909058	8	10581248	100	2	14200                              	26586	0	10581248	0
0.5	7100	308	0	1859413	8	10581248	100	2	14200                              	28688	0	10581248	0
0.5	7100	285	0	1820014	8	10581248	100	2	14200                              	25348	0	10581248	0
0.5	7100	253	0	1761792	8	10581248	100	2	14200                              	24342	0	10581248	0
0.5	7100	479	0	2163139	8	10581248	100	2	14200                              	28982	0	10581248	0
0.5	7100	278	0	1807375	8	10581248	100	2	14200                              	21919	0	10581248	0
0.5	7100	308	0	1862825	8	10581248	100	2	14200                              	21100	0	10581248	0
0.5	7100	254	0	1765324	8	10581248	100	2	14200                              	27255	0	10581248	0
0.5	7100	318	0	1879540	8	10581248	100	2	14200                              	22299	0	10581248	0
0.5	7100	298	0	1841893	8	10581248	100	2	14200                              	22766	0	10581248	0
0.5	7100	273	0	1798964	8	10581248	100	2	14200                              	23887	0	10581248	0
0.5	7100	316	0	1876924	8	10581248	100	2	14200                              	26809	0	10581248	0
0.5	7100	258	0	1771831	8	10581248	100	2	14200                              	22840	0	10581248	0
0.5	7100	264	0	1782414	8	10581248	100	2	14200                              	25382	0	10581248	0
0.5	7100	430	0	2076671	8	10581248	100	2	14200                              	24598	0	10581248	0
0.5	7100	484	0	2172415	8	10581248	100	2	14200                              	27516	0	10581248	0
0.5	7100	297	0	1840746	8	10581248	100	2	14200                              	18787	0	10581248	0
0.5	7100	279	0	1813084	8	10581248	100	2	14200                              	23247	0	10581248	0
0.5	7100	286	0	1823672	8	10581248	100	2	14200                              	26443	0	10581248	0
0.5	7100	292	0	1834833	8	10581248	100	2	14200                              	16873	0	10581248	0
0.5	7100	255	0	1769074	8	10581248	100	2	14200                              	25421	0	10581248	0
0.5	7100	328	0	1897091	8	10581248	100	2	14200                              	30019	0	10581248	0
0.5	7100	310	0	1863982	8	10581248	100	2	14200                              	23625	0	10581248	0
0.5	7100	268	0	1789794	8	10581248	100	2	14200                              	27376	0	10581248	0
0.5	7100	286	0	1823076	8	10581248	100	2	14200                              	23179	0	10581248	0
0.5	7100	279	0	1810604	8	10581248	100	2	14200                              	28238	0	10581248	0
0.5	7100	249	0	1757965	8	10581248	100	2	14200                              	18670	0	10581248	0
0.5	7100	350	0	1936129	8	10581248	100	2	14200                              	25050	0	10581248	0
0.5	7100	319	0	1880661	8	10581248	100	2	14200                              	21065	0	10581248	0
0.5	7100	291	0	1832253	8	10581248	100	2	14200                              	23082	0	10581248	0
0.5	7100	515	0	2229776	8	10581248	100	2	14200                              	31698	0	10581248	0
0.5	7100	261	0	1776307	8	10581248	100	2	14200                              	21036	0	10581248	0
0.5	7100	248	0	1755954	8	10581248	100	2	14200                              	26759	0	10581248	0
0.5	7100	252	0	1764455	8	10581248	100	2	14200                              	23426	0	10581248	0
0.5	7100	277	0	1806594	8	10581248	100	2	14200                              	25764	0	10581248	0
0.5	7100	503	0	2207461	8	10581248	100	2	14200                              	31770	0	10581248	0
0.5	7100	466	0	2143119	8	10581248	100	2	14200                              	24649	0	10581248	0
0.5	7100	243	0	1744548	8	10581248	100	2	14200                              	24359	0	10581248	0
0.5	7100	345	0	1927596	8	10581248	100	2	14200                              	22064	0	10581248	0
0.5	7100	278	0	1808287	8	10581248	100	2	14200                              	23932	0	10581248	0
0.5	7100	289	0	1827553	8	10581248	100	2	14200                              	29262	0	10581248	0
0.5	7100	358	0	1949784	8	10581248	100	2	14200                              	25592	0	10581248	0
0.5	7100	238	0	1736325	8	10581248	100	2	14200                              	26490	0	10581248	0
0.5	7100	278	0	1809556	8	10581248	100	2	14200                              	20146	0	10581248	0
0.5	7100	355	0	1945293	8	10581248	100	2	14200                              	22013	0	10581248	0
0.5	7100	262	0	1779976	8	10581248	100	2	14200                              	21505	0	10581248	0
0.5	7100	261	0	1779050	8	10581248	100	2	14200                              	25310	0	10581248	0
0.5	7100	531	0	2258221	8	10581248	100	2	14200                              	29601	0	10581248	0
0.5	7100	274	0	1798857	8	10581248	100	2	14200                              	21605	0	10581248	0
0.5	7100	256	0	1769565	8	10581248	100	2	14200                              	27497	0	10581248	0
0.5	7100	361	0	1957060	8	10581248	100	2	14200                              	22353	0	10581248	0
0.5	7100	297	0	1838835	8	10581248	100	2	14200                              	25552	0	10581248	0
0.5	7100	273	0	1799927	8	10581248	100	2	14200                              	18652	0	10581248	0
0.5	7100	292	0	1834901	8	10581248	100	2	14200                              	27870	0	10581248	0
0.5	7100	544	0	2280822	8	10581248	100	2	14200                              	27877	0	10581248	0
0.5	7100	447	0	2108395	8	10581248	100	2	14200                              	28319	0	10581248	0
0.5	7100	297	0	1840986	8	10581248	100	2	14200                              	24303	0	10581248	0
0.5	7100	287	0	1824174	8	10581248	100	2	14200                              	23575	0	10581248	0
0.5	7100	262	0	1780682	8	10581248	100	2	14200                              	24185	0	10581248	0
0.5	7100	295	0	1835990	8	10581248	100	2	14200                              	31974	0	10581248	0
0.5	7100	452	0	2116733	8	10581248	100	2	14200                              	26927	0	10581248	0
0.5	7100	253	0	1766558	8	10581248	100	2	14200                              	21291	0	10581248	0
0.5	7100	309	0	1864353	8	10581248	100	2	14200                              	21032	0	10581248	0
0.5	7100	233	0	1724275	8	10581248	100	2	14200                              	18719	0	10581248	0
0.5	7100	310	0	1866542	8	10581248	100	2	14200                              	26721	0	10581248	0
0.5	7100	450	0	2111055	8	10581248	100	2	14200                              	28703	0	10581248	0
0.5	7100	504	0	2210698	8	10581248	100	2	14200                              	22171	0	10581248	0
0.5	7100	274	0	1800662	8	10581248	100	2	14200                              	20067	0	10581248	0
0.5	7100	281	0	1814694	8	10581248	100	2	14200                              	24831	0	10581248	0
0.5	7100	530	0	2255090	8	10581248	100	2	14200                              	21531	0	10581248	0
0.5	7100	269	0	1792229	8	10581248	100	2	14200                              	27080	0	10581248	0
0.5	7100	260	0	1775216	8	10581248	100	2	14200                              	24339	0	10581248	0
0.5	7100	305	0	1855181	8	10581248	100	2	14200                              	23181	0	10581248	0
0.5	7100	454	0	2120032	8	10581248	100	2	14200                              	21956	0	10581248	0
0.5	7100	289	0	1829690	8	10581248	100	2	14200                              	25390	0	10581248	0
0.5	7100	273	0	1799257	8	10581248	100	2	14200                              	25283	0	10581248	0
0.5	7100	340	0	1916754	8	10581248	100	2	14200                              	19588	0	10581248	0
0.5	7100	467	0	2143574	8	10581248	100	2	14200                              	28081	0	10581248	0
0.5	7100	326	0	1892765	8	10581248	100	2	14200                              	23781	0	10581248	0
0.5	7100	493	0	2189790	8	10581248	100	2	14200                              	20221	0	10581248	0
0.5	7100	232	0	1726474	8	10581248	100	2	14200                              	20382	0	10581248	0
0.5	7100	327	0	1894458	8	10581248	100	2	14200                              	27672	0	10581248	0
0.5	7100	301	0	1848810	8	10581248	100	2	14200                              	26318	0	10581248	0
0.5	7100	279	0	1810861	8	10581248	100	2	14200                              	21336	0	10581248	0
0.5	7100	302	0	1852241	8	10581248	100	2	14200                              	31832	0	10581248	0
0.5	7100	464	0	2140182	8	10581248	100	2	14200                              	23882	0	10581248	0
0.5	8100	316	0	1951960	8	10581248	100	2	16200                              	26587	0	10581248	0
0.5	8100	228	0	1776823	8	10581248	100	2	16200                              	26656	0	10581248	0
0.5	8100	428	0	2180065	8	10581248	100	2	16200                              	25901	0	10581248	0
0.5	8100	306	0	1933962	8	10581248	100	2	16200                              	26802	0	10581248	0
0.5	8100	275	0	1870820	8	10581248	100	2	16200                              	21946	0	10581248	0
0.5	8100	223	0	1762594	8	10581248	100	2	16200                              	29571	0	10581248	0
0.5	8100	430	0	2183457	8	10581248	100	2	16200                              	28282	0	10581248	0
0.5	8100	386	0	2095708	8	10581248	100	2	16200                              	32760	0	10581248	0
0.5	8100	281	0	1882424	8	10581248	100	2	16200                              	32532	0	10581248	0
0.5	8100	353	0	2029192	8	10581248	100	2	16200                              	28307	0	10581248	0
0.5	8100	231	0	1780917	8	10581248	100	2	16200                              	22512	0	10581248	0
0.5	8100	266	0	1852709	8	10581248	100	2	16200                              	23903	0	10581248	0
0.5	8100	293	0	1904845	8	10581248	100	2	16200                              	25199	0	10581248	0
0.5	8100	302	0	1924017	8	10581248	100	2	16200                              	23768	0	10581248	0
0.5	8100	262	0	1842698	8	10581248	100	2	16200                              	27014	0	10581248	0
0.5	8100	450	0	2224835	8	10581248	100	2	16200                              	24243	0	10581248	0
0.5	8100	233	0	1788138	8	10581248	100	2	16200                              	29684	0	10581248	0
0.5	8100	417	0	2157009	8	10581248	100	2	16200                              	26756	0	10581248	0
0.5	8100	270	0	1857536	8	10581248	100	2	16200                              	29034	0	10581248	0
0.5	8100	252	0	1823082	8	10581248	100	2	16200                              	23468	0	10581248	0
0.5	8100	309	0	1940460	8	10581248	100	2	16200                              	26001	0	10581248	0
0.5	8100	310	0	1941658	8	10581248	100	2	16200                              	27931	0	10581248	0
0.5	8100	359	0	2041518	8	10581248	100	2	16200                              	18701	0	10581248	0
0.5	8100	267	0	1854903	8	10581248	100	2	16200                              	21449	0	10581248	0
0.5	8100	260	0	1839823	8	10581248	100	2	16200                              	20950	0	10581248	0
0.5	8100	394	0	2110515	8	10581248	100	2	16200                              	19624	0	10581248	0
0.5	8100	477	0	2277973	8	10581248	100	2	16200                              	26827	0	10581248	0
0.5	8100	275	0	1869815	8	10581248	100	2	16200                              	20910	0	10581248	0
0.5	8100	287	0	1893739	8	10581248	100	2	16200                              	25700	0	10581248	0
0.5	8100	472	0	2268812	8	10581248	100	2	16200                              	30316	0	10581248	0
0.5	8100	338	0	1998027	8	10581248	100	2	16200                              	26445	0	10581248	0
0.5	8100	241	0	1802021	8	10581248	100	2	16200                              	31151	0	10581248	0
0.5	8100	248	0	1814277	8	10581248	100	2	16200                              	23297	0	10581248	0
0.5	8100	265	0	1851312	8	10581248	100	2	16200                              	21734	0	10581248	0
0.5	8100	505	0	2336139	8	10581248	100	2	16200                              	30027	0	10581248	0
0.5	8100	254	0	1826204	8	10581248	100	2	16200                              	24242	0	10581248	0
0.5	8100	240	0	1799649	8	10581248	100	2	16200                              	23464	0	10581248	0
0.5	8100	333	0	1988310	8	10581248	100	2	16200                              	27166	0	10581248	0
0.5	8100	409	0	2139722	8	10581248	100	2	16200                              	23176	0	10581248	0
0.5	8100	202	0	1723391	8	10581248	100	2	16200                              	22924	0	10581248	0
0.5	8100	313	0	1946824	8	10581248	100	2	16200                              	19548	0	10581248	0
0.5	8100	296	0	1913236	8	10581248	100	2	16200                              	21458	0	10581248	0
0.5	8100	355	0	2034346	8	10581248	100	2	16200                              	22473	0	10581248	0
0.5	8100	297	0	1917200	8	10581248	100	2	16200                              	23032	0	10581248	0
0.5	8100	228	0	1773940	8	10581248	100	2	16200                              	15419	0	10581248	0
0.5	8100	233	0	1784716	8	10581248	100	2	16200                              	23759	0	10581248	0
0.5	8100	248	0	1818039	8	10581248	100	2	16200                              	26046	0	10581248	0
0.5	8100	321	0	1962850	8	10581248	100	2	16200                              	21692	0	10581248	0
0.5	8100	373	0	2071678	8	10581248	100	2	16200                              	23569	0	10581248	0
0.5	8100	283	0	1887780	8	10581248	100	2	16200                              	21989	0	10581248	0
0.5	8100	252	0	1823719	8	10581248	100	2	16200                              	22210	0	10581248	0
0.5	8100	280	0	1882182	8	10581248	100	2	16200                              	18911	0	10581248	0
0.5	8100	280	0	1881466	8	10581248	100	2	16200                              	29757	0	10581248	0
0.5	8100	279	0	1878680	8	10581248	100	2	16200                              	30156	0	10581248	0
0.5	8100	257	0	1833187	8	10581248	100	2	16200                              	22691	0	10581248	0
0.5	8100	410	0	2143624	8	10581248	100	2	16200                              	25299	0	10581248	0
0.5	8100	300	0	1919660	8	10581248	100	2	16200                              	23777	0	10581248	0
0.5	8100	269	0	1856140	8	10581248	100	2	16200                              	24096	0	10581248	0
0.5	8100	286	0	1891061	8	10581248	100	2	16200                              	26579	0	10581248	0
0.5	8100	290	0	1900362	8	10581248	100	2	16200                              	22269	0	10581248	0
0.5	8100	302	0	1927747	8	10581248	100	2	16200                              	24664	0	10581248	0
0.5	8100	383	0	2090715	8	10581248	100	2	16200                              	28954	0	10581248	0
0.5	8100	213	0	1747908	8	10581248	100	2	16200                              	23875	0	10581248	0
0.5	8100	315	0	1952057	8	10581248	100	2	16200                              	29178	0	10581248	0
0.5	8100	235	0	1791532	8	10581248	100	2	16200                              	20020	0	10581248	0
0.5	8100	436	0	2195222	8	10581248	100	2	16200                              	29644	0	10581248	0
0.5	8100	285	0	1890736	8	10581248	100	2	16200                              	23113	0	10581248	0
0.5	8100	239	0	1798594	8	10581248	100	2	16200                              	28236	0	10581248	0
0.5	8100	236	0	1789411	8	10581248	100	2	16200                              	23386	0	10581248	0
0.5	8100	374	0	2070676	8	10581248	100	2	16200                              	23724	0	10581248	0
0.5	8100	272	0	1862369	8	10581248	100	2	16200                              	20014	0	10581248	0
0.5	8100	261	0	1841259	8	10581248	100	2	16200                              	26342	0	10581248	0
0.5	8100	306	0	1930225	8	10581248	100	2	16200                              	32326	0	10581248	0
0.5	8100	217	0	1755560	8	10581248	100	2	16200                              	21344	0	10581248	0
0.5	8100	332	0	1986344	8	10581248	100	2	16200                              	30041	0	10581248	0
0.5	8100	421	0	2164007	8	10581248	100	2	16200                              	24126	0	10581248	0
0.5	8100	303	0	1927944	8	10581248	100	2	16200                              	21841	0	10581248	0
0.5	8100	430	0	2186520	8	10581248	100	2	16200                              	27661	0	10581248	0
0.5	8100	452	0	2226433	8	10581248	100	2	16200                              	26520	0	10581248	0
0.5	8100	253	0	1824758	8	10581248	100	2	16200                              	30087	0	10581248	0
0.5	8100	419	0	2162739	8	10581248	100	2	16200                              	20146	0	10581248	0
0.5	8100	331	0	1984328	8	10581248	100	2	16200                              	25953	0	10581248	0
0.5	8100	284	0	1889406	8	10581248	100	2	16200                              	32682	0	10581248	0
0.5	8100	304	0	1933654	8	10581248	100	2	16200                              	26145	0	10581248	0
0.5	8100	318	0	1955837	8	10581248	100	2	16200                              	28579	0	10581248	0
0.5	8100	285	0	1890982	8	10581248	100	2	16200                              	22361	0	10581248	0
0.5	8100	276	0	1875787	8	10581248	100	2	16200                              	23281	0	10581248	0
0.5	8100	235	0	1788963	8	10581248	100	2	16200                              	18965	0	10581248	0
0.5	8100	260	0	1841001	8	10581248	100	2	16200                              	20909	0	10581248	0
0.5	8100	275	0	1871063	8	10581248	100	2	16200                              	20304	0	10581248	0
0.5	8100	319	0	1961021	8	10581248	100	2	16200                              	24425	0	10581248	0
0.5	8100	234	0	1788669	8	10581248	100	2	16200                              	17199	0	10581248	0
0.5	8100	285	0	1891017	8	10581248	100	2	16200                              	31034	0	10581248	0
0.5	8100	254	0	1825524	8	10581248	100	2	16200                              	28113	0	10581248	0
0.5	8100	219	0	1759538	8	10581248	100	2	16200                              	19533	0	10581248	0
0.5	8100	398	0	2121526	8	10581248	100	2	16200                              	26855	0	10581248	0
0.5	8100	349	0	2020379	8	10581248	100	2	16200                              	24772	0	10581248	0
0.5	8100	411	0	2143472	8	10581248	100	2	16200                              	17882	0	10581248	0
0.5	8100	243	0	1805203	8	10581248	100	2	16200                              	31656	0	10581248	0
0.5	8100	271	0	1862439	8	10581248	100	2	16200                              	25856	0	10581248	0
0.5	9100	425	0	2279963	8	10581248	100	2	18200                              	22820	0	10581248	0
0.5	9100	367	0	2149105	8	10581248	100	2	18200                              	29925	0	10581248	0
0.5	9100	271	0	1927449	8	10581248	100	2	18200                              	16541	0	10581248	0
0.5	9100	237	0	1851621	8	10581248	100	2	18200                              	31076	0	10581248	0
0.5	9100	256	0	1895336	8	10581248	100	2	18200                              	24177	0	10581248	0
0.5	9100	487	0	2419628	8	10581248	100	2	18200                              	25427	0	10581248	0
0.5	9100	286	0	1966416	8	10581248	100	2	18200                              	32902	0	10581248	0
0.5	9100	251	0	1882593	8	10581248	100	2	18200                              	23704	0	10581248	0
0.5	9100	260	0	1903604	8	10581248	100	2	18200                              	28143	0	10581248	0
0.5	9100	263	0	1910818	8	10581248	100	2	18200                              	19335	0	10581248	0
0.5	9100	453	0	2341113	8	10581248	100	2	18200                              	28844	0	10581248	0
0.5	9100	300	0	1992164	8	10581248	100	2	18200                              	21895	0	10581248	0
0.5	9100	346	0	2100026	8	10581248	100	2	18200                              	23076	0	10581248	0
0.5	9100	267	0	1921118	8	10581248	100	2	18200                              	25374	0	10581248	0
0.5	9100	255	0	1892081	8	10581248	100	2	18200                              	22330	0	10581248	0
0.5	9100	253	0	1890778	8	10581248	100	2	18200                              	19812	0	10581248	0
0.5	9100	405	0	2232216	8	10581248	100	2	18200                              	25534	0	10581248	0
0.5	9100	274	0	1935593	8	10581248	100	2	18200                              	22804	0	10581248	0
0.5	9100	278	0	1946557	8	10581248	100	2	18200                              	25135	0	10581248	0
0.5	9100	261	0	1904276	8	10581248	100	2	18200                              	20802	0	10581248	0
0.5	9100	314	0	2029723	8	10581248	100	2	18200                              	29153	0	10581248	0
0.5	9100	273	0	1933408	8	10581248	100	2	18200                              	19028	0	10581248	0
0.5	9100	246	0	1873515	8	10581248	100	2	18200                              	25872	0	10581248	0
0.5	9100	377	0	2171738	8	10581248	100	2	18200                              	24808	0	10581248	0
0.5	9100	274	0	1935769	8	10581248	100	2	18200                              	22569	0	10581248	0
0.5	9100	277	0	1944936	8	10581248	100	2	18200                              	28565	0	10581248	0
0.5	9100	301	0	1996072	8	10581248	100	2	18200                              	29992	0	10581248	0
0.5	9100	262	0	1905896	8	10581248	100	2	18200                              	20047	0	10581248	0
0.5	9100	405	0	2234520	8	10581248	100	2	18200                              	20983	0	10581248	0
0.5	9100	273	0	1931093	8	10581248	100	2	18200                              	26304	0	10581248	0
0.5	9100	397	0	2214219	8	10581248	100	2	18200                              	19632	0	10581248	0
0.5	9100	239	0	1856110	8	10581248	100	2	18200                              	22840	0	10581248	0
0.5	9100	255	0	1894480	8	10581248	100	2	18200                              	23708	0	10581248	0
0.5	9100	277	0	1940382	8	10581248	100	2	18200                              	32437	0	10581248	0
0.5	9100	262	0	1906170	8	10581248	100	2	18200                              	30691	0	10581248	0
0.5	9100	259	0	1900712	8	10581248	100	2	18200                              	19845	0	10581248	0
0.5	9100	241	0	1862185	8	10581248	100	2	18200                              	23185	0	10581248	0
0.5	9100	207	0	1783000	8	10581248	100	2	18200                              	18139	0	10581248	0
0.5	9100	283	0	1959259	8	10581248	100	2	18200                              	25469	0	10581248	0
0.5	9100	293	0	1978365	8	10581248	100	2	18200                              	24836	0	10581248	0
0.5	9100	275	0	1937708	8	10581248	100	2	18200                              	24547	0	10581248	0
0.5	9100	235	0	1843823	8	10581248	100	2	18200                              	27271	0	10581248	0
0.5	9100	371	0	2157502	8	10581248	100	2	18200                              	27221	0	10581248	0
0.5	9100	292	0	1980680	8	10581248	100	2	18200                              	21604	0	10581248	0
0.5	9100	268	0	1924204	8	10581248	100	2	18200                              	26565	0	10581248	0
0.5	9100	271	0	1930109	8	10581248	100	2	18200                              	28782	0	10581248	0
0.5	9100	294	0	1981413	8	10581248	100	2	18200                              	22989	0	10581248	0
0.5	9100	371	0	2155766	8	10581248	100	2	18200                              	21748	0	10581248	0
0.5	9100	385	0	2187676	8	10581248	100	2	18200                              	21660	0	10581248	0
0.5	9100	359	0	2127005	8	10581248	100	2	18200                              	22834	0	10581248	0
0.5	9100	221	0	1811966	8	10581248	100	2	18200                              	21836	0	10581248	0
0.5	9100	381	0	2177483	8	10581248	100	2	18200                              	23386	0	10581248	0
0.5	9100	245	0	1871261	8	10581248	100	2	18200                              	24687	0	10581248	0
0.5	9100	271	0	1928646	8	10581248	100	2	18200                              	20767	0	10581248	0
0.5	9100	508	0	2466710	8	10581248	100	2	18200                              	30117	0	10581248	0
0.5	9100	326	0	2052992	8	10581248	100	2	18200                              	28153	0	10581248	0
0.5	9100	306	0	2006129	8	10581248	100	2	18200                              	44238	0	10581248	0
0.5	9100	328	0	2058306	8	10581248	100	2	18200                              	26951	0	10581248	0
0.5	9100	320	0	2040754	8	10581248	100	2	18200                              	20807	0	10581248	0
0.5	9100	256	0	1894507	8	10581248	100	2	18200                              	21157	0	10581248	0
0.5	9100	390	0	2198930	8	10581248	100	2	18200                              	28378	0	10581248	0
0.5	9100	412	0	2248180	8	10581248	100	2	18200                              	20671	0	10581248	0
0.5	9100	442	0	2315632	8	10581248	100	2	18200                              	21877	0	10581248	0
0.5	9100	273	0	1934578	8	10581248	100	2	18200                              	31291	0	10581248	0
0.5	9100	385	0	2189672	8	10581248	100	2	18200                              	27133	0	10581248	0
0.5	9100	276	0	1939290	8	10581248	100	2	18200                              	22856	0	10581248	0
0.5	9100	236	0	1847762	8	10581248	100	2	18200                              	29312	0	10581248	0
0.5	9100	297	0	1986849	8	10581248	100	2	18200                              	23053	0	10581248	0
0.5	9100	245	0	1872412	8	10581248	100	2	18200                              	23364	0	10581248	0
0.5	9100	214	0	1799290	8	10581248	100	2	18200                              	22564	0	10581248	0
0.5	9100	267	0	1918869	8	10581248	100	2	18200                              	29477	0	10581248	0
0.5	9100	418	0	2264097	8	10581248	100	2	18200                              	18476	0	10581248	0
0.5	9100	263	0	1912980	8	10581248	100	2	18200                              	21314	0	10581248	0
0.5	9100	248	0	1876997	8	10581248	100	2	18200                              	19526	0	10581248	0
0.5	9100	243	0	1864920	8	10581248	100	2	18200                              	27836	0	10581248	0
0.5	9100	405	0	2233451	8	10581248	100	2	18200                              	22013	0	10581248	0
0.5	9100	221	0	1815148	8	10581248	100	2	18200                              	21201	0	10581248	0
0.5	9100	377	0	2172934	8	10581248	100	2	18200                              	24163	0	10581248	0
0.5	9100	229	0	1831905	8	10581248	100	2	18200                              	21865	0	10581248	0
0.5	9100	432	0	2299569	8	10581248	100	2	18200                              	26815	0	10581248	0
0.5	9100	304	0	2003514	8	10581248	100	2	18200                              	21936	0	10581248	0
0.5	9100	214	0	1801312	8	10581248	100	2	18200                              	16101	0	10581248	0
0.5	9100	351	0	2106901	8	10581248	100	2	18200                              	25104	0	10581248	0
0.5	9100	457	0	2350499	8	10581248	100	2	18200                              	29727	0	10581248	0
0.5	9100	225	0	1821390	8	10581248	100	2	18200                              	26778	0	10581248	0
0.5	9100	221	0	1819142	8	10581248	100	2	18200                              	19076	0	10581248	0
0.5	9100	226	0	1826283	8	10581248	100	2	18200                              	18654	0	10581248	0
0.5	9100	275	0	1937065	8	10581248	100	2	18200                              	31494	0	10581248	0
0.5	9100	264	0	1915818	8	10581248	100	2	18200                              	26894	0	10581248	0
0.5	9100	257	0	1896499	8	10581248	100	2	18200                              	19830	0	10581248	0
0.5	9100	309	0	2016981	8	10581248	100	2	18200                              	21879	0	10581248	0
0.5	9100	257	0	1894799	8	10581248	100	2	18200                              	22761	0	10581248	0
0.5	9100	266	0	1915427	8	10581248	100	2	18200                              	28103	0	10581248	0
0.5	9100	214	0	1798667	8	10581248	100	2	18200                              	21415	0	10581248	0
0.5	9100	364	0	2140206	8	10581248	100	2	18200                              	19897	0	10581248	0
0.5	9100	311	0	2016009	8	10581248	100	2	18200                              	29672	0	10581248	0
0.5	9100	247	0	1871623	8	10581248	100	2	18200                              	22538	0	10581248	0
0.5	9100	223	0	1819590	8	10581248	100	2	18200                              	22752	0	10581248	0
0.5	9100	227	0	1831708	8	10581248	100	2	18200                              	24025	0	10581248	0
.5	9100	261	0	1904738	8	10581248	100	2	18200                              	19546	0	10581248	0
