#using seed 0.0433
# Work:10581248, depth:844030, work/p+depth:926696.0
#PROCESSORS: 128, RUNS: 100
#prb	R-l	ISR	ESR	runTime	processors    	work	taskThreshold	lGranularity	rGranularity	IDATAT	EDATAT	W0	W1
0.5	100	491206	0	850078	128	10581248	100	2	200                              	74535	0	10581248	0
0.5	100	491233	0	850116	128	10581248	100	2	200                              	74535	0	10581248	0
0.5	100	491315	0	850240	128	10581248	100	2	200                              	74535	0	10581248	0
0.5	100	490681	0	849242	128	10581248	100	2	200                              	74535	0	10581248	0
0.5	100	490111	0	848378	128	10581248	100	2	200                              	74535	0	10581248	0
0.5	100	490506	0	848998	128	10581248	100	2	200                              	74535	0	10581248	0
0.5	100	490189	0	848485	128	10581248	100	2	200                              	74535	0	10581248	0
0.5	100	490174	0	848457	128	10581248	100	2	200                              	74535	0	10581248	0
0.5	100	490320	0	848690	128	10581248	100	2	200                              	74535	0	10581248	0
0.5	100	490532	0	849003	128	10581248	100	2	200                              	74535	0	10581248	0
0.5	100	491520	0	850582	128	10581248	100	2	200                              	74535	0	10581248	0
0.5	100	490920	0	849625	128	10581248	100	2	200                              	74535	0	10581248	0
0.5	100	490736	0	849347	128	10581248	100	2	200                              	74535	0	10581248	0
0.5	100	491373	0	850343	128	10581248	100	2	200                              	74535	0	10581248	0
0.5	100	490663	0	849218	128	10581248	100	2	200                              	74535	0	10581248	0
0.5	100	491882	0	851131	128	10581248	100	2	200                              	74535	0	10581248	0
0.5	100	490405	0	848825	128	10581248	100	2	200                              	74535	0	10581248	0
0.5	100	492243	0	851695	128	10581248	100	2	200                              	74535	0	10581248	0
0.5	100	491044	0	849814	128	10581248	100	2	200                              	74535	0	10581248	0
0.5	100	491752	0	850923	128	10581248	100	2	200                              	74535	0	10581248	0
0.5	100	491376	0	850348	128	10581248	100	2	200                              	74535	0	10581248	0
0.5	100	490464	0	848915	128	10581248	100	2	200                              	74535	0	10581248	0
0.5	100	490801	0	849424	128	10581248	100	2	200                              	74535	0	10581248	0
0.5	100	492799	0	852577	128	10581248	100	2	200                              	74535	0	10581248	0
0.5	100	490866	0	849558	128	10581248	100	2	200                              	74535	0	10581248	0
0.5	100	490789	0	849405	128	10581248	100	2	200                              	74535	0	10581248	0
0.5	100	490979	0	849720	128	10581248	100	2	200                              	74535	0	10581248	0
0.5	100	490718	0	849311	128	10581248	100	2	200                              	74535	0	10581248	0
0.5	100	490318	0	848686	128	10581248	100	2	200                              	74535	0	10581248	0
0.5	100	491213	0	850083	128	10581248	100	2	200                              	74535	0	10581248	0
0.5	100	491515	0	850575	128	10581248	100	2	200                              	74535	0	10581248	0
0.5	100	490530	0	849017	128	10581248	100	2	200                              	74535	0	10581248	0
0.5	100	490334	0	848706	128	10581248	100	2	200                              	74535	0	10581248	0
0.5	100	491511	0	850565	128	10581248	100	2	200                              	74535	0	10581248	0
0.5	100	491205	0	850066	128	10581248	100	2	200                              	74535	0	10581248	0
0.5	100	491451	0	850453	128	10581248	100	2	200                              	74535	0	10581248	0
0.5	100	490358	0	848762	128	10581248	100	2	200                              	74535	0	10581248	0
0.5	100	490935	0	849640	128	10581248	100	2	200                              	74535	0	10581248	0
0.5	100	489775	0	847830	128	10581248	100	2	200                              	74535	0	10581248	0
0.5	100	489799	0	847863	128	10581248	100	2	200                              	74535	0	10581248	0
0.5	100	491479	0	850496	128	10581248	100	2	200                              	74535	0	10581248	0
0.5	100	491243	0	850139	128	10581248	100	2	200                              	74535	0	10581248	0
0.5	100	489819	0	847908	128	10581248	100	2	200                              	74535	0	10581248	0
0.5	100	490975	0	849701	128	10581248	100	2	200                              	74535	0	10581248	0
0.5	100	491079	0	849866	128	10581248	100	2	200                              	74535	0	10581248	0
0.5	100	490856	0	849525	128	10581248	100	2	200                              	74535	0	10581248	0
0.5	100	491071	0	849857	128	10581248	100	2	200                              	74535	0	10581248	0
0.5	100	490917	0	849617	128	10581248	100	2	200                              	74535	0	10581248	0
0.5	100	491830	0	851040	128	10581248	100	2	200                              	74535	0	10581248	0
0.5	100	490474	0	848941	128	10581248	100	2	200                              	74535	0	10581248	0
0.5	100	490680	0	849240	128	10581248	100	2	200                              	74535	0	10581248	0
0.5	100	490085	0	848322	128	10581248	100	2	200                              	74535	0	10581248	0
0.5	100	491204	0	850071	128	10581248	100	2	200                              	74535	0	10581248	0
0.5	100	490847	0	849514	128	10581248	100	2	200                              	74535	0	10581248	0
0.5	100	490073	0	848300	128	10581248	100	2	200                              	74535	0	10581248	0
0.5	100	490242	0	848586	128	10581248	100	2	200                              	74535	0	10581248	0
0.5	100	491097	0	849904	128	10581248	100	2	200                              	74535	0	10581248	0
0.5	100	491753	0	850928	128	10581248	100	2	200                              	74535	0	10581248	0
0.5	100	491113	0	849928	128	10581248	100	2	200                              	74535	0	10581248	0
0.5	100	489780	0	847840	128	10581248	100	2	200                              	74535	0	10581248	0
0.5	100	491059	0	849840	128	10581248	100	2	200                              	74535	0	10581248	0
0.5	100	491046	0	849812	128	10581248	100	2	200                              	74535	0	10581248	0
0.5	100	491312	0	850240	128	10581248	100	2	200                              	74535	0	10581248	0
0.5	100	490592	0	849113	128	10581248	100	2	200                              	74535	0	10581248	0
0.5	100	490618	0	849162	128	10581248	100	2	200                              	74535	0	10581248	0
0.5	100	490284	0	848627	128	10581248	100	2	200                              	74535	0	10581248	0
0.5	100	490562	0	849057	128	10581248	100	2	200                              	74535	0	10581248	0
0.5	100	491356	0	850315	128	10581248	100	2	200                              	74535	0	10581248	0
0.5	100	490854	0	849527	128	10581248	100	2	200                              	74535	0	10581248	0
0.5	100	490044	0	848242	128	10581248	100	2	200                              	74535	0	10581248	0
0.5	100	491140	0	849982	128	10581248	100	2	200                              	74535	0	10581248	0
0.5	100	491226	0	850106	128	10581248	100	2	200                              	74535	0	10581248	0
0.5	100	490596	0	849125	128	10581248	100	2	200                              	74535	0	10581248	0
0.5	100	491425	0	850402	128	10581248	100	2	200                              	74535	0	10581248	0
0.5	100	490616	0	849162	128	10581248	100	2	200                              	74535	0	10581248	0
0.5	100	490924	0	849623	128	10581248	100	2	200                              	74535	0	10581248	0
0.5	100	490794	0	849420	128	10581248	100	2	200                              	74535	0	10581248	0
0.5	100	490438	0	848872	128	10581248	100	2	200                              	74535	0	10581248	0
0.5	100	490807	0	849440	128	10581248	100	2	200                              	74535	0	10581248	0
0.5	100	489897	0	848013	128	10581248	100	2	200                              	74535	0	10581248	0
0.5	100	490493	0	848979	128	10581248	100	2	200                              	74535	0	10581248	0
0.5	100	489802	0	847877	128	10581248	100	2	200                              	74535	0	10581248	0
0.5	100	491090	0	849881	128	10581248	100	2	200                              	74535	0	10581248	0
0.5	100	491091	0	849892	128	10581248	100	2	200                              	74535	0	10581248	0
0.5	100	490371	0	848787	128	10581248	100	2	200                              	74535	0	10581248	0
0.5	100	491304	0	850224	128	10581248	100	2	200                              	74535	0	10581248	0
0.5	100	490333	0	848706	128	10581248	100	2	200                              	74535	0	10581248	0
0.5	100	491303	0	850211	128	10581248	100	2	200                              	74535	0	10581248	0
0.5	100	490679	0	849246	128	10581248	100	2	200                              	74535	0	10581248	0
0.5	100	490874	0	849560	128	10581248	100	2	200                              	74535	0	10581248	0
0.5	100	490438	0	848876	128	10581248	100	2	200                              	74535	0	10581248	0
0.5	100	490590	0	849106	128	10581248	100	2	200                              	74535	0	10581248	0
0.5	100	490920	0	849609	128	10581248	100	2	200                              	74535	0	10581248	0
0.5	100	492343	0	851840	128	10581248	100	2	200                              	74535	0	10581248	0
0.5	100	490563	0	849064	128	10581248	100	2	200                              	74535	0	10581248	0
0.5	100	490291	0	848639	128	10581248	100	2	200                              	74535	0	10581248	0
0.5	100	490122	0	848391	128	10581248	100	2	200                              	74535	0	10581248	0
0.5	100	491397	0	850398	128	10581248	100	2	200                              	74535	0	10581248	0
0.5	100	490915	0	849615	128	10581248	100	2	200                              	74535	0	10581248	0
0.5	100	490037	0	848240	128	10581248	100	2	200                              	74535	0	10581248	0
0.5	1100	48605	0	917240	128	10581248	100	2	2200                              	74307	0	10581248	0
0.5	1100	49723	0	936183	128	10581248	100	2	2200                              	74535	0	10581248	0
0.5	1100	49100	0	925493	128	10581248	100	2	2200                              	74535	0	10581248	0
0.5	1100	48583	0	916794	128	10581248	100	2	2200                              	74535	0	10581248	0
0.5	1100	48650	0	917541	128	10581248	100	2	2200                              	74376	0	10581248	0
0.5	1100	48076	0	907914	128	10581248	100	2	2200                              	74535	0	10581248	0
0.5	1100	49483	0	932011	128	10581248	100	2	2200                              	74535	0	10581248	0
0.5	1100	48974	0	923333	128	10581248	100	2	2200                              	74535	0	10581248	0
0.5	1100	48861	0	921529	128	10581248	100	2	2200                              	74535	0	10581248	0
0.5	1100	48658	0	917691	128	10581248	100	2	2200                              	74334	0	10581248	0
0.5	1100	47762	0	902310	128	10581248	100	2	2200                              	74408	0	10581248	0
0.5	1100	48058	0	907544	128	10581248	100	2	2200                              	74535	0	10581248	0
0.5	1100	49827	0	937943	128	10581248	100	2	2200                              	74383	0	10581248	0
0.5	1100	49056	0	924656	128	10581248	100	2	2200                              	74535	0	10581248	0
0.5	1100	47709	0	901718	128	10581248	100	2	2200                              	74535	0	10581248	0
0.5	1100	49427	0	930839	128	10581248	100	2	2200                              	74389	0	10581248	0
0.5	1100	48897	0	921949	128	10581248	100	2	2200                              	74535	0	10581248	0
0.5	1100	48786	0	920058	128	10581248	100	2	2200                              	74535	0	10581248	0
0.5	1100	50141	0	943584	128	10581248	100	2	2200                              	74383	0	10581248	0
0.5	1100	49418	0	930824	128	10581248	100	2	2200                              	74340	0	10581248	0
0.5	1100	48449	0	914295	128	10581248	100	2	2200                              	74535	0	10581248	0
0.5	1100	48521	0	915434	128	10581248	100	2	2200                              	74535	0	10581248	0
0.5	1100	48343	0	912573	128	10581248	100	2	2200                              	74535	0	10581248	0
0.5	1100	48401	0	913324	128	10581248	100	2	2200                              	74535	0	10581248	0
0.5	1100	49162	0	926424	128	10581248	100	2	2200                              	74535	0	10581248	0
0.5	1100	49681	0	935301	128	10581248	100	2	2200                              	74384	0	10581248	0
0.5	1100	48849	0	921190	128	10581248	100	2	2200                              	74535	0	10581248	0
0.5	1100	50066	0	941839	128	10581248	100	2	2200                              	74535	0	10581248	0
0.5	1100	48797	0	920155	128	10581248	100	2	2200                              	74535	0	10581248	0
0.5	1100	49386	0	930492	128	10581248	100	2	2200                              	74224	0	10581248	0
0.5	1100	48948	0	922796	128	10581248	100	2	2200                              	74535	0	10581248	0
0.5	1100	48777	0	919849	128	10581248	100	2	2200                              	74535	0	10581248	0
0.5	1100	49719	0	935963	128	10581248	100	2	2200                              	74340	0	10581248	0
0.5	1100	49635	0	934983	128	10581248	100	2	2200                              	74369	0	10581248	0
0.5	1100	49376	0	930347	128	10581248	100	2	2200                              	74383	0	10581248	0
0.5	1100	50133	0	943268	128	10581248	100	2	2200                              	74535	0	10581248	0
0.5	1100	48787	0	920054	128	10581248	100	2	2200                              	74535	0	10581248	0
0.5	1100	49551	0	933090	128	10581248	100	2	2200                              	74535	0	10581248	0
0.5	1100	50361	0	947116	128	10581248	100	2	2200                              	74307	0	10581248	0
0.5	1100	49743	0	936594	128	10581248	100	2	2200                              	74535	0	10581248	0
0.5	1100	49185	0	926753	128	10581248	100	2	2200                              	74376	0	10581248	0
0.5	1100	49030	0	924106	128	10581248	100	2	2200                              	74369	0	10581248	0
0.5	1100	48821	0	920643	128	10581248	100	2	2200                              	74535	0	10581248	0
0.5	1100	48927	0	922442	128	10581248	100	2	2200                              	74535	0	10581248	0
0.5	1100	47693	0	901239	128	10581248	100	2	2200                              	74535	0	10581248	0
0.5	1100	48044	0	907239	128	10581248	100	2	2200                              	74535	0	10581248	0
0.5	1100	48941	0	922692	128	10581248	100	2	2200                              	74535	0	10581248	0
0.5	1100	48647	0	917541	128	10581248	100	2	2200                              	74535	0	10581248	0
0.5	1100	48201	0	909997	128	10581248	100	2	2200                              	74535	0	10581248	0
0.5	1100	49761	0	936984	128	10581248	100	2	2200                              	74535	0	10581248	0
0.5	1100	48446	0	914145	128	10581248	100	2	2200                              	74307	0	10581248	0
0.5	1100	48666	0	917912	128	10581248	100	2	2200                              	74535	0	10581248	0
0.5	1100	50070	0	941968	128	10581248	100	2	2200                              	74535	0	10581248	0
0.5	1100	48988	0	923651	128	10581248	100	2	2200                              	74535	0	10581248	0
0.5	1100	48522	0	915361	128	10581248	100	2	2200                              	74535	0	10581248	0
0.5	1100	49611	0	934108	128	10581248	100	2	2200                              	74307	0	10581248	0
0.5	1100	49579	0	933752	128	10581248	100	2	2200                              	74376	0	10581248	0
0.5	1100	48918	0	922279	128	10581248	100	2	2200                              	74535	0	10581248	0
0.5	1100	48951	0	922916	128	10581248	100	2	2200                              	74535	0	10581248	0
0.5	1100	47813	0	903377	128	10581248	100	2	2200                              	74535	0	10581248	0
0.5	1100	48849	0	921206	128	10581248	100	2	2200                              	74535	0	10581248	0
0.5	1100	49549	0	933071	128	10581248	100	2	2200                              	74358	0	10581248	0
0.5	1100	48412	0	913546	128	10581248	100	2	2200                              	74535	0	10581248	0
0.5	1100	48208	0	910194	128	10581248	100	2	2200                              	74535	0	10581248	0
0.5	1100	49131	0	926065	128	10581248	100	2	2200                              	74376	0	10581248	0
0.5	1100	49882	0	939123	128	10581248	100	2	2200                              	74307	0	10581248	0
0.5	1100	48926	0	922459	128	10581248	100	2	2200                              	74535	0	10581248	0
0.5	1100	48996	0	923847	128	10581248	100	2	2200                              	74307	0	10581248	0
0.5	1100	47681	0	901119	128	10581248	100	2	2200                              	74535	0	10581248	0
0.5	1100	50522	0	950062	128	10581248	100	2	2200                              	74163	0	10581248	0
0.5	1100	49494	0	932374	128	10581248	100	2	2200                              	74383	0	10581248	0
0.5	1100	48504	0	915208	128	10581248	100	2	2200                              	74535	0	10581248	0
0.5	1100	49931	0	939786	128	10581248	100	2	2200                              	74535	0	10581248	0
0.5	1100	49565	0	933342	128	10581248	100	2	2200                              	74363	0	10581248	0
0.5	1100	49734	0	936434	128	10581248	100	2	2200                              	74387	0	10581248	0
0.5	1100	49178	0	926607	128	10581248	100	2	2200                              	74535	0	10581248	0
0.5	1100	49530	0	932802	128	10581248	100	2	2200                              	74155	0	10581248	0
0.5	1100	49326	0	929235	128	10581248	100	2	2200                              	74535	0	10581248	0
0.5	1100	47893	0	904585	128	10581248	100	2	2200                              	74535	0	10581248	0
0.5	1100	48479	0	914989	128	10581248	100	2	2200                              	74535	0	10581248	0
0.5	1100	49377	0	930454	128	10581248	100	2	2200                              	74307	0	10581248	0
0.5	1100	49244	0	928147	128	10581248	100	2	2200                              	74535	0	10581248	0
0.5	1100	48204	0	910070	128	10581248	100	2	2200                              	74383	0	10581248	0
0.5	1100	48837	0	920942	128	10581248	100	2	2200                              	74307	0	10581248	0
0.5	1100	48134	0	908782	128	10581248	100	2	2200                              	74535	0	10581248	0
0.5	1100	49283	0	928506	128	10581248	100	2	2200                              	74535	0	10581248	0
0.5	1100	49603	0	934157	128	10581248	100	2	2200                              	74383	0	10581248	0
0.5	1100	48686	0	918258	128	10581248	100	2	2200                              	74535	0	10581248	0
0.5	1100	49258	0	928359	128	10581248	100	2	2200                              	74535	0	10581248	0
0.5	1100	47620	0	899836	128	10581248	100	2	2200                              	74535	0	10581248	0
0.5	1100	49191	0	926796	128	10581248	100	2	2200                              	74535	0	10581248	0
0.5	1100	48821	0	920589	128	10581248	100	2	2200                              	74535	0	10581248	0
0.5	1100	50401	0	947959	128	10581248	100	2	2200                              	74535	0	10581248	0
0.5	1100	48866	0	921606	128	10581248	100	2	2200                              	74339	0	10581248	0
0.5	1100	49492	0	932304	128	10581248	100	2	2200                              	73965	0	10581248	0
0.5	1100	49117	0	925798	128	10581248	100	2	2200                              	74535	0	10581248	0
0.5	1100	49071	0	924982	128	10581248	100	2	2200                              	74535	0	10581248	0
0.5	1100	48613	0	917254	128	10581248	100	2	2200                              	74535	0	10581248	0
0.5	1100	49120	0	926017	128	10581248	100	2	2200                              	74535	0	10581248	0
0.5	1100	48867	0	921537	128	10581248	100	2	2200                              	74535	0	10581248	0
0.5	2100	28207	0	1006066	128	10581248	100	2	4200                              	73815	0	10581248	0
0.5	2100	27862	0	995199	128	10581248	100	2	4200                              	74018	0	10581248	0
0.5	2100	27903	0	995860	128	10581248	100	2	4200                              	73829	0	10581248	0
0.5	2100	28538	0	1016718	128	10581248	100	2	4200                              	73410	0	10581248	0
0.5	2100	27910	0	996199	128	10581248	100	2	4200                              	73584	0	10581248	0
0.5	2100	28110	0	1003042	128	10581248	100	2	4200                              	62310	0	10581248	0
0.5	2100	28350	0	1010786	128	10581248	100	2	4200                              	73656	0	10581248	0
0.5	2100	28378	0	1012019	128	10581248	100	2	4200                              	74230	0	10581248	0
0.5	2100	28557	0	1017486	128	10581248	100	2	4200                              	73772	0	10581248	0
0.5	2100	27711	0	989657	128	10581248	100	2	4200                              	73598	0	10581248	0
0.5	2100	28670	0	1021039	128	10581248	100	2	4200                              	73353	0	10581248	0
0.5	2100	27705	0	989533	128	10581248	100	2	4200                              	73364	0	10581248	0
0.5	2100	27890	0	995621	128	10581248	100	2	4200                              	73636	0	10581248	0
0.5	2100	28589	0	1018649	128	10581248	100	2	4200                              	73395	0	10581248	0
0.5	2100	28670	0	1021014	128	10581248	100	2	4200                              	74004	0	10581248	0
0.5	2100	28035	0	1000418	128	10581248	100	2	4200                              	73624	0	10581248	0
0.5	2100	27599	0	986347	128	10581248	100	2	4200                              	74079	0	10581248	0
0.5	2100	27932	0	996948	128	10581248	100	2	4200                              	73724	0	10581248	0
0.5	2100	28323	0	1009848	128	10581248	100	2	4200                              	73306	0	10581248	0
0.5	2100	27196	0	973168	128	10581248	100	2	4200                              	73318	0	10581248	0
0.5	2100	28110	0	1002961	128	10581248	100	2	4200                              	73686	0	10581248	0
0.5	2100	27791	0	992395	128	10581248	100	2	4200                              	74043	0	10581248	0
0.5	2100	27348	0	978234	128	10581248	100	2	4200                              	73775	0	10581248	0
0.5	2100	27302	0	976434	128	10581248	100	2	4200                              	73897	0	10581248	0
0.5	2100	29067	0	1034264	128	10581248	100	2	4200                              	73624	0	10581248	0
0.5	2100	26904	0	963426	128	10581248	100	2	4200                              	62241	0	10581248	0
0.5	2100	27467	0	982001	128	10581248	100	2	4200                              	73989	0	10581248	0
0.5	2100	27579	0	985384	128	10581248	100	2	4200                              	73584	0	10581248	0
0.5	2100	28283	0	1008354	128	10581248	100	2	4200                              	73840	0	10581248	0
0.5	2100	27589	0	985718	128	10581248	100	2	4200                              	73682	0	10581248	0
0.5	2100	26898	0	963292	128	10581248	100	2	4200                              	73433	0	10581248	0
0.5	2100	26771	0	959084	128	10581248	100	2	4200                              	74037	0	10581248	0
0.5	2100	28084	0	1002213	128	10581248	100	2	4200                              	73358	0	10581248	0
0.5	2100	27437	0	980987	128	10581248	100	2	4200                              	74120	0	10581248	0
0.5	2100	27400	0	979505	128	10581248	100	2	4200                              	73908	0	10581248	0
0.5	2100	27593	0	985867	128	10581248	100	2	4200                              	73835	0	10581248	0
0.5	2100	27659	0	988021	128	10581248	100	2	4200                              	73815	0	10581248	0
0.5	2100	27843	0	994328	128	10581248	100	2	4200                              	73901	0	10581248	0
0.5	2100	27533	0	984030	128	10581248	100	2	4200                              	73801	0	10581248	0
0.5	2100	27063	0	968508	128	10581248	100	2	4200                              	73996	0	10581248	0
0.5	2100	27209	0	973556	128	10581248	100	2	4200                              	73475	0	10581248	0
0.5	2100	28375	0	1011949	128	10581248	100	2	4200                              	73664	0	10581248	0
0.5	2100	27836	0	993829	128	10581248	100	2	4200                              	73234	0	10581248	0
0.5	2100	27711	0	989773	128	10581248	100	2	4200                              	74123	0	10581248	0
0.5	2100	28047	0	1000701	128	10581248	100	2	4200                              	73629	0	10581248	0
0.5	2100	27797	0	992697	128	10581248	100	2	4200                              	73287	0	10581248	0
0.5	2100	27927	0	996895	128	10581248	100	2	4200                              	73496	0	10581248	0
0.5	2100	27651	0	987616	128	10581248	100	2	4200                              	73847	0	10581248	0
0.5	2100	29142	0	1037094	128	10581248	100	2	4200                              	73498	0	10581248	0
0.5	2100	28595	0	1018851	128	10581248	100	2	4200                              	73971	0	10581248	0
0.5	2100	28932	0	1029772	128	10581248	100	2	4200                              	73389	0	10581248	0
0.5	2100	28372	0	1011667	128	10581248	100	2	4200                              	73824	0	10581248	0
0.5	2100	27261	0	975018	128	10581248	100	2	4200                              	74372	0	10581248	0
0.5	2100	28026	0	999908	128	10581248	100	2	4200                              	73310	0	10581248	0
0.5	2100	27640	0	987209	128	10581248	100	2	4200                              	73799	0	10581248	0
0.5	2100	28089	0	1002288	128	10581248	100	2	4200                              	72964	0	10581248	0
0.5	2100	28062	0	1001266	128	10581248	100	2	4200                              	73339	0	10581248	0
0.5	2100	27972	0	998612	128	10581248	100	2	4200                              	73331	0	10581248	0
0.5	2100	29349	0	1043549	128	10581248	100	2	4200                              	73101	0	10581248	0
0.5	2100	28824	0	1026294	128	10581248	100	2	4200                              	73347	0	10581248	0
0.5	2100	28042	0	1000426	128	10581248	100	2	4200                              	72964	0	10581248	0
0.5	2100	28815	0	1026017	128	10581248	100	2	4200                              	73269	0	10581248	0
0.5	2100	27721	0	990527	128	10581248	100	2	4200                              	74376	0	10581248	0
0.5	2100	27453	0	981661	128	10581248	100	2	4200                              	73974	0	10581248	0
0.5	2100	27790	0	992433	128	10581248	100	2	4200                              	74016	0	10581248	0
0.5	2100	29133	0	1036506	128	10581248	100	2	4200                              	72955	0	10581248	0
0.5	2100	27964	0	997994	128	10581248	100	2	4200                              	73484	0	10581248	0
0.5	2100	27675	0	988532	128	10581248	100	2	4200                              	73810	0	10581248	0
0.5	2100	27829	0	993636	128	10581248	100	2	4200                              	73529	0	10581248	0
0.5	2100	28354	0	1010773	128	10581248	100	2	4200                              	73491	0	10581248	0
0.5	2100	28334	0	1010294	128	10581248	100	2	4200                              	73388	0	10581248	0
0.5	2100	27834	0	994118	128	10581248	100	2	4200                              	73914	0	10581248	0
0.5	2100	27585	0	985977	128	10581248	100	2	4200                              	73718	0	10581248	0
0.5	2100	28503	0	1016327	128	10581248	100	2	4200                              	73526	0	10581248	0
0.5	2100	28058	0	1001182	128	10581248	100	2	4200                              	73822	0	10581248	0
0.5	2100	27584	0	985718	128	10581248	100	2	4200                              	74187	0	10581248	0
0.5	2100	27611	0	986978	128	10581248	100	2	4200                              	73439	0	10581248	0
0.5	2100	27538	0	984089	128	10581248	100	2	4200                              	73595	0	10581248	0
0.5	2100	27995	0	999590	128	10581248	100	2	4200                              	71555	0	10581248	0
0.5	2100	28121	0	1003713	128	10581248	100	2	4200                              	73292	0	10581248	0
0.5	2100	27843	0	994480	128	10581248	100	2	4200                              	74383	0	10581248	0
0.5	2100	27730	0	990790	128	10581248	100	2	4200                              	72969	0	10581248	0
0.5	2100	28072	0	1001502	128	10581248	100	2	4200                              	73174	0	10581248	0
0.5	2100	26756	0	958303	128	10581248	100	2	4200                              	73695	0	10581248	0
0.5	2100	28725	0	1023093	128	10581248	100	2	4200                              	74003	0	10581248	0
0.5	2100	27970	0	998446	128	10581248	100	2	4200                              	73147	0	10581248	0
0.5	2100	28408	0	1012508	128	10581248	100	2	4200                              	73279	0	10581248	0
0.5	2100	27097	0	969912	128	10581248	100	2	4200                              	73127	0	10581248	0
0.5	2100	28404	0	1012264	128	10581248	100	2	4200                              	73485	0	10581248	0
0.5	2100	27193	0	972733	128	10581248	100	2	4200                              	74382	0	10581248	0
0.5	2100	27993	0	999513	128	10581248	100	2	4200                              	73687	0	10581248	0
0.5	2100	27781	0	992063	128	10581248	100	2	4200                              	73257	0	10581248	0
0.5	2100	28988	0	1031918	128	10581248	100	2	4200                              	73755	0	10581248	0
0.5	2100	28317	0	1009581	128	10581248	100	2	4200                              	73517	0	10581248	0
0.5	2100	28433	0	1013384	128	10581248	100	2	4200                              	73686	0	10581248	0
0.5	2100	28084	0	1001891	128	10581248	100	2	4200                              	73172	0	10581248	0
0.5	2100	27606	0	986533	128	10581248	100	2	4200                              	73738	0	10581248	0
0.5	2100	28311	0	1009379	128	10581248	100	2	4200                              	73447	0	10581248	0
0.5	2100	27733	0	990786	128	10581248	100	2	4200                              	74187	0	10581248	0
0.5	2100	27279	0	975646	128	10581248	100	2	4200                              	73958	0	10581248	0
0.5	3100	19833	0	1039922	128	10581248	100	2	6200                              	72483	0	10581248	0
0.5	3100	20557	0	1075491	128	10581248	100	2	6200                              	71988	0	10581248	0
0.5	3100	19966	0	1046594	128	10581248	100	2	6200                              	72839	0	10581248	0
0.5	3100	19538	0	1026032	128	10581248	100	2	6200                              	71955	0	10581248	0
0.5	3100	20735	0	1084118	128	10581248	100	2	6200                              	72026	0	10581248	0
0.5	3100	20222	0	1059057	128	10581248	100	2	6200                              	72293	0	10581248	0
0.5	3100	20090	0	1052973	128	10581248	100	2	6200                              	71573	0	10581248	0
0.5	3100	20456	0	1070312	128	10581248	100	2	6200                              	72622	0	10581248	0
0.5	3100	20404	0	1067302	128	10581248	100	2	6200                              	71393	0	10581248	0
0.5	3100	20270	0	1061297	128	10581248	100	2	6200                              	71870	0	10581248	0
0.5	3100	21549	0	1123108	128	10581248	100	2	6200                              	72744	0	10581248	0
0.5	3100	19756	0	1036320	128	10581248	100	2	6200                              	72124	0	10581248	0
0.5	3100	20020	0	1048961	128	10581248	100	2	6200                              	72031	0	10581248	0
0.5	3100	20025	0	1049380	128	10581248	100	2	6200                              	72172	0	10581248	0
0.5	3100	20164	0	1056305	128	10581248	100	2	6200                              	72218	0	10581248	0
0.5	3100	20665	0	1080416	128	10581248	100	2	6200                              	60865	0	10581248	0
0.5	3100	20546	0	1075003	128	10581248	100	2	6200                              	72126	0	10581248	0
0.5	3100	19573	0	1027640	128	10581248	100	2	6200                              	73000	0	10581248	0
0.5	3100	20953	0	1094599	128	10581248	100	2	6200                              	70193	0	10581248	0
0.5	3100	21754	0	1133747	128	10581248	100	2	6200                              	70492	0	10581248	0
0.5	3100	20054	0	1051023	128	10581248	100	2	6200                              	71791	0	10581248	0
0.5	3100	19824	0	1039868	128	10581248	100	2	6200                              	71512	0	10581248	0
0.5	3100	19837	0	1040509	128	10581248	100	2	6200                              	72398	0	10581248	0
0.5	3100	19509	0	1024115	128	10581248	100	2	6200                              	72317	0	10581248	0
0.5	3100	20351	0	1065461	128	10581248	100	2	6200                              	69068	0	10581248	0
0.5	3100	20039	0	1050060	128	10581248	100	2	6200                              	71979	0	10581248	0
0.5	3100	20607	0	1077773	128	10581248	100	2	6200                              	72137	0	10581248	0
0.5	3100	20425	0	1068930	128	10581248	100	2	6200                              	72471	0	10581248	0
0.5	3100	19917	0	1043962	128	10581248	100	2	6200                              	71864	0	10581248	0
0.5	3100	21058	0	1099239	128	10581248	100	2	6200                              	72040	0	10581248	0
0.5	3100	20176	0	1056534	128	10581248	100	2	6200                              	71475	0	10581248	0
0.5	3100	20444	0	1069766	128	10581248	100	2	6200                              	72864	0	10581248	0
0.5	3100	20096	0	1053238	128	10581248	100	2	6200                              	72572	0	10581248	0
0.5	3100	19969	0	1046947	128	10581248	100	2	6200                              	71802	0	10581248	0
0.5	3100	20046	0	1050597	128	10581248	100	2	6200                              	72350	0	10581248	0
0.5	3100	20987	0	1096503	128	10581248	100	2	6200                              	59591	0	10581248	0
0.5	3100	20156	0	1055752	128	10581248	100	2	6200                              	71395	0	10581248	0
0.5	3100	20192	0	1057445	128	10581248	100	2	6200                              	71191	0	10581248	0
0.5	3100	19315	0	1015073	128	10581248	100	2	6200                              	60831	0	10581248	0
0.5	3100	19452	0	1022147	128	10581248	100	2	6200                              	72203	0	10581248	0
0.5	3100	20835	0	1088919	128	10581248	100	2	6200                              	72394	0	10581248	0
0.5	3100	20317	0	1063755	128	10581248	100	2	6200                              	72507	0	10581248	0
0.5	3100	20342	0	1065114	128	10581248	100	2	6200                              	72170	0	10581248	0
0.5	3100	20160	0	1055824	128	10581248	100	2	6200                              	72095	0	10581248	0
0.5	3100	21034	0	1098108	128	10581248	100	2	6200                              	70292	0	10581248	0
0.5	3100	20204	0	1058076	128	10581248	100	2	6200                              	71999	0	10581248	0
0.5	3100	20428	0	1069053	128	10581248	100	2	6200                              	72463	0	10581248	0
0.5	3100	20397	0	1067115	128	10581248	100	2	6200                              	72154	0	10581248	0
0.5	3100	21328	0	1112783	128	10581248	100	2	6200                              	71374	0	10581248	0
0.5	3100	19707	0	1034114	128	10581248	100	2	6200                              	72435	0	10581248	0
0.5	3100	20775	0	1085096	128	10581248	100	2	6200                              	72319	0	10581248	0
0.5	3100	21192	0	1106247	128	10581248	100	2	6200                              	70537	0	10581248	0
0.5	3100	20139	0	1054781	128	10581248	100	2	6200                              	71967	0	10581248	0
0.5	3100	20143	0	1055297	128	10581248	100	2	6200                              	72702	0	10581248	0
0.5	3100	20226	0	1059318	128	10581248	100	2	6200                              	71776	0	10581248	0
0.5	3100	20145	0	1055062	128	10581248	100	2	6200                              	72433	0	10581248	0
0.5	3100	19833	0	1040573	128	10581248	100	2	6200                              	72427	0	10581248	0
0.5	3100	19803	0	1039089	128	10581248	100	2	6200                              	71900	0	10581248	0
0.5	3100	21765	0	1134042	128	10581248	100	2	6200                              	72098	0	10581248	0
0.5	3100	20681	0	1081535	128	10581248	100	2	6200                              	71533	0	10581248	0
0.5	3100	20005	0	1048359	128	10581248	100	2	6200                              	72259	0	10581248	0
0.5	3100	20858	0	1089914	128	10581248	100	2	6200                              	71995	0	10581248	0
0.5	3100	19709	0	1034547	128	10581248	100	2	6200                              	72522	0	10581248	0
0.5	3100	19928	0	1044902	128	10581248	100	2	6200                              	72534	0	10581248	0
0.5	3100	20516	0	1073038	128	10581248	100	2	6200                              	71855	0	10581248	0
0.5	3100	20564	0	1075701	128	10581248	100	2	6200                              	71744	0	10581248	0
0.5	3100	19796	0	1038342	128	10581248	100	2	6200                              	72669	0	10581248	0
0.5	3100	20026	0	1049440	128	10581248	100	2	6200                              	71584	0	10581248	0
0.5	3100	19756	0	1035848	128	10581248	100	2	6200                              	72457	0	10581248	0
0.5	3100	20291	0	1062349	128	10581248	100	2	6200                              	71387	0	10581248	0
0.5	3100	20012	0	1048466	128	10581248	100	2	6200                              	71804	0	10581248	0
0.5	3100	20011	0	1048334	128	10581248	100	2	6200                              	72675	0	10581248	0
0.5	3100	19578	0	1028053	128	10581248	100	2	6200                              	71970	0	10581248	0
0.5	3100	20359	0	1065921	128	10581248	100	2	6200                              	71718	0	10581248	0
0.5	3100	21315	0	1111732	128	10581248	100	2	6200                              	72307	0	10581248	0
0.5	3100	20024	0	1049432	128	10581248	100	2	6200                              	72856	0	10581248	0
0.5	3100	20346	0	1064601	128	10581248	100	2	6200                              	72512	0	10581248	0
0.5	3100	20479	0	1071718	128	10581248	100	2	6200                              	71530	0	10581248	0
0.5	3100	20347	0	1065518	128	10581248	100	2	6200                              	72160	0	10581248	0
0.5	3100	20400	0	1067208	128	10581248	100	2	6200                              	71578	0	10581248	0
0.5	3100	21096	0	1101614	128	10581248	100	2	6200                              	70354	0	10581248	0
0.5	3100	20341	0	1064779	128	10581248	100	2	6200                              	72064	0	10581248	0
0.5	3100	20160	0	1055775	128	10581248	100	2	6200                              	71463	0	10581248	0
0.5	3100	20201	0	1058138	128	10581248	100	2	6200                              	70215	0	10581248	0
0.5	3100	20867	0	1090951	128	10581248	100	2	6200                              	72212	0	10581248	0
0.5	3100	20151	0	1055397	128	10581248	100	2	6200                              	71543	0	10581248	0
0.5	3100	20831	0	1088399	128	10581248	100	2	6200                              	71299	0	10581248	0
0.5	3100	21242	0	1108559	128	10581248	100	2	6200                              	58597	0	10581248	0
0.5	3100	20835	0	1088734	128	10581248	100	2	6200                              	71198	0	10581248	0
0.5	3100	19795	0	1038516	128	10581248	100	2	6200                              	73247	0	10581248	0
0.5	3100	20607	0	1077947	128	10581248	100	2	6200                              	72069	0	10581248	0
0.5	3100	20729	0	1083733	128	10581248	100	2	6200                              	72568	0	10581248	0
0.5	3100	20346	0	1065396	128	10581248	100	2	6200                              	72025	0	10581248	0
0.5	3100	19829	0	1040314	128	10581248	100	2	6200                              	71654	0	10581248	0
0.5	3100	19847	0	1040944	128	10581248	100	2	6200                              	71323	0	10581248	0
0.5	3100	20862	0	1090262	128	10581248	100	2	6200                              	72513	0	10581248	0
0.5	3100	20090	0	1053118	128	10581248	100	2	6200                              	72127	0	10581248	0
0.5	3100	20728	0	1083756	128	10581248	100	2	6200                              	72298	0	10581248	0
0.5	3100	19531	0	1025301	128	10581248	100	2	6200                              	72155	0	10581248	0
0.5	3100	20215	0	1058933	128	10581248	100	2	6200                              	59978	0	10581248	0
0.5	4100	16091	0	1108636	128	10581248	100	2	8200                              	71254	0	10581248	0
0.5	4100	16363	0	1126554	128	10581248	100	2	8200                              	57731	0	10581248	0
0.5	4100	16792	0	1154549	128	10581248	100	2	8200                              	70321	0	10581248	0
0.5	4100	17004	0	1168147	128	10581248	100	2	8200                              	55002	0	10581248	0
0.5	4100	15904	0	1097714	128	10581248	100	2	8200                              	71033	0	10581248	0
0.5	4100	16755	0	1152002	128	10581248	100	2	8200                              	69131	0	10581248	0
0.5	4100	18177	0	1243094	128	10581248	100	2	8200                              	67872	0	10581248	0
0.5	4100	16339	0	1124504	128	10581248	100	2	8200                              	71123	0	10581248	0
0.5	4100	16226	0	1117388	128	10581248	100	2	8200                              	69995	0	10581248	0
0.5	4100	16293	0	1123024	128	10581248	100	2	8200                              	70130	0	10581248	0
0.5	4100	15629	0	1080077	128	10581248	100	2	8200                              	70427	0	10581248	0
0.5	4100	16546	0	1139147	128	10581248	100	2	8200                              	69439	0	10581248	0
0.5	4100	16793	0	1155055	128	10581248	100	2	8200                              	70144	0	10581248	0
0.5	4100	16100	0	1110105	128	10581248	100	2	8200                              	59680	0	10581248	0
0.5	4100	16389	0	1129062	128	10581248	100	2	8200                              	71218	0	10581248	0
0.5	4100	16658	0	1145905	128	10581248	100	2	8200                              	68304	0	10581248	0
0.5	4100	16252	0	1119974	128	10581248	100	2	8200                              	59420	0	10581248	0
0.5	4100	16388	0	1128732	128	10581248	100	2	8200                              	70000	0	10581248	0
0.5	4100	17704	0	1213224	128	10581248	100	2	8200                              	70135	0	10581248	0
0.5	4100	15748	0	1087700	128	10581248	100	2	8200                              	69551	0	10581248	0
0.5	4100	15438	0	1066685	128	10581248	100	2	8200                              	70036	0	10581248	0
0.5	4100	16367	0	1126937	128	10581248	100	2	8200                              	70549	0	10581248	0
0.5	4100	16545	0	1139619	128	10581248	100	2	8200                              	69995	0	10581248	0
0.5	4100	16021	0	1105129	128	10581248	100	2	8200                              	70541	0	10581248	0
0.5	4100	16223	0	1117630	128	10581248	100	2	8200                              	70438	0	10581248	0
0.5	4100	16981	0	1165733	128	10581248	100	2	8200                              	69720	0	10581248	0
0.5	4100	15961	0	1100273	128	10581248	100	2	8200                              	70622	0	10581248	0
0.5	4100	16280	0	1122333	128	10581248	100	2	8200                              	69641	0	10581248	0
0.5	4100	15518	0	1073373	128	10581248	100	2	8200                              	70969	0	10581248	0
0.5	4100	17170	0	1178840	128	10581248	100	2	8200                              	70230	0	10581248	0
0.5	4100	16283	0	1122314	128	10581248	100	2	8200                              	70343	0	10581248	0
0.5	4100	16671	0	1147406	128	10581248	100	2	8200                              	69002	0	10581248	0
0.5	4100	16920	0	1162801	128	10581248	100	2	8200                              	69160	0	10581248	0
0.5	4100	16965	0	1164499	128	10581248	100	2	8200                              	70721	0	10581248	0
0.5	4100	17032	0	1170431	128	10581248	100	2	8200                              	59406	0	10581248	0
0.5	4100	16037	0	1106173	128	10581248	100	2	8200                              	70437	0	10581248	0
0.5	4100	16665	0	1146933	128	10581248	100	2	8200                              	69533	0	10581248	0
0.5	4100	16995	0	1166570	128	10581248	100	2	8200                              	69137	0	10581248	0
0.5	4100	16432	0	1131596	128	10581248	100	2	8200                              	70265	0	10581248	0
0.5	4100	16074	0	1107719	128	10581248	100	2	8200                              	70287	0	10581248	0
0.5	4100	16122	0	1111791	128	10581248	100	2	8200                              	70166	0	10581248	0
0.5	4100	16342	0	1125026	128	10581248	100	2	8200                              	69581	0	10581248	0
0.5	4100	16674	0	1147342	128	10581248	100	2	8200                              	70384	0	10581248	0
0.5	4100	16170	0	1115149	128	10581248	100	2	8200                              	57611	0	10581248	0
0.5	4100	16633	0	1144199	128	10581248	100	2	8200                              	69912	0	10581248	0
0.5	4100	16526	0	1137840	128	10581248	100	2	8200                              	58805	0	10581248	0
0.5	4100	16207	0	1115956	128	10581248	100	2	8200                              	69812	0	10581248	0
0.5	4100	16156	0	1114080	128	10581248	100	2	8200                              	70165	0	10581248	0
0.5	4100	17548	0	1203106	128	10581248	100	2	8200                              	70436	0	10581248	0
0.5	4100	16514	0	1136605	128	10581248	100	2	8200                              	69877	0	10581248	0
0.5	4100	16505	0	1135894	128	10581248	100	2	8200                              	70194	0	10581248	0
0.5	4100	15727	0	1086050	128	10581248	100	2	8200                              	70696	0	10581248	0
0.5	4100	16800	0	1155518	128	10581248	100	2	8200                              	69930	0	10581248	0
0.5	4100	16405	0	1129725	128	10581248	100	2	8200                              	69351	0	10581248	0
0.5	4100	15903	0	1097712	128	10581248	100	2	8200                              	70501	0	10581248	0
0.5	4100	17184	0	1179927	128	10581248	100	2	8200                              	70597	0	10581248	0
0.5	4100	16589	0	1140979	128	10581248	100	2	8200                              	70100	0	10581248	0
0.5	4100	16644	0	1145149	128	10581248	100	2	8200                              	68985	0	10581248	0
0.5	4100	16136	0	1112798	128	10581248	100	2	8200                              	69749	0	10581248	0
0.5	4100	16138	0	1113178	128	10581248	100	2	8200                              	70367	0	10581248	0
0.5	4100	16392	0	1129245	128	10581248	100	2	8200                              	70299	0	10581248	0
0.5	4100	16932	0	1163747	128	10581248	100	2	8200                              	69890	0	10581248	0
0.5	4100	16854	0	1157845	128	10581248	100	2	8200                              	68814	0	10581248	0
0.5	4100	16550	0	1139291	128	10581248	100	2	8200                              	69825	0	10581248	0
0.5	4100	16725	0	1149408	128	10581248	100	2	8200                              	70079	0	10581248	0
0.5	4100	15780	0	1089784	128	10581248	100	2	8200                              	70017	0	10581248	0
0.5	4100	16416	0	1130862	128	10581248	100	2	8200                              	70128	0	10581248	0
0.5	4100	15388	0	1065020	128	10581248	100	2	8200                              	68755	0	10581248	0
0.5	4100	15743	0	1087294	128	10581248	100	2	8200                              	70691	0	10581248	0
0.5	4100	15909	0	1098118	128	10581248	100	2	8200                              	70174	0	10581248	0
0.5	4100	16095	0	1109416	128	10581248	100	2	8200                              	59239	0	10581248	0
0.5	4100	16327	0	1123919	128	10581248	100	2	8200                              	71436	0	10581248	0
0.5	4100	17051	0	1171620	128	10581248	100	2	8200                              	69449	0	10581248	0
0.5	4100	17119	0	1174624	128	10581248	100	2	8200                              	69169	0	10581248	0
0.5	4100	16356	0	1126180	128	10581248	100	2	8200                              	57974	0	10581248	0
0.5	4100	16279	0	1122519	128	10581248	100	2	8200                              	57123	0	10581248	0
0.5	4100	16236	0	1118421	128	10581248	100	2	8200                              	71036	0	10581248	0
0.5	4100	16033	0	1106132	128	10581248	100	2	8200                              	67849	0	10581248	0
0.5	4100	15997	0	1103740	128	10581248	100	2	8200                              	69835	0	10581248	0
0.5	4100	16546	0	1138973	128	10581248	100	2	8200                              	70537	0	10581248	0
0.5	4100	16010	0	1104555	128	10581248	100	2	8200                              	69819	0	10581248	0
0.5	4100	16137	0	1112611	128	10581248	100	2	8200                              	71156	0	10581248	0
0.5	4100	17320	0	1188347	128	10581248	100	2	8200                              	69992	0	10581248	0
0.5	4100	16252	0	1119898	128	10581248	100	2	8200                              	69669	0	10581248	0
0.5	4100	16285	0	1122062	128	10581248	100	2	8200                              	56339	0	10581248	0
0.5	4100	17014	0	1167926	128	10581248	100	2	8200                              	58303	0	10581248	0
0.5	4100	16792	0	1155100	128	10581248	100	2	8200                              	69009	0	10581248	0
0.5	4100	15244	0	1055594	128	10581248	100	2	8200                              	59251	0	10581248	0
0.5	4100	15811	0	1090692	128	10581248	100	2	8200                              	69759	0	10581248	0
0.5	4100	16033	0	1106173	128	10581248	100	2	8200                              	70461	0	10581248	0
0.5	4100	16722	0	1149389	128	10581248	100	2	8200                              	70087	0	10581248	0
0.5	4100	16780	0	1153822	128	10581248	100	2	8200                              	68930	0	10581248	0
0.5	4100	16937	0	1164024	128	10581248	100	2	8200                              	70443	0	10581248	0
0.5	4100	16862	0	1157902	128	10581248	100	2	8200                              	68986	0	10581248	0
0.5	4100	15431	0	1066132	128	10581248	100	2	8200                              	71034	0	10581248	0
0.5	4100	16896	0	1161314	128	10581248	100	2	8200                              	72039	0	10581248	0
0.5	4100	15912	0	1098424	128	10581248	100	2	8200                              	70604	0	10581248	0
0.5	4100	15366	0	1063394	128	10581248	100	2	8200                              	71941	0	10581248	0
0.5	4100	16526	0	1137622	128	10581248	100	2	8200                              	71124	0	10581248	0
0.5	4100	16036	0	1106624	128	10581248	100	2	8200                              	59374	0	10581248	0
0.5	5100	13569	0	1158840	128	10581248	100	2	10200                              	66255	0	10581248	0
0.5	5100	13719	0	1172387	128	10581248	100	2	10200                              	56319	0	10581248	0
0.5	5100	14333	0	1219462	128	10581248	100	2	10200                              	66316	0	10581248	0
0.5	5100	14355	0	1222140	128	10581248	100	2	10200                              	64557	0	10581248	0
0.5	5100	13201	0	1131042	128	10581248	100	2	10200                              	69808	0	10581248	0
0.5	5100	13572	0	1159185	128	10581248	100	2	10200                              	69255	0	10581248	0
0.5	5100	13026	0	1114091	128	10581248	100	2	10200                              	68454	0	10581248	0
0.5	5100	14963	0	1269167	128	10581248	100	2	10200                              	67827	0	10581248	0
0.5	5100	13701	0	1169294	128	10581248	100	2	10200                              	68152	0	10581248	0
0.5	5100	14334	0	1218980	128	10581248	100	2	10200                              	68518	0	10581248	0
0.5	5100	13414	0	1145533	128	10581248	100	2	10200                              	69174	0	10581248	0
0.5	5100	14312	0	1217173	128	10581248	100	2	10200                              	68186	0	10581248	0
0.5	5100	13464	0	1151381	128	10581248	100	2	10200                              	57048	0	10581248	0
0.5	5100	14461	0	1229147	128	10581248	100	2	10200                              	66238	0	10581248	0
0.5	5100	14153	0	1205140	128	10581248	100	2	10200                              	67569	0	10581248	0
0.5	5100	14107	0	1202886	128	10581248	100	2	10200                              	69127	0	10581248	0
0.5	5100	13933	0	1186687	128	10581248	100	2	10200                              	67731	0	10581248	0
0.5	5100	12808	0	1097871	128	10581248	100	2	10200                              	69344	0	10581248	0
0.5	5100	14330	0	1218774	128	10581248	100	2	10200                              	66335	0	10581248	0
0.5	5100	14355	0	1222616	128	10581248	100	2	10200                              	65380	0	10581248	0
0.5	5100	14592	0	1239802	128	10581248	100	2	10200                              	65475	0	10581248	0
0.5	5100	13189	0	1128515	128	10581248	100	2	10200                              	67980	0	10581248	0
0.5	5100	13798	0	1176114	128	10581248	100	2	10200                              	69013	0	10581248	0
0.5	5100	13797	0	1175921	128	10581248	100	2	10200                              	67648	0	10581248	0
0.5	5100	14341	0	1220496	128	10581248	100	2	10200                              	68054	0	10581248	0
0.5	5100	14849	0	1260398	128	10581248	100	2	10200                              	67697	0	10581248	0
0.5	5100	13058	0	1117010	128	10581248	100	2	10200                              	69587	0	10581248	0
0.5	5100	14187	0	1206733	128	10581248	100	2	10200                              	68070	0	10581248	0
0.5	5100	14099	0	1202292	128	10581248	100	2	10200                              	67966	0	10581248	0
0.5	5100	14213	0	1210157	128	10581248	100	2	10200                              	68775	0	10581248	0
0.5	5100	14453	0	1228869	128	10581248	100	2	10200                              	55906	0	10581248	0
0.5	5100	13752	0	1173623	128	10581248	100	2	10200                              	67445	0	10581248	0
0.5	5100	14084	0	1200041	128	10581248	100	2	10200                              	69385	0	10581248	0
0.5	5100	14204	0	1208727	128	10581248	100	2	10200                              	64913	0	10581248	0
0.5	5100	14226	0	1211733	128	10581248	100	2	10200                              	68629	0	10581248	0
0.5	5100	14062	0	1197026	128	10581248	100	2	10200                              	66827	0	10581248	0
0.5	5100	14207	0	1209101	128	10581248	100	2	10200                              	57797	0	10581248	0
0.5	5100	12800	0	1097286	128	10581248	100	2	10200                              	69198	0	10581248	0
0.5	5100	14573	0	1238024	128	10581248	100	2	10200                              	69048	0	10581248	0
0.5	5100	14280	0	1214607	128	10581248	100	2	10200                              	66454	0	10581248	0
0.5	5100	13555	0	1157111	128	10581248	100	2	10200                              	67076	0	10581248	0
0.5	5100	13545	0	1155714	128	10581248	100	2	10200                              	69072	0	10581248	0
0.5	5100	13764	0	1174102	128	10581248	100	2	10200                              	68765	0	10581248	0
0.5	5100	13032	0	1115624	128	10581248	100	2	10200                              	69364	0	10581248	0
0.5	5100	14229	0	1213203	128	10581248	100	2	10200                              	63984	0	10581248	0
0.5	5100	13579	0	1159676	128	10581248	100	2	10200                              	68240	0	10581248	0
0.5	5100	14079	0	1199151	128	10581248	100	2	10200                              	67382	0	10581248	0
0.5	5100	13462	0	1151758	128	10581248	100	2	10200                              	69306	0	10581248	0
0.5	5100	14643	0	1244792	128	10581248	100	2	10200                              	68921	0	10581248	0
0.5	5100	13717	0	1171754	128	10581248	100	2	10200                              	66375	0	10581248	0
0.5	5100	13064	0	1118692	128	10581248	100	2	10200                              	68586	0	10581248	0
0.5	5100	14076	0	1198220	128	10581248	100	2	10200                              	56672	0	10581248	0
0.5	5100	13328	0	1140251	128	10581248	100	2	10200                              	65777	0	10581248	0
0.5	5100	14183	0	1206684	128	10581248	100	2	10200                              	55155	0	10581248	0
0.5	5100	15234	0	1291222	128	10581248	100	2	10200                              	67833	0	10581248	0
0.5	5100	13187	0	1127462	128	10581248	100	2	10200                              	70562	0	10581248	0
0.5	5100	13418	0	1145809	128	10581248	100	2	10200                              	69270	0	10581248	0
0.5	5100	14457	0	1228803	128	10581248	100	2	10200                              	66850	0	10581248	0
0.5	5100	13826	0	1179344	128	10581248	100	2	10200                              	57475	0	10581248	0
0.5	5100	13286	0	1135492	128	10581248	100	2	10200                              	68522	0	10581248	0
0.5	5100	14096	0	1201339	128	10581248	100	2	10200                              	69097	0	10581248	0
0.5	5100	14746	0	1254559	128	10581248	100	2	10200                              	66203	0	10581248	0
0.5	5100	14185	0	1207147	128	10581248	100	2	10200                              	67078	0	10581248	0
0.5	5100	13419	0	1145567	128	10581248	100	2	10200                              	69375	0	10581248	0
0.5	5100	14314	0	1217624	128	10581248	100	2	10200                              	69534	0	10581248	0
0.5	5100	14359	0	1222550	128	10581248	100	2	10200                              	55954	0	10581248	0
0.5	5100	13949	0	1188604	128	10581248	100	2	10200                              	66876	0	10581248	0
0.5	5100	13427	0	1146521	128	10581248	100	2	10200                              	56787	0	10581248	0
0.5	5100	13450	0	1149512	128	10581248	100	2	10200                              	55101	0	10581248	0
0.5	5100	13329	0	1140432	128	10581248	100	2	10200                              	66181	0	10581248	0
0.5	5100	13330	0	1140499	128	10581248	100	2	10200                              	65742	0	10581248	0
0.5	5100	13085	0	1121883	128	10581248	100	2	10200                              	68823	0	10581248	0
0.5	5100	14184	0	1206973	128	10581248	100	2	10200                              	69055	0	10581248	0
0.5	5100	14084	0	1199381	128	10581248	100	2	10200                              	68294	0	10581248	0
0.5	5100	14570	0	1237339	128	10581248	100	2	10200                              	69521	0	10581248	0
0.5	5100	14095	0	1201344	128	10581248	100	2	10200                              	67451	0	10581248	0
0.5	5100	14082	0	1199565	128	10581248	100	2	10200                              	67892	0	10581248	0
0.5	5100	13441	0	1148546	128	10581248	100	2	10200                              	68968	0	10581248	0
0.5	5100	14312	0	1217372	128	10581248	100	2	10200                              	68471	0	10581248	0
0.5	5100	13812	0	1177082	128	10581248	100	2	10200                              	66403	0	10581248	0
0.5	5100	14290	0	1215942	128	10581248	100	2	10200                              	68225	0	10581248	0
0.5	5100	13709	0	1170244	128	10581248	100	2	10200                              	57406	0	10581248	0
0.5	5100	13812	0	1177006	128	10581248	100	2	10200                              	67354	0	10581248	0
0.5	5100	13924	0	1186314	128	10581248	100	2	10200                              	67932	0	10581248	0
0.5	5100	13827	0	1179425	128	10581248	100	2	10200                              	68510	0	10581248	0
0.5	5100	14061	0	1196947	128	10581248	100	2	10200                              	67684	0	10581248	0
0.5	5100	13438	0	1147977	128	10581248	100	2	10200                              	69407	0	10581248	0
0.5	5100	13203	0	1130590	128	10581248	100	2	10200                              	69458	0	10581248	0
0.5	5100	14337	0	1219700	128	10581248	100	2	10200                              	56453	0	10581248	0
0.5	5100	13424	0	1145947	128	10581248	100	2	10200                              	69958	0	10581248	0
0.5	5100	13823	0	1178144	128	10581248	100	2	10200                              	69291	0	10581248	0
0.5	5100	14483	0	1232266	128	10581248	100	2	10200                              	67070	0	10581248	0
0.5	5100	13707	0	1170217	128	10581248	100	2	10200                              	68027	0	10581248	0
0.5	5100	14218	0	1210865	128	10581248	100	2	10200                              	66110	0	10581248	0
0.5	5100	14322	0	1218005	128	10581248	100	2	10200                              	55891	0	10581248	0
0.5	5100	14086	0	1200056	128	10581248	100	2	10200                              	66591	0	10581248	0
0.5	5100	13940	0	1187307	128	10581248	100	2	10200                              	67633	0	10581248	0
0.5	5100	13435	0	1147334	128	10581248	100	2	10200                              	68802	0	10581248	0
0.5	5100	14585	0	1238991	128	10581248	100	2	10200                              	66889	0	10581248	0
0.5	5100	14866	0	1262961	128	10581248	100	2	10200                              	68506	0	10581248	0
0.5	6100	11518	0	1171924	128	10581248	100	2	12200                              	67694	0	10581248	0
0.5	6100	12558	0	1273220	128	10581248	100	2	12200                              	66084	0	10581248	0
0.5	6100	11947	0	1216346	128	10581248	100	2	12200                              	65361	0	10581248	0
0.5	6100	12671	0	1281226	128	10581248	100	2	12200                              	53055	0	10581248	0
0.5	6100	12545	0	1270427	128	10581248	100	2	12200                              	66502	0	10581248	0
0.5	6100	12755	0	1292333	128	10581248	100	2	12200                              	68080	0	10581248	0
0.5	6100	11595	0	1182292	128	10581248	100	2	12200                              	66678	0	10581248	0
0.5	6100	13263	0	1341194	128	10581248	100	2	12200                              	63796	0	10581248	0
0.5	6100	13235	0	1339140	128	10581248	100	2	12200                              	64650	0	10581248	0
0.5	6100	12077	0	1229009	128	10581248	100	2	12200                              	66240	0	10581248	0
0.5	6100	11728	0	1194714	128	10581248	100	2	12200                              	66856	0	10581248	0
0.5	6100	12312	0	1250934	128	10581248	100	2	12200                              	65264	0	10581248	0
0.5	6100	12238	0	1243533	128	10581248	100	2	12200                              	66609	0	10581248	0
0.5	6100	12938	0	1309067	128	10581248	100	2	12200                              	65623	0	10581248	0
0.5	6100	12441	0	1263414	128	10581248	100	2	12200                              	68003	0	10581248	0
0.5	6100	12084	0	1229514	128	10581248	100	2	12200                              	65645	0	10581248	0
0.5	6100	12552	0	1271851	128	10581248	100	2	12200                              	65314	0	10581248	0
0.5	6100	13243	0	1339275	128	10581248	100	2	12200                              	66939	0	10581248	0
0.5	6100	11969	0	1217839	128	10581248	100	2	12200                              	67673	0	10581248	0
0.5	6100	12110	0	1231662	128	10581248	100	2	12200                              	65698	0	10581248	0
0.5	6100	12320	0	1252446	128	10581248	100	2	12200                              	67794	0	10581248	0
0.5	6100	11983	0	1219133	128	10581248	100	2	12200                              	66295	0	10581248	0
0.5	6100	12492	0	1267933	128	10581248	100	2	12200                              	56137	0	10581248	0
0.5	6100	12627	0	1279954	128	10581248	100	2	12200                              	67215	0	10581248	0
0.5	6100	12754	0	1292333	128	10581248	100	2	12200                              	67083	0	10581248	0
0.5	6100	13017	0	1317147	128	10581248	100	2	12200                              	53583	0	10581248	0
0.5	6100	11774	0	1196409	128	10581248	100	2	12200                              	67107	0	10581248	0
0.5	6100	12419	0	1258344	128	10581248	100	2	12200                              	65197	0	10581248	0
0.5	6100	12098	0	1230199	128	10581248	100	2	12200                              	67320	0	10581248	0
0.5	6100	11917	0	1212730	128	10581248	100	2	12200                              	67055	0	10581248	0
0.5	6100	12502	0	1268347	128	10581248	100	2	12200                              	67136	0	10581248	0
0.5	6100	11727	0	1194574	128	10581248	100	2	12200                              	67831	0	10581248	0
0.5	6100	11654	0	1186635	128	10581248	100	2	12200                              	54111	0	10581248	0
0.5	6100	12596	0	1278314	128	10581248	100	2	12200                              	66744	0	10581248	0
0.5	6100	12627	0	1280462	128	10581248	100	2	12200                              	66157	0	10581248	0
0.5	6100	12502	0	1267887	128	10581248	100	2	12200                              	66077	0	10581248	0
0.5	6100	12288	0	1245965	128	10581248	100	2	12200                              	54603	0	10581248	0
0.5	6100	12339	0	1254200	128	10581248	100	2	12200                              	52928	0	10581248	0
0.5	6100	12080	0	1229279	128	10581248	100	2	12200                              	66881	0	10581248	0
0.5	6100	12337	0	1253636	128	10581248	100	2	12200                              	66826	0	10581248	0
0.5	6100	12237	0	1243413	128	10581248	100	2	12200                              	64813	0	10581248	0
0.5	6100	12820	0	1299576	128	10581248	100	2	12200                              	65611	0	10581248	0
0.5	6100	12576	0	1276501	128	10581248	100	2	12200                              	64912	0	10581248	0
0.5	6100	12747	0	1291963	128	10581248	100	2	12200                              	68229	0	10581248	0
0.5	6100	12459	0	1265466	128	10581248	100	2	12200                              	66697	0	10581248	0
0.5	6100	11720	0	1194309	128	10581248	100	2	12200                              	66412	0	10581248	0
0.5	6100	12310	0	1250224	128	10581248	100	2	12200                              	66470	0	10581248	0
0.5	6100	13137	0	1328933	128	10581248	100	2	12200                              	66631	0	10581248	0
0.5	6100	13065	0	1321141	128	10581248	100	2	12200                              	66847	0	10581248	0
0.5	6100	12168	0	1236290	128	10581248	100	2	12200                              	66610	0	10581248	0
0.5	6100	12079	0	1229138	128	10581248	100	2	12200                              	55342	0	10581248	0
0.5	6100	12690	0	1285955	128	10581248	100	2	12200                              	65987	0	10581248	0
0.5	6100	11991	0	1219768	128	10581248	100	2	12200                              	66563	0	10581248	0
0.5	6100	12241	0	1243947	128	10581248	100	2	12200                              	55591	0	10581248	0
0.5	6100	12730	0	1290932	128	10581248	100	2	12200                              	54335	0	10581248	0
0.5	6100	12244	0	1243533	128	10581248	100	2	12200                              	65249	0	10581248	0
0.5	6100	12284	0	1244652	128	10581248	100	2	12200                              	66239	0	10581248	0
0.5	6100	12625	0	1280462	128	10581248	100	2	12200                              	54475	0	10581248	0
0.5	6100	12561	0	1274202	128	10581248	100	2	12200                              	65891	0	10581248	0
0.5	6100	11984	0	1218803	128	10581248	100	2	12200                              	66782	0	10581248	0
0.5	6100	12842	0	1301755	128	10581248	100	2	12200                              	53231	0	10581248	0
0.5	6100	12172	0	1236529	128	10581248	100	2	12200                              	64067	0	10581248	0
0.5	6100	12622	0	1280518	128	10581248	100	2	12200                              	66907	0	10581248	0
0.5	6100	11729	0	1194774	128	10581248	100	2	12200                              	66867	0	10581248	0
0.5	6100	12486	0	1267390	128	10581248	100	2	12200                              	68659	0	10581248	0
0.5	6100	12961	0	1312536	128	10581248	100	2	12200                              	65092	0	10581248	0
0.5	6100	11950	0	1217108	128	10581248	100	2	12200                              	68221	0	10581248	0
0.5	6100	12948	0	1311171	128	10581248	100	2	12200                              	64048	0	10581248	0
0.5	6100	13740	0	1387666	128	10581248	100	2	12200                              	54556	0	10581248	0
0.5	6100	11977	0	1218305	128	10581248	100	2	12200                              	54845	0	10581248	0
0.5	6100	12031	0	1221517	128	10581248	100	2	12200                              	67382	0	10581248	0
0.5	6100	11816	0	1204228	128	10581248	100	2	12200                              	55908	0	10581248	0
0.5	6100	12494	0	1267887	128	10581248	100	2	12200                              	66840	0	10581248	0
0.5	6100	12853	0	1302666	128	10581248	100	2	12200                              	67777	0	10581248	0
0.5	6100	12955	0	1312137	128	10581248	100	2	12200                              	67536	0	10581248	0
0.5	6100	11670	0	1189229	128	10581248	100	2	12200                              	68886	0	10581248	0
0.5	6100	11864	0	1207736	128	10581248	100	2	12200                              	67555	0	10581248	0
0.5	6100	12177	0	1237877	128	10581248	100	2	12200                              	65457	0	10581248	0
0.5	6100	12244	0	1244224	128	10581248	100	2	12200                              	66620	0	10581248	0
0.5	6100	12496	0	1267994	128	10581248	100	2	12200                              	66304	0	10581248	0
0.5	6100	13440	0	1354669	128	10581248	100	2	12200                              	63898	0	10581248	0
0.5	6100	11602	0	1182862	128	10581248	100	2	12200                              	54255	0	10581248	0
0.5	6100	11983	0	1219114	128	10581248	100	2	12200                              	56201	0	10581248	0
0.5	6100	12407	0	1256723	128	10581248	100	2	12200                              	67084	0	10581248	0
0.5	6100	11660	0	1188573	128	10581248	100	2	12200                              	65463	0	10581248	0
0.5	6100	12569	0	1275261	128	10581248	100	2	12200                              	65793	0	10581248	0
0.5	6100	13567	0	1367062	128	10581248	100	2	12200                              	63467	0	10581248	0
0.5	6100	12883	0	1305224	128	10581248	100	2	12200                              	67389	0	10581248	0
0.5	6100	11862	0	1207173	128	10581248	100	2	12200                              	66856	0	10581248	0
0.5	6100	13397	0	1354024	128	10581248	100	2	12200                              	64678	0	10581248	0
0.5	6100	12359	0	1255141	128	10581248	100	2	12200                              	66931	0	10581248	0
0.5	6100	13141	0	1328933	128	10581248	100	2	12200                              	53214	0	10581248	0
0.5	6100	12070	0	1228656	128	10581248	100	2	12200                              	66019	0	10581248	0
0.5	6100	11807	0	1203040	128	10581248	100	2	12200                              	68041	0	10581248	0
0.5	6100	13379	0	1352505	128	10581248	100	2	12200                              	66611	0	10581248	0
0.5	6100	12316	0	1251924	128	10581248	100	2	12200                              	66094	0	10581248	0
0.5	6100	12930	0	1307643	128	10581248	100	2	12200                              	63781	0	10581248	0
0.5	6100	13587	0	1372227	128	10581248	100	2	12200                              	65738	0	10581248	0
0.5	6100	12429	0	1260998	128	10581248	100	2	12200                              	55325	0	10581248	0
0.5	6100	12236	0	1243240	128	10581248	100	2	12200                              	55678	0	10581248	0
0.5	7100	10155	0	1202462	128	10581248	100	2	14200                              	65680	0	10581248	0
0.5	7100	10749	0	1267571	128	10581248	100	2	14200                              	65581	0	10581248	0
0.5	7100	11394	0	1337603	128	10581248	100	2	14200                              	60744	0	10581248	0
0.5	7100	10951	0	1291780	128	10581248	100	2	14200                              	52301	0	10581248	0
0.5	7100	11002	0	1295494	128	10581248	100	2	14200                              	54264	0	10581248	0
0.5	7100	11153	0	1312355	128	10581248	100	2	14200                              	62422	0	10581248	0
0.5	7100	10926	0	1288715	128	10581248	100	2	14200                              	63929	0	10581248	0
0.5	7100	10488	0	1237863	128	10581248	100	2	14200                              	65785	0	10581248	0
0.5	7100	11396	0	1338955	128	10581248	100	2	14200                              	65354	0	10581248	0
0.5	7100	11950	0	1401995	128	10581248	100	2	14200                              	52951	0	10581248	0
0.5	7100	10749	0	1266664	128	10581248	100	2	14200                              	63277	0	10581248	0
0.5	7100	12418	0	1452208	128	10581248	100	2	14200                              	60547	0	10581248	0
0.5	7100	11908	0	1394700	128	10581248	100	2	14200                              	62513	0	10581248	0
0.5	7100	11299	0	1329635	128	10581248	100	2	14200                              	63647	0	10581248	0
0.5	7100	10892	0	1283974	128	10581248	100	2	14200                              	50413	0	10581248	0
0.5	7100	11135	0	1310051	128	10581248	100	2	14200                              	62199	0	10581248	0
0.5	7100	10810	0	1275698	128	10581248	100	2	14200                              	66523	0	10581248	0
0.5	7100	10669	0	1260085	128	10581248	100	2	14200                              	54285	0	10581248	0
0.5	7100	11019	0	1298609	128	10581248	100	2	14200                              	64627	0	10581248	0
0.5	7100	11889	0	1393052	128	10581248	100	2	14200                              	65480	0	10581248	0
0.5	7100	11285	0	1327700	128	10581248	100	2	14200                              	66435	0	10581248	0
0.5	7100	11254	0	1322374	128	10581248	100	2	14200                              	63086	0	10581248	0
0.5	7100	10925	0	1288024	128	10581248	100	2	14200                              	65839	0	10581248	0
0.5	7100	11567	0	1359338	128	10581248	100	2	14200                              	53268	0	10581248	0
0.5	7100	10866	0	1280133	128	10581248	100	2	14200                              	52693	0	10581248	0
0.5	7100	10926	0	1288129	128	10581248	100	2	14200                              	53814	0	10581248	0
0.5	7100	11562	0	1358747	128	10581248	100	2	14200                              	50099	0	10581248	0
0.5	7100	10863	0	1278588	128	10581248	100	2	14200                              	64229	0	10581248	0
0.5	7100	11146	0	1312315	128	10581248	100	2	14200                              	49993	0	10581248	0
0.5	7100	10397	0	1229690	128	10581248	100	2	14200                              	53440	0	10581248	0
0.5	7100	11262	0	1323657	128	10581248	100	2	14200                              	64982	0	10581248	0
0.5	7100	12028	0	1408872	128	10581248	100	2	14200                              	64039	0	10581248	0
0.5	7100	10518	0	1243074	128	10581248	100	2	14200                              	54648	0	10581248	0
0.5	7100	11662	0	1369679	128	10581248	100	2	14200                              	53334	0	10581248	0
0.5	7100	11138	0	1310599	128	10581248	100	2	14200                              	61965	0	10581248	0
0.5	7100	10634	0	1254840	128	10581248	100	2	14200                              	64097	0	10581248	0
0.5	7100	11409	0	1342580	128	10581248	100	2	14200                              	49861	0	10581248	0
0.5	7100	10178	0	1205725	128	10581248	100	2	14200                              	65932	0	10581248	0
0.5	7100	11684	0	1372514	128	10581248	100	2	14200                              	49615	0	10581248	0
0.5	7100	10024	0	1188347	128	10581248	100	2	14200                              	54434	0	10581248	0
0.5	7100	10796	0	1273373	128	10581248	100	2	14200                              	51841	0	10581248	0
0.5	7100	11023	0	1298779	128	10581248	100	2	14200                              	52144	0	10581248	0
0.5	7100	11054	0	1302224	128	10581248	100	2	14200                              	51656	0	10581248	0
0.5	7100	10412	0	1230594	128	10581248	100	2	14200                              	54576	0	10581248	0
0.5	7100	10692	0	1262813	128	10581248	100	2	14200                              	51561	0	10581248	0
0.5	7100	10134	0	1200262	128	10581248	100	2	14200                              	63063	0	10581248	0
0.5	7100	10305	0	1220586	128	10581248	100	2	14200                              	64265	0	10581248	0
0.5	7100	11128	0	1308966	128	10581248	100	2	14200                              	62677	0	10581248	0
0.5	7100	12163	0	1423757	128	10581248	100	2	14200                              	62027	0	10581248	0
0.5	7100	10287	0	1218284	128	10581248	100	2	14200                              	52068	0	10581248	0
0.5	7100	10269	0	1214848	128	10581248	100	2	14200                              	52380	0	10581248	0
0.5	7100	10773	0	1271621	128	10581248	100	2	14200                              	64401	0	10581248	0
0.5	7100	11113	0	1306585	128	10581248	100	2	14200                              	60598	0	10581248	0
0.5	7100	10920	0	1288231	128	10581248	100	2	14200                              	64888	0	10581248	0
0.5	7100	10816	0	1276313	128	10581248	100	2	14200                              	66175	0	10581248	0
0.5	7100	11076	0	1306069	128	10581248	100	2	14200                              	63660	0	10581248	0
0.5	7100	10992	0	1292528	128	10581248	100	2	14200                              	65251	0	10581248	0
0.5	7100	11156	0	1313390	128	10581248	100	2	14200                              	62421	0	10581248	0
0.5	7100	10947	0	1290823	128	10581248	100	2	14200                              	62601	0	10581248	0
0.5	7100	11017	0	1297646	128	10581248	100	2	14200                              	52925	0	10581248	0
0.5	7100	10901	0	1285768	128	10581248	100	2	14200                              	54626	0	10581248	0
0.5	7100	11956	0	1402957	128	10581248	100	2	14200                              	65567	0	10581248	0
0.5	7100	11264	0	1323882	128	10581248	100	2	14200                              	52294	0	10581248	0
0.5	7100	11410	0	1340864	128	10581248	100	2	14200                              	65365	0	10581248	0
0.5	7100	10751	0	1268429	128	10581248	100	2	14200                              	63703	0	10581248	0
0.5	7100	11260	0	1323476	128	10581248	100	2	14200                              	64130	0	10581248	0
0.5	7100	11321	0	1332766	128	10581248	100	2	14200                              	64283	0	10581248	0
0.5	7100	11164	0	1314199	128	10581248	100	2	14200                              	52023	0	10581248	0
0.5	7100	10359	0	1223351	128	10581248	100	2	14200                              	64205	0	10581248	0
0.5	7100	11412	0	1340588	128	10581248	100	2	14200                              	51140	0	10581248	0
0.5	7100	11816	0	1386294	128	10581248	100	2	14200                              	52846	0	10581248	0
0.5	7100	10142	0	1201129	128	10581248	100	2	14200                              	62519	0	10581248	0
0.5	7100	10152	0	1202824	128	10581248	100	2	14200                              	54653	0	10581248	0
0.5	7100	11517	0	1353060	128	10581248	100	2	14200                              	63006	0	10581248	0
0.5	7100	10993	0	1292648	128	10581248	100	2	14200                              	49864	0	10581248	0
0.5	7100	11036	0	1300439	128	10581248	100	2	14200                              	62749	0	10581248	0
0.5	7100	10814	0	1276663	128	10581248	100	2	14200                              	50368	0	10581248	0
0.5	7100	10632	0	1254246	128	10581248	100	2	14200                              	54608	0	10581248	0
0.5	7100	12276	0	1435342	128	10581248	100	2	14200                              	62777	0	10581248	0
0.5	7100	10794	0	1273824	128	10581248	100	2	14200                              	65537	0	10581248	0
0.5	7100	11649	0	1366714	128	10581248	100	2	14200                              	59539	0	10581248	0
0.5	7100	10623	0	1253429	128	10581248	100	2	14200                              	55211	0	10581248	0
0.5	7100	11371	0	1334812	128	10581248	100	2	14200                              	65176	0	10581248	0
0.5	7100	11158	0	1313944	128	10581248	100	2	14200                              	52386	0	10581248	0
0.5	7100	11418	0	1342667	128	10581248	100	2	14200                              	67458	0	10581248	0
0.5	7100	11019	0	1297149	128	10581248	100	2	14200                              	53432	0	10581248	0
0.5	7100	11134	0	1309346	128	10581248	100	2	14200                              	65638	0	10581248	0
0.5	7100	11113	0	1306872	128	10581248	100	2	14200                              	63238	0	10581248	0
0.5	7100	11054	0	1301533	128	10581248	100	2	14200                              	65111	0	10581248	0
0.5	7100	12401	0	1448917	128	10581248	100	2	14200                              	53992	0	10581248	0
0.5	7100	10278	0	1216314	128	10581248	100	2	14200                              	64861	0	10581248	0
0.5	7100	10628	0	1253983	128	10581248	100	2	14200                              	65445	0	10581248	0
0.5	7100	11305	0	1330624	128	10581248	100	2	14200                              	61897	0	10581248	0
0.5	7100	11006	0	1295835	128	10581248	100	2	14200                              	66441	0	10581248	0
0.5	7100	11047	0	1301514	128	10581248	100	2	14200                              	54809	0	10581248	0
0.5	7100	10148	0	1202133	128	10581248	100	2	14200                              	53017	0	10581248	0
0.5	7100	10921	0	1288024	128	10581248	100	2	14200                              	65381	0	10581248	0
0.5	7100	11304	0	1330347	128	10581248	100	2	14200                              	52260	0	10581248	0
0.5	7100	11034	0	1300392	128	10581248	100	2	14200                              	65506	0	10581248	0
0.5	7100	10681	0	1261170	128	10581248	100	2	14200                              	62429	0	10581248	0
0.5	8100	9750	0	1309494	128	10581248	100	2	16200                              	59373	0	10581248	0
0.5	8100	9489	0	1277140	128	10581248	100	2	16200                              	61974	0	10581248	0
0.5	8100	10260	0	1375505	128	10581248	100	2	16200                              	62515	0	10581248	0
0.5	8100	9735	0	1308255	128	10581248	100	2	16200                              	63131	0	10581248	0
0.5	8100	9665	0	1296167	128	10581248	100	2	16200                              	47653	0	10581248	0
0.5	8100	9715	0	1303333	128	10581248	100	2	16200                              	51858	0	10581248	0
0.5	8100	9969	0	1335201	128	10581248	100	2	16200                              	61393	0	10581248	0
0.5	8100	10614	0	1416733	128	10581248	100	2	16200                              	62641	0	10581248	0
0.5	8100	10520	0	1408184	128	10581248	100	2	16200                              	60642	0	10581248	0
0.5	8100	9829	0	1317698	128	10581248	100	2	16200                              	64406	0	10581248	0
0.5	8100	10227	0	1368956	128	10581248	100	2	16200                              	63012	0	10581248	0
0.5	8100	10139	0	1360472	128	10581248	100	2	16200                              	65242	0	10581248	0
0.5	8100	9605	0	1290410	128	10581248	100	2	16200                              	43940	0	10581248	0
0.5	8100	9847	0	1319947	128	10581248	100	2	16200                              	61755	0	10581248	0
0.5	8100	10998	0	1465320	128	10581248	100	2	16200                              	48450	0	10581248	0
0.5	8100	9205	0	1238514	128	10581248	100	2	16200                              	63161	0	10581248	0
0.5	8100	9626	0	1295576	128	10581248	100	2	16200                              	58861	0	10581248	0
0.5	8100	10363	0	1385024	128	10581248	100	2	16200                              	64029	0	10581248	0
0.5	8100	9114	0	1229399	128	10581248	100	2	16200                              	62525	0	10581248	0
0.5	8100	10490	0	1400533	128	10581248	100	2	16200                              	59129	0	10581248	0
0.5	8100	9890	0	1328064	128	10581248	100	2	16200                              	61153	0	10581248	0
0.5	8100	9952	0	1333783	128	10581248	100	2	16200                              	51391	0	10581248	0
0.5	8100	9713	0	1303747	128	10581248	100	2	16200                              	63945	0	10581248	0
0.5	8100	9975	0	1336062	128	10581248	100	2	16200                              	51248	0	10581248	0
0.5	8100	9847	0	1320748	128	10581248	100	2	16200                              	52185	0	10581248	0
0.5	8100	10769	0	1439314	128	10581248	100	2	16200                              	61759	0	10581248	0
0.5	8100	10488	0	1401228	128	10581248	100	2	16200                              	61559	0	10581248	0
0.5	8100	10390	0	1390783	128	10581248	100	2	16200                              	62839	0	10581248	0
0.5	8100	9857	0	1322221	128	10581248	100	2	16200                              	53054	0	10581248	0
0.5	8100	10007	0	1344236	128	10581248	100	2	16200                              	52392	0	10581248	0
0.5	8100	10718	0	1429092	128	10581248	100	2	16200                              	59768	0	10581248	0
0.5	8100	10757	0	1436999	128	10581248	100	2	16200                              	50742	0	10581248	0
0.5	8100	10115	0	1354398	128	10581248	100	2	16200                              	52376	0	10581248	0
0.5	8100	10112	0	1354152	128	10581248	100	2	16200                              	63245	0	10581248	0
0.5	8100	9732	0	1307249	128	10581248	100	2	16200                              	63755	0	10581248	0
0.5	8100	10394	0	1392675	128	10581248	100	2	16200                              	63260	0	10581248	0
0.5	8100	9634	0	1294505	128	10581248	100	2	16200                              	52939	0	10581248	0
0.5	8100	9701	0	1301916	128	10581248	100	2	16200                              	64515	0	10581248	0
0.5	8100	9969	0	1335733	128	10581248	100	2	16200                              	59772	0	10581248	0
0.5	8100	10340	0	1382532	128	10581248	100	2	16200                              	63622	0	10581248	0
0.5	8100	8964	0	1208799	128	10581248	100	2	16200                              	62519	0	10581248	0
0.5	8100	9942	0	1331692	128	10581248	100	2	16200                              	49936	0	10581248	0
0.5	8100	9848	0	1319533	128	10581248	100	2	16200                              	51693	0	10581248	0
0.5	8100	10486	0	1400947	128	10581248	100	2	16200                              	61003	0	10581248	0
0.5	8100	10516	0	1406914	128	10581248	100	2	16200                              	49933	0	10581248	0
0.5	8100	10008	0	1343440	128	10581248	100	2	16200                              	63273	0	10581248	0
0.5	8100	9844	0	1319947	128	10581248	100	2	16200                              	63883	0	10581248	0
0.5	8100	9805	0	1313531	128	10581248	100	2	16200                              	62940	0	10581248	0
0.5	8100	10099	0	1352347	128	10581248	100	2	16200                              	48614	0	10581248	0
0.5	8100	9593	0	1287824	128	10581248	100	2	16200                              	53270	0	10581248	0
0.5	8100	9877	0	1326599	128	10581248	100	2	16200                              	51282	0	10581248	0
0.5	8100	10719	0	1430287	128	10581248	100	2	16200                              	49944	0	10581248	0
0.5	8100	10099	0	1351933	128	10581248	100	2	16200                              	62339	0	10581248	0
0.5	8100	9715	0	1303333	128	10581248	100	2	16200                              	50607	0	10581248	0
0.5	8100	10116	0	1355328	128	10581248	100	2	16200                              	62940	0	10581248	0
0.5	8100	10742	0	1432933	128	10581248	100	2	16200                              	61627	0	10581248	0
0.5	8100	9461	0	1271173	128	10581248	100	2	16200                              	50010	0	10581248	0
0.5	8100	10498	0	1404989	128	10581248	100	2	16200                              	62529	0	10581248	0
0.5	8100	10763	0	1438947	128	10581248	100	2	16200                              	59812	0	10581248	0
0.5	8100	9604	0	1289800	128	10581248	100	2	16200                              	62775	0	10581248	0
0.5	8100	9866	0	1322905	128	10581248	100	2	16200                              	64151	0	10581248	0
0.5	8100	9462	0	1270933	128	10581248	100	2	16200                              	50902	0	10581248	0
0.5	8100	10203	0	1364550	128	10581248	100	2	16200                              	47910	0	10581248	0
0.5	8100	9620	0	1293294	128	10581248	100	2	16200                              	64559	0	10581248	0
0.5	8100	11100	0	1477777	128	10581248	100	2	16200                              	62988	0	10581248	0
0.5	8100	9789	0	1312479	128	10581248	100	2	16200                              	51025	0	10581248	0
0.5	8100	9371	0	1263183	128	10581248	100	2	16200                              	49643	0	10581248	0
0.5	8100	10614	0	1417147	128	10581248	100	2	16200                              	51688	0	10581248	0
0.5	8100	10844	0	1446207	128	10581248	100	2	16200                              	62442	0	10581248	0
0.5	8100	10498	0	1403890	128	10581248	100	2	16200                              	47863	0	10581248	0
0.5	8100	10222	0	1367002	128	10581248	100	2	16200                              	60711	0	10581248	0
0.5	8100	10519	0	1407313	128	10581248	100	2	16200                              	49190	0	10581248	0
0.5	8100	9371	0	1262105	128	10581248	100	2	16200                              	50585	0	10581248	0
0.5	8100	10491	0	1402270	128	10581248	100	2	16200                              	64054	0	10581248	0
0.5	8100	10462	0	1398168	128	10581248	100	2	16200                              	59783	0	10581248	0
0.5	8100	9931	0	1329996	128	10581248	100	2	16200                              	61832	0	10581248	0
0.5	8100	10075	0	1349665	128	10581248	100	2	16200                              	64155	0	10581248	0
0.5	8100	10354	0	1384197	128	10581248	100	2	16200                              	62427	0	10581248	0
0.5	8100	9586	0	1286774	128	10581248	100	2	16200                              	61698	0	10581248	0
0.5	8100	9723	0	1306077	128	10581248	100	2	16200                              	62465	0	10581248	0
0.5	8100	9571	0	1284592	128	10581248	100	2	16200                              	52374	0	10581248	0
0.5	8100	9473	0	1273802	128	10581248	100	2	16200                              	52874	0	10581248	0
0.5	8100	9885	0	1327914	128	10581248	100	2	16200                              	62724	0	10581248	0
0.5	8100	10121	0	1355290	128	10581248	100	2	16200                              	61438	0	10581248	0
0.5	8100	9741	0	1309391	128	10581248	100	2	16200                              	61238	0	10581248	0
0.5	8100	10869	0	1449824	128	10581248	100	2	16200                              	49474	0	10581248	0
0.5	8100	9882	0	1326905	128	10581248	100	2	16200                              	53190	0	10581248	0
0.5	8100	10512	0	1406946	128	10581248	100	2	16200                              	59584	0	10581248	0
0.5	8100	9618	0	1292866	128	10581248	100	2	16200                              	62695	0	10581248	0
0.5	8100	9234	0	1244914	128	10581248	100	2	16200                              	52936	0	10581248	0
0.5	8100	10369	0	1386819	128	10581248	100	2	16200                              	60946	0	10581248	0
0.5	8100	10357	0	1384747	128	10581248	100	2	16200                              	49899	0	10581248	0
0.5	8100	9688	0	1298892	128	10581248	100	2	16200                              	52015	0	10581248	0
0.5	8100	10719	0	1430258	128	10581248	100	2	16200                              	60765	0	10581248	0
0.5	8100	9980	0	1338413	128	10581248	100	2	16200                              	49449	0	10581248	0
0.5	8100	10393	0	1393118	128	10581248	100	2	16200                              	48435	0	10581248	0
0.5	8100	10756	0	1435854	128	10581248	100	2	16200                              	52043	0	10581248	0
0.5	8100	9305	0	1251976	128	10581248	100	2	16200                              	52212	0	10581248	0
0.5	8100	9718	0	1303333	128	10581248	100	2	16200                              	64393	0	10581248	0
0.5	8100	10109	0	1354225	128	10581248	100	2	16200                              	63368	0	10581248	0
0.5	9100	9774	0	1462024	128	10581248	100	2	18200                              	59359	0	10581248	0
0.5	9100	9131	0	1371024	128	10581248	100	2	18200                              	48021	0	10581248	0
0.5	9100	9253	0	1388514	128	10581248	100	2	18200                              	60139	0	10581248	0
0.5	9100	9308	0	1399015	128	10581248	100	2	18200                              	61467	0	10581248	0
0.5	9100	8651	0	1302905	128	10581248	100	2	18200                              	61189	0	10581248	0
0.5	9100	9624	0	1441310	128	10581248	100	2	18200                              	51484	0	10581248	0
0.5	9100	8795	0	1324981	128	10581248	100	2	18200                              	49145	0	10581248	0
0.5	9100	9431	0	1415505	128	10581248	100	2	18200                              	47493	0	10581248	0
0.5	9100	9421	0	1413083	128	10581248	100	2	18200                              	49695	0	10581248	0
0.5	9100	8262	0	1248305	128	10581248	100	2	18200                              	50817	0	10581248	0
0.5	9100	9817	0	1471252	128	10581248	100	2	18200                              	60297	0	10581248	0
0.5	9100	9698	0	1455984	128	10581248	100	2	18200                              	58318	0	10581248	0
0.5	9100	9679	0	1448505	128	10581248	100	2	18200                              	57966	0	10581248	0
0.5	9100	9227	0	1383329	128	10581248	100	2	18200                              	51136	0	10581248	0
0.5	9100	8920	0	1342839	128	10581248	100	2	18200                              	62290	0	10581248	0
0.5	9100	8890	0	1337936	128	10581248	100	2	18200                              	45132	0	10581248	0
0.5	9100	8795	0	1325555	128	10581248	100	2	18200                              	47017	0	10581248	0
0.5	9100	9264	0	1390304	128	10581248	100	2	18200                              	49170	0	10581248	0
0.5	9100	9257	0	1388514	128	10581248	100	2	18200                              	50140	0	10581248	0
0.5	9100	9814	0	1471500	128	10581248	100	2	18200                              	44885	0	10581248	0
0.5	9100	8668	0	1306933	128	10581248	100	2	18200                              	64046	0	10581248	0
0.5	9100	9178	0	1380777	128	10581248	100	2	18200                              	61407	0	10581248	0
0.5	9100	9876	0	1476269	128	10581248	100	2	18200                              	62577	0	10581248	0
0.5	9100	9421	0	1413127	128	10581248	100	2	18200                              	47876	0	10581248	0
0.5	9100	9386	0	1407147	128	10581248	100	2	18200                              	48745	0	10581248	0
0.5	9100	9417	0	1411531	128	10581248	100	2	18200                              	58323	0	10581248	0
0.5	9100	8663	0	1305490	128	10581248	100	2	18200                              	45781	0	10581248	0
0.5	9100	8927	0	1345988	128	10581248	100	2	18200                              	62874	0	10581248	0
0.5	9100	8730	0	1314025	128	10581248	100	2	18200                              	61460	0	10581248	0
0.5	9100	9293	0	1394492	128	10581248	100	2	18200                              	58241	0	10581248	0
0.5	9100	10669	0	1589147	128	10581248	100	2	18200                              	60459	0	10581248	0
0.5	9100	10317	0	1540004	128	10581248	100	2	18200                              	46033	0	10581248	0
0.5	9100	9360	0	1402578	128	10581248	100	2	18200                              	62215	0	10581248	0
0.5	9100	9642	0	1443133	128	10581248	100	2	18200                              	49747	0	10581248	0
0.5	9100	8518	0	1284705	128	10581248	100	2	18200                              	63193	0	10581248	0
0.5	9100	9028	0	1357061	128	10581248	100	2	18200                              	61590	0	10581248	0
0.5	9100	8800	0	1326577	128	10581248	100	2	18200                              	47538	0	10581248	0
0.5	9100	9796	0	1466435	128	10581248	100	2	18200                              	59875	0	10581248	0
0.5	9100	9418	0	1412105	128	10581248	100	2	18200                              	49137	0	10581248	0
0.5	9100	9390	0	1407424	128	10581248	100	2	18200                              	46835	0	10581248	0
0.5	9100	9898	0	1478953	128	10581248	100	2	18200                              	47546	0	10581248	0
0.5	9100	9183	0	1382677	128	10581248	100	2	18200                              	58615	0	10581248	0
0.5	9100	9292	0	1395828	128	10581248	100	2	18200                              	49748	0	10581248	0
0.5	9100	9897	0	1479136	128	10581248	100	2	18200                              	51821	0	10581248	0
0.5	9100	10292	0	1537407	128	10581248	100	2	18200                              	60862	0	10581248	0
0.5	9100	8764	0	1319473	128	10581248	100	2	18200                              	51931	0	10581248	0
0.5	9100	9676	0	1449092	128	10581248	100	2	18200                              	62405	0	10581248	0
0.5	9100	9037	0	1357757	128	10581248	100	2	18200                              	62472	0	10581248	0
0.5	9100	9516	0	1425347	128	10581248	100	2	18200                              	53899	0	10581248	0
0.5	9100	9427	0	1413762	128	10581248	100	2	18200                              	44009	0	10581248	0
0.5	9100	9428	0	1415215	128	10581248	100	2	18200                              	62432	0	10581248	0
0.5	9100	9440	0	1417954	128	10581248	100	2	18200                              	47823	0	10581248	0
0.5	9100	9258	0	1388533	128	10581248	100	2	18200                              	62613	0	10581248	0
0.5	9100	10156	0	1516262	128	10581248	100	2	18200                              	47657	0	10581248	0
0.5	9100	8933	0	1346150	128	10581248	100	2	18200                              	62986	0	10581248	0
0.5	9100	8797	0	1325623	128	10581248	100	2	18200                              	51107	0	10581248	0
0.5	9100	9178	0	1379038	128	10581248	100	2	18200                              	63133	0	10581248	0
0.5	9100	8858	0	1331931	128	10581248	100	2	18200                              	48806	0	10581248	0
0.5	9100	8799	0	1326599	128	10581248	100	2	18200                              	50587	0	10581248	0
0.5	9100	8925	0	1343845	128	10581248	100	2	18200                              	49211	0	10581248	0
0.5	9100	9442	0	1419014	128	10581248	100	2	18200                              	48871	0	10581248	0
0.5	9100	8493	0	1279802	128	10581248	100	2	18200                              	49431	0	10581248	0
0.5	9100	10026	0	1498173	128	10581248	100	2	18200                              	48627	0	10581248	0
0.5	9100	9645	0	1443801	128	10581248	100	2	18200                              	44958	0	10581248	0
0.5	9100	9773	0	1461314	128	10581248	100	2	18200                              	59923	0	10581248	0
0.5	9100	9033	0	1357199	128	10581248	100	2	18200                              	57875	0	10581248	0
0.5	9100	9519	0	1426948	128	10581248	100	2	18200                              	50068	0	10581248	0
0.5	9100	10184	0	1520712	128	10581248	100	2	18200                              	61666	0	10581248	0
0.5	9100	9185	0	1380444	128	10581248	100	2	18200                              	63065	0	10581248	0
0.5	9100	8414	0	1272413	128	10581248	100	2	18200                              	58081	0	10581248	0
0.5	9100	8121	0	1228894	128	10581248	100	2	18200                              	48724	0	10581248	0
0.5	9100	9543	0	1430119	128	10581248	100	2	18200                              	51354	0	10581248	0
0.5	9100	9165	0	1375705	128	10581248	100	2	18200                              	48175	0	10581248	0
0.5	9100	8597	0	1294437	128	10581248	100	2	18200                              	60610	0	10581248	0
0.5	9100	9312	0	1398136	128	10581248	100	2	18200                              	63428	0	10581248	0
0.5	9100	10206	0	1528392	128	10581248	100	2	18200                              	59553	0	10581248	0
0.5	9100	8870	0	1333914	128	10581248	100	2	18200                              	62538	0	10581248	0
0.5	9100	9029	0	1357072	128	10581248	100	2	18200                              	50186	0	10581248	0
0.5	9100	8901	0	1339181	128	10581248	100	2	18200                              	63538	0	10581248	0
0.5	9100	9668	0	1447882	128	10581248	100	2	18200                              	62080	0	10581248	0
0.5	9100	9306	0	1397365	128	10581248	100	2	18200                              	51749	0	10581248	0
0.5	9100	9512	0	1424914	128	10581248	100	2	18200                              	61014	0	10581248	0
0.5	9100	9525	0	1426761	128	10581248	100	2	18200                              	61284	0	10581248	0
0.5	9100	8787	0	1323584	128	10581248	100	2	18200                              	62097	0	10581248	0
0.5	9100	9277	0	1392500	128	10581248	100	2	18200                              	48399	0	10581248	0
0.5	9100	9055	0	1364465	128	10581248	100	2	18200                              	46511	0	10581248	0
0.5	9100	8491	0	1279333	128	10581248	100	2	18200                              	52498	0	10581248	0
0.5	9100	9276	0	1392221	128	10581248	100	2	18200                              	50956	0	10581248	0
0.5	9100	9415	0	1411761	128	10581248	100	2	18200                              	51162	0	10581248	0
0.5	9100	9149	0	1374209	128	10581248	100	2	18200                              	61901	0	10581248	0
0.5	9100	9167	0	1377823	128	10581248	100	2	18200                              	50266	0	10581248	0
0.5	9100	9288	0	1393905	128	10581248	100	2	18200                              	60368	0	10581248	0
0.5	9100	8794	0	1326214	128	10581248	100	2	18200                              	63079	0	10581248	0
0.5	9100	9290	0	1393905	128	10581248	100	2	18200                              	50999	0	10581248	0
0.5	9100	8281	0	1252087	128	10581248	100	2	18200                              	62353	0	10581248	0
0.5	9100	9897	0	1479533	128	10581248	100	2	18200                              	59904	0	10581248	0
0.5	9100	8909	0	1339305	128	10581248	100	2	18200                              	46674	0	10581248	0
0.5	9100	9926	0	1484180	128	10581248	100	2	18200                              	61355	0	10581248	0
0.5	9100	9814	0	1470564	128	10581248	100	2	18200                              	61981	0	10581248	0
0.5	9100	9363	0	1403943	128	10581248	100	2	18200                              	44289	0	10581248	0
