#using seed 0.044549
# Work:10159328, depth:444825, work/p+depth:603564.5
#PROCESSORS: 64, RUNS: 100
#prb	R-l	ISR	ESR	runTime	processors    	work	taskThreshold	lGranularity	rGranularity	IDATAT	EDATAT	W0	W1
0.5	100	92547	0	447849	64	10159328	100	2	200                              	74433	0	10159328	0
0.5	100	92566	0	447913	64	10159328	100	2	200                              	74433	0	10159328	0
0.5	100	92569	0	447929	64	10159328	100	2	200                              	74433	0	10159328	0
0.5	100	92446	0	447529	64	10159328	100	2	200                              	74433	0	10159328	0
0.5	100	92556	0	447875	64	10159328	100	2	200                              	74433	0	10159328	0
0.5	100	93457	0	450702	64	10159328	100	2	200                              	74433	0	10159328	0
0.5	100	92797	0	448632	64	10159328	100	2	200                              	74433	0	10159328	0
0.5	100	92982	0	449197	64	10159328	100	2	200                              	74433	0	10159328	0
0.5	100	92275	0	446994	64	10159328	100	2	200                              	74433	0	10159328	0
0.5	100	92687	0	448279	64	10159328	100	2	200                              	74433	0	10159328	0
0.5	100	93316	0	450241	64	10159328	100	2	200                              	74433	0	10159328	0
0.5	100	92910	0	448972	64	10159328	100	2	200                              	74433	0	10159328	0
0.5	100	93391	0	450479	64	10159328	100	2	200                              	74433	0	10159328	0
0.5	100	93035	0	449365	64	10159328	100	2	200                              	74433	0	10159328	0
0.5	100	92911	0	448971	64	10159328	100	2	200                              	74433	0	10159328	0
0.5	100	92622	0	448093	64	10159328	100	2	200                              	74433	0	10159328	0
0.5	100	92994	0	449245	64	10159328	100	2	200                              	74433	0	10159328	0
0.5	100	92536	0	447816	64	10159328	100	2	200                              	74433	0	10159328	0
0.5	100	92553	0	447859	64	10159328	100	2	200                              	74433	0	10159328	0
0.5	100	92701	0	448312	64	10159328	100	2	200                              	74433	0	10159328	0
0.5	100	92738	0	448435	64	10159328	100	2	200                              	74433	0	10159328	0
0.5	100	92792	0	448611	64	10159328	100	2	200                              	74433	0	10159328	0
0.5	100	92565	0	447900	64	10159328	100	2	200                              	74433	0	10159328	0
0.5	100	93950	0	452230	64	10159328	100	2	200                              	74433	0	10159328	0
0.5	100	93444	0	450650	64	10159328	100	2	200                              	74433	0	10159328	0
0.5	100	92503	0	447710	64	10159328	100	2	200                              	74433	0	10159328	0
0.5	100	92444	0	447528	64	10159328	100	2	200                              	74433	0	10159328	0
0.5	100	93428	0	450598	64	10159328	100	2	200                              	74433	0	10159328	0
0.5	100	92773	0	448548	64	10159328	100	2	200                              	74433	0	10159328	0
0.5	100	92346	0	447218	64	10159328	100	2	200                              	74433	0	10159328	0
0.5	100	92866	0	448842	64	10159328	100	2	200                              	74433	0	10159328	0
0.5	100	93384	0	450466	64	10159328	100	2	200                              	74433	0	10159328	0
0.5	100	92491	0	447675	64	10159328	100	2	200                              	74433	0	10159328	0
0.5	100	92841	0	448761	64	10159328	100	2	200                              	74433	0	10159328	0
0.5	100	93039	0	449382	64	10159328	100	2	200                              	74433	0	10159328	0
0.5	100	93157	0	449748	64	10159328	100	2	200                              	74433	0	10159328	0
0.5	100	93377	0	450445	64	10159328	100	2	200                              	74433	0	10159328	0
0.5	100	92607	0	448044	64	10159328	100	2	200                              	74433	0	10159328	0
0.5	100	93205	0	449900	64	10159328	100	2	200                              	74433	0	10159328	0
0.5	100	92495	0	447691	64	10159328	100	2	200                              	74433	0	10159328	0
0.5	100	92741	0	448458	64	10159328	100	2	200                              	74433	0	10159328	0
0.5	100	92842	0	448761	64	10159328	100	2	200                              	74433	0	10159328	0
0.5	100	92520	0	447772	64	10159328	100	2	200                              	74433	0	10159328	0
0.5	100	92744	0	448463	64	10159328	100	2	200                              	74433	0	10159328	0
0.5	100	92790	0	448604	64	10159328	100	2	200                              	74433	0	10159328	0
0.5	100	92790	0	448617	64	10159328	100	2	200                              	74433	0	10159328	0
0.5	100	92910	0	448977	64	10159328	100	2	200                              	74433	0	10159328	0
0.5	100	93023	0	449337	64	10159328	100	2	200                              	74433	0	10159328	0
0.5	100	92709	0	448365	64	10159328	100	2	200                              	74433	0	10159328	0
0.5	100	92419	0	447443	64	10159328	100	2	200                              	74433	0	10159328	0
0.5	100	93061	0	449447	64	10159328	100	2	200                              	74433	0	10159328	0
0.5	100	92576	0	447930	64	10159328	100	2	200                              	74433	0	10159328	0
0.5	100	92839	0	448748	64	10159328	100	2	200                              	74433	0	10159328	0
0.5	100	92707	0	448343	64	10159328	100	2	200                              	74433	0	10159328	0
0.5	100	92701	0	448339	64	10159328	100	2	200                              	74433	0	10159328	0
0.5	100	93030	0	449367	64	10159328	100	2	200                              	74433	0	10159328	0
0.5	100	93137	0	449682	64	10159328	100	2	200                              	74433	0	10159328	0
0.5	100	92620	0	448079	64	10159328	100	2	200                              	74433	0	10159328	0
0.5	100	92829	0	448732	64	10159328	100	2	200                              	74433	0	10159328	0
0.5	100	93109	0	449606	64	10159328	100	2	200                              	74433	0	10159328	0
0.5	100	92754	0	448498	64	10159328	100	2	200                              	74433	0	10159328	0
0.5	100	93275	0	450136	64	10159328	100	2	200                              	74433	0	10159328	0
0.5	100	92680	0	448256	64	10159328	100	2	200                              	74433	0	10159328	0
0.5	100	92626	0	448093	64	10159328	100	2	200                              	74433	0	10159328	0
0.5	100	93355	0	450379	64	10159328	100	2	200                              	74433	0	10159328	0
0.5	100	92815	0	448671	64	10159328	100	2	200                              	74433	0	10159328	0
0.5	100	92505	0	447723	64	10159328	100	2	200                              	74433	0	10159328	0
0.5	100	93029	0	449351	64	10159328	100	2	200                              	74433	0	10159328	0
0.5	100	92780	0	448576	64	10159328	100	2	200                              	74433	0	10159328	0
0.5	100	92453	0	447557	64	10159328	100	2	200                              	74433	0	10159328	0
0.5	100	92632	0	448101	64	10159328	100	2	200                              	74433	0	10159328	0
0.5	100	92652	0	448174	64	10159328	100	2	200                              	74433	0	10159328	0
0.5	100	92355	0	447248	64	10159328	100	2	200                              	74433	0	10159328	0
0.5	100	92994	0	449248	64	10159328	100	2	200                              	74433	0	10159328	0
0.5	100	92322	0	447143	64	10159328	100	2	200                              	74433	0	10159328	0
0.5	100	93311	0	450227	64	10159328	100	2	200                              	74433	0	10159328	0
0.5	100	93087	0	449547	64	10159328	100	2	200                              	74433	0	10159328	0
0.5	100	92990	0	449224	64	10159328	100	2	200                              	74433	0	10159328	0
0.5	100	93574	0	451049	64	10159328	100	2	200                              	74433	0	10159328	0
0.5	100	92791	0	448614	64	10159328	100	2	200                              	74433	0	10159328	0
0.5	100	92930	0	449039	64	10159328	100	2	200                              	74433	0	10159328	0
0.5	100	92346	0	447231	64	10159328	100	2	200                              	74433	0	10159328	0
0.5	100	93065	0	449461	64	10159328	100	2	200                              	74433	0	10159328	0
0.5	100	93264	0	450090	64	10159328	100	2	200                              	74433	0	10159328	0
0.5	100	93078	0	449506	64	10159328	100	2	200                              	74433	0	10159328	0
0.5	100	92686	0	448284	64	10159328	100	2	200                              	74433	0	10159328	0
0.5	100	92915	0	448997	64	10159328	100	2	200                              	74433	0	10159328	0
0.5	100	92532	0	447798	64	10159328	100	2	200                              	74433	0	10159328	0
0.5	100	93053	0	449432	64	10159328	100	2	200                              	74433	0	10159328	0
0.5	100	92838	0	448756	64	10159328	100	2	200                              	74433	0	10159328	0
0.5	100	92399	0	447382	64	10159328	100	2	200                              	74433	0	10159328	0
0.5	100	93188	0	449851	64	10159328	100	2	200                              	74433	0	10159328	0
0.5	100	92416	0	447439	64	10159328	100	2	200                              	74433	0	10159328	0
0.5	100	93455	0	450690	64	10159328	100	2	200                              	74433	0	10159328	0
0.5	100	92242	0	446900	64	10159328	100	2	200                              	74433	0	10159328	0
0.5	100	92598	0	448006	64	10159328	100	2	200                              	74433	0	10159328	0
0.5	100	92515	0	447742	64	10159328	100	2	200                              	74433	0	10159328	0
0.5	100	93033	0	449367	64	10159328	100	2	200                              	74433	0	10159328	0
0.5	100	93620	0	451197	64	10159328	100	2	200                              	74433	0	10159328	0
0.5	100	93669	0	451341	64	10159328	100	2	200                              	74433	0	10159328	0
0.5	1100	12822	0	598471	64	10159328	100	2	2200                              	74231	0	10159328	0
0.5	1100	10996	0	535624	64	10159328	100	2	2200                              	74433	0	10159328	0
0.5	1100	10648	0	523614	64	10159328	100	2	2200                              	74234	0	10159328	0
0.5	1100	10981	0	534999	64	10159328	100	2	2200                              	74179	0	10159328	0
0.5	1100	11830	0	564328	64	10159328	100	2	2200                              	74118	0	10159328	0
0.5	1100	10646	0	523548	64	10159328	100	2	2200                              	74062	0	10159328	0
0.5	1100	11563	0	555198	64	10159328	100	2	2200                              	74433	0	10159328	0
0.5	1100	10847	0	530368	64	10159328	100	2	2200                              	74433	0	10159328	0
0.5	1100	12058	0	572143	64	10159328	100	2	2200                              	74276	0	10159328	0
0.5	1100	10710	0	525842	64	10159328	100	2	2200                              	74212	0	10159328	0
0.5	1100	12490	0	587049	64	10159328	100	2	2200                              	74069	0	10159328	0
0.5	1100	11268	0	544937	64	10159328	100	2	2200                              	74278	0	10159328	0
0.5	1100	12116	0	574152	64	10159328	100	2	2200                              	73853	0	10159328	0
0.5	1100	11039	0	536957	64	10159328	100	2	2200                              	74212	0	10159328	0
0.5	1100	11002	0	535774	64	10159328	100	2	2200                              	73788	0	10159328	0
0.5	1100	10860	0	531095	64	10159328	100	2	2200                              	73684	0	10159328	0
0.5	1100	11689	0	559426	64	10159328	100	2	2200                              	74068	0	10159328	0
0.5	1100	10378	0	514483	64	10159328	100	2	2200                              	74433	0	10159328	0
0.5	1100	11194	0	542472	64	10159328	100	2	2200                              	74050	0	10159328	0
0.5	1100	12411	0	584231	64	10159328	100	2	2200                              	74223	0	10159328	0
0.5	1100	11308	0	546324	64	10159328	100	2	2200                              	74276	0	10159328	0
0.5	1100	10817	0	529448	64	10159328	100	2	2200                              	74281	0	10159328	0
0.5	1100	12377	0	583129	64	10159328	100	2	2200                              	74061	0	10159328	0
0.5	1100	11179	0	541865	64	10159328	100	2	2200                              	74055	0	10159328	0
0.5	1100	10700	0	525324	64	10159328	100	2	2200                              	74433	0	10159328	0
0.5	1100	10821	0	529624	64	10159328	100	2	2200                              	74214	0	10159328	0
0.5	1100	10770	0	527934	64	10159328	100	2	2200                              	74220	0	10159328	0
0.5	1100	11358	0	548147	64	10159328	100	2	2200                              	73891	0	10159328	0
0.5	1100	10419	0	515731	64	10159328	100	2	2200                              	74234	0	10159328	0
0.5	1100	10740	0	526768	64	10159328	100	2	2200                              	74433	0	10159328	0
0.5	1100	11334	0	547289	64	10159328	100	2	2200                              	74253	0	10159328	0
0.5	1100	10632	0	523191	64	10159328	100	2	2200                              	74433	0	10159328	0
0.5	1100	10290	0	511427	64	10159328	100	2	2200                              	74433	0	10159328	0
0.5	1100	11517	0	553495	64	10159328	100	2	2200                              	74276	0	10159328	0
0.5	1100	11244	0	544121	64	10159328	100	2	2200                              	74081	0	10159328	0
0.5	1100	11314	0	546502	64	10159328	100	2	2200                              	73969	0	10159328	0
0.5	1100	10650	0	523792	64	10159328	100	2	2200                              	74220	0	10159328	0
0.5	1100	11597	0	556416	64	10159328	100	2	2200                              	74223	0	10159328	0
0.5	1100	11822	0	563917	64	10159328	100	2	2200                              	74060	0	10159328	0
0.5	1100	10794	0	528615	64	10159328	100	2	2200                              	74433	0	10159328	0
0.5	1100	11100	0	539179	64	10159328	100	2	2200                              	74234	0	10159328	0
0.5	1100	10917	0	532893	64	10159328	100	2	2200                              	74225	0	10159328	0
0.5	1100	10732	0	526393	64	10159328	100	2	2200                              	74131	0	10159328	0
0.5	1100	10907	0	532561	64	10159328	100	2	2200                              	71846	0	10159328	0
0.5	1100	12058	0	572059	64	10159328	100	2	2200                              	73827	0	10159328	0
0.5	1100	10513	0	518847	64	10159328	100	2	2200                              	74234	0	10159328	0
0.5	1100	11508	0	553424	64	10159328	100	2	2200                              	73923	0	10159328	0
0.5	1100	11099	0	538909	64	10159328	100	2	2200                              	74212	0	10159328	0
0.5	1100	11424	0	550142	64	10159328	100	2	2200                              	74120	0	10159328	0
0.5	1100	11522	0	553574	64	10159328	100	2	2200                              	74220	0	10159328	0
0.5	1100	10601	0	521950	64	10159328	100	2	2200                              	74276	0	10159328	0
0.5	1100	10668	0	524487	64	10159328	100	2	2200                              	73853	0	10159328	0
0.5	1100	10983	0	535056	64	10159328	100	2	2200                              	74433	0	10159328	0
0.5	1100	11042	0	537221	64	10159328	100	2	2200                              	74433	0	10159328	0
0.5	1100	10760	0	527651	64	10159328	100	2	2200                              	74003	0	10159328	0
0.5	1100	10999	0	535732	64	10159328	100	2	2200                              	74214	0	10159328	0
0.5	1100	10945	0	533817	64	10159328	100	2	2200                              	74433	0	10159328	0
0.5	1100	11275	0	545202	64	10159328	100	2	2200                              	74041	0	10159328	0
0.5	1100	11166	0	541524	64	10159328	100	2	2200                              	74234	0	10159328	0
0.5	1100	11371	0	548563	64	10159328	100	2	2200                              	73958	0	10159328	0
0.5	1100	11239	0	544044	64	10159328	100	2	2200                              	74271	0	10159328	0
0.5	1100	10875	0	531444	64	10159328	100	2	2200                              	74433	0	10159328	0
0.5	1100	11610	0	556656	64	10159328	100	2	2200                              	74433	0	10159328	0
0.5	1100	11374	0	548483	64	10159328	100	2	2200                              	74019	0	10159328	0
0.5	1100	10777	0	527998	64	10159328	100	2	2200                              	74234	0	10159328	0
0.5	1100	10814	0	529279	64	10159328	100	2	2200                              	74433	0	10159328	0
0.5	1100	11169	0	541559	64	10159328	100	2	2200                              	73765	0	10159328	0
0.5	1100	11345	0	547697	64	10159328	100	2	2200                              	73788	0	10159328	0
0.5	1100	10561	0	520494	64	10159328	100	2	2200                              	74300	0	10159328	0
0.5	1100	10952	0	533960	64	10159328	100	2	2200                              	74207	0	10159328	0
0.5	1100	12265	0	579304	64	10159328	100	2	2200                              	72327	0	10159328	0
0.5	1100	11135	0	540383	64	10159328	100	2	2200                              	74055	0	10159328	0
0.5	1100	10264	0	510297	64	10159328	100	2	2200                              	74433	0	10159328	0
0.5	1100	11124	0	539936	64	10159328	100	2	2200                              	74433	0	10159328	0
0.5	1100	10872	0	531437	64	10159328	100	2	2200                              	74276	0	10159328	0
0.5	1100	10868	0	531164	64	10159328	100	2	2200                              	72686	0	10159328	0
0.5	1100	10065	0	503764	64	10159328	100	2	2200                              	74021	0	10159328	0
0.5	1100	10780	0	527997	64	10159328	100	2	2200                              	74065	0	10159328	0
0.5	1100	11067	0	538083	64	10159328	100	2	2200                              	74269	0	10159328	0
0.5	1100	10529	0	519430	64	10159328	100	2	2200                              	74433	0	10159328	0
0.5	1100	10722	0	526240	64	10159328	100	2	2200                              	74222	0	10159328	0
0.5	1100	12305	0	580726	64	10159328	100	2	2200                              	74433	0	10159328	0
0.5	1100	11195	0	542595	64	10159328	100	2	2200                              	74284	0	10159328	0
0.5	1100	11405	0	549542	64	10159328	100	2	2200                              	74275	0	10159328	0
0.5	1100	10875	0	531481	64	10159328	100	2	2200                              	74131	0	10159328	0
0.5	1100	10632	0	522864	64	10159328	100	2	2200                              	74433	0	10159328	0
0.5	1100	12945	0	602604	64	10159328	100	2	2200                              	74211	0	10159328	0
0.5	1100	11157	0	541131	64	10159328	100	2	2200                              	74281	0	10159328	0
0.5	1100	10595	0	521817	64	10159328	100	2	2200                              	74263	0	10159328	0
0.5	1100	11498	0	552755	64	10159328	100	2	2200                              	74271	0	10159328	0
0.5	1100	11578	0	555717	64	10159328	100	2	2200                              	66596	0	10159328	0
0.5	1100	12814	0	598026	64	10159328	100	2	2200                              	74276	0	10159328	0
0.5	1100	10507	0	518763	64	10159328	100	2	2200                              	74433	0	10159328	0
0.5	1100	11294	0	545878	64	10159328	100	2	2200                              	74234	0	10159328	0
0.5	1100	12242	0	578428	64	10159328	100	2	2200                              	74433	0	10159328	0
0.5	1100	11726	0	560661	64	10159328	100	2	2200                              	73890	0	10159328	0
0.5	1100	11222	0	543361	64	10159328	100	2	2200                              	74433	0	10159328	0
0.5	1100	11194	0	542420	64	10159328	100	2	2200                              	74128	0	10159328	0
0.5	1100	12170	0	576010	64	10159328	100	2	2200                              	74050	0	10159328	0
0.5	1100	10321	0	512431	64	10159328	100	2	2200                              	74433	0	10159328	0
0.5	2100	6864	0	607127	64	10159328	100	2	4200                              	68868	0	10159328	0
0.5	2100	7526	0	650368	64	10159328	100	2	4200                              	72782	0	10159328	0
0.5	2100	6941	0	612106	64	10159328	100	2	4200                              	73274	0	10159328	0
0.5	2100	6711	0	596928	64	10159328	100	2	4200                              	72923	0	10159328	0
0.5	2100	7847	0	671496	64	10159328	100	2	4200                              	73472	0	10159328	0
0.5	2100	7596	0	655104	64	10159328	100	2	4200                              	70422	0	10159328	0
0.5	2100	7088	0	621695	64	10159328	100	2	4200                              	70521	0	10159328	0
0.5	2100	6863	0	607201	64	10159328	100	2	4200                              	72637	0	10159328	0
0.5	2100	6943	0	611993	64	10159328	100	2	4200                              	72660	0	10159328	0
0.5	2100	7800	0	668490	64	10159328	100	2	4200                              	70306	0	10159328	0
0.5	2100	7460	0	646316	64	10159328	100	2	4200                              	72638	0	10159328	0
0.5	2100	7105	0	622662	64	10159328	100	2	4200                              	72904	0	10159328	0
0.5	2100	6646	0	592667	64	10159328	100	2	4200                              	72618	0	10159328	0
0.5	2100	7293	0	635204	64	10159328	100	2	4200                              	72886	0	10159328	0
0.5	2100	6767	0	600334	64	10159328	100	2	4200                              	73164	0	10159328	0
0.5	2100	6845	0	605754	64	10159328	100	2	4200                              	73287	0	10159328	0
0.5	2100	6951	0	612895	64	10159328	100	2	4200                              	72422	0	10159328	0
0.5	2100	6770	0	600872	64	10159328	100	2	4200                              	73825	0	10159328	0
0.5	2100	7267	0	633454	64	10159328	100	2	4200                              	73344	0	10159328	0
0.5	2100	7497	0	648404	64	10159328	100	2	4200                              	71498	0	10159328	0
0.5	2100	7437	0	644675	64	10159328	100	2	4200                              	71014	0	10159328	0
0.5	2100	7652	0	658963	64	10159328	100	2	4200                              	70920	0	10159328	0
0.5	2100	6955	0	612970	64	10159328	100	2	4200                              	70121	0	10159328	0
0.5	2100	7465	0	646708	64	10159328	100	2	4200                              	73125	0	10159328	0
0.5	2100	7460	0	645933	64	10159328	100	2	4200                              	73008	0	10159328	0
0.5	2100	6771	0	601007	64	10159328	100	2	4200                              	72988	0	10159328	0
0.5	2100	7234	0	631244	64	10159328	100	2	4200                              	70788	0	10159328	0
0.5	2100	6973	0	614125	64	10159328	100	2	4200                              	72136	0	10159328	0
0.5	2100	6703	0	596565	64	10159328	100	2	4200                              	73195	0	10159328	0
0.5	2100	7868	0	672643	64	10159328	100	2	4200                              	71398	0	10159328	0
0.5	2100	6869	0	607220	64	10159328	100	2	4200                              	70367	0	10159328	0
0.5	2100	6680	0	595116	64	10159328	100	2	4200                              	73057	0	10159328	0
0.5	2100	7059	0	619731	64	10159328	100	2	4200                              	73312	0	10159328	0
0.5	2100	7134	0	625095	64	10159328	100	2	4200                              	70303	0	10159328	0
0.5	2100	7236	0	631481	64	10159328	100	2	4200                              	73051	0	10159328	0
0.5	2100	7646	0	658343	64	10159328	100	2	4200                              	73607	0	10159328	0
0.5	2100	8083	0	687067	64	10159328	100	2	4200                              	72790	0	10159328	0
0.5	2100	6664	0	593879	64	10159328	100	2	4200                              	73173	0	10159328	0
0.5	2100	7511	0	649748	64	10159328	100	2	4200                              	73002	0	10159328	0
0.5	2100	7308	0	636357	64	10159328	100	2	4200                              	70618	0	10159328	0
0.5	2100	7135	0	624813	64	10159328	100	2	4200                              	71094	0	10159328	0
0.5	2100	6685	0	595118	64	10159328	100	2	4200                              	72319	0	10159328	0
0.5	2100	7136	0	625076	64	10159328	100	2	4200                              	73446	0	10159328	0
0.5	2100	6752	0	599790	64	10159328	100	2	4200                              	71339	0	10159328	0
0.5	2100	7267	0	633410	64	10159328	100	2	4200                              	71434	0	10159328	0
0.5	2100	6884	0	608552	64	10159328	100	2	4200                              	73299	0	10159328	0
0.5	2100	6997	0	615643	64	10159328	100	2	4200                              	73761	0	10159328	0
0.5	2100	8334	0	703332	64	10159328	100	2	4200                              	70693	0	10159328	0
0.5	2100	7132	0	624536	64	10159328	100	2	4200                              	72925	0	10159328	0
0.5	2100	6971	0	613931	64	10159328	100	2	4200                              	74018	0	10159328	0
0.5	2100	7112	0	623433	64	10159328	100	2	4200                              	72996	0	10159328	0
0.5	2100	6900	0	609492	64	10159328	100	2	4200                              	72771	0	10159328	0
0.5	2100	7742	0	665041	64	10159328	100	2	4200                              	68996	0	10159328	0
0.5	2100	7193	0	628539	64	10159328	100	2	4200                              	68896	0	10159328	0
0.5	2100	7245	0	631935	64	10159328	100	2	4200                              	73224	0	10159328	0
0.5	2100	7655	0	658770	64	10159328	100	2	4200                              	71304	0	10159328	0
0.5	2100	6993	0	615594	64	10159328	100	2	4200                              	70967	0	10159328	0
0.5	2100	7122	0	624124	64	10159328	100	2	4200                              	72532	0	10159328	0
0.5	2100	7373	0	640576	64	10159328	100	2	4200                              	70317	0	10159328	0
0.5	2100	7521	0	649810	64	10159328	100	2	4200                              	70383	0	10159328	0
0.5	2100	7087	0	621592	64	10159328	100	2	4200                              	73269	0	10159328	0
0.5	2100	7160	0	626328	64	10159328	100	2	4200                              	71546	0	10159328	0
0.5	2100	6792	0	602439	64	10159328	100	2	4200                              	73146	0	10159328	0
0.5	2100	6896	0	609156	64	10159328	100	2	4200                              	68699	0	10159328	0
0.5	2100	6860	0	607086	64	10159328	100	2	4200                              	73050	0	10159328	0
0.5	2100	6926	0	611406	64	10159328	100	2	4200                              	73004	0	10159328	0
0.5	2100	7248	0	632146	64	10159328	100	2	4200                              	73169	0	10159328	0
0.5	2100	6858	0	606688	64	10159328	100	2	4200                              	73033	0	10159328	0
0.5	2100	7573	0	653622	64	10159328	100	2	4200                              	69185	0	10159328	0
0.5	2100	7786	0	667553	64	10159328	100	2	4200                              	72645	0	10159328	0
0.5	2100	8120	0	689335	64	10159328	100	2	4200                              	73122	0	10159328	0
0.5	2100	7780	0	667054	64	10159328	100	2	4200                              	70671	0	10159328	0
0.5	2100	6819	0	604387	64	10159328	100	2	4200                              	73581	0	10159328	0
0.5	2100	6680	0	594959	64	10159328	100	2	4200                              	68780	0	10159328	0
0.5	2100	7409	0	642725	64	10159328	100	2	4200                              	65685	0	10159328	0
0.5	2100	7545	0	651832	64	10159328	100	2	4200                              	73351	0	10159328	0
0.5	2100	7259	0	632930	64	10159328	100	2	4200                              	73346	0	10159328	0
0.5	2100	7305	0	636245	64	10159328	100	2	4200                              	69457	0	10159328	0
0.5	2100	6777	0	601237	64	10159328	100	2	4200                              	66376	0	10159328	0
0.5	2100	7755	0	665384	64	10159328	100	2	4200                              	68719	0	10159328	0
0.5	2100	7345	0	638641	64	10159328	100	2	4200                              	70986	0	10159328	0
0.5	2100	7189	0	628415	64	10159328	100	2	4200                              	73800	0	10159328	0
0.5	2100	7624	0	657038	64	10159328	100	2	4200                              	62847	0	10159328	0
0.5	2100	6794	0	602579	64	10159328	100	2	4200                              	72693	0	10159328	0
0.5	2100	7406	0	642500	64	10159328	100	2	4200                              	69515	0	10159328	0
0.5	2100	6751	0	599500	64	10159328	100	2	4200                              	69363	0	10159328	0
0.5	2100	6994	0	615776	64	10159328	100	2	4200                              	73452	0	10159328	0
0.5	2100	7134	0	624932	64	10159328	100	2	4200                              	73126	0	10159328	0
0.5	2100	7038	0	618551	64	10159328	100	2	4200                              	72741	0	10159328	0
0.5	2100	6604	0	589967	64	10159328	100	2	4200                              	73127	0	10159328	0
0.5	2100	7800	0	668585	64	10159328	100	2	4200                              	71428	0	10159328	0
0.5	2100	7074	0	620910	64	10159328	100	2	4200                              	72780	0	10159328	0
0.5	2100	6637	0	592234	64	10159328	100	2	4200                              	72646	0	10159328	0
0.5	2100	7810	0	669200	64	10159328	100	2	4200                              	73232	0	10159328	0
0.5	2100	6755	0	600283	64	10159328	100	2	4200                              	71256	0	10159328	0
0.5	2100	7172	0	627252	64	10159328	100	2	4200                              	73521	0	10159328	0
0.5	2100	6858	0	606483	64	10159328	100	2	4200                              	72943	0	10159328	0
0.5	2100	7427	0	643790	64	10159328	100	2	4200                              	71065	0	10159328	0
0.5	2100	6691	0	595790	64	10159328	100	2	4200                              	73396	0	10159328	0
0.5	2100	6907	0	609900	64	10159328	100	2	4200                              	73037	0	10159328	0
0.5	3100	5513	0	689676	64	10159328	100	2	6200                              	67440	0	10159328	0
0.5	3100	5940	0	730854	64	10159328	100	2	6200                              	70223	0	10159328	0
0.5	3100	6151	0	751491	64	10159328	100	2	6200                              	69122	0	10159328	0
0.5	3100	5809	0	718399	64	10159328	100	2	6200                              	69514	0	10159328	0
0.5	3100	5452	0	684124	64	10159328	100	2	6200                              	72278	0	10159328	0
0.5	3100	5497	0	687914	64	10159328	100	2	6200                              	66559	0	10159328	0
0.5	3100	5335	0	671953	64	10159328	100	2	6200                              	68687	0	10159328	0
0.5	3100	5617	0	699860	64	10159328	100	2	6200                              	68550	0	10159328	0
0.5	3100	5255	0	664988	64	10159328	100	2	6200                              	71749	0	10159328	0
0.5	3100	5574	0	695921	64	10159328	100	2	6200                              	72325	0	10159328	0
0.5	3100	5267	0	666084	64	10159328	100	2	6200                              	69448	0	10159328	0
0.5	3100	5430	0	681809	64	10159328	100	2	6200                              	67794	0	10159328	0
0.5	3100	5700	0	707597	64	10159328	100	2	6200                              	69965	0	10159328	0
0.5	3100	5546	0	692835	64	10159328	100	2	6200                              	67127	0	10159328	0
0.5	3100	6254	0	761716	64	10159328	100	2	6200                              	69782	0	10159328	0
0.5	3100	5395	0	677955	64	10159328	100	2	6200                              	70272	0	10159328	0
0.5	3100	5392	0	678154	64	10159328	100	2	6200                              	71373	0	10159328	0
0.5	3100	5634	0	701457	64	10159328	100	2	6200                              	68016	0	10159328	0
0.5	3100	5695	0	707135	64	10159328	100	2	6200                              	68283	0	10159328	0
0.5	3100	5497	0	688066	64	10159328	100	2	6200                              	69087	0	10159328	0
0.5	3100	6377	0	773044	64	10159328	100	2	6200                              	64981	0	10159328	0
0.5	3100	5918	0	728559	64	10159328	100	2	6200                              	67193	0	10159328	0
0.5	3100	5869	0	724588	64	10159328	100	2	6200                              	68720	0	10159328	0
0.5	3100	5791	0	716677	64	10159328	100	2	6200                              	71346	0	10159328	0
0.5	3100	5856	0	722763	64	10159328	100	2	6200                              	69147	0	10159328	0
0.5	3100	6065	0	742918	64	10159328	100	2	6200                              	71854	0	10159328	0
0.5	3100	5889	0	726031	64	10159328	100	2	6200                              	66748	0	10159328	0
0.5	3100	5552	0	693639	64	10159328	100	2	6200                              	71819	0	10159328	0
0.5	3100	5781	0	715541	64	10159328	100	2	6200                              	67083	0	10159328	0
0.5	3100	5576	0	696006	64	10159328	100	2	6200                              	71508	0	10159328	0
0.5	3100	5266	0	665839	64	10159328	100	2	6200                              	70049	0	10159328	0
0.5	3100	5276	0	666386	64	10159328	100	2	6200                              	62394	0	10159328	0
0.5	3100	5762	0	713562	64	10159328	100	2	6200                              	68504	0	10159328	0
0.5	3100	5633	0	701496	64	10159328	100	2	6200                              	67608	0	10159328	0
0.5	3100	6309	0	766778	64	10159328	100	2	6200                              	61195	0	10159328	0
0.5	3100	5730	0	710839	64	10159328	100	2	6200                              	70709	0	10159328	0
0.5	3100	5390	0	677819	64	10159328	100	2	6200                              	69049	0	10159328	0
0.5	3100	5165	0	655688	64	10159328	100	2	6200                              	68523	0	10159328	0
0.5	3100	5802	0	717748	64	10159328	100	2	6200                              	68852	0	10159328	0
0.5	3100	5852	0	722704	64	10159328	100	2	6200                              	69493	0	10159328	0
0.5	3100	5452	0	683376	64	10159328	100	2	6200                              	64285	0	10159328	0
0.5	3100	5781	0	715586	64	10159328	100	2	6200                              	69016	0	10159328	0
0.5	3100	5651	0	703121	64	10159328	100	2	6200                              	69705	0	10159328	0
0.5	3100	5649	0	702800	64	10159328	100	2	6200                              	70703	0	10159328	0
0.5	3100	5248	0	664236	64	10159328	100	2	6200                              	71923	0	10159328	0
0.5	3100	5685	0	706595	64	10159328	100	2	6200                              	68677	0	10159328	0
0.5	3100	6197	0	755830	64	10159328	100	2	6200                              	68506	0	10159328	0
0.5	3100	5662	0	704078	64	10159328	100	2	6200                              	70725	0	10159328	0
0.5	3100	5757	0	713098	64	10159328	100	2	6200                              	68009	0	10159328	0
0.5	3100	5619	0	700125	64	10159328	100	2	6200                              	70958	0	10159328	0
0.5	3100	5076	0	647513	64	10159328	100	2	6200                              	68974	0	10159328	0
0.5	3100	5305	0	669459	64	10159328	100	2	6200                              	65539	0	10159328	0
0.5	3100	5735	0	710668	64	10159328	100	2	6200                              	67292	0	10159328	0
0.5	3100	5826	0	720164	64	10159328	100	2	6200                              	71156	0	10159328	0
0.5	3100	4879	0	628346	64	10159328	100	2	6200                              	68866	0	10159328	0
0.5	3100	5975	0	734483	64	10159328	100	2	6200                              	67242	0	10159328	0
0.5	3100	5901	0	727366	64	10159328	100	2	6200                              	67350	0	10159328	0
0.5	3100	5961	0	733096	64	10159328	100	2	6200                              	67483	0	10159328	0
0.5	3100	5821	0	719739	64	10159328	100	2	6200                              	68636	0	10159328	0
0.5	3100	5822	0	719602	64	10159328	100	2	6200                              	67532	0	10159328	0
0.5	3100	5798	0	717046	64	10159328	100	2	6200                              	72017	0	10159328	0
0.5	3100	5521	0	690598	64	10159328	100	2	6200                              	68532	0	10159328	0
0.5	3100	5994	0	736323	64	10159328	100	2	6200                              	68812	0	10159328	0
0.5	3100	5583	0	696702	64	10159328	100	2	6200                              	68864	0	10159328	0
0.5	3100	5536	0	692101	64	10159328	100	2	6200                              	69373	0	10159328	0
0.5	3100	5854	0	722660	64	10159328	100	2	6200                              	69540	0	10159328	0
0.5	3100	6062	0	742695	64	10159328	100	2	6200                              	68820	0	10159328	0
0.5	3100	5921	0	729262	64	10159328	100	2	6200                              	69469	0	10159328	0
0.5	3100	5645	0	702521	64	10159328	100	2	6200                              	66196	0	10159328	0
0.5	3100	6016	0	738393	64	10159328	100	2	6200                              	68220	0	10159328	0
0.5	3100	5487	0	687563	64	10159328	100	2	6200                              	62825	0	10159328	0
0.5	3100	5716	0	709410	64	10159328	100	2	6200                              	71916	0	10159328	0
0.5	3100	5570	0	695230	64	10159328	100	2	6200                              	67530	0	10159328	0
0.5	3100	5742	0	711439	64	10159328	100	2	6200                              	66650	0	10159328	0
0.5	3100	5690	0	706649	64	10159328	100	2	6200                              	71538	0	10159328	0
0.5	3100	5873	0	724397	64	10159328	100	2	6200                              	66383	0	10159328	0
0.5	3100	5919	0	729112	64	10159328	100	2	6200                              	69412	0	10159328	0
0.5	3100	5839	0	721484	64	10159328	100	2	6200                              	69518	0	10159328	0
0.5	3100	5231	0	662282	64	10159328	100	2	6200                              	67962	0	10159328	0
0.5	3100	6063	0	742923	64	10159328	100	2	6200                              	70014	0	10159328	0
0.5	3100	5608	0	699084	64	10159328	100	2	6200                              	66787	0	10159328	0
0.5	3100	5488	0	687333	64	10159328	100	2	6200                              	69282	0	10159328	0
0.5	3100	5684	0	706194	64	10159328	100	2	6200                              	68724	0	10159328	0
0.5	3100	5545	0	692869	64	10159328	100	2	6200                              	69027	0	10159328	0
0.5	3100	5295	0	668458	64	10159328	100	2	6200                              	68733	0	10159328	0
0.5	3100	5882	0	725331	64	10159328	100	2	6200                              	69947	0	10159328	0
0.5	3100	5630	0	701221	64	10159328	100	2	6200                              	70790	0	10159328	0
0.5	3100	5586	0	696854	64	10159328	100	2	6200                              	65166	0	10159328	0
0.5	3100	5678	0	705631	64	10159328	100	2	6200                              	61468	0	10159328	0
0.5	3100	5546	0	692890	64	10159328	100	2	6200                              	68314	0	10159328	0
0.5	3100	5875	0	724395	64	10159328	100	2	6200                              	69572	0	10159328	0
0.5	3100	5514	0	689921	64	10159328	100	2	6200                              	69304	0	10159328	0
0.5	3100	5345	0	673022	64	10159328	100	2	6200                              	66744	0	10159328	0
0.5	3100	6376	0	773354	64	10159328	100	2	6200                              	71193	0	10159328	0
0.5	3100	5732	0	710822	64	10159328	100	2	6200                              	69332	0	10159328	0
0.5	3100	5854	0	722568	64	10159328	100	2	6200                              	71644	0	10159328	0
0.5	3100	7279	0	860574	64	10159328	100	2	6200                              	66916	0	10159328	0
0.5	3100	5480	0	686527	64	10159328	100	2	6200                              	65500	0	10159328	0
0.5	3100	5957	0	732620	64	10159328	100	2	6200                              	69644	0	10159328	0
0.5	3100	6182	0	754720	64	10159328	100	2	6200                              	71801	0	10159328	0
0.5	4100	4859	0	777167	64	10159328	100	2	8200                              	67916	0	10159328	0
0.5	4100	4458	0	725798	64	10159328	100	2	8200                              	63958	0	10159328	0
0.5	4100	4899	0	781667	64	10159328	100	2	8200                              	65423	0	10159328	0
0.5	4100	5590	0	870418	64	10159328	100	2	8200                              	65983	0	10159328	0
0.5	4100	4288	0	703706	64	10159328	100	2	8200                              	64768	0	10159328	0
0.5	4100	5406	0	846441	64	10159328	100	2	8200                              	68083	0	10159328	0
0.5	4100	4915	0	784288	64	10159328	100	2	8200                              	66536	0	10159328	0
0.5	4100	5451	0	852706	64	10159328	100	2	8200                              	67591	0	10159328	0
0.5	4100	4821	0	772118	64	10159328	100	2	8200                              	67063	0	10159328	0
0.5	4100	5173	0	817756	64	10159328	100	2	8200                              	68228	0	10159328	0
0.5	4100	4699	0	756181	64	10159328	100	2	8200                              	65536	0	10159328	0
0.5	4100	4416	0	720470	64	10159328	100	2	8200                              	67635	0	10159328	0
0.5	4100	4899	0	782252	64	10159328	100	2	8200                              	64697	0	10159328	0
0.5	4100	4781	0	767212	64	10159328	100	2	8200                              	57871	0	10159328	0
0.5	4100	4892	0	781100	64	10159328	100	2	8200                              	62745	0	10159328	0
0.5	4100	4572	0	740376	64	10159328	100	2	8200                              	66679	0	10159328	0
0.5	4100	4790	0	768552	64	10159328	100	2	8200                              	67825	0	10159328	0
0.5	4100	4721	0	759493	64	10159328	100	2	8200                              	67631	0	10159328	0
0.5	4100	5369	0	842667	64	10159328	100	2	8200                              	67344	0	10159328	0
0.5	4100	4992	0	794395	64	10159328	100	2	8200                              	68764	0	10159328	0
0.5	4100	4667	0	752503	64	10159328	100	2	8200                              	58387	0	10159328	0
0.5	4100	5059	0	802831	64	10159328	100	2	8200                              	65157	0	10159328	0
0.5	4100	5042	0	801026	64	10159328	100	2	8200                              	63465	0	10159328	0
0.5	4100	4599	0	743616	64	10159328	100	2	8200                              	66668	0	10159328	0
0.5	4100	4927	0	786502	64	10159328	100	2	8200                              	67330	0	10159328	0
0.5	4100	5054	0	801840	64	10159328	100	2	8200                              	66348	0	10159328	0
0.5	4100	4677	0	753598	64	10159328	100	2	8200                              	66927	0	10159328	0
0.5	4100	4758	0	764510	64	10159328	100	2	8200                              	63611	0	10159328	0
0.5	4100	4817	0	771668	64	10159328	100	2	8200                              	64231	0	10159328	0
0.5	4100	5074	0	804729	64	10159328	100	2	8200                              	62636	0	10159328	0
0.5	4100	4443	0	723465	64	10159328	100	2	8200                              	65506	0	10159328	0
0.5	4100	4702	0	756819	64	10159328	100	2	8200                              	64389	0	10159328	0
0.5	4100	4846	0	775876	64	10159328	100	2	8200                              	65782	0	10159328	0
0.5	4100	4528	0	734597	64	10159328	100	2	8200                              	64874	0	10159328	0
0.5	4100	4508	0	732418	64	10159328	100	2	8200                              	68401	0	10159328	0
0.5	4100	4421	0	720864	64	10159328	100	2	8200                              	67832	0	10159328	0
0.5	4100	4682	0	754456	64	10159328	100	2	8200                              	57241	0	10159328	0
0.5	4100	4971	0	792250	64	10159328	100	2	8200                              	65529	0	10159328	0
0.5	4100	4824	0	772309	64	10159328	100	2	8200                              	68941	0	10159328	0
0.5	4100	5218	0	823257	64	10159328	100	2	8200                              	63751	0	10159328	0
0.5	4100	4980	0	792684	64	10159328	100	2	8200                              	66001	0	10159328	0
0.5	4100	4445	0	723741	64	10159328	100	2	8200                              	62261	0	10159328	0
0.5	4100	4861	0	777692	64	10159328	100	2	8200                              	65597	0	10159328	0
0.5	4100	4504	0	731736	64	10159328	100	2	8200                              	65293	0	10159328	0
0.5	4100	5604	0	872588	64	10159328	100	2	8200                              	63858	0	10159328	0
0.5	4100	4788	0	768025	64	10159328	100	2	8200                              	64073	0	10159328	0
0.5	4100	4586	0	742349	64	10159328	100	2	8200                              	65292	0	10159328	0
0.5	4100	4795	0	768875	64	10159328	100	2	8200                              	59222	0	10159328	0
0.5	4100	4488	0	729832	64	10159328	100	2	8200                              	63995	0	10159328	0
0.5	4100	4377	0	715089	64	10159328	100	2	8200                              	69927	0	10159328	0
0.5	4100	4715	0	759130	64	10159328	100	2	8200                              	63685	0	10159328	0
0.5	4100	4519	0	733803	64	10159328	100	2	8200                              	65671	0	10159328	0
0.5	4100	4705	0	757805	64	10159328	100	2	8200                              	67692	0	10159328	0
0.5	4100	4763	0	764454	64	10159328	100	2	8200                              	64341	0	10159328	0
0.5	4100	4479	0	728825	64	10159328	100	2	8200                              	64829	0	10159328	0
0.5	4100	4744	0	761824	64	10159328	100	2	8200                              	66456	0	10159328	0
0.5	4100	5049	0	801647	64	10159328	100	2	8200                              	67060	0	10159328	0
0.5	4100	4889	0	781153	64	10159328	100	2	8200                              	64963	0	10159328	0
0.5	4100	4742	0	762515	64	10159328	100	2	8200                              	64243	0	10159328	0
0.5	4100	5056	0	802591	64	10159328	100	2	8200                              	65791	0	10159328	0
0.5	4100	4645	0	749828	64	10159328	100	2	8200                              	67060	0	10159328	0
0.5	4100	4601	0	744376	64	10159328	100	2	8200                              	65161	0	10159328	0
0.5	4100	5216	0	822587	64	10159328	100	2	8200                              	58926	0	10159328	0
0.5	4100	4772	0	765297	64	10159328	100	2	8200                              	67462	0	10159328	0
0.5	4100	4646	0	750082	64	10159328	100	2	8200                              	64466	0	10159328	0
0.5	4100	4753	0	763536	64	10159328	100	2	8200                              	67261	0	10159328	0
0.5	4100	5064	0	803644	64	10159328	100	2	8200                              	67535	0	10159328	0
0.5	4100	4739	0	762275	64	10159328	100	2	8200                              	61614	0	10159328	0
0.5	4100	4814	0	771291	64	10159328	100	2	8200                              	66589	0	10159328	0
0.5	4100	4832	0	773671	64	10159328	100	2	8200                              	66181	0	10159328	0
0.5	4100	5049	0	801769	64	10159328	100	2	8200                              	63920	0	10159328	0
0.5	4100	4957	0	789265	64	10159328	100	2	8200                              	67174	0	10159328	0
0.5	4100	4494	0	730584	64	10159328	100	2	8200                              	69780	0	10159328	0
0.5	4100	4428	0	721371	64	10159328	100	2	8200                              	66435	0	10159328	0
0.5	4100	4355	0	712512	64	10159328	100	2	8200                              	66380	0	10159328	0
0.5	4100	4753	0	763240	64	10159328	100	2	8200                              	65982	0	10159328	0
0.5	4100	4965	0	790652	64	10159328	100	2	8200                              	64825	0	10159328	0
0.5	4100	5075	0	804902	64	10159328	100	2	8200                              	68305	0	10159328	0
0.5	4100	4648	0	750108	64	10159328	100	2	8200                              	66861	0	10159328	0
0.5	4100	4468	0	726974	64	10159328	100	2	8200                              	67741	0	10159328	0
0.5	4100	4716	0	759174	64	10159328	100	2	8200                              	66608	0	10159328	0
0.5	4100	4652	0	750364	64	10159328	100	2	8200                              	62694	0	10159328	0
0.5	4100	4784	0	767241	64	10159328	100	2	8200                              	61732	0	10159328	0
0.5	4100	4470	0	727243	64	10159328	100	2	8200                              	66419	0	10159328	0
0.5	4100	4555	0	738128	64	10159328	100	2	8200                              	63333	0	10159328	0
0.5	4100	4990	0	793974	64	10159328	100	2	8200                              	65644	0	10159328	0
0.5	4100	4729	0	760598	64	10159328	100	2	8200                              	68654	0	10159328	0
0.5	4100	4758	0	764049	64	10159328	100	2	8200                              	65486	0	10159328	0
0.5	4100	4653	0	750671	64	10159328	100	2	8200                              	68333	0	10159328	0
0.5	4100	4762	0	764367	64	10159328	100	2	8200                              	69289	0	10159328	0
0.5	4100	4784	0	768100	64	10159328	100	2	8200                              	68804	0	10159328	0
0.5	4100	5452	0	852703	64	10159328	100	2	8200                              	67316	0	10159328	0
0.5	4100	4984	0	793333	64	10159328	100	2	8200                              	68439	0	10159328	0
0.5	4100	4768	0	765909	64	10159328	100	2	8200                              	66164	0	10159328	0
0.5	4100	4940	0	787525	64	10159328	100	2	8200                              	65750	0	10159328	0
0.5	4100	4597	0	744172	64	10159328	100	2	8200                              	67123	0	10159328	0
0.5	4100	4559	0	738713	64	10159328	100	2	8200                              	66071	0	10159328	0
0.5	4100	4944	0	788230	64	10159328	100	2	8200                              	68209	0	10159328	0
0.5	4100	5334	0	838136	64	10159328	100	2	8200                              	62370	0	10159328	0
0.5	4100	4416	0	720419	64	10159328	100	2	8200                              	68304	0	10159328	0
0.5	5100	3993	0	790220	64	10159328	100	2	10200                              	56802	0	10159328	0
0.5	5100	4381	0	851394	64	10159328	100	2	10200                              	63029	0	10159328	0
0.5	5100	4460	0	863973	64	10159328	100	2	10200                              	63297	0	10159328	0
0.5	5100	4414	0	856862	64	10159328	100	2	10200                              	63691	0	10159328	0
0.5	5100	4190	0	821126	64	10159328	100	2	10200                              	61916	0	10159328	0
0.5	5100	4318	0	841723	64	10159328	100	2	10200                              	62883	0	10159328	0
0.5	5100	4620	0	889706	64	10159328	100	2	10200                              	64281	0	10159328	0
0.5	5100	4696	0	901252	64	10159328	100	2	10200                              	65060	0	10159328	0
0.5	5100	4251	0	830871	64	10159328	100	2	10200                              	60757	0	10159328	0
0.5	5100	4487	0	868866	64	10159328	100	2	10200                              	54182	0	10159328	0
0.5	5100	4191	0	821381	64	10159328	100	2	10200                              	64400	0	10159328	0
0.5	5100	4520	0	872843	64	10159328	100	2	10200                              	63500	0	10159328	0
0.5	5100	4370	0	849713	64	10159328	100	2	10200                              	58835	0	10159328	0
0.5	5100	4238	0	828981	64	10159328	100	2	10200                              	64846	0	10159328	0
0.5	5100	4132	0	811455	64	10159328	100	2	10200                              	65290	0	10159328	0
0.5	5100	4710	0	904194	64	10159328	100	2	10200                              	65101	0	10159328	0
0.5	5100	4173	0	818542	64	10159328	100	2	10200                              	63263	0	10159328	0
0.5	5100	3982	0	788455	64	10159328	100	2	10200                              	61303	0	10159328	0
0.5	5100	4583	0	883705	64	10159328	100	2	10200                              	63962	0	10159328	0
0.5	5100	4310	0	841193	64	10159328	100	2	10200                              	62301	0	10159328	0
0.5	5100	4068	0	801388	64	10159328	100	2	10200                              	64285	0	10159328	0
0.5	5100	3914	0	776587	64	10159328	100	2	10200                              	61872	0	10159328	0
0.5	5100	4203	0	823069	64	10159328	100	2	10200                              	60768	0	10159328	0
0.5	5100	4664	0	896196	64	10159328	100	2	10200                              	55244	0	10159328	0
0.5	5100	4897	0	933836	64	10159328	100	2	10200                              	60020	0	10159328	0
0.5	5100	4643	0	893503	64	10159328	100	2	10200                              	61861	0	10159328	0
0.5	5100	4363	0	849233	64	10159328	100	2	10200                              	63532	0	10159328	0
0.5	5100	4473	0	867133	64	10159328	100	2	10200                              	64222	0	10159328	0
0.5	5100	3963	0	784937	64	10159328	100	2	10200                              	68255	0	10159328	0
0.5	5100	4497	0	869914	64	10159328	100	2	10200                              	61085	0	10159328	0
0.5	5100	4154	0	815723	64	10159328	100	2	10200                              	59193	0	10159328	0
0.5	5100	4417	0	857840	64	10159328	100	2	10200                              	62221	0	10159328	0
0.5	5100	4747	0	909877	64	10159328	100	2	10200                              	62578	0	10159328	0
0.5	5100	4147	0	813958	64	10159328	100	2	10200                              	63592	0	10159328	0
0.5	5100	4626	0	891005	64	10159328	100	2	10200                              	58661	0	10159328	0
0.5	5100	4345	0	846484	64	10159328	100	2	10200                              	64800	0	10159328	0
0.5	5100	4151	0	814573	64	10159328	100	2	10200                              	59903	0	10159328	0
0.5	5100	4133	0	812186	64	10159328	100	2	10200                              	61982	0	10159328	0
0.5	5100	4288	0	836992	64	10159328	100	2	10200                              	62426	0	10159328	0
0.5	5100	4130	0	811837	64	10159328	100	2	10200                              	59331	0	10159328	0
0.5	5100	4983	0	947285	64	10159328	100	2	10200                              	64300	0	10159328	0
0.5	5100	4127	0	811032	64	10159328	100	2	10200                              	64325	0	10159328	0
0.5	5100	4086	0	805436	64	10159328	100	2	10200                              	63373	0	10159328	0
0.5	5100	4321	0	841439	64	10159328	100	2	10200                              	59354	0	10159328	0
0.5	5100	4078	0	803529	64	10159328	100	2	10200                              	63955	0	10159328	0
0.5	5100	4140	0	812848	64	10159328	100	2	10200                              	62124	0	10159328	0
0.5	5100	4698	0	901253	64	10159328	100	2	10200                              	62525	0	10159328	0
0.5	5100	4524	0	874534	64	10159328	100	2	10200                              	63559	0	10159328	0
0.5	5100	4310	0	839617	64	10159328	100	2	10200                              	64214	0	10159328	0
0.5	5100	4399	0	855008	64	10159328	100	2	10200                              	60381	0	10159328	0
0.5	5100	4180	0	820318	64	10159328	100	2	10200                              	60379	0	10159328	0
0.5	5100	4451	0	862811	64	10159328	100	2	10200                              	66189	0	10159328	0
0.5	5100	4179	0	819259	64	10159328	100	2	10200                              	64696	0	10159328	0
0.5	5100	4537	0	876492	64	10159328	100	2	10200                              	63966	0	10159328	0
0.5	5100	4274	0	834447	64	10159328	100	2	10200                              	64973	0	10159328	0
0.5	5100	4554	0	879717	64	10159328	100	2	10200                              	62089	0	10159328	0
0.5	5100	4947	0	942087	64	10159328	100	2	10200                              	65169	0	10159328	0
0.5	5100	3972	0	786992	64	10159328	100	2	10200                              	63211	0	10159328	0
0.5	5100	4211	0	824950	64	10159328	100	2	10200                              	66431	0	10159328	0
0.5	5100	4205	0	822790	64	10159328	100	2	10200                              	64162	0	10159328	0
0.5	5100	4222	0	826267	64	10159328	100	2	10200                              	63623	0	10159328	0
0.5	5100	4440	0	860507	64	10159328	100	2	10200                              	61560	0	10159328	0
0.5	5100	4321	0	842362	64	10159328	100	2	10200                              	62335	0	10159328	0
0.5	5100	4499	0	870289	64	10159328	100	2	10200                              	61821	0	10159328	0
0.5	5100	4805	0	920267	64	10159328	100	2	10200                              	62382	0	10159328	0
0.5	5100	4469	0	865479	64	10159328	100	2	10200                              	67457	0	10159328	0
0.5	5100	4484	0	868876	64	10159328	100	2	10200                              	64551	0	10159328	0
0.5	5100	4588	0	884272	64	10159328	100	2	10200                              	61665	0	10159328	0
0.5	5100	4333	0	844636	64	10159328	100	2	10200                              	60726	0	10159328	0
0.5	5100	4326	0	842579	64	10159328	100	2	10200                              	60065	0	10159328	0
0.5	5100	3903	0	776250	64	10159328	100	2	10200                              	63540	0	10159328	0
0.5	5100	3990	0	789313	64	10159328	100	2	10200                              	60091	0	10159328	0
0.5	5100	4159	0	817103	64	10159328	100	2	10200                              	64663	0	10159328	0
0.5	5100	4148	0	814756	64	10159328	100	2	10200                              	65754	0	10159328	0
0.5	5100	4297	0	838574	64	10159328	100	2	10200                              	60754	0	10159328	0
0.5	5100	3834	0	764423	64	10159328	100	2	10200                              	66017	0	10159328	0
0.5	5100	4088	0	805254	64	10159328	100	2	10200                              	63212	0	10159328	0
0.5	5100	3962	0	785228	64	10159328	100	2	10200                              	62712	0	10159328	0
0.5	5100	4540	0	877773	64	10159328	100	2	10200                              	60804	0	10159328	0
0.5	5100	4293	0	837681	64	10159328	100	2	10200                              	63596	0	10159328	0
0.5	5100	4782	0	915664	64	10159328	100	2	10200                              	61889	0	10159328	0
0.5	5100	4542	0	878267	64	10159328	100	2	10200                              	63250	0	10159328	0
0.5	5100	4281	0	835307	64	10159328	100	2	10200                              	66428	0	10159328	0
0.5	5100	4281	0	835833	64	10159328	100	2	10200                              	64440	0	10159328	0
0.5	5100	4413	0	857361	64	10159328	100	2	10200                              	55951	0	10159328	0
0.5	5100	4051	0	798934	64	10159328	100	2	10200                              	64679	0	10159328	0
0.5	5100	4514	0	872693	64	10159328	100	2	10200                              	60905	0	10159328	0
0.5	5100	3888	0	773592	64	10159328	100	2	10200                              	59981	0	10159328	0
0.5	5100	4198	0	822336	64	10159328	100	2	10200                              	61723	0	10159328	0
0.5	5100	4293	0	837913	64	10159328	100	2	10200                              	65879	0	10159328	0
0.5	5100	4561	0	879633	64	10159328	100	2	10200                              	65341	0	10159328	0
0.5	5100	4693	0	901247	64	10159328	100	2	10200                              	62282	0	10159328	0
0.5	5100	4185	0	819987	64	10159328	100	2	10200                              	64452	0	10159328	0
0.5	5100	4163	0	817477	64	10159328	100	2	10200                              	65422	0	10159328	0
0.5	5100	4592	0	885546	64	10159328	100	2	10200                              	61328	0	10159328	0
0.5	5100	4325	0	842451	64	10159328	100	2	10200                              	60536	0	10159328	0
0.5	5100	4777	0	914420	64	10159328	100	2	10200                              	61606	0	10159328	0
0.5	5100	4577	0	882710	64	10159328	100	2	10200                              	60458	0	10159328	0
0.5	5100	4435	0	860632	64	10159328	100	2	10200                              	67467	0	10159328	0
0.5	5100	4275	0	835474	64	10159328	100	2	10200                              	60449	0	10159328	0
0.5	6100	3547	0	827553	64	10159328	100	2	12200                              	59412	0	10159328	0
0.5	6100	3755	0	867858	64	10159328	100	2	12200                              	60811	0	10159328	0
0.5	6100	3871	0	890386	64	10159328	100	2	12200                              	58791	0	10159328	0
0.5	6100	3708	0	860346	64	10159328	100	2	12200                              	62049	0	10159328	0
0.5	6100	4317	0	974655	64	10159328	100	2	12200                              	60771	0	10159328	0
0.5	6100	4045	0	923540	64	10159328	100	2	12200                              	57373	0	10159328	0
0.5	6100	3825	0	882347	64	10159328	100	2	12200                              	66108	0	10159328	0
0.5	6100	4557	0	1021450	64	10159328	100	2	12200                              	56920	0	10159328	0
0.5	6100	3780	0	873728	64	10159328	100	2	12200                              	53549	0	10159328	0
0.5	6100	4074	0	929365	64	10159328	100	2	12200                              	59464	0	10159328	0
0.5	6100	4415	0	994743	64	10159328	100	2	12200                              	60321	0	10159328	0
0.5	6100	3691	0	854972	64	10159328	100	2	12200                              	59525	0	10159328	0
0.5	6100	3957	0	907008	64	10159328	100	2	12200                              	60061	0	10159328	0
0.5	6100	3890	0	893873	64	10159328	100	2	12200                              	61686	0	10159328	0
0.5	6100	3981	0	911502	64	10159328	100	2	12200                              	59235	0	10159328	0
0.5	6100	3778	0	873228	64	10159328	100	2	12200                              	61343	0	10159328	0
0.5	6100	4084	0	930851	64	10159328	100	2	12200                              	58554	0	10159328	0
0.5	6100	3931	0	901115	64	10159328	100	2	12200                              	59501	0	10159328	0
0.5	6100	3821	0	881124	64	10159328	100	2	12200                              	58692	0	10159328	0
0.5	6100	4243	0	961216	64	10159328	100	2	12200                              	61676	0	10159328	0
0.5	6100	4031	0	921525	64	10159328	100	2	12200                              	62238	0	10159328	0
0.5	6100	4459	0	1002676	64	10159328	100	2	12200                              	56335	0	10159328	0
0.5	6100	3985	0	912427	64	10159328	100	2	12200                              	61637	0	10159328	0
0.5	6100	3771	0	871998	64	10159328	100	2	12200                              	63067	0	10159328	0
0.5	6100	4123	0	938227	64	10159328	100	2	12200                              	60951	0	10159328	0
0.5	6100	4010	0	916025	64	10159328	100	2	12200                              	59348	0	10159328	0
0.5	6100	3994	0	913141	64	10159328	100	2	12200                              	60465	0	10159328	0
0.5	6100	4006	0	915565	64	10159328	100	2	12200                              	62463	0	10159328	0
0.5	6100	3853	0	886770	64	10159328	100	2	12200                              	62033	0	10159328	0
0.5	6100	4042	0	923446	64	10159328	100	2	12200                              	61394	0	10159328	0
0.5	6100	3789	0	875803	64	10159328	100	2	12200                              	58911	0	10159328	0
0.5	6100	4009	0	915896	64	10159328	100	2	12200                              	61622	0	10159328	0
0.5	6100	4366	0	985346	64	10159328	100	2	12200                              	57694	0	10159328	0
0.5	6100	3840	0	884793	64	10159328	100	2	12200                              	61024	0	10159328	0
0.5	6100	4535	0	1017557	64	10159328	100	2	12200                              	54867	0	10159328	0
0.5	6100	4265	0	964477	64	10159328	100	2	12200                              	64731	0	10159328	0
0.5	6100	3953	0	906129	64	10159328	100	2	12200                              	60926	0	10159328	0
0.5	6100	4120	0	937564	64	10159328	100	2	12200                              	62031	0	10159328	0
0.5	6100	3872	0	889923	64	10159328	100	2	12200                              	59262	0	10159328	0
0.5	6100	3700	0	857544	64	10159328	100	2	12200                              	52523	0	10159328	0
0.5	6100	4403	0	991547	64	10159328	100	2	12200                              	62669	0	10159328	0
0.5	6100	3855	0	887811	64	10159328	100	2	12200                              	62657	0	10159328	0
0.5	6100	3797	0	875885	64	10159328	100	2	12200                              	58945	0	10159328	0
0.5	6100	3421	0	804089	64	10159328	100	2	12200                              	64669	0	10159328	0
0.5	6100	4282	0	968975	64	10159328	100	2	12200                              	62086	0	10159328	0
0.5	6100	4025	0	920072	64	10159328	100	2	12200                              	54692	0	10159328	0
0.5	6100	3901	0	896813	64	10159328	100	2	12200                              	59857	0	10159328	0
0.5	6100	3626	0	842846	64	10159328	100	2	12200                              	62669	0	10159328	0
0.5	6100	3681	0	853748	64	10159328	100	2	12200                              	51788	0	10159328	0
0.5	6100	3816	0	878460	64	10159328	100	2	12200                              	62928	0	10159328	0
0.5	6100	3927	0	900813	64	10159328	100	2	12200                              	59348	0	10159328	0
0.5	6100	4036	0	922714	64	10159328	100	2	12200                              	61477	0	10159328	0
0.5	6100	4008	0	916128	64	10159328	100	2	12200                              	62087	0	10159328	0
0.5	6100	4177	0	948428	64	10159328	100	2	12200                              	62785	0	10159328	0
0.5	6100	3797	0	876598	64	10159328	100	2	12200                              	63906	0	10159328	0
0.5	6100	3966	0	909312	64	10159328	100	2	12200                              	63825	0	10159328	0
0.5	6100	3841	0	885821	64	10159328	100	2	12200                              	60197	0	10159328	0
0.5	6100	4007	0	915915	64	10159328	100	2	12200                              	64730	0	10159328	0
0.5	6100	3873	0	890348	64	10159328	100	2	12200                              	52778	0	10159328	0
0.5	6100	3836	0	883813	64	10159328	100	2	12200                              	59991	0	10159328	0
0.5	6100	3992	0	912938	64	10159328	100	2	12200                              	62754	0	10159328	0
0.5	6100	3816	0	879076	64	10159328	100	2	12200                              	61629	0	10159328	0
0.5	6100	3914	0	898687	64	10159328	100	2	12200                              	62261	0	10159328	0
0.5	6100	3914	0	898453	64	10159328	100	2	12200                              	59506	0	10159328	0
0.5	6100	4081	0	931204	64	10159328	100	2	12200                              	58747	0	10159328	0
0.5	6100	4080	0	929946	64	10159328	100	2	12200                              	61688	0	10159328	0
0.5	6100	3943	0	903607	64	10159328	100	2	12200                              	64224	0	10159328	0
0.5	6100	4154	0	944877	64	10159328	100	2	12200                              	62836	0	10159328	0
0.5	6100	3644	0	848180	64	10159328	100	2	12200                              	60757	0	10159328	0
0.5	6100	3802	0	877842	64	10159328	100	2	12200                              	60009	0	10159328	0
0.5	6100	3944	0	903682	64	10159328	100	2	12200                              	62241	0	10159328	0
0.5	6100	3772	0	872734	64	10159328	100	2	12200                              	62191	0	10159328	0
0.5	6100	3933	0	901950	64	10159328	100	2	12200                              	63718	0	10159328	0
0.5	6100	3963	0	908655	64	10159328	100	2	12200                              	60373	0	10159328	0
0.5	6100	4329	0	976612	64	10159328	100	2	12200                              	60059	0	10159328	0
0.5	6100	4220	0	958064	64	10159328	100	2	12200                              	58666	0	10159328	0
0.5	6100	4812	0	1070444	64	10159328	100	2	12200                              	56598	0	10159328	0
0.5	6100	3863	0	888523	64	10159328	100	2	12200                              	59517	0	10159328	0
0.5	6100	4085	0	932279	64	10159328	100	2	12200                              	63285	0	10159328	0
0.5	6100	3854	0	887414	64	10159328	100	2	12200                              	62044	0	10159328	0
0.5	6100	3983	0	912211	64	10159328	100	2	12200                              	57509	0	10159328	0
0.5	6100	3904	0	897620	64	10159328	100	2	12200                              	48334	0	10159328	0
0.5	6100	3679	0	853605	64	10159328	100	2	12200                              	62672	0	10159328	0
0.5	6100	4031	0	921786	64	10159328	100	2	12200                              	63197	0	10159328	0
0.5	6100	3970	0	909847	64	10159328	100	2	12200                              	62310	0	10159328	0
0.5	6100	3812	0	878397	64	10159328	100	2	12200                              	60502	0	10159328	0
0.5	6100	3916	0	899528	64	10159328	100	2	12200                              	60681	0	10159328	0
0.5	6100	4157	0	945541	64	10159328	100	2	12200                              	59482	0	10159328	0
0.5	6100	3682	0	853605	64	10159328	100	2	12200                              	53933	0	10159328	0
0.5	6100	4008	0	916028	64	10159328	100	2	12200                              	61928	0	10159328	0
0.5	6100	3692	0	857194	64	10159328	100	2	12200                              	60558	0	10159328	0
0.5	6100	3904	0	896856	64	10159328	100	2	12200                              	64995	0	10159328	0
0.5	6100	3669	0	851951	64	10159328	100	2	12200                              	64275	0	10159328	0
0.5	6100	4019	0	919393	64	10159328	100	2	12200                              	50938	0	10159328	0
0.5	6100	4302	0	972429	64	10159328	100	2	12200                              	57797	0	10159328	0
0.5	6100	3934	0	901984	64	10159328	100	2	12200                              	60543	0	10159328	0
0.5	6100	3888	0	894026	64	10159328	100	2	12200                              	60087	0	10159328	0
0.5	6100	3825	0	881697	64	10159328	100	2	12200                              	62432	0	10159328	0
0.5	6100	3754	0	866980	64	10159328	100	2	12200                              	52641	0	10159328	0
0.5	6100	3900	0	896641	64	10159328	100	2	12200                              	56233	0	10159328	0
0.5	7100	3870	0	1009265	64	10159328	100	2	14200                              	58544	0	10159328	0
0.5	7100	3605	0	952468	64	10159328	100	2	14200                              	52713	0	10159328	0
0.5	7100	3514	0	931013	64	10159328	100	2	14200                              	58049	0	10159328	0
0.5	7100	4535	0	1157601	64	10159328	100	2	14200                              	54929	0	10159328	0
0.5	7100	3700	0	973543	64	10159328	100	2	14200                              	60685	0	10159328	0
0.5	7100	3625	0	956113	64	10159328	100	2	14200                              	58356	0	10159328	0
0.5	7100	3765	0	986897	64	10159328	100	2	14200                              	58994	0	10159328	0
0.5	7100	3615	0	952865	64	10159328	100	2	14200                              	60731	0	10159328	0
0.5	7100	3632	0	956650	64	10159328	100	2	14200                              	52701	0	10159328	0
0.5	7100	3691	0	970537	64	10159328	100	2	14200                              	59265	0	10159328	0
0.5	7100	4142	0	1071244	64	10159328	100	2	14200                              	58823	0	10159328	0
0.5	7100	3793	0	993634	64	10159328	100	2	14200                              	57994	0	10159328	0
0.5	7100	3742	0	982702	64	10159328	100	2	14200                              	50749	0	10159328	0
0.5	7100	3496	0	926095	64	10159328	100	2	14200                              	58252	0	10159328	0
0.5	7100	3767	0	987059	64	10159328	100	2	14200                              	53668	0	10159328	0
0.5	7100	3617	0	953492	64	10159328	100	2	14200                              	59942	0	10159328	0
0.5	7100	3830	0	1000713	64	10159328	100	2	14200                              	58680	0	10159328	0
0.5	7100	3848	0	1005432	64	10159328	100	2	14200                              	58985	0	10159328	0
0.5	7100	3443	0	915620	64	10159328	100	2	14200                              	55581	0	10159328	0
0.5	7100	3924	0	1022369	64	10159328	100	2	14200                              	56812	0	10159328	0
0.5	7100	3848	0	1005360	64	10159328	100	2	14200                              	56715	0	10159328	0
0.5	7100	3975	0	1033307	64	10159328	100	2	14200                              	55647	0	10159328	0
0.5	7100	3877	0	1012067	64	10159328	100	2	14200                              	61114	0	10159328	0
0.5	7100	3481	0	922866	64	10159328	100	2	14200                              	59680	0	10159328	0
0.5	7100	3621	0	954537	64	10159328	100	2	14200                              	58810	0	10159328	0
0.5	7100	4158	0	1074805	64	10159328	100	2	14200                              	59623	0	10159328	0
0.5	7100	3597	0	949043	64	10159328	100	2	14200                              	63179	0	10159328	0
0.5	7100	4099	0	1060748	64	10159328	100	2	14200                              	56655	0	10159328	0
0.5	7100	3647	0	960555	64	10159328	100	2	14200                              	58445	0	10159328	0
0.5	7100	3828	0	1001073	64	10159328	100	2	14200                              	47975	0	10159328	0
0.5	7100	3530	0	935196	64	10159328	100	2	14200                              	62638	0	10159328	0
0.5	7100	3608	0	951434	64	10159328	100	2	14200                              	54996	0	10159328	0
0.5	7100	3564	0	942289	64	10159328	100	2	14200                              	59697	0	10159328	0
0.5	7100	3878	0	1012031	64	10159328	100	2	14200                              	53998	0	10159328	0
0.5	7100	3736	0	980104	64	10159328	100	2	14200                              	62617	0	10159328	0
0.5	7100	4347	0	1115859	64	10159328	100	2	14200                              	58328	0	10159328	0
0.5	7100	3679	0	967257	64	10159328	100	2	14200                              	60883	0	10159328	0
0.5	7100	3566	0	943505	64	10159328	100	2	14200                              	55295	0	10159328	0
0.5	7100	3497	0	927307	64	10159328	100	2	14200                              	56118	0	10159328	0
0.5	7100	3975	0	1034025	64	10159328	100	2	14200                              	61707	0	10159328	0
0.5	7100	3879	0	1011522	64	10159328	100	2	14200                              	56736	0	10159328	0
0.5	7100	3500	0	928131	64	10159328	100	2	14200                              	60247	0	10159328	0
0.5	7100	4058	0	1052148	64	10159328	100	2	14200                              	56817	0	10159328	0
0.5	7100	3847	0	1005482	64	10159328	100	2	14200                              	49884	0	10159328	0
0.5	7100	3752	0	984693	64	10159328	100	2	14200                              	59135	0	10159328	0
0.5	7100	3595	0	949174	64	10159328	100	2	14200                              	61906	0	10159328	0
0.5	7100	3175	0	855913	64	10159328	100	2	14200                              	57261	0	10159328	0
0.5	7100	3893	0	1016165	64	10159328	100	2	14200                              	61163	0	10159328	0
0.5	7100	3499	0	928156	64	10159328	100	2	14200                              	57350	0	10159328	0
0.5	7100	3483	0	923116	64	10159328	100	2	14200                              	58764	0	10159328	0
0.5	7100	4231	0	1090028	64	10159328	100	2	14200                              	57613	0	10159328	0
0.5	7100	3582	0	947560	64	10159328	100	2	14200                              	59803	0	10159328	0
0.5	7100	3844	0	1004966	64	10159328	100	2	14200                              	54249	0	10159328	0
0.5	7100	4275	0	1100698	64	10159328	100	2	14200                              	56839	0	10159328	0
0.5	7100	3756	0	984493	64	10159328	100	2	14200                              	56100	0	10159328	0
0.5	7100	3811	0	997040	64	10159328	100	2	14200                              	55118	0	10159328	0
0.5	7100	3813	0	997459	64	10159328	100	2	14200                              	60392	0	10159328	0
0.5	7100	4017	0	1043362	64	10159328	100	2	14200                              	59603	0	10159328	0
0.5	7100	3303	0	884811	64	10159328	100	2	14200                              	62511	0	10159328	0
0.5	7100	3961	0	1030335	64	10159328	100	2	14200                              	58882	0	10159328	0
0.5	7100	3989	0	1037032	64	10159328	100	2	14200                              	50547	0	10159328	0
0.5	7100	3692	0	970933	64	10159328	100	2	14200                              	60047	0	10159328	0
0.5	7100	3854	0	1006290	64	10159328	100	2	14200                              	57734	0	10159328	0
0.5	7100	3831	0	1001834	64	10159328	100	2	14200                              	56392	0	10159328	0
0.5	7100	3876	0	1010522	64	10159328	100	2	14200                              	54191	0	10159328	0
0.5	7100	4385	0	1124466	64	10159328	100	2	14200                              	54867	0	10159328	0
0.5	7100	3811	0	997083	64	10159328	100	2	14200                              	54751	0	10159328	0
0.5	7100	3875	0	1011431	64	10159328	100	2	14200                              	60569	0	10159328	0
0.5	7100	3762	0	986803	64	10159328	100	2	14200                              	57216	0	10159328	0
0.5	7100	3550	0	939667	64	10159328	100	2	14200                              	59797	0	10159328	0
0.5	7100	3845	0	1004766	64	10159328	100	2	14200                              	58780	0	10159328	0
0.5	7100	3473	0	921628	64	10159328	100	2	14200                              	50985	0	10159328	0
0.5	7100	3499	0	927599	64	10159328	100	2	14200                              	59834	0	10159328	0
0.5	7100	3420	0	910422	64	10159328	100	2	14200                              	50108	0	10159328	0
0.5	7100	3774	0	988509	64	10159328	100	2	14200                              	56942	0	10159328	0
0.5	7100	3638	0	959507	64	10159328	100	2	14200                              	57094	0	10159328	0
0.5	7100	3551	0	940002	64	10159328	100	2	14200                              	55719	0	10159328	0
0.5	7100	3570	0	944106	64	10159328	100	2	14200                              	51341	0	10159328	0
0.5	7100	3784	0	991559	64	10159328	100	2	14200                              	60443	0	10159328	0
0.5	7100	4277	0	1100712	64	10159328	100	2	14200                              	56344	0	10159328	0
0.5	7100	3548	0	938177	64	10159328	100	2	14200                              	59239	0	10159328	0
0.5	7100	3585	0	946723	64	10159328	100	2	14200                              	62677	0	10159328	0
0.5	7100	3467	0	921469	64	10159328	100	2	14200                              	59628	0	10159328	0
0.5	7100	3401	0	905891	64	10159328	100	2	14200                              	58075	0	10159328	0
0.5	7100	3682	0	967798	64	10159328	100	2	14200                              	59087	0	10159328	0
0.5	7100	3550	0	938652	64	10159328	100	2	14200                              	59279	0	10159328	0
0.5	7100	3602	0	951152	64	10159328	100	2	14200                              	60042	0	10159328	0
0.5	7100	3248	0	872335	64	10159328	100	2	14200                              	58981	0	10159328	0
0.5	7100	3938	0	1025013	64	10159328	100	2	14200                              	57697	0	10159328	0
0.5	7100	3943	0	1026568	64	10159328	100	2	14200                              	57484	0	10159328	0
0.5	7100	3985	0	1036502	64	10159328	100	2	14200                              	55357	0	10159328	0
0.5	7100	3438	0	914563	64	10159328	100	2	14200                              	56570	0	10159328	0
0.5	7100	3425	0	912099	64	10159328	100	2	14200                              	61489	0	10159328	0
0.5	7100	3511	0	930584	64	10159328	100	2	14200                              	56648	0	10159328	0
0.5	7100	3163	0	852488	64	10159328	100	2	14200                              	60137	0	10159328	0
0.5	7100	3595	0	949618	64	10159328	100	2	14200                              	57135	0	10159328	0
0.5	7100	3645	0	959440	64	10159328	100	2	14200                              	58148	0	10159328	0
0.5	7100	3598	0	950086	64	10159328	100	2	14200                              	58669	0	10159328	0
0.5	7100	3919	0	1020358	64	10159328	100	2	14200                              	57547	0	10159328	0
0.5	7100	3922	0	1021726	64	10159328	100	2	14200                              	56978	0	10159328	0
0.5	8100	3741	0	1098462	64	10159328	100	2	16200                              	56311	0	10159328	0
0.5	8100	3149	0	947425	64	10159328	100	2	16200                              	60282	0	10159328	0
0.5	8100	3911	0	1139444	64	10159328	100	2	16200                              	48528	0	10159328	0
0.5	8100	3425	0	1018964	64	10159328	100	2	16200                              	55543	0	10159328	0
0.5	8100	3340	0	996419	64	10159328	100	2	16200                              	54371	0	10159328	0
0.5	8100	3209	0	962132	64	10159328	100	2	16200                              	56747	0	10159328	0
0.5	8100	3642	0	1071701	64	10159328	100	2	16200                              	52982	0	10159328	0
0.5	8100	3554	0	1049890	64	10159328	100	2	16200                              	54919	0	10159328	0
0.5	8100	3270	0	979546	64	10159328	100	2	16200                              	59596	0	10159328	0
0.5	8100	3530	0	1043980	64	10159328	100	2	16200                              	49342	0	10159328	0
0.5	8100	3503	0	1036445	64	10159328	100	2	16200                              	56457	0	10159328	0
0.5	8100	3227	0	967284	64	10159328	100	2	16200                              	55614	0	10159328	0
0.5	8100	3498	0	1036020	64	10159328	100	2	16200                              	62939	0	10159328	0
0.5	8100	3451	0	1023824	64	10159328	100	2	16200                              	57888	0	10159328	0
0.5	8100	4050	0	1176356	64	10159328	100	2	16200                              	52630	0	10159328	0
0.5	8100	3583	0	1056976	64	10159328	100	2	16200                              	57162	0	10159328	0
0.5	8100	3470	0	1027471	64	10159328	100	2	16200                              	60703	0	10159328	0
0.5	8100	3712	0	1089112	64	10159328	100	2	16200                              	57759	0	10159328	0
0.5	8100	3221	0	965888	64	10159328	100	2	16200                              	56453	0	10159328	0
0.5	8100	3988	0	1159667	64	10159328	100	2	16200                              	58181	0	10159328	0
0.5	8100	3489	0	1033859	64	10159328	100	2	16200                              	54980	0	10159328	0
0.5	8100	3747	0	1100172	64	10159328	100	2	16200                              	56037	0	10159328	0
0.5	8100	3262	0	976065	64	10159328	100	2	16200                              	45843	0	10159328	0
0.5	8100	3579	0	1056719	64	10159328	100	2	16200                              	49010	0	10159328	0
0.5	8100	3501	0	1037183	64	10159328	100	2	16200                              	61062	0	10159328	0
0.5	8100	3509	0	1038233	64	10159328	100	2	16200                              	55098	0	10159328	0
0.5	8100	3464	0	1026658	64	10159328	100	2	16200                              	57435	0	10159328	0
0.5	8100	3337	0	994423	64	10159328	100	2	16200                              	53757	0	10159328	0
0.5	8100	3648	0	1073213	64	10159328	100	2	16200                              	53570	0	10159328	0
0.5	8100	4122	0	1192950	64	10159328	100	2	16200                              	57005	0	10159328	0
0.5	8100	3955	0	1150811	64	10159328	100	2	16200                              	48229	0	10159328	0
0.5	8100	3541	0	1046681	64	10159328	100	2	16200                              	56201	0	10159328	0
0.5	8100	3440	0	1021633	64	10159328	100	2	16200                              	47789	0	10159328	0
0.5	8100	3686	0	1084286	64	10159328	100	2	16200                              	57523	0	10159328	0
0.5	8100	3536	0	1045303	64	10159328	100	2	16200                              	54290	0	10159328	0
0.5	8100	3528	0	1042757	64	10159328	100	2	16200                              	51743	0	10159328	0
0.5	8100	3689	0	1084935	64	10159328	100	2	16200                              	55719	0	10159328	0
0.5	8100	3401	0	1012013	64	10159328	100	2	16200                              	52368	0	10159328	0
0.5	8100	3334	0	994066	64	10159328	100	2	16200                              	50220	0	10159328	0
0.5	8100	3678	0	1081411	64	10159328	100	2	16200                              	53866	0	10159328	0
0.5	8100	3355	0	1001143	64	10159328	100	2	16200                              	55176	0	10159328	0
0.5	8100	3569	0	1053551	64	10159328	100	2	16200                              	52335	0	10159328	0
0.5	8100	3291	0	983743	64	10159328	100	2	16200                              	57111	0	10159328	0
0.5	8100	3715	0	1091287	64	10159328	100	2	16200                              	57146	0	10159328	0
0.5	8100	3549	0	1049670	64	10159328	100	2	16200                              	55203	0	10159328	0
0.5	8100	3649	0	1074020	64	10159328	100	2	16200                              	54664	0	10159328	0
0.5	8100	3556	0	1051250	64	10159328	100	2	16200                              	55866	0	10159328	0
0.5	8100	3419	0	1015745	64	10159328	100	2	16200                              	56349	0	10159328	0
0.5	8100	3789	0	1109548	64	10159328	100	2	16200                              	53399	0	10159328	0
0.5	8100	3532	0	1043655	64	10159328	100	2	16200                              	54646	0	10159328	0
0.5	8100	3811	0	1115293	64	10159328	100	2	16200                              	55541	0	10159328	0
0.5	8100	3680	0	1082286	64	10159328	100	2	16200                              	55977	0	10159328	0
0.5	8100	3293	0	985154	64	10159328	100	2	16200                              	57796	0	10159328	0
0.5	8100	3608	0	1064598	64	10159328	100	2	16200                              	56273	0	10159328	0
0.5	8100	3498	0	1036146	64	10159328	100	2	16200                              	59915	0	10159328	0
0.5	8100	3582	0	1057999	64	10159328	100	2	16200                              	53496	0	10159328	0
0.5	8100	3636	0	1070575	64	10159328	100	2	16200                              	54505	0	10159328	0
0.5	8100	3275	0	979114	64	10159328	100	2	16200                              	58167	0	10159328	0
0.5	8100	3600	0	1060879	64	10159328	100	2	16200                              	55773	0	10159328	0
0.5	8100	3348	0	997117	64	10159328	100	2	16200                              	57076	0	10159328	0
0.5	8100	3614	0	1065372	64	10159328	100	2	16200                              	58446	0	10159328	0
0.5	8100	3614	0	1066292	64	10159328	100	2	16200                              	55657	0	10159328	0
0.5	8100	3213	0	963748	64	10159328	100	2	16200                              	56147	0	10159328	0
0.5	8100	3360	0	1000869	64	10159328	100	2	16200                              	56745	0	10159328	0
0.5	8100	3333	0	993522	64	10159328	100	2	16200                              	57669	0	10159328	0
0.5	8100	3432	0	1019888	64	10159328	100	2	16200                              	56746	0	10159328	0
0.5	8100	3585	0	1058295	64	10159328	100	2	16200                              	56476	0	10159328	0
0.5	8100	3344	0	996023	64	10159328	100	2	16200                              	56857	0	10159328	0
0.5	8100	3461	0	1026754	64	10159328	100	2	16200                              	57307	0	10159328	0
0.5	8100	3669	0	1079288	64	10159328	100	2	16200                              	46222	0	10159328	0
0.5	8100	3525	0	1041989	64	10159328	100	2	16200                              	55070	0	10159328	0
0.5	8100	3156	0	950062	64	10159328	100	2	16200                              	52745	0	10159328	0
0.5	8100	3486	0	1035570	64	10159328	100	2	16200                              	56333	0	10159328	0
0.5	8100	3491	0	1034514	64	10159328	100	2	16200                              	55452	0	10159328	0
0.5	8100	3550	0	1050363	64	10159328	100	2	16200                              	49566	0	10159328	0
0.5	8100	3404	0	1012667	64	10159328	100	2	16200                              	55100	0	10159328	0
0.5	8100	3473	0	1030016	64	10159328	100	2	16200                              	56451	0	10159328	0
0.5	8100	3516	0	1040384	64	10159328	100	2	16200                              	53723	0	10159328	0
0.5	8100	3478	0	1031559	64	10159328	100	2	16200                              	52055	0	10159328	0
0.5	8100	4123	0	1194298	64	10159328	100	2	16200                              	55199	0	10159328	0
0.5	8100	3440	0	1022127	64	10159328	100	2	16200                              	58702	0	10159328	0
0.5	8100	3406	0	1012133	64	10159328	100	2	16200                              	53595	0	10159328	0
0.5	8100	3273	0	978663	64	10159328	100	2	16200                              	50501	0	10159328	0
0.5	8100	3413	0	1014244	64	10159328	100	2	16200                              	58088	0	10159328	0
0.5	8100	3579	0	1056335	64	10159328	100	2	16200                              	58962	0	10159328	0
0.5	8100	3613	0	1065010	64	10159328	100	2	16200                              	46642	0	10159328	0
0.5	8100	3471	0	1028903	64	10159328	100	2	16200                              	58198	0	10159328	0
0.5	8100	3698	0	1086117	64	10159328	100	2	16200                              	56956	0	10159328	0
0.5	8100	3650	0	1074699	64	10159328	100	2	16200                              	51909	0	10159328	0
0.5	8100	3219	0	965474	64	10159328	100	2	16200                              	46703	0	10159328	0
0.5	8100	3128	0	942536	64	10159328	100	2	16200                              	44390	0	10159328	0
0.5	8100	3440	0	1021156	64	10159328	100	2	16200                              	52188	0	10159328	0
0.5	8100	3446	0	1022912	64	10159328	100	2	16200                              	53995	0	10159328	0
0.5	8100	3216	0	964353	64	10159328	100	2	16200                              	48001	0	10159328	0
0.5	8100	3862	0	1127885	64	10159328	100	2	16200                              	57208	0	10159328	0
0.5	8100	3465	0	1027112	64	10159328	100	2	16200                              	59689	0	10159328	0
0.5	8100	3425	0	1016462	64	10159328	100	2	16200                              	55459	0	10159328	0
0.5	8100	3398	0	1010631	64	10159328	100	2	16200                              	54470	0	10159328	0
0.5	8100	3288	0	981947	64	10159328	100	2	16200                              	54002	0	10159328	0
0.5	8100	3605	0	1062844	64	10159328	100	2	16200                              	46618	0	10159328	0
0.5	9100	3403	0	1116934	64	10159328	100	2	18200                              	47713	0	10159328	0
0.5	9100	3172	0	1051421	64	10159328	100	2	18200                              	56541	0	10159328	0
0.5	9100	3025	0	1010232	64	10159328	100	2	18200                              	57148	0	10159328	0
0.5	9100	3337	0	1099116	64	10159328	100	2	18200                              	47274	0	10159328	0
0.5	9100	3284	0	1083472	64	10159328	100	2	18200                              	53757	0	10159328	0
0.5	9100	3433	0	1125710	64	10159328	100	2	18200                              	55035	0	10159328	0
0.5	9100	3434	0	1126488	64	10159328	100	2	18200                              	53100	0	10159328	0
0.5	9100	3150	0	1045816	64	10159328	100	2	18200                              	58729	0	10159328	0
0.5	9100	3376	0	1110120	64	10159328	100	2	18200                              	53672	0	10159328	0
0.5	9100	3449	0	1130545	64	10159328	100	2	18200                              	53662	0	10159328	0
0.5	9100	2936	0	983669	64	10159328	100	2	18200                              	58542	0	10159328	0
0.5	9100	3211	0	1063401	64	10159328	100	2	18200                              	51904	0	10159328	0
0.5	9100	3149	0	1043330	64	10159328	100	2	18200                              	56129	0	10159328	0
0.5	9100	3106	0	1031211	64	10159328	100	2	18200                              	49419	0	10159328	0
0.5	9100	3194	0	1056325	64	10159328	100	2	18200                              	55849	0	10159328	0
0.5	9100	3086	0	1027938	64	10159328	100	2	18200                              	56806	0	10159328	0
0.5	9100	3619	0	1177734	64	10159328	100	2	18200                              	47006	0	10159328	0
0.5	9100	2946	0	987655	64	10159328	100	2	18200                              	52131	0	10159328	0
0.5	9100	3013	0	1006948	64	10159328	100	2	18200                              	57358	0	10159328	0
0.5	9100	3595	0	1171697	64	10159328	100	2	18200                              	53905	0	10159328	0
0.5	9100	3170	0	1049629	64	10159328	100	2	18200                              	56743	0	10159328	0
0.5	9100	3230	0	1067810	64	10159328	100	2	18200                              	58982	0	10159328	0
0.5	9100	3417	0	1121463	64	10159328	100	2	18200                              	49064	0	10159328	0
0.5	9100	3061	0	1019829	64	10159328	100	2	18200                              	55658	0	10159328	0
0.5	9100	3260	0	1075794	64	10159328	100	2	18200                              	51631	0	10159328	0
0.5	9100	3269	0	1078655	64	10159328	100	2	18200                              	46031	0	10159328	0
0.5	9100	3145	0	1042700	64	10159328	100	2	18200                              	57515	0	10159328	0
0.5	9100	3148	0	1043749	64	10159328	100	2	18200                              	57267	0	10159328	0
0.5	9100	3129	0	1038259	64	10159328	100	2	18200                              	55493	0	10159328	0
0.5	9100	3254	0	1073969	64	10159328	100	2	18200                              	57990	0	10159328	0
0.5	9100	3656	0	1188807	64	10159328	100	2	18200                              	55864	0	10159328	0
0.5	9100	3056	0	1018524	64	10159328	100	2	18200                              	49934	0	10159328	0
0.5	9100	3439	0	1127671	64	10159328	100	2	18200                              	55459	0	10159328	0
0.5	9100	3305	0	1091915	64	10159328	100	2	18200                              	54001	0	10159328	0
0.5	9100	3141	0	1044242	64	10159328	100	2	18200                              	54265	0	10159328	0
0.5	9100	3626	0	1181222	64	10159328	100	2	18200                              	55022	0	10159328	0
0.5	9100	3222	0	1065293	64	10159328	100	2	18200                              	48322	0	10159328	0
0.5	9100	3288	0	1085152	64	10159328	100	2	18200                              	54454	0	10159328	0
0.5	9100	3435	0	1124816	64	10159328	100	2	18200                              	52740	0	10159328	0
0.5	9100	3110	0	1033965	64	10159328	100	2	18200                              	54370	0	10159328	0
0.5	9100	3088	0	1028448	64	10159328	100	2	18200                              	55390	0	10159328	0
0.5	9100	3437	0	1126244	64	10159328	100	2	18200                              	53938	0	10159328	0
0.5	9100	3604	0	1174851	64	10159328	100	2	18200                              	54830	0	10159328	0
0.5	9100	3423	0	1123097	64	10159328	100	2	18200                              	54004	0	10159328	0
0.5	9100	3004	0	1003819	64	10159328	100	2	18200                              	59370	0	10159328	0
0.5	9100	3274	0	1080700	64	10159328	100	2	18200                              	53811	0	10159328	0
0.5	9100	3366	0	1107338	64	10159328	100	2	18200                              	51856	0	10159328	0
0.5	9100	3178	0	1053016	64	10159328	100	2	18200                              	53332	0	10159328	0
0.5	9100	3117	0	1036778	64	10159328	100	2	18200                              	55634	0	10159328	0
0.5	9100	3327	0	1095141	64	10159328	100	2	18200                              	54438	0	10159328	0
0.5	9100	3271	0	1080193	64	10159328	100	2	18200                              	54812	0	10159328	0
0.5	9100	2827	0	953656	64	10159328	100	2	18200                              	53554	0	10159328	0
0.5	9100	3064	0	1020918	64	10159328	100	2	18200                              	58443	0	10159328	0
0.5	9100	3514	0	1147703	64	10159328	100	2	18200                              	54626	0	10159328	0
0.5	9100	3381	0	1110338	64	10159328	100	2	18200                              	48360	0	10159328	0
0.5	9100	2989	0	999683	64	10159328	100	2	18200                              	49731	0	10159328	0
0.5	9100	3070	0	1023106	64	10159328	100	2	18200                              	56382	0	10159328	0
0.5	9100	3036	0	1012289	64	10159328	100	2	18200                              	55397	0	10159328	0
0.5	9100	3046	0	1015891	64	10159328	100	2	18200                              	51248	0	10159328	0
0.5	9100	3206	0	1061987	64	10159328	100	2	18200                              	52532	0	10159328	0
0.5	9100	3135	0	1040334	64	10159328	100	2	18200                              	55964	0	10159328	0
0.5	9100	3362	0	1106131	64	10159328	100	2	18200                              	53268	0	10159328	0
0.5	9100	3338	0	1099481	64	10159328	100	2	18200                              	54863	0	10159328	0
0.5	9100	3371	0	1108778	64	10159328	100	2	18200                              	52099	0	10159328	0
0.5	9100	3618	0	1179268	64	10159328	100	2	18200                              	42866	0	10159328	0
0.5	9100	3333	0	1098411	64	10159328	100	2	18200                              	57569	0	10159328	0
0.5	9100	3242	0	1071048	64	10159328	100	2	18200                              	53975	0	10159328	0
0.5	9100	3259	0	1075574	64	10159328	100	2	18200                              	51551	0	10159328	0
0.5	9100	3310	0	1091895	64	10159328	100	2	18200                              	57150	0	10159328	0
0.5	9100	3097	0	1029605	64	10159328	100	2	18200                              	55283	0	10159328	0
0.5	9100	3192	0	1056807	64	10159328	100	2	18200                              	52782	0	10159328	0
0.5	9100	3545	0	1157767	64	10159328	100	2	18200                              	55761	0	10159328	0
0.5	9100	3559	0	1162558	64	10159328	100	2	18200                              	55539	0	10159328	0
0.5	9100	3397	0	1114824	64	10159328	100	2	18200                              	56955	0	10159328	0
0.5	9100	3025	0	1009943	64	10159328	100	2	18200                              	51970	0	10159328	0
0.5	9100	3346	0	1101282	64	10159328	100	2	18200                              	50423	0	10159328	0
0.5	9100	3044	0	1015348	64	10159328	100	2	18200                              	48248	0	10159328	0
0.5	9100	3335	0	1097523	64	10159328	100	2	18200                              	52651	0	10159328	0
0.5	9100	3990	0	1284137	64	10159328	100	2	18200                              	54346	0	10159328	0
0.5	9100	2952	0	989661	64	10159328	100	2	18200                              	55417	0	10159328	0
0.5	9100	2951	0	988605	64	10159328	100	2	18200                              	59951	0	10159328	0
0.5	9100	3155	0	1046766	64	10159328	100	2	18200                              	56349	0	10159328	0
0.5	9100	3295	0	1085915	64	10159328	100	2	18200                              	51974	0	10159328	0
0.5	9100	3139	0	1042199	64	10159328	100	2	18200                              	54098	0	10159328	0
0.5	9100	3561	0	1161830	64	10159328	100	2	18200                              	48495	0	10159328	0
0.5	9100	3458	0	1134205	64	10159328	100	2	18200                              	54430	0	10159328	0
0.5	9100	3165	0	1049657	64	10159328	100	2	18200                              	49264	0	10159328	0
0.5	9100	3456	0	1132427	64	10159328	100	2	18200                              	54398	0	10159328	0
0.5	9100	3447	0	1129041	64	10159328	100	2	18200                              	57717	0	10159328	0
0.5	9100	3517	0	1149226	64	10159328	100	2	18200                              	52111	0	10159328	0
0.5	9100	3499	0	1144831	64	10159328	100	2	18200                              	54627	0	10159328	0
0.5	9100	3470	0	1136299	64	10159328	100	2	18200                              	48472	0	10159328	0
0.5	9100	2903	0	976417	64	10159328	100	2	18200                              	61029	0	10159328	0
0.5	9100	3032	0	1011522	64	10159328	100	2	18200                              	47975	0	10159328	0
0.5	9100	3165	0	1048689	64	10159328	100	2	18200                              	48032	0	10159328	0
0.5	9100	3335	0	1098523	64	10159328	100	2	18200                              	53933	0	10159328	0
0.5	9100	3593	0	1171112	64	10159328	100	2	18200                              	45821	0	10159328	0
0.5	9100	3507	0	1146902	64	10159328	100	2	18200                              	53043	0	10159328	0
0.5	9100	3430	0	1125678	64	10159328	100	2	18200                              	59463	0	10159328	0
0.5	9100	3347	0	1100071	64	10159328	100	2	18200                              	55108	0	10159328	0
