#using seed 0.048559
# Work:10088973, depth:432675, work/p+depth:1693796.625
#PROCESSORS: 8, RUNS: 100
#prb	R-l	ISR	ESR	runTime	processors    	work	taskThreshold	lGranularity	rGranularity	IDATAT	EDATAT	W0	W1
0.5	100	4107	0	1363704	8	10088973	100	2	200                              	91418	0	10088973	0
0.5	100	5105	0	1388622	8	10088973	100	2	200                              	92817	0	10088973	0
0.5	100	3930	0	1359263	8	10088973	100	2	200                              	98731	0	10088973	0
0.5	100	4175	0	1365372	8	10088973	100	2	200                              	93084	0	10088973	0
0.5	100	3479	0	1348004	8	10088973	100	2	200                              	93297	0	10088973	0
0.5	100	5147	0	1389696	8	10088973	100	2	200                              	94502	0	10088973	0
0.5	100	5102	0	1388536	8	10088973	100	2	200                              	94011	0	10088973	0
0.5	100	5108	0	1388677	8	10088973	100	2	200                              	94792	0	10088973	0
0.5	100	6785	0	1430613	8	10088973	100	2	200                              	101205	0	10088973	0
0.5	100	4278	0	1367933	8	10088973	100	2	200                              	94516	0	10088973	0
0.5	100	6273	0	1417836	8	10088973	100	2	200                              	94716	0	10088973	0
0.5	100	4900	0	1383533	8	10088973	100	2	200                              	94475	0	10088973	0
0.5	100	4959	0	1384967	8	10088973	100	2	200                              	93131	0	10088973	0
0.5	100	3716	0	1353911	8	10088973	100	2	200                              	93232	0	10088973	0
0.5	100	4214	0	1366359	8	10088973	100	2	200                              	93779	0	10088973	0
0.5	100	3796	0	1355944	8	10088973	100	2	200                              	93972	0	10088973	0
0.5	100	5135	0	1389403	8	10088973	100	2	200                              	92667	0	10088973	0
0.5	100	4920	0	1383989	8	10088973	100	2	200                              	92361	0	10088973	0
0.5	100	4249	0	1367242	8	10088973	100	2	200                              	95625	0	10088973	0
0.5	100	4558	0	1374935	8	10088973	100	2	200                              	92011	0	10088973	0
0.5	100	6166	0	1415143	8	10088973	100	2	200                              	100368	0	10088973	0
0.5	100	5942	0	1409563	8	10088973	100	2	200                              	96663	0	10088973	0
0.5	100	4558	0	1374987	8	10088973	100	2	200                              	99930	0	10088973	0
0.5	100	3294	0	1343338	8	10088973	100	2	200                              	90447	0	10088973	0
0.5	100	3913	0	1358860	8	10088973	100	2	200                              	95385	0	10088973	0
0.5	100	2909	0	1333744	8	10088973	100	2	200                              	95044	0	10088973	0
0.5	100	5805	0	1406150	8	10088973	100	2	200                              	96361	0	10088973	0
0.5	100	3456	0	1347386	8	10088973	100	2	200                              	94395	0	10088973	0
0.5	100	4842	0	1382050	8	10088973	100	2	200                              	100129	0	10088973	0
0.5	100	4277	0	1367940	8	10088973	100	2	200                              	92955	0	10088973	0
0.5	100	4004	0	1361107	8	10088973	100	2	200                              	92237	0	10088973	0
0.5	100	5543	0	1399583	8	10088973	100	2	200                              	94381	0	10088973	0
0.5	100	5294	0	1393354	8	10088973	100	2	200                              	91472	0	10088973	0
0.5	100	5559	0	1399969	8	10088973	100	2	200                              	92602	0	10088973	0
0.5	100	5603	0	1401063	8	10088973	100	2	200                              	94554	0	10088973	0
0.5	100	4371	0	1370294	8	10088973	100	2	200                              	93935	0	10088973	0
0.5	100	4237	0	1366942	8	10088973	100	2	200                              	95912	0	10088973	0
0.5	100	3314	0	1343841	8	10088973	100	2	200                              	92561	0	10088973	0
0.5	100	3690	0	1353248	8	10088973	100	2	200                              	93056	0	10088973	0
0.5	100	4665	0	1377605	8	10088973	100	2	200                              	95284	0	10088973	0
0.5	100	3078	0	1337947	8	10088973	100	2	200                              	94205	0	10088973	0
0.5	100	4419	0	1371478	8	10088973	100	2	200                              	88316	0	10088973	0
0.5	100	4468	0	1372692	8	10088973	100	2	200                              	93436	0	10088973	0
0.5	100	3899	0	1358478	8	10088973	100	2	200                              	94707	0	10088973	0
0.5	100	4487	0	1373159	8	10088973	100	2	200                              	93857	0	10088973	0
0.5	100	3711	0	1353801	8	10088973	100	2	200                              	94422	0	10088973	0
0.5	100	5711	0	1403790	8	10088973	100	2	200                              	94965	0	10088973	0
0.5	100	3433	0	1346845	8	10088973	100	2	200                              	96278	0	10088973	0
0.5	100	4725	0	1379146	8	10088973	100	2	200                              	92710	0	10088973	0
0.5	100	4289	0	1368240	8	10088973	100	2	200                              	100968	0	10088973	0
0.5	100	5748	0	1404701	8	10088973	100	2	200                              	93508	0	10088973	0
0.5	100	4505	0	1373634	8	10088973	100	2	200                              	94256	0	10088973	0
0.5	100	3796	0	1355920	8	10088973	100	2	200                              	93319	0	10088973	0
0.5	100	5867	0	1407693	8	10088973	100	2	200                              	91975	0	10088973	0
0.5	100	3985	0	1360636	8	10088973	100	2	200                              	93310	0	10088973	0
0.5	100	3186	0	1340687	8	10088973	100	2	200                              	94348	0	10088973	0
0.5	100	4648	0	1377197	8	10088973	100	2	200                              	90111	0	10088973	0
0.5	100	3201	0	1341068	8	10088973	100	2	200                              	95127	0	10088973	0
0.5	100	6779	0	1430502	8	10088973	100	2	200                              	92138	0	10088973	0
0.5	100	4346	0	1369641	8	10088973	100	2	200                              	93398	0	10088973	0
0.5	100	8095	0	1463393	8	10088973	100	2	200                              	93128	0	10088973	0
0.5	100	4427	0	1371667	8	10088973	100	2	200                              	95025	0	10088973	0
0.5	100	4504	0	1373631	8	10088973	100	2	200                              	93661	0	10088973	0
0.5	100	3051	0	1337241	8	10088973	100	2	200                              	93206	0	10088973	0
0.5	100	3730	0	1354264	8	10088973	100	2	200                              	94097	0	10088973	0
0.5	100	4891	0	1383299	8	10088973	100	2	200                              	92879	0	10088973	0
0.5	100	4760	0	1380012	8	10088973	100	2	200                              	90968	0	10088973	0
0.5	100	3891	0	1358284	8	10088973	100	2	200                              	95311	0	10088973	0
0.5	100	4769	0	1380217	8	10088973	100	2	200                              	91371	0	10088973	0
0.5	100	3374	0	1345377	8	10088973	100	2	200                              	94064	0	10088973	0
0.5	100	3724	0	1354133	8	10088973	100	2	200                              	95157	0	10088973	0
0.5	100	4524	0	1374082	8	10088973	100	2	200                              	93153	0	10088973	0
0.5	100	4334	0	1369364	8	10088973	100	2	200                              	92231	0	10088973	0
0.5	100	4160	0	1365008	8	10088973	100	2	200                              	93061	0	10088973	0
0.5	100	5637	0	1401958	8	10088973	100	2	200                              	93729	0	10088973	0
0.5	100	3985	0	1360649	8	10088973	100	2	200                              	92891	0	10088973	0
0.5	100	4028	0	1361675	8	10088973	100	2	200                              	94001	0	10088973	0
0.5	100	4567	0	1375206	8	10088973	100	2	200                              	92944	0	10088973	0
0.5	100	4489	0	1373248	8	10088973	100	2	200                              	92458	0	10088973	0
0.5	100	3296	0	1343414	8	10088973	100	2	200                              	92592	0	10088973	0
0.5	100	4825	0	1381597	8	10088973	100	2	200                              	94894	0	10088973	0
0.5	100	4414	0	1371352	8	10088973	100	2	200                              	93408	0	10088973	0
0.5	100	4199	0	1365976	8	10088973	100	2	200                              	92359	0	10088973	0
0.5	100	4813	0	1381337	8	10088973	100	2	200                              	94697	0	10088973	0
0.5	100	4803	0	1381064	8	10088973	100	2	200                              	93598	0	10088973	0
0.5	100	5180	0	1390532	8	10088973	100	2	200                              	91001	0	10088973	0
0.5	100	3536	0	1349415	8	10088973	100	2	200                              	99496	0	10088973	0
0.5	100	6009	0	1411218	8	10088973	100	2	200                              	93429	0	10088973	0
0.5	100	3380	0	1345477	8	10088973	100	2	200                              	94371	0	10088973	0
0.5	100	4313	0	1368791	8	10088973	100	2	200                              	94765	0	10088973	0
0.5	100	6770	0	1430248	8	10088973	100	2	200                              	92843	0	10088973	0
0.5	100	3477	0	1347936	8	10088973	100	2	200                              	91354	0	10088973	0
0.5	100	3909	0	1358736	8	10088973	100	2	200                              	92831	0	10088973	0
0.5	100	3204	0	1341078	8	10088973	100	2	200                              	95426	0	10088973	0
0.5	100	4448	0	1372216	8	10088973	100	2	200                              	90905	0	10088973	0
0.5	100	3972	0	1360321	8	10088973	100	2	200                              	94508	0	10088973	0
0.5	100	4050	0	1362262	8	10088973	100	2	200                              	93006	0	10088973	0
0.5	100	3139	0	1339476	8	10088973	100	2	200                              	92311	0	10088973	0
0.5	100	5540	0	1399528	8	10088973	100	2	200                              	95199	0	10088973	0
0.5	100	4404	0	1371081	8	10088973	100	2	200                              	88093	0	10088973	0
0.5	1100	766	0	1470353	8	10088973	100	2	2200                              	89920	0	10088973	0
0.5	1100	697	0	1451384	8	10088973	100	2	2200                              	93399	0	10088973	0
0.5	1100	853	0	1494381	8	10088973	100	2	2200                              	98286	0	10088973	0
0.5	1100	874	0	1500379	8	10088973	100	2	2200                              	94336	0	10088973	0
0.5	1100	859	0	1496006	8	10088973	100	2	2200                              	95890	0	10088973	0
0.5	1100	622	0	1430925	8	10088973	100	2	2200                              	92185	0	10088973	0
0.5	1100	521	0	1402868	8	10088973	100	2	2200                              	91856	0	10088973	0
0.5	1100	614	0	1428737	8	10088973	100	2	2200                              	94179	0	10088973	0
0.5	1100	798	0	1479185	8	10088973	100	2	2200                              	87588	0	10088973	0
0.5	1100	568	0	1416170	8	10088973	100	2	2200                              	94924	0	10088973	0
0.5	1100	668	0	1443489	8	10088973	100	2	2200                              	92979	0	10088973	0
0.5	1100	584	0	1420768	8	10088973	100	2	2200                              	89249	0	10088973	0
0.5	1100	579	0	1418814	8	10088973	100	2	2200                              	91842	0	10088973	0
0.5	1100	618	0	1429707	8	10088973	100	2	2200                              	96014	0	10088973	0
0.5	1100	858	0	1496057	8	10088973	100	2	2200                              	93519	0	10088973	0
0.5	1100	661	0	1441439	8	10088973	100	2	2200                              	91253	0	10088973	0
0.5	1100	895	0	1505971	8	10088973	100	2	2200                              	98818	0	10088973	0
0.5	1100	752	0	1466497	8	10088973	100	2	2200                              	91595	0	10088973	0
0.5	1100	744	0	1464492	8	10088973	100	2	2200                              	92038	0	10088973	0
0.5	1100	624	0	1431565	8	10088973	100	2	2200                              	92403	0	10088973	0
0.5	1100	765	0	1470001	8	10088973	100	2	2200                              	94928	0	10088973	0
0.5	1100	672	0	1444680	8	10088973	100	2	2200                              	93397	0	10088973	0
0.5	1100	1054	0	1549448	8	10088973	100	2	2200                              	92195	0	10088973	0
0.5	1100	995	0	1533452	8	10088973	100	2	2200                              	97848	0	10088973	0
0.5	1100	704	0	1453422	8	10088973	100	2	2200                              	87696	0	10088973	0
0.5	1100	751	0	1466195	8	10088973	100	2	2200                              	88524	0	10088973	0
0.5	1100	689	0	1449518	8	10088973	100	2	2200                              	90807	0	10088973	0
0.5	1100	618	0	1429958	8	10088973	100	2	2200                              	92765	0	10088973	0
0.5	1100	769	0	1471270	8	10088973	100	2	2200                              	90596	0	10088973	0
0.5	1100	685	0	1448325	8	10088973	100	2	2200                              	92225	0	10088973	0
0.5	1100	659	0	1441031	8	10088973	100	2	2200                              	94116	0	10088973	0
0.5	1100	887	0	1503683	8	10088973	100	2	2200                              	91157	0	10088973	0
0.5	1100	632	0	1433733	8	10088973	100	2	2200                              	90928	0	10088973	0
0.5	1100	869	0	1499216	8	10088973	100	2	2200                              	93712	0	10088973	0
0.5	1100	728	0	1460372	8	10088973	100	2	2200                              	87698	0	10088973	0
0.5	1100	508	0	1399603	8	10088973	100	2	2200                              	90618	0	10088973	0
0.5	1100	1027	0	1542644	8	10088973	100	2	2200                              	92217	0	10088973	0
0.5	1100	781	0	1474795	8	10088973	100	2	2200                              	92454	0	10088973	0
0.5	1100	919	0	1512722	8	10088973	100	2	2200                              	94578	0	10088973	0
0.5	1100	872	0	1499660	8	10088973	100	2	2200                              	88511	0	10088973	0
0.5	1100	765	0	1470218	8	10088973	100	2	2200                              	96966	0	10088973	0
0.5	1100	643	0	1436851	8	10088973	100	2	2200                              	91795	0	10088973	0
0.5	1100	824	0	1486136	8	10088973	100	2	2200                              	92334	0	10088973	0
0.5	1100	490	0	1395008	8	10088973	100	2	2200                              	89181	0	10088973	0
0.5	1100	838	0	1490213	8	10088973	100	2	2200                              	95924	0	10088973	0
0.5	1100	980	0	1529492	8	10088973	100	2	2200                              	89810	0	10088973	0
0.5	1100	549	0	1410505	8	10088973	100	2	2200                              	89864	0	10088973	0
0.5	1100	686	0	1448491	8	10088973	100	2	2200                              	91504	0	10088973	0
0.5	1100	872	0	1499588	8	10088973	100	2	2200                              	95850	0	10088973	0
0.5	1100	666	0	1442918	8	10088973	100	2	2200                              	92687	0	10088973	0
0.5	1100	1011	0	1537427	8	10088973	100	2	2200                              	94975	0	10088973	0
0.5	1100	453	0	1384571	8	10088973	100	2	2200                              	87054	0	10088973	0
0.5	1100	602	0	1425579	8	10088973	100	2	2200                              	97550	0	10088973	0
0.5	1100	732	0	1461396	8	10088973	100	2	2200                              	89848	0	10088973	0
0.5	1100	852	0	1494339	8	10088973	100	2	2200                              	89920	0	10088973	0
0.5	1100	732	0	1461088	8	10088973	100	2	2200                              	97850	0	10088973	0
0.5	1100	572	0	1417335	8	10088973	100	2	2200                              	90105	0	10088973	0
0.5	1100	757	0	1467986	8	10088973	100	2	2200                              	92376	0	10088973	0
0.5	1100	838	0	1490010	8	10088973	100	2	2200                              	96116	0	10088973	0
0.5	1100	820	0	1485281	8	10088973	100	2	2200                              	91408	0	10088973	0
0.5	1100	754	0	1467358	8	10088973	100	2	2200                              	92535	0	10088973	0
0.5	1100	864	0	1497899	8	10088973	100	2	2200                              	90460	0	10088973	0
0.5	1100	888	0	1504258	8	10088973	100	2	2200                              	88941	0	10088973	0
0.5	1100	787	0	1476537	8	10088973	100	2	2200                              	96874	0	10088973	0
0.5	1100	593	0	1423012	8	10088973	100	2	2200                              	92586	0	10088973	0
0.5	1100	569	0	1416183	8	10088973	100	2	2200                              	91130	0	10088973	0
0.5	1100	656	0	1440692	8	10088973	100	2	2200                              	90640	0	10088973	0
0.5	1100	860	0	1496253	8	10088973	100	2	2200                              	97887	0	10088973	0
0.5	1100	513	0	1400924	8	10088973	100	2	2200                              	90987	0	10088973	0
0.5	1100	763	0	1469254	8	10088973	100	2	2200                              	92294	0	10088973	0
0.5	1100	675	0	1445364	8	10088973	100	2	2200                              	91715	0	10088973	0
0.5	1100	592	0	1422460	8	10088973	100	2	2200                              	91110	0	10088973	0
0.5	1100	672	0	1444870	8	10088973	100	2	2200                              	97851	0	10088973	0
0.5	1100	794	0	1478304	8	10088973	100	2	2200                              	91529	0	10088973	0
0.5	1100	919	0	1512430	8	10088973	100	2	2200                              	98491	0	10088973	0
0.5	1100	703	0	1453170	8	10088973	100	2	2200                              	91470	0	10088973	0
0.5	1100	502	0	1397473	8	10088973	100	2	2200                              	86230	0	10088973	0
0.5	1100	1002	0	1535710	8	10088973	100	2	2200                              	96327	0	10088973	0
0.5	1100	1010	0	1537546	8	10088973	100	2	2200                              	99654	0	10088973	0
0.5	1100	961	0	1524111	8	10088973	100	2	2200                              	94876	0	10088973	0
0.5	1100	870	0	1498822	8	10088973	100	2	2200                              	91812	0	10088973	0
0.5	1100	825	0	1486580	8	10088973	100	2	2200                              	98176	0	10088973	0
0.5	1100	698	0	1452145	8	10088973	100	2	2200                              	89880	0	10088973	0
0.5	1100	847	0	1493150	8	10088973	100	2	2200                              	99605	0	10088973	0
0.5	1100	814	0	1483266	8	10088973	100	2	2200                              	95172	0	10088973	0
0.5	1100	944	0	1520030	8	10088973	100	2	2200                              	93149	0	10088973	0
0.5	1100	554	0	1412016	8	10088973	100	2	2200                              	91174	0	10088973	0
0.5	1100	640	0	1435883	8	10088973	100	2	2200                              	91460	0	10088973	0
0.5	1100	784	0	1475448	8	10088973	100	2	2200                              	96536	0	10088973	0
0.5	1100	430	0	1378213	8	10088973	100	2	2200                              	86688	0	10088973	0
0.5	1100	758	0	1468140	8	10088973	100	2	2200                              	91234	0	10088973	0
0.5	1100	745	0	1464903	8	10088973	100	2	2200                              	91094	0	10088973	0
0.5	1100	627	0	1432192	8	10088973	100	2	2200                              	90585	0	10088973	0
0.5	1100	702	0	1452608	8	10088973	100	2	2200                              	91089	0	10088973	0
0.5	1100	855	0	1494985	8	10088973	100	2	2200                              	98686	0	10088973	0
0.5	1100	759	0	1468704	8	10088973	100	2	2200                              	87825	0	10088973	0
0.5	1100	621	0	1430933	8	10088973	100	2	2200                              	92109	0	10088973	0
0.5	1100	633	0	1434063	8	10088973	100	2	2200                              	90929	0	10088973	0
0.5	1100	913	0	1510887	8	10088973	100	2	2200                              	90424	0	10088973	0
0.5	1100	607	0	1426766	8	10088973	100	2	2200                              	90749	0	10088973	0
0.5	2100	571	0	1558287	8	10088973	100	2	4200                              	95355	0	10088973	0
0.5	2100	352	0	1443876	8	10088973	100	2	4200                              	89166	0	10088973	0
0.5	2100	536	0	1539843	8	10088973	100	2	4200                              	90626	0	10088973	0
0.5	2100	487	0	1514329	8	10088973	100	2	4200                              	97264	0	10088973	0
0.5	2100	538	0	1541289	8	10088973	100	2	4200                              	87900	0	10088973	0
0.5	2100	387	0	1461578	8	10088973	100	2	4200                              	91683	0	10088973	0
0.5	2100	550	0	1547049	8	10088973	100	2	4200                              	94214	0	10088973	0
0.5	2100	618	0	1583240	8	10088973	100	2	4200                              	97269	0	10088973	0
0.5	2100	506	0	1524067	8	10088973	100	2	4200                              	89227	0	10088973	0
0.5	2100	475	0	1508413	8	10088973	100	2	4200                              	91784	0	10088973	0
0.5	2100	521	0	1532788	8	10088973	100	2	4200                              	90692	0	10088973	0
0.5	2100	429	0	1484221	8	10088973	100	2	4200                              	87512	0	10088973	0
0.5	2100	587	0	1566756	8	10088973	100	2	4200                              	95956	0	10088973	0
0.5	2100	400	0	1469461	8	10088973	100	2	4200                              	94760	0	10088973	0
0.5	2100	505	0	1523530	8	10088973	100	2	4200                              	91153	0	10088973	0
0.5	2100	504	0	1523614	8	10088973	100	2	4200                              	90867	0	10088973	0
0.5	2100	472	0	1506461	8	10088973	100	2	4200                              	88585	0	10088973	0
0.5	2100	369	0	1452267	8	10088973	100	2	4200                              	87425	0	10088973	0
0.5	2100	487	0	1514516	8	10088973	100	2	4200                              	88408	0	10088973	0
0.5	2100	394	0	1466402	8	10088973	100	2	4200                              	87522	0	10088973	0
0.5	2100	702	0	1627297	8	10088973	100	2	4200                              	91412	0	10088973	0
0.5	2100	457	0	1498965	8	10088973	100	2	4200                              	94337	0	10088973	0
0.5	2100	522	0	1533033	8	10088973	100	2	4200                              	90764	0	10088973	0
0.5	2100	487	0	1514477	8	10088973	100	2	4200                              	89874	0	10088973	0
0.5	2100	346	0	1440383	8	10088973	100	2	4200                              	90855	0	10088973	0
0.5	2100	529	0	1536676	8	10088973	100	2	4200                              	92433	0	10088973	0
0.5	2100	509	0	1526438	8	10088973	100	2	4200                              	84385	0	10088973	0
0.5	2100	592	0	1570030	8	10088973	100	2	4200                              	95128	0	10088973	0
0.5	2100	539	0	1541695	8	10088973	100	2	4200                              	94512	0	10088973	0
0.5	2100	370	0	1453373	8	10088973	100	2	4200                              	95340	0	10088973	0
0.5	2100	580	0	1563266	8	10088973	100	2	4200                              	96662	0	10088973	0
0.5	2100	722	0	1637796	8	10088973	100	2	4200                              	94220	0	10088973	0
0.5	2100	467	0	1503396	8	10088973	100	2	4200                              	91947	0	10088973	0
0.5	2100	335	0	1434947	8	10088973	100	2	4200                              	89474	0	10088973	0
0.5	2100	511	0	1527103	8	10088973	100	2	4200                              	96733	0	10088973	0
0.5	2100	474	0	1508483	8	10088973	100	2	4200                              	91847	0	10088973	0
0.5	2100	484	0	1513011	8	10088973	100	2	4200                              	89870	0	10088973	0
0.5	2100	584	0	1565790	8	10088973	100	2	4200                              	99568	0	10088973	0
0.5	2100	530	0	1537237	8	10088973	100	2	4200                              	95028	0	10088973	0
0.5	2100	534	0	1539622	8	10088973	100	2	4200                              	89225	0	10088973	0
0.5	2100	433	0	1486406	8	10088973	100	2	4200                              	86621	0	10088973	0
0.5	2100	460	0	1501195	8	10088973	100	2	4200                              	90435	0	10088973	0
0.5	2100	332	0	1432945	8	10088973	100	2	4200                              	86452	0	10088973	0
0.5	2100	505	0	1524094	8	10088973	100	2	4200                              	92286	0	10088973	0
0.5	2100	600	0	1574023	8	10088973	100	2	4200                              	97061	0	10088973	0
0.5	2100	588	0	1566805	8	10088973	100	2	4200                              	99820	0	10088973	0
0.5	2100	443	0	1491152	8	10088973	100	2	4200                              	90331	0	10088973	0
0.5	2100	377	0	1457313	8	10088973	100	2	4200                              	88071	0	10088973	0
0.5	2100	542	0	1542982	8	10088973	100	2	4200                              	91366	0	10088973	0
0.5	2100	409	0	1473767	8	10088973	100	2	4200                              	88253	0	10088973	0
0.5	2100	469	0	1505257	8	10088973	100	2	4200                              	90763	0	10088973	0
0.5	2100	460	0	1500498	8	10088973	100	2	4200                              	89171	0	10088973	0
0.5	2100	684	0	1618386	8	10088973	100	2	4200                              	96496	0	10088973	0
0.5	2100	440	0	1489741	8	10088973	100	2	4200                              	90662	0	10088973	0
0.5	2100	474	0	1507385	8	10088973	100	2	4200                              	89610	0	10088973	0
0.5	2100	523	0	1533550	8	10088973	100	2	4200                              	91872	0	10088973	0
0.5	2100	595	0	1571414	8	10088973	100	2	4200                              	85396	0	10088973	0
0.5	2100	479	0	1510474	8	10088973	100	2	4200                              	87340	0	10088973	0
0.5	2100	541	0	1542850	8	10088973	100	2	4200                              	92072	0	10088973	0
0.5	2100	395	0	1466177	8	10088973	100	2	4200                              	86096	0	10088973	0
0.5	2100	635	0	1592073	8	10088973	100	2	4200                              	96789	0	10088973	0
0.5	2100	547	0	1547176	8	10088973	100	2	4200                              	91199	0	10088973	0
0.5	2100	471	0	1506568	8	10088973	100	2	4200                              	91864	0	10088973	0
0.5	2100	471	0	1505689	8	10088973	100	2	4200                              	87932	0	10088973	0
0.5	2100	678	0	1615001	8	10088973	100	2	4200                              	96117	0	10088973	0
0.5	2100	605	0	1576431	8	10088973	100	2	4200                              	29856	0	10088973	0
0.5	2100	440	0	1490120	8	10088973	100	2	4200                              	90053	0	10088973	0
0.5	2100	397	0	1467410	8	10088973	100	2	4200                              	88522	0	10088973	0
0.5	2100	389	0	1462954	8	10088973	100	2	4200                              	90316	0	10088973	0
0.5	2100	430	0	1484632	8	10088973	100	2	4200                              	89456	0	10088973	0
0.5	2100	447	0	1493246	8	10088973	100	2	4200                              	91452	0	10088973	0
0.5	2100	368	0	1451288	8	10088973	100	2	4200                              	87960	0	10088973	0
0.5	2100	480	0	1510061	8	10088973	100	2	4200                              	87607	0	10088973	0
0.5	2100	572	0	1559146	8	10088973	100	2	4200                              	85551	0	10088973	0
0.5	2100	681	0	1616995	8	10088973	100	2	4200                              	95626	0	10088973	0
0.5	2100	568	0	1557372	8	10088973	100	2	4200                              	85927	0	10088973	0
0.5	2100	478	0	1509418	8	10088973	100	2	4200                              	91189	0	10088973	0
0.5	2100	511	0	1526755	8	10088973	100	2	4200                              	90149	0	10088973	0
0.5	2100	638	0	1593964	8	10088973	100	2	4200                              	96704	0	10088973	0
0.5	2100	520	0	1530879	8	10088973	100	2	4200                              	92337	0	10088973	0
0.5	2100	438	0	1489585	8	10088973	100	2	4200                              	89693	0	10088973	0
0.5	2100	549	0	1547605	8	10088973	100	2	4200                              	90402	0	10088973	0
0.5	2100	378	0	1457296	8	10088973	100	2	4200                              	97368	0	10088973	0
0.5	2100	362	0	1448825	8	10088973	100	2	4200                              	89677	0	10088973	0
0.5	2100	421	0	1479975	8	10088973	100	2	4200                              	91261	0	10088973	0
0.5	2100	580	0	1563851	8	10088973	100	2	4200                              	90955	0	10088973	0
0.5	2100	624	0	1586017	8	10088973	100	2	4200                              	96902	0	10088973	0
0.5	2100	534	0	1539594	8	10088973	100	2	4200                              	92858	0	10088973	0
0.5	2100	513	0	1528411	8	10088973	100	2	4200                              	90200	0	10088973	0
0.5	2100	456	0	1497730	8	10088973	100	2	4200                              	92712	0	10088973	0
0.5	2100	555	0	1550190	8	10088973	100	2	4200                              	93780	0	10088973	0
0.5	2100	427	0	1483001	8	10088973	100	2	4200                              	92216	0	10088973	0
0.5	2100	427	0	1483181	8	10088973	100	2	4200                              	89346	0	10088973	0
0.5	2100	597	0	1572714	8	10088973	100	2	4200                              	95488	0	10088973	0
0.5	2100	523	0	1533995	8	10088973	100	2	4200                              	90414	0	10088973	0
0.5	2100	554	0	1550139	8	10088973	100	2	4200                              	22710	0	10088973	0
0.5	2100	406	0	1471748	8	10088973	100	2	4200                              	88529	0	10088973	0
0.5	2100	557	0	1550614	8	10088973	100	2	4200                              	96908	0	10088973	0
0.5	2100	603	0	1574908	8	10088973	100	2	4200                              	86792	0	10088973	0
0.5	2100	441	0	1490527	8	10088973	100	2	4200                              	89922	0	10088973	0
0.5	3100	394	0	1563403	8	10088973	100	2	6200                              	87863	0	10088973	0
0.5	3100	383	0	1554316	8	10088973	100	2	6200                              	89395	0	10088973	0
0.5	3100	377	0	1548702	8	10088973	100	2	6200                              	93555	0	10088973	0
0.5	3100	351	0	1531614	8	10088973	100	2	6200                              	85894	0	10088973	0
0.5	3100	293	0	1485616	8	10088973	100	2	6200                              	88015	0	10088973	0
0.5	3100	466	0	1619394	8	10088973	100	2	6200                              	90382	0	10088973	0
0.5	3100	324	0	1508731	8	10088973	100	2	6200                              	86906	0	10088973	0
0.5	3100	379	0	1551767	8	10088973	100	2	6200                              	87342	0	10088973	0
0.5	3100	391	0	1560080	8	10088973	100	2	6200                              	91595	0	10088973	0
0.5	3100	489	0	1636563	8	10088973	100	2	6200                              	24299	0	10088973	0
0.5	3100	422	0	1585218	8	10088973	100	2	6200                              	92199	0	10088973	0
0.5	3100	316	0	1502607	8	10088973	100	2	6200                              	88529	0	10088973	0
0.5	3100	430	0	1590446	8	10088973	100	2	6200                              	88369	0	10088973	0
0.5	3100	455	0	1610120	8	10088973	100	2	6200                              	22871	0	10088973	0
0.5	3100	381	0	1552218	8	10088973	100	2	6200                              	87587	0	10088973	0
0.5	3100	407	0	1572714	8	10088973	100	2	6200                              	89642	0	10088973	0
0.5	3100	437	0	1595565	8	10088973	100	2	6200                              	89617	0	10088973	0
0.5	3100	294	0	1484956	8	10088973	100	2	6200                              	89506	0	10088973	0
0.5	3100	415	0	1579246	8	10088973	100	2	6200                              	93003	0	10088973	0
0.5	3100	414	0	1578800	8	10088973	100	2	6200                              	96707	0	10088973	0
0.5	3100	473	0	1623284	8	10088973	100	2	6200                              	85933	0	10088973	0
0.5	3100	423	0	1586299	8	10088973	100	2	6200                              	88150	0	10088973	0
0.5	3100	501	0	1645912	8	10088973	100	2	6200                              	95988	0	10088973	0
0.5	3100	441	0	1599177	8	10088973	100	2	6200                              	94670	0	10088973	0
0.5	3100	403	0	1570977	8	10088973	100	2	6200                              	92735	0	10088973	0
0.5	3100	333	0	1515640	8	10088973	100	2	6200                              	94607	0	10088973	0
0.5	3100	492	0	1638653	8	10088973	100	2	6200                              	91831	0	10088973	0
0.5	3100	294	0	1485609	8	10088973	100	2	6200                              	85658	0	10088973	0
0.5	3100	392	0	1562386	8	10088973	100	2	6200                              	90939	0	10088973	0
0.5	3100	491	0	1637553	8	10088973	100	2	6200                              	93832	0	10088973	0
0.5	3100	497	0	1643967	8	10088973	100	2	6200                              	95539	0	10088973	0
0.5	3100	396	0	1564782	8	10088973	100	2	6200                              	89749	0	10088973	0
0.5	3100	326	0	1510859	8	10088973	100	2	6200                              	82096	0	10088973	0
0.5	3100	303	0	1492895	8	10088973	100	2	6200                              	86800	0	10088973	0
0.5	3100	400	0	1566688	8	10088973	100	2	6200                              	90573	0	10088973	0
0.5	3100	432	0	1592460	8	10088973	100	2	6200                              	89947	0	10088973	0
0.5	3100	533	0	1670775	8	10088973	100	2	6200                              	96261	0	10088973	0
0.5	3100	349	0	1528446	8	10088973	100	2	6200                              	89582	0	10088973	0
0.5	3100	322	0	1506862	8	10088973	100	2	6200                              	88457	0	10088973	0
0.5	3100	358	0	1535313	8	10088973	100	2	6200                              	91791	0	10088973	0
0.5	3100	311	0	1498175	8	10088973	100	2	6200                              	87923	0	10088973	0
0.5	3100	424	0	1586483	8	10088973	100	2	6200                              	90500	0	10088973	0
0.5	3100	476	0	1627484	8	10088973	100	2	6200                              	91864	0	10088973	0
0.5	3100	390	0	1559676	8	10088973	100	2	6200                              	86251	0	10088973	0
0.5	3100	318	0	1504642	8	10088973	100	2	6200                              	93033	0	10088973	0
0.5	3100	395	0	1563645	8	10088973	100	2	6200                              	90130	0	10088973	0
0.5	3100	462	0	1616408	8	10088973	100	2	6200                              	92316	0	10088973	0
0.5	3100	347	0	1526610	8	10088973	100	2	6200                              	86059	0	10088973	0
0.5	3100	427	0	1588828	8	10088973	100	2	6200                              	95223	0	10088973	0
0.5	3100	496	0	1642079	8	10088973	100	2	6200                              	88261	0	10088973	0
0.5	3100	461	0	1614292	8	10088973	100	2	6200                              	90390	0	10088973	0
0.5	3100	363	0	1537973	8	10088973	100	2	6200                              	96080	0	10088973	0
0.5	3100	554	0	1687239	8	10088973	100	2	6200                              	95825	0	10088973	0
0.5	3100	493	0	1640424	8	10088973	100	2	6200                              	86767	0	10088973	0
0.5	3100	476	0	1626787	8	10088973	100	2	6200                              	90929	0	10088973	0
0.5	3100	363	0	1538339	8	10088973	100	2	6200                              	87261	0	10088973	0
0.5	3100	322	0	1507770	8	10088973	100	2	6200                              	88515	0	10088973	0
0.5	3100	344	0	1523972	8	10088973	100	2	6200                              	95466	0	10088973	0
0.5	3100	450	0	1606057	8	10088973	100	2	6200                              	90248	0	10088973	0
0.5	3100	326	0	1510798	8	10088973	100	2	6200                              	89718	0	10088973	0
0.5	3100	421	0	1584443	8	10088973	100	2	6200                              	90865	0	10088973	0
0.5	3100	366	0	1541325	8	10088973	100	2	6200                              	90116	0	10088973	0
0.5	3100	518	0	1659615	8	10088973	100	2	6200                              	95967	0	10088973	0
0.5	3100	361	0	1538098	8	10088973	100	2	6200                              	88461	0	10088973	0
0.5	3100	298	0	1487375	8	10088973	100	2	6200                              	86527	0	10088973	0
0.5	3100	331	0	1514730	8	10088973	100	2	6200                              	90225	0	10088973	0
0.5	3100	418	0	1580703	8	10088973	100	2	6200                              	90340	0	10088973	0
0.5	3100	465	0	1618171	8	10088973	100	2	6200                              	86237	0	10088973	0
0.5	3100	423	0	1585576	8	10088973	100	2	6200                              	88133	0	10088973	0
0.5	3100	339	0	1521130	8	10088973	100	2	6200                              	89200	0	10088973	0
0.5	3100	407	0	1573021	8	10088973	100	2	6200                              	92746	0	10088973	0
0.5	3100	509	0	1651303	8	10088973	100	2	6200                              	90453	0	10088973	0
0.5	3100	432	0	1591910	8	10088973	100	2	6200                              	89972	0	10088973	0
0.5	3100	294	0	1485675	8	10088973	100	2	6200                              	88684	0	10088973	0
0.5	3100	450	0	1606717	8	10088973	100	2	6200                              	95296	0	10088973	0
0.5	3100	431	0	1592684	8	10088973	100	2	6200                              	93777	0	10088973	0
0.5	3100	396	0	1564665	8	10088973	100	2	6200                              	91828	0	10088973	0
0.5	3100	340	0	1521114	8	10088973	100	2	6200                              	87701	0	10088973	0
0.5	3100	379	0	1551582	8	10088973	100	2	6200                              	91104	0	10088973	0
0.5	3100	366	0	1541852	8	10088973	100	2	6200                              	93972	0	10088973	0
0.5	3100	351	0	1529329	8	10088973	100	2	6200                              	89133	0	10088973	0
0.5	3100	373	0	1546225	8	10088973	100	2	6200                              	95018	0	10088973	0
0.5	3100	477	0	1627275	8	10088973	100	2	6200                              	90735	0	10088973	0
0.5	3100	335	0	1517038	8	10088973	100	2	6200                              	93855	0	10088973	0
0.5	3100	357	0	1534685	8	10088973	100	2	6200                              	88609	0	10088973	0
0.5	3100	386	0	1557047	8	10088973	100	2	6200                              	86694	0	10088973	0
0.5	3100	366	0	1541584	8	10088973	100	2	6200                              	87451	0	10088973	0
0.5	3100	459	0	1613964	8	10088973	100	2	6200                              	95384	0	10088973	0
0.5	3100	461	0	1614770	8	10088973	100	2	6200                              	95414	0	10088973	0
0.5	3100	529	0	1667447	8	10088973	100	2	6200                              	90939	0	10088973	0
0.5	3100	290	0	1482537	8	10088973	100	2	6200                              	87661	0	10088973	0
0.5	3100	353	0	1531006	8	10088973	100	2	6200                              	95296	0	10088973	0
0.5	3100	342	0	1523528	8	10088973	100	2	6200                              	90063	0	10088973	0
0.5	3100	467	0	1620131	8	10088973	100	2	6200                              	93948	0	10088973	0
0.5	3100	437	0	1595415	8	10088973	100	2	6200                              	93512	0	10088973	0
0.5	3100	375	0	1548201	8	10088973	100	2	6200                              	90015	0	10088973	0
0.5	3100	377	0	1549603	8	10088973	100	2	6200                              	85228	0	10088973	0
0.5	3100	359	0	1536027	8	10088973	100	2	6200                              	90818	0	10088973	0
0.5	3100	348	0	1526064	8	10088973	100	2	6200                              	92764	0	10088973	0
0.5	3100	441	0	1599727	8	10088973	100	2	6200                              	98054	0	10088973	0
0.5	4100	349	0	1614527	8	10088973	100	2	8200                              	88751	0	10088973	0
0.5	4100	325	0	1590280	8	10088973	100	2	8200                              	95685	0	10088973	0
0.5	4100	359	0	1623775	8	10088973	100	2	8200                              	88928	0	10088973	0
0.5	4100	331	0	1594185	8	10088973	100	2	8200                              	87403	0	10088973	0
0.5	4100	467	0	1735575	8	10088973	100	2	8200                              	96545	0	10088973	0
0.5	4100	401	0	1666888	8	10088973	100	2	8200                              	90840	0	10088973	0
0.5	4100	270	0	1533314	8	10088973	100	2	8200                              	85263	0	10088973	0
0.5	4100	342	0	1607072	8	10088973	100	2	8200                              	90353	0	10088973	0
0.5	4100	369	0	1634865	8	10088973	100	2	8200                              	94849	0	10088973	0
0.5	4100	440	0	1708609	8	10088973	100	2	8200                              	96016	0	10088973	0
0.5	4100	341	0	1606289	8	10088973	100	2	8200                              	89752	0	10088973	0
0.5	4100	334	0	1598579	8	10088973	100	2	8200                              	94443	0	10088973	0
0.5	4100	329	0	1593108	8	10088973	100	2	8200                              	87752	0	10088973	0
0.5	4100	413	0	1679775	8	10088973	100	2	8200                              	93986	0	10088973	0
0.5	4100	330	0	1594940	8	10088973	100	2	8200                              	90028	0	10088973	0
0.5	4100	442	0	1710313	8	10088973	100	2	8200                              	90984	0	10088973	0
0.5	4100	375	0	1641666	8	10088973	100	2	8200                              	93301	0	10088973	0
0.5	4100	392	0	1657939	8	10088973	100	2	8200                              	89935	0	10088973	0
0.5	4100	372	0	1638055	8	10088973	100	2	8200                              	96648	0	10088973	0
0.5	4100	389	0	1655011	8	10088973	100	2	8200                              	87834	0	10088973	0
0.5	4100	243	0	1506720	8	10088973	100	2	8200                              	93042	0	10088973	0
0.5	4100	320	0	1584553	8	10088973	100	2	8200                              	93488	0	10088973	0
0.5	4100	311	0	1575277	8	10088973	100	2	8200                              	89785	0	10088973	0
0.5	4100	459	0	1728580	8	10088973	100	2	8200                              	89045	0	10088973	0
0.5	4100	370	0	1635407	8	10088973	100	2	8200                              	87985	0	10088973	0
0.5	4100	333	0	1595935	8	10088973	100	2	8200                              	87228	0	10088973	0
0.5	4100	441	0	1709041	8	10088973	100	2	8200                              	93679	0	10088973	0
0.5	4100	359	0	1624801	8	10088973	100	2	8200                              	23996	0	10088973	0
0.5	4100	378	0	1644453	8	10088973	100	2	8200                              	88808	0	10088973	0
0.5	4100	377	0	1642994	8	10088973	100	2	8200                              	89606	0	10088973	0
0.5	4100	341	0	1605459	8	10088973	100	2	8200                              	84597	0	10088973	0
0.5	4100	534	0	1802740	8	10088973	100	2	8200                              	96932	0	10088973	0
0.5	4100	471	0	1738461	8	10088973	100	2	8200                              	94951	0	10088973	0
0.5	4100	302	0	1566005	8	10088973	100	2	8200                              	88298	0	10088973	0
0.5	4100	402	0	1670057	8	10088973	100	2	8200                              	95555	0	10088973	0
0.5	4100	236	0	1498695	8	10088973	100	2	8200                              	84326	0	10088973	0
0.5	4100	344	0	1609129	8	10088973	100	2	8200                              	95459	0	10088973	0
0.5	4100	284	0	1548038	8	10088973	100	2	8200                              	89516	0	10088973	0
0.5	4100	337	0	1602277	8	10088973	100	2	8200                              	85897	0	10088973	0
0.5	4100	359	0	1623525	8	10088973	100	2	8200                              	17481	0	10088973	0
0.5	4100	335	0	1599127	8	10088973	100	2	8200                              	90866	0	10088973	0
0.5	4100	356	0	1621815	8	10088973	100	2	8200                              	88611	0	10088973	0
0.5	4100	345	0	1608140	8	10088973	100	2	8200                              	87407	0	10088973	0
0.5	4100	406	0	1674137	8	10088973	100	2	8200                              	95049	0	10088973	0
0.5	4100	474	0	1742526	8	10088973	100	2	8200                              	96599	0	10088973	0
0.5	4100	364	0	1629832	8	10088973	100	2	8200                              	86989	0	10088973	0
0.5	4100	400	0	1666091	8	10088973	100	2	8200                              	97215	0	10088973	0
0.5	4100	352	0	1618259	8	10088973	100	2	8200                              	88542	0	10088973	0
0.5	4100	269	0	1532188	8	10088973	100	2	8200                              	86377	0	10088973	0
0.5	4100	299	0	1563193	8	10088973	100	2	8200                              	95619	0	10088973	0
0.5	4100	388	0	1654162	8	10088973	100	2	8200                              	22245	0	10088973	0
0.5	4100	437	0	1706235	8	10088973	100	2	8200                              	88408	0	10088973	0
0.5	4100	368	0	1633142	8	10088973	100	2	8200                              	90122	0	10088973	0
0.5	4100	370	0	1636095	8	10088973	100	2	8200                              	91162	0	10088973	0
0.5	4100	408	0	1674332	8	10088973	100	2	8200                              	96981	0	10088973	0
0.5	4100	328	0	1594052	8	10088973	100	2	8200                              	93907	0	10088973	0
0.5	4100	411	0	1676415	8	10088973	100	2	8200                              	86660	0	10088973	0
0.5	4100	393	0	1658130	8	10088973	100	2	8200                              	95128	0	10088973	0
0.5	4100	324	0	1588635	8	10088973	100	2	8200                              	89113	0	10088973	0
0.5	4100	334	0	1598125	8	10088973	100	2	8200                              	95135	0	10088973	0
0.5	4100	344	0	1610424	8	10088973	100	2	8200                              	93295	0	10088973	0
0.5	4100	321	0	1584328	8	10088973	100	2	8200                              	88274	0	10088973	0
0.5	4100	292	0	1555526	8	10088973	100	2	8200                              	86508	0	10088973	0
0.5	4100	314	0	1578439	8	10088973	100	2	8200                              	90019	0	10088973	0
0.5	4100	339	0	1604086	8	10088973	100	2	8200                              	94570	0	10088973	0
0.5	4100	305	0	1568773	8	10088973	100	2	8200                              	86511	0	10088973	0
0.5	4100	335	0	1599634	8	10088973	100	2	8200                              	90422	0	10088973	0
0.5	4100	469	0	1737042	8	10088973	100	2	8200                              	94571	0	10088973	0
0.5	4100	368	0	1633685	8	10088973	100	2	8200                              	89266	0	10088973	0
0.5	4100	373	0	1637869	8	10088973	100	2	8200                              	22769	0	10088973	0
0.5	4100	333	0	1597566	8	10088973	100	2	8200                              	83204	0	10088973	0
0.5	4100	360	0	1625389	8	10088973	100	2	8200                              	88932	0	10088973	0
0.5	4100	371	0	1636410	8	10088973	100	2	8200                              	90886	0	10088973	0
0.5	4100	331	0	1596125	8	10088973	100	2	8200                              	89040	0	10088973	0
0.5	4100	315	0	1579411	8	10088973	100	2	8200                              	95029	0	10088973	0
0.5	4100	374	0	1639372	8	10088973	100	2	8200                              	90193	0	10088973	0
0.5	4100	266	0	1529209	8	10088973	100	2	8200                              	82053	0	10088973	0
0.5	4100	455	0	1723347	8	10088973	100	2	8200                              	85356	0	10088973	0
0.5	4100	351	0	1617295	8	10088973	100	2	8200                              	95159	0	10088973	0
0.5	4100	409	0	1676892	8	10088973	100	2	8200                              	98031	0	10088973	0
0.5	4100	358	0	1623639	8	10088973	100	2	8200                              	90597	0	10088973	0
0.5	4100	349	0	1614434	8	10088973	100	2	8200                              	89302	0	10088973	0
0.5	4100	324	0	1587992	8	10088973	100	2	8200                              	93996	0	10088973	0
0.5	4100	400	0	1666599	8	10088973	100	2	8200                              	90098	0	10088973	0
0.5	4100	374	0	1641041	8	10088973	100	2	8200                              	83487	0	10088973	0
0.5	4100	325	0	1587982	8	10088973	100	2	8200                              	86973	0	10088973	0
0.5	4100	438	0	1704744	8	10088973	100	2	8200                              	94232	0	10088973	0
0.5	4100	345	0	1611254	8	10088973	100	2	8200                              	95103	0	10088973	0
0.5	4100	430	0	1697812	8	10088973	100	2	8200                              	91198	0	10088973	0
0.5	4100	375	0	1639451	8	10088973	100	2	8200                              	90515	0	10088973	0
0.5	4100	304	0	1568555	8	10088973	100	2	8200                              	87984	0	10088973	0
0.5	4100	448	0	1714420	8	10088973	100	2	8200                              	89284	0	10088973	0
0.5	4100	340	0	1603580	8	10088973	100	2	8200                              	86940	0	10088973	0
0.5	4100	403	0	1669648	8	10088973	100	2	8200                              	90660	0	10088973	0
0.5	4100	426	0	1692200	8	10088973	100	2	8200                              	91506	0	10088973	0
0.5	4100	319	0	1584702	8	10088973	100	2	8200                              	88940	0	10088973	0
0.5	4100	355	0	1620992	8	10088973	100	2	8200                              	91413	0	10088973	0
0.5	4100	353	0	1617568	8	10088973	100	2	8200                              	91289	0	10088973	0
0.5	4100	322	0	1586333	8	10088973	100	2	8200                              	87843	0	10088973	0
0.5	4100	342	0	1606196	8	10088973	100	2	8200                              	86985	0	10088973	0
0.5	5100	313	0	1654932	8	10088973	100	2	10200                              	86826	0	10088973	0
0.5	5100	373	0	1730996	8	10088973	100	2	10200                              	87410	0	10088973	0
0.5	5100	297	0	1633484	8	10088973	100	2	10200                              	89383	0	10088973	0
0.5	5100	296	0	1633053	8	10088973	100	2	10200                              	86135	0	10088973	0
0.5	5100	357	0	1709911	8	10088973	100	2	10200                              	87336	0	10088973	0
0.5	5100	358	0	1711778	8	10088973	100	2	10200                              	90478	0	10088973	0
0.5	5100	217	0	1531901	8	10088973	100	2	10200                              	83126	0	10088973	0
0.5	5100	244	0	1567691	8	10088973	100	2	10200                              	88593	0	10088973	0
0.5	5100	290	0	1626089	8	10088973	100	2	10200                              	87044	0	10088973	0
0.5	5100	376	0	1733519	8	10088973	100	2	10200                              	88665	0	10088973	0
0.5	5100	238	0	1560393	8	10088973	100	2	10200                              	92157	0	10088973	0
0.5	5100	238	0	1559114	8	10088973	100	2	10200                              	82578	0	10088973	0
0.5	5100	427	0	1799294	8	10088973	100	2	10200                              	24251	0	10088973	0
0.5	5100	413	0	1781230	8	10088973	100	2	10200                              	95669	0	10088973	0
0.5	5100	293	0	1628971	8	10088973	100	2	10200                              	87671	0	10088973	0
0.5	5100	358	0	1712062	8	10088973	100	2	10200                              	93317	0	10088973	0
0.5	5100	250	0	1573738	8	10088973	100	2	10200                              	82773	0	10088973	0
0.5	5100	340	0	1689620	8	10088973	100	2	10200                              	88862	0	10088973	0
0.5	5100	363	0	1717929	8	10088973	100	2	10200                              	86617	0	10088973	0
0.5	5100	351	0	1703933	8	10088973	100	2	10200                              	93052	0	10088973	0
0.5	5100	287	0	1622963	8	10088973	100	2	10200                              	88337	0	10088973	0
0.5	5100	413	0	1781841	8	10088973	100	2	10200                              	24626	0	10088973	0
0.5	5100	317	0	1659797	8	10088973	100	2	10200                              	87677	0	10088973	0
0.5	5100	457	0	1838634	8	10088973	100	2	10200                              	98613	0	10088973	0
0.5	5100	433	0	1808302	8	10088973	100	2	10200                              	96575	0	10088973	0
0.5	5100	346	0	1695715	8	10088973	100	2	10200                              	89004	0	10088973	0
0.5	5100	256	0	1581019	8	10088973	100	2	10200                              	87449	0	10088973	0
0.5	5100	402	0	1766498	8	10088973	100	2	10200                              	92394	0	10088973	0
0.5	5100	341	0	1690561	8	10088973	100	2	10200                              	87427	0	10088973	0
0.5	5100	335	0	1683161	8	10088973	100	2	10200                              	86320	0	10088973	0
0.5	5100	379	0	1739364	8	10088973	100	2	10200                              	90802	0	10088973	0
0.5	5100	342	0	1690954	8	10088973	100	2	10200                              	94606	0	10088973	0
0.5	5100	319	0	1661803	8	10088973	100	2	10200                              	93920	0	10088973	0
0.5	5100	273	0	1605163	8	10088973	100	2	10200                              	87283	0	10088973	0
0.5	5100	325	0	1669432	8	10088973	100	2	10200                              	87653	0	10088973	0
0.5	5100	461	0	1843344	8	10088973	100	2	10200                              	87181	0	10088973	0
0.5	5100	329	0	1675247	8	10088973	100	2	10200                              	95047	0	10088973	0
0.5	5100	425	0	1797923	8	10088973	100	2	10200                              	88867	0	10088973	0
0.5	5100	395	0	1757436	8	10088973	100	2	10200                              	90026	0	10088973	0
0.5	5100	314	0	1656098	8	10088973	100	2	10200                              	95894	0	10088973	0
0.5	5100	450	0	1830939	8	10088973	100	2	10200                              	92954	0	10088973	0
0.5	5100	329	0	1673552	8	10088973	100	2	10200                              	20129	0	10088973	0
0.5	5100	389	0	1751839	8	10088973	100	2	10200                              	90989	0	10088973	0
0.5	5100	293	0	1628381	8	10088973	100	2	10200                              	85204	0	10088973	0
0.5	5100	360	0	1714489	8	10088973	100	2	10200                              	89497	0	10088973	0
0.5	5100	330	0	1676446	8	10088973	100	2	10200                              	88877	0	10088973	0
0.5	5100	275	0	1605237	8	10088973	100	2	10200                              	84504	0	10088973	0
0.5	5100	276	0	1608002	8	10088973	100	2	10200                              	88965	0	10088973	0
0.5	5100	341	0	1691686	8	10088973	100	2	10200                              	91079	0	10088973	0
0.5	5100	306	0	1647899	8	10088973	100	2	10200                              	87797	0	10088973	0
0.5	5100	436	0	1811851	8	10088973	100	2	10200                              	88334	0	10088973	0
0.5	5100	377	0	1736072	8	10088973	100	2	10200                              	24020	0	10088973	0
0.5	5100	369	0	1724436	8	10088973	100	2	10200                              	86111	0	10088973	0
0.5	5100	247	0	1570117	8	10088973	100	2	10200                              	88271	0	10088973	0
0.5	5100	364	0	1717250	8	10088973	100	2	10200                              	87515	0	10088973	0
0.5	5100	285	0	1618578	8	10088973	100	2	10200                              	87124	0	10088973	0
0.5	5100	380	0	1738908	8	10088973	100	2	10200                              	92171	0	10088973	0
0.5	5100	348	0	1698810	8	10088973	100	2	10200                              	85261	0	10088973	0
0.5	5100	397	0	1762503	8	10088973	100	2	10200                              	85811	0	10088973	0
0.5	5100	287	0	1618760	8	10088973	100	2	10200                              	91965	0	10088973	0
0.5	5100	299	0	1635643	8	10088973	100	2	10200                              	91014	0	10088973	0
0.5	5100	354	0	1707464	8	10088973	100	2	10200                              	97560	0	10088973	0
0.5	5100	351	0	1703433	8	10088973	100	2	10200                              	89891	0	10088973	0
0.5	5100	310	0	1650279	8	10088973	100	2	10200                              	83147	0	10088973	0
0.5	5100	355	0	1708191	8	10088973	100	2	10200                              	90541	0	10088973	0
0.5	5100	310	0	1651292	8	10088973	100	2	10200                              	86418	0	10088973	0
0.5	5100	258	0	1584453	8	10088973	100	2	10200                              	85261	0	10088973	0
0.5	5100	320	0	1665119	8	10088973	100	2	10200                              	84392	0	10088973	0
0.5	5100	360	0	1715679	8	10088973	100	2	10200                              	93633	0	10088973	0
0.5	5100	426	0	1797340	8	10088973	100	2	10200                              	95146	0	10088973	0
0.5	5100	349	0	1700379	8	10088973	100	2	10200                              	91142	0	10088973	0
0.5	5100	315	0	1657769	8	10088973	100	2	10200                              	88593	0	10088973	0
0.5	5100	329	0	1675093	8	10088973	100	2	10200                              	94327	0	10088973	0
0.5	5100	321	0	1665061	8	10088973	100	2	10200                              	89263	0	10088973	0
0.5	5100	280	0	1612887	8	10088973	100	2	10200                              	84420	0	10088973	0
0.5	5100	424	0	1797388	8	10088973	100	2	10200                              	85600	0	10088973	0
0.5	5100	361	0	1714536	8	10088973	100	2	10200                              	87667	0	10088973	0
0.5	5100	245	0	1568378	8	10088973	100	2	10200                              	84265	0	10088973	0
0.5	5100	422	0	1793705	8	10088973	100	2	10200                              	21380	0	10088973	0
0.5	5100	390	0	1751723	8	10088973	100	2	10200                              	29511	0	10088973	0
0.5	5100	313	0	1653002	8	10088973	100	2	10200                              	87661	0	10088973	0
0.5	5100	313	0	1654490	8	10088973	100	2	10200                              	84027	0	10088973	0
0.5	5100	369	0	1726399	8	10088973	100	2	10200                              	95634	0	10088973	0
0.5	5100	265	0	1593818	8	10088973	100	2	10200                              	82172	0	10088973	0
0.5	5100	256	0	1582808	8	10088973	100	2	10200                              	85359	0	10088973	0
0.5	5100	315	0	1654415	8	10088973	100	2	10200                              	93106	0	10088973	0
0.5	5100	340	0	1690562	8	10088973	100	2	10200                              	89917	0	10088973	0
0.5	5100	258	0	1584382	8	10088973	100	2	10200                              	86239	0	10088973	0
0.5	5100	387	0	1748682	8	10088973	100	2	10200                              	88577	0	10088973	0
0.5	5100	219	0	1535701	8	10088973	100	2	10200                              	84119	0	10088973	0
0.5	5100	396	0	1758616	8	10088973	100	2	10200                              	23613	0	10088973	0
0.5	5100	312	0	1653274	8	10088973	100	2	10200                              	90700	0	10088973	0
0.5	5100	284	0	1617986	8	10088973	100	2	10200                              	83880	0	10088973	0
0.5	5100	360	0	1714259	8	10088973	100	2	10200                              	89083	0	10088973	0
0.5	5100	290	0	1625022	8	10088973	100	2	10200                              	87245	0	10088973	0
0.5	5100	345	0	1695420	8	10088973	100	2	10200                              	96808	0	10088973	0
0.5	5100	381	0	1742318	8	10088973	100	2	10200                              	90807	0	10088973	0
0.5	5100	375	0	1735305	8	10088973	100	2	10200                              	96964	0	10088973	0
0.5	5100	356	0	1708136	8	10088973	100	2	10200                              	94654	0	10088973	0
0.5	5100	321	0	1664961	8	10088973	100	2	10200                              	86505	0	10088973	0
0.5	6100	231	0	1605639	8	10088973	100	2	12200                              	17723	0	10088973	0
0.5	6100	284	0	1687179	8	10088973	100	2	12200                              	86834	0	10088973	0
0.5	6100	299	0	1709226	8	10088973	100	2	12200                              	17775	0	10088973	0
0.5	6100	259	0	1652070	8	10088973	100	2	12200                              	87960	0	10088973	0
0.5	6100	228	0	1601094	8	10088973	100	2	12200                              	86525	0	10088973	0
0.5	6100	329	0	1756824	8	10088973	100	2	12200                              	94176	0	10088973	0
0.5	6100	362	0	1805287	8	10088973	100	2	12200                              	90352	0	10088973	0
0.5	6100	330	0	1756782	8	10088973	100	2	12200                              	21967	0	10088973	0
0.5	6100	340	0	1770570	8	10088973	100	2	12200                              	87868	0	10088973	0
0.5	6100	280	0	1681859	8	10088973	100	2	12200                              	20231	0	10088973	0
0.5	6100	291	0	1696926	8	10088973	100	2	12200                              	93630	0	10088973	0
0.5	6100	316	0	1734251	8	10088973	100	2	12200                              	93890	0	10088973	0
0.5	6100	223	0	1596073	8	10088973	100	2	12200                              	84430	0	10088973	0
0.5	6100	298	0	1705954	8	10088973	100	2	12200                              	21591	0	10088973	0
0.5	6100	402	0	1867885	8	10088973	100	2	12200                              	94302	0	10088973	0
0.5	6100	329	0	1757451	8	10088973	100	2	12200                              	88601	0	10088973	0
0.5	6100	345	0	1781708	8	10088973	100	2	12200                              	88570	0	10088973	0
0.5	6100	336	0	1766445	8	10088973	100	2	12200                              	89975	0	10088973	0
0.5	6100	365	0	1811907	8	10088973	100	2	12200                              	94568	0	10088973	0
0.5	6100	364	0	1810910	8	10088973	100	2	12200                              	94336	0	10088973	0
0.5	6100	249	0	1632234	8	10088973	100	2	12200                              	87761	0	10088973	0
0.5	6100	230	0	1604824	8	10088973	100	2	12200                              	86070	0	10088973	0
0.5	6100	335	0	1766072	8	10088973	100	2	12200                              	94054	0	10088973	0
0.5	6100	347	0	1783599	8	10088973	100	2	12200                              	89147	0	10088973	0
0.5	6100	343	0	1777809	8	10088973	100	2	12200                              	91355	0	10088973	0
0.5	6100	242	0	1623834	8	10088973	100	2	12200                              	88431	0	10088973	0
0.5	6100	308	0	1724010	8	10088973	100	2	12200                              	93401	0	10088973	0
0.5	6100	196	0	1555452	8	10088973	100	2	12200                              	84807	0	10088973	0
0.5	6100	375	0	1824753	8	10088973	100	2	12200                              	86103	0	10088973	0
0.5	6100	355	0	1794479	8	10088973	100	2	12200                              	95518	0	10088973	0
0.5	6100	332	0	1758802	8	10088973	100	2	12200                              	88012	0	10088973	0
0.5	6100	271	0	1668160	8	10088973	100	2	12200                              	83244	0	10088973	0
0.5	6100	242	0	1622832	8	10088973	100	2	12200                              	90928	0	10088973	0
0.5	6100	399	0	1862658	8	10088973	100	2	12200                              	28732	0	10088973	0
0.5	6100	359	0	1804699	8	10088973	100	2	12200                              	88284	0	10088973	0
0.5	6100	237	0	1615558	8	10088973	100	2	12200                              	17565	0	10088973	0
0.5	6100	276	0	1676285	8	10088973	100	2	12200                              	92339	0	10088973	0
0.5	6100	358	0	1801115	8	10088973	100	2	12200                              	88837	0	10088973	0
0.5	6100	329	0	1758664	8	10088973	100	2	12200                              	87294	0	10088973	0
0.5	6100	325	0	1749453	8	10088973	100	2	12200                              	94163	0	10088973	0
0.5	6100	268	0	1663388	8	10088973	100	2	12200                              	83532	0	10088973	0
0.5	6100	278	0	1678553	8	10088973	100	2	12200                              	88938	0	10088973	0
0.5	6100	306	0	1719707	8	10088973	100	2	12200                              	90331	0	10088973	0
0.5	6100	257	0	1647894	8	10088973	100	2	12200                              	85733	0	10088973	0
0.5	6100	385	0	1839943	8	10088973	100	2	12200                              	95395	0	10088973	0
0.5	6100	354	0	1795623	8	10088973	100	2	12200                              	86538	0	10088973	0
0.5	6100	319	0	1739544	8	10088973	100	2	12200                              	92018	0	10088973	0
0.5	6100	352	0	1791079	8	10088973	100	2	12200                              	86369	0	10088973	0
0.5	6100	202	0	1561176	8	10088973	100	2	12200                              	82308	0	10088973	0
0.5	6100	261	0	1651954	8	10088973	100	2	12200                              	84820	0	10088973	0
0.5	6100	305	0	1721544	8	10088973	100	2	12200                              	87049	0	10088973	0
0.5	6100	394	0	1855514	8	10088973	100	2	12200                              	22403	0	10088973	0
0.5	6100	307	0	1724461	8	10088973	100	2	12200                              	87001	0	10088973	0
0.5	6100	304	0	1717465	8	10088973	100	2	12200                              	93036	0	10088973	0
0.5	6100	316	0	1736174	8	10088973	100	2	12200                              	88227	0	10088973	0
0.5	6100	281	0	1682349	8	10088973	100	2	12200                              	88828	0	10088973	0
0.5	6100	297	0	1706656	8	10088973	100	2	12200                              	87808	0	10088973	0
0.5	6100	277	0	1677279	8	10088973	100	2	12200                              	87540	0	10088973	0
0.5	6100	328	0	1752687	8	10088973	100	2	12200                              	90093	0	10088973	0
0.5	6100	295	0	1703489	8	10088973	100	2	12200                              	92877	0	10088973	0
0.5	6100	355	0	1795320	8	10088973	100	2	12200                              	93370	0	10088973	0
0.5	6100	266	0	1660154	8	10088973	100	2	12200                              	89844	0	10088973	0
0.5	6100	309	0	1724987	8	10088973	100	2	12200                              	88148	0	10088973	0
0.5	6100	330	0	1755971	8	10088973	100	2	12200                              	83811	0	10088973	0
0.5	6100	243	0	1626171	8	10088973	100	2	12200                              	84105	0	10088973	0
0.5	6100	348	0	1785408	8	10088973	100	2	12200                              	17687	0	10088973	0
0.5	6100	336	0	1767245	8	10088973	100	2	12200                              	89289	0	10088973	0
0.5	6100	268	0	1663487	8	10088973	100	2	12200                              	85736	0	10088973	0
0.5	6100	289	0	1693951	8	10088973	100	2	12200                              	82527	0	10088973	0
0.5	6100	246	0	1628427	8	10088973	100	2	12200                              	94074	0	10088973	0
0.5	6100	314	0	1732396	8	10088973	100	2	12200                              	92529	0	10088973	0
0.5	6100	197	0	1554654	8	10088973	100	2	12200                              	80772	0	10088973	0
0.5	6100	258	0	1648740	8	10088973	100	2	12200                              	85171	0	10088973	0
0.5	6100	348	0	1784567	8	10088973	100	2	12200                              	87951	0	10088973	0
0.5	6100	333	0	1764727	8	10088973	100	2	12200                              	86128	0	10088973	0
0.5	6100	257	0	1645792	8	10088973	100	2	12200                              	89711	0	10088973	0
0.5	6100	270	0	1666435	8	10088973	100	2	12200                              	86164	0	10088973	0
0.5	6100	245	0	1630322	8	10088973	100	2	12200                              	85882	0	10088973	0
0.5	6100	348	0	1785707	8	10088973	100	2	12200                              	87541	0	10088973	0
0.5	6100	323	0	1745569	8	10088973	100	2	12200                              	94015	0	10088973	0
0.5	6100	305	0	1717940	8	10088973	100	2	12200                              	87904	0	10088973	0
0.5	6100	367	0	1813298	8	10088973	100	2	12200                              	92239	0	10088973	0
0.5	6100	332	0	1761481	8	10088973	100	2	12200                              	88737	0	10088973	0
0.5	6100	260	0	1650203	8	10088973	100	2	12200                              	91800	0	10088973	0
0.5	6100	379	0	1832145	8	10088973	100	2	12200                              	91020	0	10088973	0
0.5	6100	230	0	1604594	8	10088973	100	2	12200                              	83154	0	10088973	0
0.5	6100	232	0	1607554	8	10088973	100	2	12200                              	18850	0	10088973	0
0.5	6100	321	0	1743972	8	10088973	100	2	12200                              	95653	0	10088973	0
0.5	6100	265	0	1656114	8	10088973	100	2	12200                              	90691	0	10088973	0
0.5	6100	254	0	1642881	8	10088973	100	2	12200                              	88826	0	10088973	0
0.5	6100	392	0	1851802	8	10088973	100	2	12200                              	83683	0	10088973	0
0.5	6100	307	0	1722660	8	10088973	100	2	12200                              	91288	0	10088973	0
0.5	6100	299	0	1708209	8	10088973	100	2	12200                              	96326	0	10088973	0
0.5	6100	330	0	1759357	8	10088973	100	2	12200                              	87858	0	10088973	0
0.5	6100	316	0	1735473	8	10088973	100	2	12200                              	84151	0	10088973	0
0.5	6100	294	0	1704435	8	10088973	100	2	12200                              	93628	0	10088973	0
0.5	6100	285	0	1689601	8	10088973	100	2	12200                              	92392	0	10088973	0
0.5	6100	369	0	1816868	8	10088973	100	2	12200                              	84173	0	10088973	0
0.5	6100	292	0	1699563	8	10088973	100	2	12200                              	83587	0	10088973	0
0.5	6100	320	0	1743504	8	10088973	100	2	12200                              	19634	0	10088973	0
0.5	7100	319	0	1820984	8	10088973	100	2	14200                              	86853	0	10088973	0
0.5	7100	217	0	1636719	8	10088973	100	2	14200                              	84480	0	10088973	0
0.5	7100	327	0	1832195	8	10088973	100	2	14200                              	20278	0	10088973	0
0.5	7100	189	0	1585929	8	10088973	100	2	14200                              	83995	0	10088973	0
0.5	7100	360	0	1891434	8	10088973	100	2	14200                              	84976	0	10088973	0
0.5	7100	298	0	1780500	8	10088973	100	2	14200                              	95558	0	10088973	0
0.5	7100	300	0	1786879	8	10088973	100	2	14200                              	89255	0	10088973	0
0.5	7100	286	0	1759685	8	10088973	100	2	14200                              	88640	0	10088973	0
0.5	7100	348	0	1869434	8	10088973	100	2	14200                              	20715	0	10088973	0
0.5	7100	236	0	1670355	8	10088973	100	2	14200                              	83747	0	10088973	0
0.5	7100	285	0	1758465	8	10088973	100	2	14200                              	87568	0	10088973	0
0.5	7100	293	0	1771566	8	10088973	100	2	14200                              	84742	0	10088973	0
0.5	7100	244	0	1683714	8	10088973	100	2	14200                              	86900	0	10088973	0
0.5	7100	320	0	1821895	8	10088973	100	2	14200                              	91999	0	10088973	0
0.5	7100	290	0	1768396	8	10088973	100	2	14200                              	87482	0	10088973	0
0.5	7100	287	0	1762418	8	10088973	100	2	14200                              	85343	0	10088973	0
0.5	7100	222	0	1648605	8	10088973	100	2	14200                              	83284	0	10088973	0
0.5	7100	296	0	1780984	8	10088973	100	2	14200                              	93083	0	10088973	0
0.5	7100	236	0	1670542	8	10088973	100	2	14200                              	92281	0	10088973	0
0.5	7100	272	0	1734665	8	10088973	100	2	14200                              	83434	0	10088973	0
0.5	7100	227	0	1656709	8	10088973	100	2	14200                              	86033	0	10088973	0
0.5	7100	248	0	1694570	8	10088973	100	2	14200                              	87223	0	10088973	0
0.5	7100	335	0	1848366	8	10088973	100	2	14200                              	20998	0	10088973	0
0.5	7100	339	0	1854029	8	10088973	100	2	14200                              	83874	0	10088973	0
0.5	7100	272	0	1736214	8	10088973	100	2	14200                              	83391	0	10088973	0
0.5	7100	264	0	1721461	8	10088973	100	2	14200                              	84865	0	10088973	0
0.5	7100	289	0	1762920	8	10088973	100	2	14200                              	93242	0	10088973	0
0.5	7100	352	0	1878189	8	10088973	100	2	14200                              	23917	0	10088973	0
0.5	7100	296	0	1774205	8	10088973	100	2	14200                              	82547	0	10088973	0
0.5	7100	323	0	1826188	8	10088973	100	2	14200                              	29123	0	10088973	0
0.5	7100	302	0	1788902	8	10088973	100	2	14200                              	81939	0	10088973	0
0.5	7100	271	0	1735090	8	10088973	100	2	14200                              	86961	0	10088973	0
0.5	7100	382	0	1931554	8	10088973	100	2	14200                              	89636	0	10088973	0
0.5	7100	264	0	1721791	8	10088973	100	2	14200                              	86061	0	10088973	0
0.5	7100	273	0	1738044	8	10088973	100	2	14200                              	87663	0	10088973	0
0.5	7100	359	0	1891687	8	10088973	100	2	14200                              	94961	0	10088973	0
0.5	7100	244	0	1687690	8	10088973	100	2	14200                              	81086	0	10088973	0
0.5	7100	205	0	1617403	8	10088973	100	2	14200                              	86211	0	10088973	0
0.5	7100	346	0	1866629	8	10088973	100	2	14200                              	84788	0	10088973	0
0.5	7100	333	0	1843169	8	10088973	100	2	14200                              	94839	0	10088973	0
0.5	7100	349	0	1872241	8	10088973	100	2	14200                              	88900	0	10088973	0
0.5	7100	276	0	1742156	8	10088973	100	2	14200                              	21881	0	10088973	0
0.5	7100	388	0	1940164	8	10088973	100	2	14200                              	88992	0	10088973	0
0.5	7100	283	0	1754479	8	10088973	100	2	14200                              	90966	0	10088973	0
0.5	7100	293	0	1772860	8	10088973	100	2	14200                              	82264	0	10088973	0
0.5	7100	317	0	1817113	8	10088973	100	2	14200                              	88680	0	10088973	0
0.5	7100	312	0	1805915	8	10088973	100	2	14200                              	20136	0	10088973	0
0.5	7100	325	0	1829300	8	10088973	100	2	14200                              	29098	0	10088973	0
0.5	7100	329	0	1837063	8	10088973	100	2	14200                              	88518	0	10088973	0
0.5	7100	306	0	1794738	8	10088973	100	2	14200                              	89348	0	10088973	0
0.5	7100	306	0	1796201	8	10088973	100	2	14200                              	87744	0	10088973	0
0.5	7100	360	0	1892817	8	10088973	100	2	14200                              	88264	0	10088973	0
0.5	7100	293	0	1771249	8	10088973	100	2	14200                              	83236	0	10088973	0
0.5	7100	300	0	1783422	8	10088973	100	2	14200                              	86424	0	10088973	0
0.5	7100	306	0	1796180	8	10088973	100	2	14200                              	93315	0	10088973	0
0.5	7100	301	0	1785367	8	10088973	100	2	14200                              	90952	0	10088973	0
0.5	7100	348	0	1874109	8	10088973	100	2	14200                              	86877	0	10088973	0
0.5	7100	328	0	1836306	8	10088973	100	2	14200                              	21706	0	10088973	0
0.5	7100	326	0	1832137	8	10088973	100	2	14200                              	87460	0	10088973	0
0.5	7100	284	0	1757108	8	10088973	100	2	14200                              	16007	0	10088973	0
0.5	7100	328	0	1835555	8	10088973	100	2	14200                              	91406	0	10088973	0
0.5	7100	192	0	1591758	8	10088973	100	2	14200                              	83549	0	10088973	0
0.5	7100	206	0	1621076	8	10088973	100	2	14200                              	79918	0	10088973	0
0.5	7100	312	0	1806788	8	10088973	100	2	14200                              	22541	0	10088973	0
0.5	7100	270	0	1732142	8	10088973	100	2	14200                              	94354	0	10088973	0
0.5	7100	263	0	1721756	8	10088973	100	2	14200                              	81561	0	10088973	0
0.5	7100	297	0	1781640	8	10088973	100	2	14200                              	85257	0	10088973	0
0.5	7100	287	0	1763764	8	10088973	100	2	14200                              	94339	0	10088973	0
0.5	7100	329	0	1836614	8	10088973	100	2	14200                              	88250	0	10088973	0
0.5	7100	268	0	1728877	8	10088973	100	2	14200                              	86835	0	10088973	0
0.5	7100	297	0	1779272	8	10088973	100	2	14200                              	85983	0	10088973	0
0.5	7100	345	0	1865221	8	10088973	100	2	14200                              	84953	0	10088973	0
0.5	7100	247	0	1690462	8	10088973	100	2	14200                              	86672	0	10088973	0
0.5	7100	244	0	1685116	8	10088973	100	2	14200                              	87108	0	10088973	0
0.5	7100	418	0	1995848	8	10088973	100	2	14200                              	87994	0	10088973	0
0.5	7100	226	0	1653609	8	10088973	100	2	14200                              	86916	0	10088973	0
0.5	7100	318	0	1820343	8	10088973	100	2	14200                              	88194	0	10088973	0
0.5	7100	286	0	1761679	8	10088973	100	2	14200                              	87694	0	10088973	0
0.5	7100	288	0	1762714	8	10088973	100	2	14200                              	87905	0	10088973	0
0.5	7100	283	0	1755896	8	10088973	100	2	14200                              	85837	0	10088973	0
0.5	7100	340	0	1860702	8	10088973	100	2	14200                              	87475	0	10088973	0
0.5	7100	258	0	1713059	8	10088973	100	2	14200                              	87376	0	10088973	0
0.5	7100	307	0	1796816	8	10088973	100	2	14200                              	92679	0	10088973	0
0.5	7100	295	0	1776325	8	10088973	100	2	14200                              	82871	0	10088973	0
0.5	7100	288	0	1764601	8	10088973	100	2	14200                              	86973	0	10088973	0
0.5	7100	280	0	1748107	8	10088973	100	2	14200                              	82902	0	10088973	0
0.5	7100	306	0	1793687	8	10088973	100	2	14200                              	92838	0	10088973	0
0.5	7100	294	0	1774459	8	10088973	100	2	14200                              	84958	0	10088973	0
0.5	7100	274	0	1735969	8	10088973	100	2	14200                              	14248	0	10088973	0
0.5	7100	310	0	1803326	8	10088973	100	2	14200                              	25240	0	10088973	0
0.5	7100	405	0	1972944	8	10088973	100	2	14200                              	21285	0	10088973	0
0.5	7100	277	0	1746019	8	10088973	100	2	14200                              	86019	0	10088973	0
0.5	7100	326	0	1831091	8	10088973	100	2	14200                              	92054	0	10088973	0
0.5	7100	274	0	1744050	8	10088973	100	2	14200                              	94020	0	10088973	0
0.5	7100	260	0	1715174	8	10088973	100	2	14200                              	86768	0	10088973	0
0.5	7100	337	0	1850900	8	10088973	100	2	14200                              	90506	0	10088973	0
0.5	7100	326	0	1829749	8	10088973	100	2	14200                              	22445	0	10088973	0
0.5	7100	397	0	1958024	8	10088973	100	2	14200                              	93010	0	10088973	0
0.5	7100	174	0	1561212	8	10088973	100	2	14200                              	80177	0	10088973	0
0.5	7100	290	0	1765598	8	10088973	100	2	14200                              	86971	0	10088973	0
0.5	8100	280	0	1820996	8	10088973	100	2	16200                              	85557	0	10088973	0
0.5	8100	218	0	1696080	8	10088973	100	2	16200                              	83153	0	10088973	0
0.5	8100	304	0	1865759	8	10088973	100	2	16200                              	93982	0	10088973	0
0.5	8100	247	0	1751531	8	10088973	100	2	16200                              	85689	0	10088973	0
0.5	8100	233	0	1725843	8	10088973	100	2	16200                              	84315	0	10088973	0
0.5	8100	349	0	1960824	8	10088973	100	2	16200                              	25864	0	10088973	0
0.5	8100	301	0	1863283	8	10088973	100	2	16200                              	84944	0	10088973	0
0.5	8100	242	0	1741197	8	10088973	100	2	16200                              	87475	0	10088973	0
0.5	8100	311	0	1884056	8	10088973	100	2	16200                              	93516	0	10088973	0
0.5	8100	287	0	1834790	8	10088973	100	2	16200                              	85982	0	10088973	0
0.5	8100	298	0	1854982	8	10088973	100	2	16200                              	83900	0	10088973	0
0.5	8100	353	0	1965950	8	10088973	100	2	16200                              	88446	0	10088973	0
0.5	8100	296	0	1850390	8	10088973	100	2	16200                              	85946	0	10088973	0
0.5	8100	214	0	1685610	8	10088973	100	2	16200                              	84749	0	10088973	0
0.5	8100	260	0	1777226	8	10088973	100	2	16200                              	89361	0	10088973	0
0.5	8100	259	0	1776415	8	10088973	100	2	16200                              	81244	0	10088973	0
0.5	8100	231	0	1718483	8	10088973	100	2	16200                              	85945	0	10088973	0
0.5	8100	272	0	1801254	8	10088973	100	2	16200                              	85432	0	10088973	0
0.5	8100	272	0	1803364	8	10088973	100	2	16200                              	94061	0	10088973	0
0.5	8100	288	0	1835374	8	10088973	100	2	16200                              	92057	0	10088973	0
0.5	8100	197	0	1652550	8	10088973	100	2	16200                              	80303	0	10088973	0
0.5	8100	294	0	1849010	8	10088973	100	2	16200                              	86887	0	10088973	0
0.5	8100	299	0	1857017	8	10088973	100	2	16200                              	88381	0	10088973	0
0.5	8100	307	0	1872497	8	10088973	100	2	16200                              	87249	0	10088973	0
0.5	8100	263	0	1786301	8	10088973	100	2	16200                              	91559	0	10088973	0
0.5	8100	277	0	1812648	8	10088973	100	2	16200                              	86448	0	10088973	0
0.5	8100	264	0	1782979	8	10088973	100	2	16200                              	89121	0	10088973	0
0.5	8100	306	0	1871715	8	10088973	100	2	16200                              	87626	0	10088973	0
0.5	8100	319	0	1901308	8	10088973	100	2	16200                              	83630	0	10088973	0
0.5	8100	247	0	1752917	8	10088973	100	2	16200                              	83280	0	10088973	0
0.5	8100	267	0	1792896	8	10088973	100	2	16200                              	87212	0	10088973	0
0.5	8100	262	0	1782736	8	10088973	100	2	16200                              	86879	0	10088973	0
0.5	8100	225	0	1709264	8	10088973	100	2	16200                              	83377	0	10088973	0
0.5	8100	285	0	1827713	8	10088973	100	2	16200                              	88761	0	10088973	0
0.5	8100	256	0	1770229	8	10088973	100	2	16200                              	92416	0	10088973	0
0.5	8100	302	0	1863968	8	10088973	100	2	16200                              	86067	0	10088973	0
0.5	8100	286	0	1831072	8	10088973	100	2	16200                              	88495	0	10088973	0
0.5	8100	292	0	1843795	8	10088973	100	2	16200                              	92940	0	10088973	0
0.5	8100	228	0	1712318	8	10088973	100	2	16200                              	85451	0	10088973	0
0.5	8100	324	0	1907199	8	10088973	100	2	16200                              	81708	0	10088973	0
0.5	8100	317	0	1894053	8	10088973	100	2	16200                              	88589	0	10088973	0
0.5	8100	281	0	1820395	8	10088973	100	2	16200                              	94396	0	10088973	0
0.5	8100	280	0	1820025	8	10088973	100	2	16200                              	88024	0	10088973	0
0.5	8100	242	0	1742263	8	10088973	100	2	16200                              	84082	0	10088973	0
0.5	8100	297	0	1852184	8	10088973	100	2	16200                              	24427	0	10088973	0
0.5	8100	266	0	1791076	8	10088973	100	2	16200                              	86623	0	10088973	0
0.5	8100	255	0	1766312	8	10088973	100	2	16200                              	92052	0	10088973	0
0.5	8100	287	0	1831250	8	10088973	100	2	16200                              	91341	0	10088973	0
0.5	8100	266	0	1793193	8	10088973	100	2	16200                              	86266	0	10088973	0
0.5	8100	248	0	1753587	8	10088973	100	2	16200                              	89595	0	10088973	0
0.5	8100	270	0	1798387	8	10088973	100	2	16200                              	91630	0	10088973	0
0.5	8100	241	0	1740727	8	10088973	100	2	16200                              	85474	0	10088973	0
0.5	8100	343	0	1942638	8	10088973	100	2	16200                              	92325	0	10088973	0
0.5	8100	277	0	1812705	8	10088973	100	2	16200                              	90863	0	10088973	0
0.5	8100	297	0	1855879	8	10088973	100	2	16200                              	87294	0	10088973	0
0.5	8100	276	0	1809897	8	10088973	100	2	16200                              	92752	0	10088973	0
0.5	8100	286	0	1831413	8	10088973	100	2	16200                              	83849	0	10088973	0
0.5	8100	184	0	1624880	8	10088973	100	2	16200                              	85360	0	10088973	0
0.5	8100	294	0	1846424	8	10088973	100	2	16200                              	86197	0	10088973	0
0.5	8100	234	0	1726557	8	10088973	100	2	16200                              	83060	0	10088973	0
0.5	8100	337	0	1931662	8	10088973	100	2	16200                              	90103	0	10088973	0
0.5	8100	271	0	1799972	8	10088973	100	2	16200                              	86681	0	10088973	0
0.5	8100	334	0	1929389	8	10088973	100	2	16200                              	83481	0	10088973	0
0.5	8100	278	0	1812736	8	10088973	100	2	16200                              	83580	0	10088973	0
0.5	8100	310	0	1883651	8	10088973	100	2	16200                              	87978	0	10088973	0
0.5	8100	343	0	1945589	8	10088973	100	2	16200                              	90532	0	10088973	0
0.5	8100	314	0	1888478	8	10088973	100	2	16200                              	88211	0	10088973	0
0.5	8100	246	0	1750961	8	10088973	100	2	16200                              	81432	0	10088973	0
0.5	8100	233	0	1723618	8	10088973	100	2	16200                              	92828	0	10088973	0
0.5	8100	263	0	1782360	8	10088973	100	2	16200                              	86017	0	10088973	0
0.5	8100	291	0	1841766	8	10088973	100	2	16200                              	87959	0	10088973	0
0.5	8100	275	0	1808876	8	10088973	100	2	16200                              	88157	0	10088973	0
0.5	8100	252	0	1759773	8	10088973	100	2	16200                              	88642	0	10088973	0
0.5	8100	262	0	1781011	8	10088973	100	2	16200                              	92271	0	10088973	0
0.5	8100	274	0	1807810	8	10088973	100	2	16200                              	85819	0	10088973	0
0.5	8100	309	0	1876355	8	10088973	100	2	16200                              	93736	0	10088973	0
0.5	8100	284	0	1827179	8	10088973	100	2	16200                              	86438	0	10088973	0
0.5	8100	267	0	1793165	8	10088973	100	2	16200                              	84837	0	10088973	0
0.5	8100	288	0	1836909	8	10088973	100	2	16200                              	93381	0	10088973	0
0.5	8100	277	0	1813275	8	10088973	100	2	16200                              	87906	0	10088973	0
0.5	8100	271	0	1798382	8	10088973	100	2	16200                              	91207	0	10088973	0
0.5	8100	235	0	1725373	8	10088973	100	2	16200                              	16283	0	10088973	0
0.5	8100	286	0	1830856	8	10088973	100	2	16200                              	90786	0	10088973	0
0.5	8100	226	0	1707304	8	10088973	100	2	16200                              	85737	0	10088973	0
0.5	8100	235	0	1727608	8	10088973	100	2	16200                              	83959	0	10088973	0
0.5	8100	281	0	1820284	8	10088973	100	2	16200                              	87295	0	10088973	0
0.5	8100	289	0	1839929	8	10088973	100	2	16200                              	91187	0	10088973	0
0.5	8100	151	0	1557794	8	10088973	100	2	16200                              	82774	0	10088973	0
0.5	8100	274	0	1807989	8	10088973	100	2	16200                              	92294	0	10088973	0
0.5	8100	298	0	1856239	8	10088973	100	2	16200                              	21357	0	10088973	0
0.5	8100	337	0	1933976	8	10088973	100	2	16200                              	88337	0	10088973	0
0.5	8100	265	0	1788786	8	10088973	100	2	16200                              	84678	0	10088973	0
0.5	8100	378	0	2016299	8	10088973	100	2	16200                              	91716	0	10088973	0
0.5	8100	259	0	1777758	8	10088973	100	2	16200                              	18911	0	10088973	0
0.5	8100	255	0	1766888	8	10088973	100	2	16200                              	88700	0	10088973	0
0.5	8100	231	0	1721114	8	10088973	100	2	16200                              	83661	0	10088973	0
0.5	8100	315	0	1894358	8	10088973	100	2	16200                              	93538	0	10088973	0
0.5	8100	262	0	1783010	8	10088973	100	2	16200                              	89329	0	10088973	0
0.5	8100	323	0	1902820	8	10088973	100	2	16200                              	87705	0	10088973	0
0.5	8100	305	0	1867859	8	10088973	100	2	16200                              	86605	0	10088973	0
0.5	9100	253	0	1826819	8	10088973	100	2	18200                              	86694	0	10088973	0
0.5	9100	249	0	1818188	8	10088973	100	2	18200                              	82067	0	10088973	0
0.5	9100	288	0	1907155	8	10088973	100	2	18200                              	85719	0	10088973	0
0.5	9100	281	0	1889524	8	10088973	100	2	18200                              	88526	0	10088973	0
0.5	9100	289	0	1908925	8	10088973	100	2	18200                              	90106	0	10088973	0
0.5	9100	303	0	1941221	8	10088973	100	2	18200                              	82210	0	10088973	0
0.5	9100	290	0	1908366	8	10088973	100	2	18200                              	88071	0	10088973	0
0.5	9100	249	0	1818490	8	10088973	100	2	18200                              	87011	0	10088973	0
0.5	9100	288	0	1905656	8	10088973	100	2	18200                              	89437	0	10088973	0
0.5	9100	266	0	1858062	8	10088973	100	2	18200                              	85861	0	10088973	0
0.5	9100	225	0	1763347	8	10088973	100	2	18200                              	91400	0	10088973	0
0.5	9100	285	0	1898629	8	10088973	100	2	18200                              	84861	0	10088973	0
0.5	9100	243	0	1804255	8	10088973	100	2	18200                              	85856	0	10088973	0
0.5	9100	340	0	2023516	8	10088973	100	2	18200                              	27499	0	10088973	0
0.5	9100	177	0	1653224	8	10088973	100	2	18200                              	83655	0	10088973	0
0.5	9100	176	0	1651226	8	10088973	100	2	18200                              	82974	0	10088973	0
0.5	9100	289	0	1909688	8	10088973	100	2	18200                              	89059	0	10088973	0
0.5	9100	266	0	1855035	8	10088973	100	2	18200                              	91577	0	10088973	0
0.5	9100	267	0	1856903	8	10088973	100	2	18200                              	91985	0	10088973	0
0.5	9100	233	0	1781271	8	10088973	100	2	18200                              	81716	0	10088973	0
0.5	9100	227	0	1768096	8	10088973	100	2	18200                              	83184	0	10088973	0
0.5	9100	290	0	1912896	8	10088973	100	2	18200                              	17740	0	10088973	0
0.5	9100	244	0	1806411	8	10088973	100	2	18200                              	84826	0	10088973	0
0.5	9100	308	0	1951928	8	10088973	100	2	18200                              	83573	0	10088973	0
0.5	9100	290	0	1911168	8	10088973	100	2	18200                              	86975	0	10088973	0
0.5	9100	248	0	1814175	8	10088973	100	2	18200                              	87299	0	10088973	0
0.5	9100	282	0	1893846	8	10088973	100	2	18200                              	88494	0	10088973	0
0.5	9100	273	0	1870930	8	10088973	100	2	18200                              	80894	0	10088973	0
0.5	9100	255	0	1830866	8	10088973	100	2	18200                              	94995	0	10088973	0
0.5	9100	261	0	1841200	8	10088973	100	2	18200                              	87346	0	10088973	0
0.5	9100	245	0	1806641	8	10088973	100	2	18200                              	87603	0	10088973	0
0.5	9100	251	0	1820075	8	10088973	100	2	18200                              	89057	0	10088973	0
0.5	9100	231	0	1777598	8	10088973	100	2	18200                              	87575	0	10088973	0
0.5	9100	249	0	1817205	8	10088973	100	2	18200                              	83358	0	10088973	0
0.5	9100	176	0	1648722	8	10088973	100	2	18200                              	83980	0	10088973	0
0.5	9100	188	0	1679158	8	10088973	100	2	18200                              	83696	0	10088973	0
0.5	9100	304	0	1940131	8	10088973	100	2	18200                              	90782	0	10088973	0
0.5	9100	289	0	1908040	8	10088973	100	2	18200                              	92612	0	10088973	0
0.5	9100	279	0	1884281	8	10088973	100	2	18200                              	80007	0	10088973	0
0.5	9100	247	0	1816154	8	10088973	100	2	18200                              	24645	0	10088973	0
0.5	9100	225	0	1762389	8	10088973	100	2	18200                              	87579	0	10088973	0
0.5	9100	269	0	1862334	8	10088973	100	2	18200                              	86251	0	10088973	0
0.5	9100	279	0	1884242	8	10088973	100	2	18200                              	91525	0	10088973	0
0.5	9100	220	0	1749800	8	10088973	100	2	18200                              	86108	0	10088973	0
0.5	9100	245	0	1809046	8	10088973	100	2	18200                              	84752	0	10088973	0
0.5	9100	264	0	1849940	8	10088973	100	2	18200                              	86350	0	10088973	0
0.5	9100	258	0	1834379	8	10088973	100	2	18200                              	86044	0	10088973	0
0.5	9100	300	0	1933421	8	10088973	100	2	18200                              	85512	0	10088973	0
0.5	9100	229	0	1770690	8	10088973	100	2	18200                              	86805	0	10088973	0
0.5	9100	252	0	1824962	8	10088973	100	2	18200                              	88992	0	10088973	0
0.5	9100	279	0	1885337	8	10088973	100	2	18200                              	92811	0	10088973	0
0.5	9100	304	0	1944608	8	10088973	100	2	18200                              	87650	0	10088973	0
0.5	9100	253	0	1822959	8	10088973	100	2	18200                              	86797	0	10088973	0
0.5	9100	249	0	1818071	8	10088973	100	2	18200                              	82936	0	10088973	0
0.5	9100	249	0	1816396	8	10088973	100	2	18200                              	87448	0	10088973	0
0.5	9100	260	0	1841926	8	10088973	100	2	18200                              	88788	0	10088973	0
0.5	9100	267	0	1859647	8	10088973	100	2	18200                              	89980	0	10088973	0
0.5	9100	268	0	1860528	8	10088973	100	2	18200                              	90256	0	10088973	0
0.5	9100	251	0	1819892	8	10088973	100	2	18200                              	22761	0	10088973	0
0.5	9100	214	0	1736910	8	10088973	100	2	18200                              	87153	0	10088973	0
0.5	9100	302	0	1936919	8	10088973	100	2	18200                              	82880	0	10088973	0
0.5	9100	271	0	1864667	8	10088973	100	2	18200                              	86213	0	10088973	0
0.5	9100	286	0	1904217	8	10088973	100	2	18200                              	88247	0	10088973	0
0.5	9100	254	0	1825860	8	10088973	100	2	18200                              	19477	0	10088973	0
0.5	9100	301	0	1937676	8	10088973	100	2	18200                              	22063	0	10088973	0
0.5	9100	320	0	1977944	8	10088973	100	2	18200                              	90991	0	10088973	0
0.5	9100	279	0	1886096	8	10088973	100	2	18200                              	82180	0	10088973	0
0.5	9100	198	0	1702804	8	10088973	100	2	18200                              	81045	0	10088973	0
0.5	9100	226	0	1765163	8	10088973	100	2	18200                              	84812	0	10088973	0
0.5	9100	219	0	1749637	8	10088973	100	2	18200                              	89840	0	10088973	0
0.5	9100	240	0	1796421	8	10088973	100	2	18200                              	86028	0	10088973	0
0.5	9100	302	0	1935725	8	10088973	100	2	18200                              	91602	0	10088973	0
0.5	9100	240	0	1796496	8	10088973	100	2	18200                              	82404	0	10088973	0
0.5	9100	218	0	1747850	8	10088973	100	2	18200                              	83774	0	10088973	0
0.5	9100	235	0	1786400	8	10088973	100	2	18200                              	85006	0	10088973	0
0.5	9100	349	0	2043455	8	10088973	100	2	18200                              	26625	0	10088973	0
0.5	9100	296	0	1923710	8	10088973	100	2	18200                              	88823	0	10088973	0
0.5	9100	237	0	1789550	8	10088973	100	2	18200                              	88219	0	10088973	0
0.5	9100	215	0	1742110	8	10088973	100	2	18200                              	81637	0	10088973	0
0.5	9100	231	0	1775183	8	10088973	100	2	18200                              	88196	0	10088973	0
0.5	9100	186	0	1673546	8	10088973	100	2	18200                              	82976	0	10088973	0
0.5	9100	271	0	1866759	8	10088973	100	2	18200                              	86553	0	10088973	0
0.5	9100	276	0	1878194	8	10088973	100	2	18200                              	81644	0	10088973	0
0.5	9100	269	0	1863956	8	10088973	100	2	18200                              	85534	0	10088973	0
0.5	9100	266	0	1856035	8	10088973	100	2	18200                              	94711	0	10088973	0
0.5	9100	218	0	1744710	8	10088973	100	2	18200                              	90909	0	10088973	0
0.5	9100	204	0	1713839	8	10088973	100	2	18200                              	81815	0	10088973	0
0.5	9100	203	0	1715023	8	10088973	100	2	18200                              	84022	0	10088973	0
0.5	9100	249	0	1816561	8	10088973	100	2	18200                              	93144	0	10088973	0
0.5	9100	307	0	1948781	8	10088973	100	2	18200                              	22909	0	10088973	0
0.5	9100	302	0	1936938	8	10088973	100	2	18200                              	18951	0	10088973	0
0.5	9100	256	0	1832716	8	10088973	100	2	18200                              	84232	0	10088973	0
0.5	9100	238	0	1791171	8	10088973	100	2	18200                              	85668	0	10088973	0
0.5	9100	309	0	1957215	8	10088973	100	2	18200                              	92916	0	10088973	0
0.5	9100	273	0	1870150	8	10088973	100	2	18200                              	86705	0	10088973	0
0.5	9100	229	0	1770791	8	10088973	100	2	18200                              	83996	0	10088973	0
0.5	9100	315	0	1968044	8	10088973	100	2	18200                              	90962	0	10088973	0
0.5	9100	284	0	1894756	8	10088973	100	2	18200                              	91776	0	10088973	0
0.5	9100	270	0	1864917	8	10088973	100	2	18200                              	84421	0	10088973	0
0.5	9100	354	0	2056054	8	10088973	100	2	18200                              	93177	0	10088973	0
#using seed 0.052828
# Work:10088973, depth:432675, work/p+depth:1693796.625
#PROCESSORS: 8, RUNS: 100
#prb	R-l	ISR	ESR	runTime	processors    	work	taskThreshold	lGranularity	rGranularity	IDATAT	EDATAT	W0	W1
0.5	100	3111	0	1338778	8	10088973	100	2	200                              	94722	0	10088973	0
