#using seed 0.047441
# Work:10159328, depth:444825, work/p+depth:1079783.0
#PROCESSORS: 16, RUNS: 100
#prb	R-l	ISR	ESR	runTime	processors    	work	taskThreshold	lGranularity	rGranularity	IDATAT	EDATAT	W0	W1
0.5	100	14106	0	811179	16	10159328	100	2	200                              	49514	0	10159328	0
0.5	100	12022	0	785122	16	10159328	100	2	200                              	62529	0	10159328	0
0.5	100	14611	0	817469	16	10159328	100	2	200                              	57142	0	10159328	0
0.5	100	12628	0	792689	16	10159328	100	2	200                              	66102	0	10159328	0
0.5	100	14032	0	810251	16	10159328	100	2	200                              	65294	0	10159328	0
0.5	100	12860	0	795584	16	10159328	100	2	200                              	49606	0	10159328	0
0.5	100	12507	0	791166	16	10159328	100	2	200                              	58247	0	10159328	0
0.5	100	12421	0	790107	16	10159328	100	2	200                              	60717	0	10159328	0
0.5	100	13870	0	808217	16	10159328	100	2	200                              	48080	0	10159328	0
0.5	100	14488	0	815939	16	10159328	100	2	200                              	55757	0	10159328	0
0.5	100	12675	0	793271	16	10159328	100	2	200                              	48439	0	10159328	0
0.5	100	14885	0	820899	16	10159328	100	2	200                              	57909	0	10159328	0
0.5	100	16678	0	843323	16	10159328	100	2	200                              	57415	0	10159328	0
0.5	100	13457	0	803045	16	10159328	100	2	200                              	57821	0	10159328	0
0.5	100	14970	0	821989	16	10159328	100	2	200                              	54519	0	10159328	0
0.5	100	13659	0	805600	16	10159328	100	2	200                              	66450	0	10159328	0
0.5	100	12217	0	787556	16	10159328	100	2	200                              	58242	0	10159328	0
0.5	100	12913	0	796281	16	10159328	100	2	200                              	60146	0	10159328	0
0.5	100	13885	0	808415	16	10159328	100	2	200                              	51175	0	10159328	0
0.5	100	13075	0	798286	16	10159328	100	2	200                              	57937	0	10159328	0
0.5	100	13820	0	807590	16	10159328	100	2	200                              	58829	0	10159328	0
0.5	100	16032	0	835254	16	10159328	100	2	200                              	56040	0	10159328	0
0.5	100	13518	0	803848	16	10159328	100	2	200                              	62086	0	10159328	0
0.5	100	13223	0	800135	16	10159328	100	2	200                              	66937	0	10159328	0
0.5	100	13555	0	804292	16	10159328	100	2	200                              	50472	0	10159328	0
0.5	100	14232	0	812752	16	10159328	100	2	200                              	54537	0	10159328	0
0.5	100	12910	0	796229	16	10159328	100	2	200                              	56429	0	10159328	0
0.5	100	14687	0	818454	16	10159328	100	2	200                              	55514	0	10159328	0
0.5	100	15613	0	830013	16	10159328	100	2	200                              	57036	0	10159328	0
0.5	100	12614	0	792512	16	10159328	100	2	200                              	57900	0	10159328	0
0.5	100	14341	0	814111	16	10159328	100	2	200                              	54277	0	10159328	0
0.5	100	13642	0	805362	16	10159328	100	2	200                              	58019	0	10159328	0
0.5	100	15903	0	833655	16	10159328	100	2	200                              	55136	0	10159328	0
0.5	100	15678	0	830845	16	10159328	100	2	200                              	57267	0	10159328	0
0.5	100	13086	0	798440	16	10159328	100	2	200                              	51762	0	10159328	0
0.5	100	13020	0	797591	16	10159328	100	2	200                              	47668	0	10159328	0
0.5	100	12755	0	794275	16	10159328	100	2	200                              	54996	0	10159328	0
0.5	100	13263	0	800668	16	10159328	100	2	200                              	56656	0	10159328	0
0.5	100	13056	0	798056	16	10159328	100	2	200                              	63816	0	10159328	0
0.5	100	15737	0	831603	16	10159328	100	2	200                              	58443	0	10159328	0
0.5	100	12853	0	795550	16	10159328	100	2	200                              	55949	0	10159328	0
0.5	100	13879	0	808334	16	10159328	100	2	200                              	52360	0	10159328	0
0.5	100	13881	0	808366	16	10159328	100	2	200                              	58053	0	10159328	0
0.5	100	14574	0	817046	16	10159328	100	2	200                              	57299	0	10159328	0
0.5	100	13776	0	807047	16	10159328	100	2	200                              	56750	0	10159328	0
0.5	100	13001	0	797373	16	10159328	100	2	200                              	64589	0	10159328	0
0.5	100	15371	0	827007	16	10159328	100	2	200                              	62317	0	10159328	0
0.5	100	13175	0	799536	16	10159328	100	2	200                              	57209	0	10159328	0
0.5	100	12332	0	789004	16	10159328	100	2	200                              	58989	0	10159328	0
0.5	100	15254	0	825522	16	10159328	100	2	200                              	66071	0	10159328	0
0.5	100	15227	0	825172	16	10159328	100	2	200                              	63716	0	10159328	0
0.5	100	15377	0	827084	16	10159328	100	2	200                              	64560	0	10159328	0
0.5	100	13897	0	808560	16	10159328	100	2	200                              	64085	0	10159328	0
0.5	100	13801	0	807379	16	10159328	100	2	200                              	53593	0	10159328	0
0.5	100	14506	0	816170	16	10159328	100	2	200                              	58715	0	10159328	0
0.5	100	13482	0	803389	16	10159328	100	2	200                              	58339	0	10159328	0
0.5	100	14142	0	811640	16	10159328	100	2	200                              	51919	0	10159328	0
0.5	100	13497	0	803561	16	10159328	100	2	200                              	47704	0	10159328	0
0.5	100	13083	0	798361	16	10159328	100	2	200                              	62938	0	10159328	0
0.5	100	13549	0	804217	16	10159328	100	2	200                              	58501	0	10159328	0
0.5	100	13567	0	804445	16	10159328	100	2	200                              	53807	0	10159328	0
0.5	100	12911	0	796267	16	10159328	100	2	200                              	63260	0	10159328	0
0.5	100	14916	0	821281	16	10159328	100	2	200                              	47921	0	10159328	0
0.5	100	16108	0	836190	16	10159328	100	2	200                              	57624	0	10159328	0
0.5	100	13114	0	798796	16	10159328	100	2	200                              	60788	0	10159328	0
0.5	100	12513	0	791276	16	10159328	100	2	200                              	48774	0	10159328	0
0.5	100	14355	0	814284	16	10159328	100	2	200                              	50433	0	10159328	0
0.5	100	12358	0	789336	16	10159328	100	2	200                              	55965	0	10159328	0
0.5	100	12742	0	794160	16	10159328	100	2	200                              	56436	0	10159328	0
0.5	100	14988	0	822168	16	10159328	100	2	200                              	56861	0	10159328	0
0.5	100	15263	0	825654	16	10159328	100	2	200                              	66057	0	10159328	0
0.5	100	14407	0	814963	16	10159328	100	2	200                              	55465	0	10159328	0
0.5	100	14525	0	816425	16	10159328	100	2	200                              	58971	0	10159328	0
0.5	100	13083	0	798419	16	10159328	100	2	200                              	64811	0	10159328	0
0.5	100	13141	0	799094	16	10159328	100	2	200                              	56099	0	10159328	0
0.5	100	12894	0	796019	16	10159328	100	2	200                              	62083	0	10159328	0
0.5	100	16425	0	840153	16	10159328	100	2	200                              	65650	0	10159328	0
0.5	100	13132	0	798988	16	10159328	100	2	200                              	57753	0	10159328	0
0.5	100	16465	0	840665	16	10159328	100	2	200                              	61096	0	10159328	0
0.5	100	14082	0	810881	16	10159328	100	2	200                              	64019	0	10159328	0
0.5	100	14359	0	814345	16	10159328	100	2	200                              	64108	0	10159328	0
0.5	100	13954	0	809268	16	10159328	100	2	200                              	55803	0	10159328	0
0.5	100	14187	0	812196	16	10159328	100	2	200                              	50357	0	10159328	0
0.5	100	13995	0	809792	16	10159328	100	2	200                              	51839	0	10159328	0
0.5	100	13774	0	807008	16	10159328	100	2	200                              	54422	0	10159328	0
0.5	100	12405	0	789915	16	10159328	100	2	200                              	60372	0	10159328	0
0.5	100	14605	0	817412	16	10159328	100	2	200                              	55258	0	10159328	0
0.5	100	13154	0	799298	16	10159328	100	2	200                              	58126	0	10159328	0
0.5	100	12321	0	788873	16	10159328	100	2	200                              	66975	0	10159328	0
0.5	100	12754	0	794291	16	10159328	100	2	200                              	64889	0	10159328	0
0.5	100	12684	0	793418	16	10159328	100	2	200                              	58409	0	10159328	0
0.5	100	15218	0	825064	16	10159328	100	2	200                              	61904	0	10159328	0
0.5	100	13539	0	804073	16	10159328	100	2	200                              	58713	0	10159328	0
0.5	100	13432	0	802741	16	10159328	100	2	200                              	49539	0	10159328	0
0.5	100	12860	0	795580	16	10159328	100	2	200                              	57418	0	10159328	0
0.5	100	16474	0	840801	16	10159328	100	2	200                              	60110	0	10159328	0
0.5	100	13345	0	801667	16	10159328	100	2	200                              	65744	0	10159328	0
0.5	100	13407	0	802402	16	10159328	100	2	200                              	50248	0	10159328	0
0.5	100	16686	0	843421	16	10159328	100	2	200                              	58959	0	10159328	0
0.5	100	14133	0	811485	16	10159328	100	2	200                              	62205	0	10159328	0
0.5	1100	2222	0	939235	16	10159328	100	2	2200                              	53343	0	10159328	0
0.5	1100	1969	0	904720	16	10159328	100	2	2200                              	53564	0	10159328	0
0.5	1100	2139	0	927679	16	10159328	100	2	2200                              	44616	0	10159328	0
0.5	1100	2267	0	945544	16	10159328	100	2	2200                              	51359	0	10159328	0
0.5	1100	1947	0	901466	16	10159328	100	2	2200                              	50289	0	10159328	0
0.5	1100	2147	0	928909	16	10159328	100	2	2200                              	59549	0	10159328	0
0.5	1100	2072	0	918502	16	10159328	100	2	2200                              	47961	0	10159328	0
0.5	1100	2141	0	928227	16	10159328	100	2	2200                              	61110	0	10159328	0
0.5	1100	2391	0	962489	16	10159328	100	2	2200                              	59206	0	10159328	0
0.5	1100	2048	0	915803	16	10159328	100	2	2200                              	59451	0	10159328	0
0.5	1100	2045	0	915156	16	10159328	100	2	2200                              	44544	0	10159328	0
0.5	1100	2010	0	910236	16	10159328	100	2	2200                              	52033	0	10159328	0
0.5	1100	2227	0	939768	16	10159328	100	2	2200                              	49298	0	10159328	0
0.5	1100	2308	0	951068	16	10159328	100	2	2200                              	45708	0	10159328	0
0.5	1100	1966	0	903757	16	10159328	100	2	2200                              	62102	0	10159328	0
0.5	1100	1922	0	898040	16	10159328	100	2	2200                              	42892	0	10159328	0
0.5	1100	2135	0	927241	16	10159328	100	2	2200                              	59691	0	10159328	0
0.5	1100	1887	0	893437	16	10159328	100	2	2200                              	50827	0	10159328	0
0.5	1100	1839	0	886538	16	10159328	100	2	2200                              	54326	0	10159328	0
0.5	1100	2021	0	911744	16	10159328	100	2	2200                              	45529	0	10159328	0
0.5	1100	2084	0	920492	16	10159328	100	2	2200                              	47204	0	10159328	0
0.5	1100	2183	0	933990	16	10159328	100	2	2200                              	58272	0	10159328	0
0.5	1100	1943	0	900933	16	10159328	100	2	2200                              	54884	0	10159328	0
0.5	1100	2209	0	937332	16	10159328	100	2	2200                              	61132	0	10159328	0
0.5	1100	2026	0	912437	16	10159328	100	2	2200                              	51327	0	10159328	0
0.5	1100	1816	0	883302	16	10159328	100	2	2200                              	55955	0	10159328	0
0.5	1100	2203	0	936559	16	10159328	100	2	2200                              	52370	0	10159328	0
0.5	1100	2058	0	916725	16	10159328	100	2	2200                              	51970	0	10159328	0
0.5	1100	2135	0	927300	16	10159328	100	2	2200                              	60420	0	10159328	0
0.5	1100	1970	0	904865	16	10159328	100	2	2200                              	56078	0	10159328	0
0.5	1100	2183	0	933762	16	10159328	100	2	2200                              	59399	0	10159328	0
0.5	1100	1877	0	891894	16	10159328	100	2	2200                              	51602	0	10159328	0
0.5	1100	2342	0	955837	16	10159328	100	2	2200                              	45615	0	10159328	0
0.5	1100	1979	0	905791	16	10159328	100	2	2200                              	49882	0	10159328	0
0.5	1100	2266	0	945250	16	10159328	100	2	2200                              	51768	0	10159328	0
0.5	1100	1976	0	905198	16	10159328	100	2	2200                              	59850	0	10159328	0
0.5	1100	2248	0	942644	16	10159328	100	2	2200                              	53219	0	10159328	0
0.5	1100	1827	0	884977	16	10159328	100	2	2200                              	53248	0	10159328	0
0.5	1100	2217	0	938499	16	10159328	100	2	2200                              	53734	0	10159328	0
0.5	1100	2235	0	940643	16	10159328	100	2	2200                              	59222	0	10159328	0
0.5	1100	1944	0	900929	16	10159328	100	2	2200                              	52611	0	10159328	0
0.5	1100	1922	0	898085	16	10159328	100	2	2200                              	57643	0	10159328	0
0.5	1100	1910	0	896626	16	10159328	100	2	2200                              	49688	0	10159328	0
0.5	1100	2066	0	917814	16	10159328	100	2	2200                              	60231	0	10159328	0
0.5	1100	1911	0	896291	16	10159328	100	2	2200                              	52696	0	10159328	0
0.5	1100	2149	0	929335	16	10159328	100	2	2200                              	50654	0	10159328	0
0.5	1100	2191	0	935106	16	10159328	100	2	2200                              	60650	0	10159328	0
0.5	1100	2190	0	935025	16	10159328	100	2	2200                              	63196	0	10159328	0
0.5	1100	2088	0	921050	16	10159328	100	2	2200                              	42684	0	10159328	0
0.5	1100	2154	0	930148	16	10159328	100	2	2200                              	59369	0	10159328	0
0.5	1100	2195	0	935639	16	10159328	100	2	2200                              	59637	0	10159328	0
0.5	1100	2224	0	939503	16	10159328	100	2	2200                              	47081	0	10159328	0
0.5	1100	2214	0	938177	16	10159328	100	2	2200                              	54112	0	10159328	0
0.5	1100	2024	0	912203	16	10159328	100	2	2200                              	53787	0	10159328	0
0.5	1100	1910	0	896378	16	10159328	100	2	2200                              	44841	0	10159328	0
0.5	1100	1965	0	903855	16	10159328	100	2	2200                              	51190	0	10159328	0
0.5	1100	2287	0	948212	16	10159328	100	2	2200                              	50148	0	10159328	0
0.5	1100	2146	0	928826	16	10159328	100	2	2200                              	51168	0	10159328	0
0.5	1100	2093	0	921517	16	10159328	100	2	2200                              	59284	0	10159328	0
0.5	1100	1911	0	896327	16	10159328	100	2	2200                              	52028	0	10159328	0
0.5	1100	2194	0	935594	16	10159328	100	2	2200                              	52709	0	10159328	0
0.5	1100	2249	0	943063	16	10159328	100	2	2200                              	44354	0	10159328	0
0.5	1100	2254	0	943490	16	10159328	100	2	2200                              	50214	0	10159328	0
0.5	1100	1951	0	901849	16	10159328	100	2	2200                              	50447	0	10159328	0
0.5	1100	1913	0	896913	16	10159328	100	2	2200                              	56606	0	10159328	0
0.5	1100	1980	0	905951	16	10159328	100	2	2200                              	52336	0	10159328	0
0.5	1100	1724	0	871054	16	10159328	100	2	2200                              	43200	0	10159328	0
0.5	1100	2021	0	911930	16	10159328	100	2	2200                              	54236	0	10159328	0
0.5	1100	2287	0	948361	16	10159328	100	2	2200                              	58263	0	10159328	0
0.5	1100	2169	0	932336	16	10159328	100	2	2200                              	61692	0	10159328	0
0.5	1100	2108	0	923716	16	10159328	100	2	2200                              	53086	0	10159328	0
0.5	1100	2407	0	964930	16	10159328	100	2	2200                              	59219	0	10159328	0
0.5	1100	1831	0	885452	16	10159328	100	2	2200                              	44705	0	10159328	0
0.5	1100	2061	0	917213	16	10159328	100	2	2200                              	48385	0	10159328	0
0.5	1100	2231	0	940572	16	10159328	100	2	2200                              	50821	0	10159328	0
0.5	1100	2155	0	930129	16	10159328	100	2	2200                              	52178	0	10159328	0
0.5	1100	2054	0	915948	16	10159328	100	2	2200                              	60252	0	10159328	0
0.5	1100	2287	0	948075	16	10159328	100	2	2200                              	48904	0	10159328	0
0.5	1100	1718	0	870049	16	10159328	100	2	2200                              	42765	0	10159328	0
0.5	1100	2110	0	923567	16	10159328	100	2	2200                              	49979	0	10159328	0
0.5	1100	2085	0	920481	16	10159328	100	2	2200                              	60276	0	10159328	0
0.5	1100	2025	0	911942	16	10159328	100	2	2200                              	59632	0	10159328	0
0.5	1100	2389	0	962158	16	10159328	100	2	2200                              	57158	0	10159328	0
0.5	1100	2244	0	942321	16	10159328	100	2	2200                              	52229	0	10159328	0
0.5	1100	2001	0	909015	16	10159328	100	2	2200                              	40008	0	10159328	0
0.5	1100	2085	0	920406	16	10159328	100	2	2200                              	60451	0	10159328	0
0.5	1100	1820	0	884076	16	10159328	100	2	2200                              	52801	0	10159328	0
0.5	1100	1884	0	892630	16	10159328	100	2	2200                              	50854	0	10159328	0
0.5	1100	2006	0	909482	16	10159328	100	2	2200                              	43084	0	10159328	0
0.5	1100	1978	0	906053	16	10159328	100	2	2200                              	49945	0	10159328	0
0.5	1100	1978	0	905643	16	10159328	100	2	2200                              	45220	0	10159328	0
0.5	1100	2230	0	940502	16	10159328	100	2	2200                              	53373	0	10159328	0
0.5	1100	2194	0	935247	16	10159328	100	2	2200                              	59898	0	10159328	0
0.5	1100	2121	0	925329	16	10159328	100	2	2200                              	59434	0	10159328	0
0.5	1100	1943	0	900964	16	10159328	100	2	2200                              	53315	0	10159328	0
0.5	1100	2127	0	926185	16	10159328	100	2	2200                              	55304	0	10159328	0
0.5	1100	1975	0	905423	16	10159328	100	2	2200                              	55624	0	10159328	0
0.5	1100	2153	0	929851	16	10159328	100	2	2200                              	60298	0	10159328	0
0.5	1100	2150	0	929377	16	10159328	100	2	2200                              	45047	0	10159328	0
0.5	1100	2162	0	931052	16	10159328	100	2	2200                              	45699	0	10159328	0
0.5	2100	1317	0	978408	16	10159328	100	2	4200                              	38060	0	10159328	0
0.5	2100	1143	0	932946	16	10159328	100	2	4200                              	49291	0	10159328	0
0.5	2100	1481	0	1021380	16	10159328	100	2	4200                              	46374	0	10159328	0
0.5	2100	1501	0	1026359	16	10159328	100	2	4200                              	49751	0	10159328	0
0.5	2100	1253	0	960977	16	10159328	100	2	4200                              	40259	0	10159328	0
0.5	2100	1153	0	935512	16	10159328	100	2	4200                              	51945	0	10159328	0
0.5	2100	1508	0	1028414	16	10159328	100	2	4200                              	49275	0	10159328	0
0.5	2100	1293	0	972384	16	10159328	100	2	4200                              	56201	0	10159328	0
0.5	2100	1287	0	970297	16	10159328	100	2	4200                              	52175	0	10159328	0
0.5	2100	1319	0	979347	16	10159328	100	2	4200                              	49991	0	10159328	0
0.5	2100	1399	0	1000114	16	10159328	100	2	4200                              	45690	0	10159328	0
0.5	2100	1398	0	999420	16	10159328	100	2	4200                              	55074	0	10159328	0
0.5	2100	1490	0	1023685	16	10159328	100	2	4200                              	48516	0	10159328	0
0.5	2100	1487	0	1023192	16	10159328	100	2	4200                              	41883	0	10159328	0
0.5	2100	1372	0	993051	16	10159328	100	2	4200                              	47904	0	10159328	0
0.5	2100	1447	0	1012303	16	10159328	100	2	4200                              	58006	0	10159328	0
0.5	2100	1580	0	1047493	16	10159328	100	2	4200                              	55552	0	10159328	0
0.5	2100	1407	0	1002253	16	10159328	100	2	4200                              	55668	0	10159328	0
0.5	2100	1523	0	1032580	16	10159328	100	2	4200                              	49486	0	10159328	0
0.5	2100	1415	0	1004294	16	10159328	100	2	4200                              	49404	0	10159328	0
0.5	2100	1439	0	1010003	16	10159328	100	2	4200                              	42171	0	10159328	0
0.5	2100	1425	0	1006652	16	10159328	100	2	4200                              	54401	0	10159328	0
0.5	2100	1449	0	1012851	16	10159328	100	2	4200                              	40908	0	10159328	0
0.5	2100	1419	0	1005330	16	10159328	100	2	4200                              	54368	0	10159328	0
0.5	2100	1213	0	950732	16	10159328	100	2	4200                              	47581	0	10159328	0
0.5	2100	1450	0	1013647	16	10159328	100	2	4200                              	58072	0	10159328	0
0.5	2100	1474	0	1020225	16	10159328	100	2	4200                              	54497	0	10159328	0
0.5	2100	1521	0	1032192	16	10159328	100	2	4200                              	57140	0	10159328	0
0.5	2100	1439	0	1009990	16	10159328	100	2	4200                              	51923	0	10159328	0
0.5	2100	1353	0	988056	16	10159328	100	2	4200                              	48721	0	10159328	0
0.5	2100	1317	0	977752	16	10159328	100	2	4200                              	50955	0	10159328	0
0.5	2100	1575	0	1046098	16	10159328	100	2	4200                              	56901	0	10159328	0
0.5	2100	1351	0	987391	16	10159328	100	2	4200                              	59087	0	10159328	0
0.5	2100	1466	0	1017575	16	10159328	100	2	4200                              	55498	0	10159328	0
0.5	2100	1353	0	987892	16	10159328	100	2	4200                              	51134	0	10159328	0
0.5	2100	1434	0	1009271	16	10159328	100	2	4200                              	51844	0	10159328	0
0.5	2100	1453	0	1013934	16	10159328	100	2	4200                              	57753	0	10159328	0
0.5	2100	1546	0	1038404	16	10159328	100	2	4200                              	60721	0	10159328	0
0.5	2100	1557	0	1041492	16	10159328	100	2	4200                              	48090	0	10159328	0
0.5	2100	1456	0	1015355	16	10159328	100	2	4200                              	48810	0	10159328	0
0.5	2100	1389	0	997049	16	10159328	100	2	4200                              	51581	0	10159328	0
0.5	2100	1339	0	984103	16	10159328	100	2	4200                              	42746	0	10159328	0
0.5	2100	1295	0	973726	16	10159328	100	2	4200                              	42040	0	10159328	0
0.5	2100	1342	0	984980	16	10159328	100	2	4200                              	42376	0	10159328	0
0.5	2100	1390	0	997263	16	10159328	100	2	4200                              	50852	0	10159328	0
0.5	2100	1307	0	975707	16	10159328	100	2	4200                              	60816	0	10159328	0
0.5	2100	1402	0	1000531	16	10159328	100	2	4200                              	56111	0	10159328	0
0.5	2100	1475	0	1020535	16	10159328	100	2	4200                              	49751	0	10159328	0
0.5	2100	1486	0	1023022	16	10159328	100	2	4200                              	43220	0	10159328	0
0.5	2100	1409	0	1002494	16	10159328	100	2	4200                              	50339	0	10159328	0
0.5	2100	1428	0	1007625	16	10159328	100	2	4200                              	50263	0	10159328	0
0.5	2100	1238	0	957106	16	10159328	100	2	4200                              	57214	0	10159328	0
0.5	2100	1305	0	975425	16	10159328	100	2	4200                              	40721	0	10159328	0
0.5	2100	1261	0	963724	16	10159328	100	2	4200                              	39523	0	10159328	0
0.5	2100	1164	0	938108	16	10159328	100	2	4200                              	38405	0	10159328	0
0.5	2100	1407	0	1002419	16	10159328	100	2	4200                              	42902	0	10159328	0
0.5	2100	1248	0	960497	16	10159328	100	2	4200                              	41382	0	10159328	0
0.5	2100	1471	0	1019072	16	10159328	100	2	4200                              	57822	0	10159328	0
0.5	2100	1210	0	950396	16	10159328	100	2	4200                              	52031	0	10159328	0
0.5	2100	1398	0	999841	16	10159328	100	2	4200                              	53829	0	10159328	0
0.5	2100	1485	0	1023161	16	10159328	100	2	4200                              	48970	0	10159328	0
0.5	2100	1211	0	951134	16	10159328	100	2	4200                              	39889	0	10159328	0
0.5	2100	1353	0	987201	16	10159328	100	2	4200                              	48313	0	10159328	0
0.5	2100	1548	0	1039379	16	10159328	100	2	4200                              	48898	0	10159328	0
0.5	2100	1406	0	1002033	16	10159328	100	2	4200                              	45959	0	10159328	0
0.5	2100	1263	0	964232	16	10159328	100	2	4200                              	51822	0	10159328	0
0.5	2100	1407	0	1002259	16	10159328	100	2	4200                              	49147	0	10159328	0
0.5	2100	1365	0	991020	16	10159328	100	2	4200                              	51942	0	10159328	0
0.5	2100	1549	0	1039788	16	10159328	100	2	4200                              	53258	0	10159328	0
0.5	2100	1367	0	991116	16	10159328	100	2	4200                              	45961	0	10159328	0
0.5	2100	1329	0	982006	16	10159328	100	2	4200                              	54204	0	10159328	0
0.5	2100	1307	0	976036	16	10159328	100	2	4200                              	47697	0	10159328	0
0.5	2100	1543	0	1038049	16	10159328	100	2	4200                              	55695	0	10159328	0
0.5	2100	1328	0	981612	16	10159328	100	2	4200                              	49218	0	10159328	0
0.5	2100	1457	0	1015204	16	10159328	100	2	4200                              	51605	0	10159328	0
0.5	2100	1377	0	993655	16	10159328	100	2	4200                              	53820	0	10159328	0
0.5	2100	1376	0	993998	16	10159328	100	2	4200                              	55449	0	10159328	0
0.5	2100	1210	0	950430	16	10159328	100	2	4200                              	45132	0	10159328	0
0.5	2100	1652	0	1066799	16	10159328	100	2	4200                              	47953	0	10159328	0
0.5	2100	1560	0	1042004	16	10159328	100	2	4200                              	42805	0	10159328	0
0.5	2100	1412	0	1002765	16	10159328	100	2	4200                              	48839	0	10159328	0
0.5	2100	1470	0	1019136	16	10159328	100	2	4200                              	44915	0	10159328	0
0.5	2100	1339	0	983886	16	10159328	100	2	4200                              	48596	0	10159328	0
0.5	2100	1485	0	1021927	16	10159328	100	2	4200                              	58297	0	10159328	0
0.5	2100	1344	0	985730	16	10159328	100	2	4200                              	46818	0	10159328	0
0.5	2100	1485	0	1023301	16	10159328	100	2	4200                              	54576	0	10159328	0
0.5	2100	1256	0	962100	16	10159328	100	2	4200                              	43053	0	10159328	0
0.5	2100	1532	0	1035242	16	10159328	100	2	4200                              	47230	0	10159328	0
0.5	2100	1342	0	984980	16	10159328	100	2	4200                              	52529	0	10159328	0
0.5	2100	1281	0	968698	16	10159328	100	2	4200                              	46007	0	10159328	0
0.5	2100	1526	0	1033214	16	10159328	100	2	4200                              	38626	0	10159328	0
0.5	2100	1424	0	1006428	16	10159328	100	2	4200                              	47391	0	10159328	0
0.5	2100	1394	0	998516	16	10159328	100	2	4200                              	50778	0	10159328	0
0.5	2100	1469	0	1017956	16	10159328	100	2	4200                              	50594	0	10159328	0
0.5	2100	1386	0	996411	16	10159328	100	2	4200                              	57305	0	10159328	0
0.5	2100	1404	0	1001526	16	10159328	100	2	4200                              	47747	0	10159328	0
0.5	2100	1353	0	988289	16	10159328	100	2	4200                              	50797	0	10159328	0
0.5	2100	1296	0	972742	16	10159328	100	2	4200                              	52202	0	10159328	0
0.5	2100	1307	0	976010	16	10159328	100	2	4200                              	43895	0	10159328	0
0.5	2100	1430	0	1008503	16	10159328	100	2	4200                              	52553	0	10159328	0
0.5	3100	1163	0	1082454	16	10159328	100	2	6200                              	47371	0	10159328	0
0.5	3100	977	0	1010299	16	10159328	100	2	6200                              	45864	0	10159328	0
0.5	3100	1101	0	1058342	16	10159328	100	2	6200                              	40057	0	10159328	0
0.5	3100	1141	0	1073603	16	10159328	100	2	6200                              	55834	0	10159328	0
0.5	3100	1177	0	1088154	16	10159328	100	2	6200                              	45254	0	10159328	0
0.5	3100	1281	0	1128832	16	10159328	100	2	6200                              	57561	0	10159328	0
0.5	3100	1058	0	1042419	16	10159328	100	2	6200                              	47310	0	10159328	0
0.5	3100	1196	0	1094820	16	10159328	100	2	6200                              	55880	0	10159328	0
0.5	3100	1127	0	1067904	16	10159328	100	2	6200                              	43740	0	10159328	0
0.5	3100	973	0	1008804	16	10159328	100	2	6200                              	40715	0	10159328	0
0.5	3100	1104	0	1058993	16	10159328	100	2	6200                              	41047	0	10159328	0
0.5	3100	1031	0	1031390	16	10159328	100	2	6200                              	46623	0	10159328	0
0.5	3100	1124	0	1068179	16	10159328	100	2	6200                              	40394	0	10159328	0
0.5	3100	1186	0	1091676	16	10159328	100	2	6200                              	58784	0	10159328	0
0.5	3100	1150	0	1077056	16	10159328	100	2	6200                              	50965	0	10159328	0
0.5	3100	1053	0	1039881	16	10159328	100	2	6200                              	38366	0	10159328	0
0.5	3100	1062	0	1043199	16	10159328	100	2	6200                              	46980	0	10159328	0
0.5	3100	1168	0	1084353	16	10159328	100	2	6200                              	50496	0	10159328	0
0.5	3100	1138	0	1072560	16	10159328	100	2	6200                              	42689	0	10159328	0
0.5	3100	1009	0	1023229	16	10159328	100	2	6200                              	37735	0	10159328	0
0.5	3100	1153	0	1077761	16	10159328	100	2	6200                              	49537	0	10159328	0
0.5	3100	1106	0	1060347	16	10159328	100	2	6200                              	57566	0	10159328	0
0.5	3100	1294	0	1133534	16	10159328	100	2	6200                              	46438	0	10159328	0
0.5	3100	1088	0	1053075	16	10159328	100	2	6200                              	47654	0	10159328	0
0.5	3100	1245	0	1113633	16	10159328	100	2	6200                              	51191	0	10159328	0
0.5	3100	1097	0	1057326	16	10159328	100	2	6200                              	45593	0	10159328	0
0.5	3100	1049	0	1038464	16	10159328	100	2	6200                              	46700	0	10159328	0
0.5	3100	1161	0	1081289	16	10159328	100	2	6200                              	48579	0	10159328	0
0.5	3100	1200	0	1097840	16	10159328	100	2	6200                              	46759	0	10159328	0
0.5	3100	1140	0	1072674	16	10159328	100	2	6200                              	37818	0	10159328	0
0.5	3100	1198	0	1095914	16	10159328	100	2	6200                              	55666	0	10159328	0
0.5	3100	1166	0	1083708	16	10159328	100	2	6200                              	41291	0	10159328	0
0.5	3100	1341	0	1151448	16	10159328	100	2	6200                              	48272	0	10159328	0
0.5	3100	1133	0	1070805	16	10159328	100	2	6200                              	54367	0	10159328	0
0.5	3100	1161	0	1080868	16	10159328	100	2	6200                              	54222	0	10159328	0
0.5	3100	1162	0	1081940	16	10159328	100	2	6200                              	45848	0	10159328	0
0.5	3100	1100	0	1058529	16	10159328	100	2	6200                              	50885	0	10159328	0
0.5	3100	1233	0	1109144	16	10159328	100	2	6200                              	49055	0	10159328	0
0.5	3100	1067	0	1044803	16	10159328	100	2	6200                              	45095	0	10159328	0
0.5	3100	1069	0	1045382	16	10159328	100	2	6200                              	48293	0	10159328	0
0.5	3100	1236	0	1110479	16	10159328	100	2	6200                              	54881	0	10159328	0
0.5	3100	1226	0	1106373	16	10159328	100	2	6200                              	48260	0	10159328	0
0.5	3100	1086	0	1052177	16	10159328	100	2	6200                              	49766	0	10159328	0
0.5	3100	1149	0	1077144	16	10159328	100	2	6200                              	46682	0	10159328	0
0.5	3100	992	0	1016453	16	10159328	100	2	6200                              	46867	0	10159328	0
0.5	3100	1105	0	1059891	16	10159328	100	2	6200                              	57436	0	10159328	0
0.5	3100	924	0	990140	16	10159328	100	2	6200                              	34669	0	10159328	0
0.5	3100	1161	0	1081860	16	10159328	100	2	6200                              	55302	0	10159328	0
0.5	3100	1170	0	1084050	16	10159328	100	2	6200                              	50235	0	10159328	0
0.5	3100	1193	0	1094112	16	10159328	100	2	6200                              	48210	0	10159328	0
0.5	3100	1097	0	1056611	16	10159328	100	2	6200                              	50960	0	10159328	0
0.5	3100	1062	0	1043204	16	10159328	100	2	6200                              	49432	0	10159328	0
0.5	3100	1094	0	1056220	16	10159328	100	2	6200                              	47704	0	10159328	0
0.5	3100	999	0	1019430	16	10159328	100	2	6200                              	45352	0	10159328	0
0.5	3100	1186	0	1090535	16	10159328	100	2	6200                              	40211	0	10159328	0
0.5	3100	918	0	986958	16	10159328	100	2	6200                              	46708	0	10159328	0
0.5	3100	1035	0	1032841	16	10159328	100	2	6200                              	41552	0	10159328	0
0.5	3100	1176	0	1087142	16	10159328	100	2	6200                              	46493	0	10159328	0
0.5	3100	1126	0	1067723	16	10159328	100	2	6200                              	50338	0	10159328	0
0.5	3100	1120	0	1065101	16	10159328	100	2	6200                              	53711	0	10159328	0
0.5	3100	1071	0	1046758	16	10159328	100	2	6200                              	47575	0	10159328	0
0.5	3100	1177	0	1087896	16	10159328	100	2	6200                              	45500	0	10159328	0
0.5	3100	1202	0	1097872	16	10159328	100	2	6200                              	58466	0	10159328	0
0.5	3100	1110	0	1062030	16	10159328	100	2	6200                              	44007	0	10159328	0
0.5	3100	1171	0	1085091	16	10159328	100	2	6200                              	47876	0	10159328	0
0.5	3100	1170	0	1084198	16	10159328	100	2	6200                              	43191	0	10159328	0
0.5	3100	1116	0	1064208	16	10159328	100	2	6200                              	46869	0	10159328	0
0.5	3100	1169	0	1084988	16	10159328	100	2	6200                              	48143	0	10159328	0
0.5	3100	1065	0	1044736	16	10159328	100	2	6200                              	40920	0	10159328	0
0.5	3100	1139	0	1073208	16	10159328	100	2	6200                              	41806	0	10159328	0
0.5	3100	1113	0	1063123	16	10159328	100	2	6200                              	54114	0	10159328	0
0.5	3100	1289	0	1130641	16	10159328	100	2	6200                              	49357	0	10159328	0
0.5	3100	1119	0	1065049	16	10159328	100	2	6200                              	47654	0	10159328	0
0.5	3100	1278	0	1127526	16	10159328	100	2	6200                              	43753	0	10159328	0
0.5	3100	1186	0	1091366	16	10159328	100	2	6200                              	56854	0	10159328	0
0.5	3100	1048	0	1037771	16	10159328	100	2	6200                              	53806	0	10159328	0
0.5	3100	1211	0	1100464	16	10159328	100	2	6200                              	40398	0	10159328	0
0.5	3100	1076	0	1048595	16	10159328	100	2	6200                              	56898	0	10159328	0
0.5	3100	1205	0	1098508	16	10159328	100	2	6200                              	48479	0	10159328	0
0.5	3100	1263	0	1121145	16	10159328	100	2	6200                              	49190	0	10159328	0
0.5	3100	1031	0	1031214	16	10159328	100	2	6200                              	46904	0	10159328	0
0.5	3100	1072	0	1046963	16	10159328	100	2	6200                              	38315	0	10159328	0
0.5	3100	1195	0	1094827	16	10159328	100	2	6200                              	48149	0	10159328	0
0.5	3100	1074	0	1047917	16	10159328	100	2	6200                              	44988	0	10159328	0
0.5	3100	1154	0	1079561	16	10159328	100	2	6200                              	40871	0	10159328	0
0.5	3100	900	0	980281	16	10159328	100	2	6200                              	34767	0	10159328	0
0.5	3100	1156	0	1079807	16	10159328	100	2	6200                              	52433	0	10159328	0
0.5	3100	1063	0	1043878	16	10159328	100	2	6200                              	40744	0	10159328	0
0.5	3100	1209	0	1100600	16	10159328	100	2	6200                              	58221	0	10159328	0
0.5	3100	1136	0	1071622	16	10159328	100	2	6200                              	40455	0	10159328	0
0.5	3100	1167	0	1084656	16	10159328	100	2	6200                              	48883	0	10159328	0
0.5	3100	1166	0	1083476	16	10159328	100	2	6200                              	50639	0	10159328	0
0.5	3100	1032	0	1031859	16	10159328	100	2	6200                              	47531	0	10159328	0
0.5	3100	1173	0	1086159	16	10159328	100	2	6200                              	42469	0	10159328	0
0.5	3100	1156	0	1079115	16	10159328	100	2	6200                              	49967	0	10159328	0
0.5	3100	1186	0	1091131	16	10159328	100	2	6200                              	42690	0	10159328	0
0.5	3100	1018	0	1026761	16	10159328	100	2	6200                              	46188	0	10159328	0
0.5	3100	1168	0	1084601	16	10159328	100	2	6200                              	50969	0	10159328	0
0.5	3100	1241	0	1112318	16	10159328	100	2	6200                              	53962	0	10159328	0
0.5	3100	1113	0	1062419	16	10159328	100	2	6200                              	42093	0	10159328	0
0.5	4100	966	0	1124638	16	10159328	100	2	8200                              	40878	0	10159328	0
0.5	4100	968	0	1126380	16	10159328	100	2	8200                              	52963	0	10159328	0
0.5	4100	1061	0	1174580	16	10159328	100	2	8200                              	55197	0	10159328	0
0.5	4100	857	0	1068704	16	10159328	100	2	8200                              	40687	0	10159328	0
0.5	4100	1005	0	1145551	16	10159328	100	2	8200                              	45243	0	10159328	0
0.5	4100	957	0	1121246	16	10159328	100	2	8200                              	52634	0	10159328	0
0.5	4100	1022	0	1154743	16	10159328	100	2	8200                              	47780	0	10159328	0
0.5	4100	1007	0	1145850	16	10159328	100	2	8200                              	55180	0	10159328	0
0.5	4100	971	0	1128984	16	10159328	100	2	8200                              	49631	0	10159328	0
0.5	4100	854	0	1068069	16	10159328	100	2	8200                              	48246	0	10159328	0
0.5	4100	971	0	1128111	16	10159328	100	2	8200                              	46373	0	10159328	0
0.5	4100	976	0	1130948	16	10159328	100	2	8200                              	56148	0	10159328	0
0.5	4100	946	0	1116005	16	10159328	100	2	8200                              	52662	0	10159328	0
0.5	4100	905	0	1093798	16	10159328	100	2	8200                              	38417	0	10159328	0
0.5	4100	972	0	1128735	16	10159328	100	2	8200                              	37945	0	10159328	0
0.5	4100	1086	0	1187599	16	10159328	100	2	8200                              	42456	0	10159328	0
0.5	4100	918	0	1100965	16	10159328	100	2	8200                              	47875	0	10159328	0
0.5	4100	1150	0	1219402	16	10159328	100	2	8200                              	53531	0	10159328	0
0.5	4100	971	0	1128951	16	10159328	100	2	8200                              	43332	0	10159328	0
0.5	4100	916	0	1099380	16	10159328	100	2	8200                              	46245	0	10159328	0
0.5	4100	992	0	1139752	16	10159328	100	2	8200                              	46234	0	10159328	0
0.5	4100	888	0	1084909	16	10159328	100	2	8200                              	43745	0	10159328	0
0.5	4100	945	0	1114839	16	10159328	100	2	8200                              	36342	0	10159328	0
0.5	4100	949	0	1118360	16	10159328	100	2	8200                              	55304	0	10159328	0
0.5	4100	964	0	1124365	16	10159328	100	2	8200                              	44234	0	10159328	0
0.5	4100	1234	0	1262366	16	10159328	100	2	8200                              	43675	0	10159328	0
0.5	4100	1038	0	1162768	16	10159328	100	2	8200                              	49547	0	10159328	0
0.5	4100	1036	0	1160941	16	10159328	100	2	8200                              	46397	0	10159328	0
0.5	4100	1030	0	1159036	16	10159328	100	2	8200                              	46087	0	10159328	0
0.5	4100	890	0	1087194	16	10159328	100	2	8200                              	45819	0	10159328	0
0.5	4100	968	0	1125762	16	10159328	100	2	8200                              	39665	0	10159328	0
0.5	4100	958	0	1122490	16	10159328	100	2	8200                              	53271	0	10159328	0
0.5	4100	1030	0	1158499	16	10159328	100	2	8200                              	45890	0	10159328	0
0.5	4100	969	0	1127626	16	10159328	100	2	8200                              	44571	0	10159328	0
0.5	4100	1026	0	1155975	16	10159328	100	2	8200                              	41294	0	10159328	0
0.5	4100	1137	0	1213090	16	10159328	100	2	8200                              	47094	0	10159328	0
0.5	4100	1032	0	1159071	16	10159328	100	2	8200                              	43243	0	10159328	0
0.5	4100	938	0	1111543	16	10159328	100	2	8200                              	51483	0	10159328	0
0.5	4100	878	0	1080704	16	10159328	100	2	8200                              	43043	0	10159328	0
0.5	4100	1090	0	1189254	16	10159328	100	2	8200                              	43865	0	10159328	0
0.5	4100	916	0	1099924	16	10159328	100	2	8200                              	48494	0	10159328	0
0.5	4100	1035	0	1160509	16	10159328	100	2	8200                              	50366	0	10159328	0
0.5	4100	1030	0	1158680	16	10159328	100	2	8200                              	46379	0	10159328	0
0.5	4100	933	0	1108441	16	10159328	100	2	8200                              	40555	0	10159328	0
0.5	4100	932	0	1108489	16	10159328	100	2	8200                              	43107	0	10159328	0
0.5	4100	919	0	1102217	16	10159328	100	2	8200                              	39947	0	10159328	0
0.5	4100	785	0	1033296	16	10159328	100	2	8200                              	43690	0	10159328	0
0.5	4100	1059	0	1173146	16	10159328	100	2	8200                              	55145	0	10159328	0
0.5	4100	932	0	1108776	16	10159328	100	2	8200                              	38974	0	10159328	0
0.5	4100	1029	0	1158066	16	10159328	100	2	8200                              	46204	0	10159328	0
0.5	4100	1027	0	1156383	16	10159328	100	2	8200                              	34550	0	10159328	0
0.5	4100	1013	0	1150112	16	10159328	100	2	8200                              	44670	0	10159328	0
0.5	4100	963	0	1123717	16	10159328	100	2	8200                              	43846	0	10159328	0
0.5	4100	997	0	1141231	16	10159328	100	2	8200                              	45214	0	10159328	0
0.5	4100	927	0	1105489	16	10159328	100	2	8200                              	50143	0	10159328	0
0.5	4100	875	0	1079869	16	10159328	100	2	8200                              	46156	0	10159328	0
0.5	4100	1010	0	1148408	16	10159328	100	2	8200                              	43163	0	10159328	0
0.5	4100	1057	0	1171858	16	10159328	100	2	8200                              	53186	0	10159328	0
0.5	4100	972	0	1128192	16	10159328	100	2	8200                              	44851	0	10159328	0
0.5	4100	938	0	1110937	16	10159328	100	2	8200                              	36995	0	10159328	0
0.5	4100	974	0	1128932	16	10159328	100	2	8200                              	47353	0	10159328	0
0.5	4100	1056	0	1171773	16	10159328	100	2	8200                              	44101	0	10159328	0
0.5	4100	960	0	1121713	16	10159328	100	2	8200                              	49346	0	10159328	0
0.5	4100	866	0	1075182	16	10159328	100	2	8200                              	38471	0	10159328	0
0.5	4100	1002	0	1143656	16	10159328	100	2	8200                              	54468	0	10159328	0
0.5	4100	1037	0	1161453	16	10159328	100	2	8200                              	51427	0	10159328	0
0.5	4100	954	0	1119350	16	10159328	100	2	8200                              	53840	0	10159328	0
0.5	4100	1009	0	1148275	16	10159328	100	2	8200                              	52184	0	10159328	0
0.5	4100	1025	0	1157022	16	10159328	100	2	8200                              	53920	0	10159328	0
0.5	4100	885	0	1083161	16	10159328	100	2	8200                              	36226	0	10159328	0
0.5	4100	934	0	1109014	16	10159328	100	2	8200                              	44885	0	10159328	0
0.5	4100	1046	0	1166123	16	10159328	100	2	8200                              	49082	0	10159328	0
0.5	4100	928	0	1106753	16	10159328	100	2	8200                              	52056	0	10159328	0
0.5	4100	1130	0	1209757	16	10159328	100	2	8200                              	37144	0	10159328	0
0.5	4100	1114	0	1201837	16	10159328	100	2	8200                              	43638	0	10159328	0
0.5	4100	1020	0	1154578	16	10159328	100	2	8200                              	50438	0	10159328	0
0.5	4100	943	0	1112954	16	10159328	100	2	8200                              	46561	0	10159328	0
0.5	4100	985	0	1136244	16	10159328	100	2	8200                              	43014	0	10159328	0
0.5	4100	1135	0	1212778	16	10159328	100	2	8200                              	54328	0	10159328	0
0.5	4100	871	0	1076588	16	10159328	100	2	8200                              	42662	0	10159328	0
0.5	4100	1018	0	1151989	16	10159328	100	2	8200                              	55168	0	10159328	0
0.5	4100	1174	0	1232380	16	10159328	100	2	8200                              	54178	0	10159328	0
0.5	4100	951	0	1117660	16	10159328	100	2	8200                              	53582	0	10159328	0
0.5	4100	1077	0	1181489	16	10159328	100	2	8200                              	46896	0	10159328	0
0.5	4100	992	0	1138251	16	10159328	100	2	8200                              	56311	0	10159328	0
0.5	4100	1024	0	1155000	16	10159328	100	2	8200                              	50492	0	10159328	0
0.5	4100	922	0	1103145	16	10159328	100	2	8200                              	46211	0	10159328	0
0.5	4100	1141	0	1215875	16	10159328	100	2	8200                              	50222	0	10159328	0
0.5	4100	907	0	1096365	16	10159328	100	2	8200                              	42353	0	10159328	0
0.5	4100	978	0	1132206	16	10159328	100	2	8200                              	52448	0	10159328	0
0.5	4100	1044	0	1164522	16	10159328	100	2	8200                              	52691	0	10159328	0
0.5	4100	1040	0	1163865	16	10159328	100	2	8200                              	52941	0	10159328	0
0.5	4100	944	0	1113340	16	10159328	100	2	8200                              	48610	0	10159328	0
0.5	4100	973	0	1129220	16	10159328	100	2	8200                              	44393	0	10159328	0
0.5	4100	1026	0	1157152	16	10159328	100	2	8200                              	45433	0	10159328	0
0.5	4100	1002	0	1144980	16	10159328	100	2	8200                              	46142	0	10159328	0
0.5	4100	926	0	1103601	16	10159328	100	2	8200                              	44382	0	10159328	0
0.5	4100	976	0	1130361	16	10159328	100	2	8200                              	46244	0	10159328	0
0.5	4100	935	0	1109331	16	10159328	100	2	8200                              	47862	0	10159328	0
0.5	4100	894	0	1088928	16	10159328	100	2	8200                              	34586	0	10159328	0
0.5	5100	950	0	1235014	16	10159328	100	2	10200                              	35997	0	10159328	0
0.5	5100	857	0	1177747	16	10159328	100	2	10200                              	43684	0	10159328	0
0.5	5100	840	0	1165312	16	10159328	100	2	10200                              	42367	0	10159328	0
0.5	5100	886	0	1194940	16	10159328	100	2	10200                              	51531	0	10159328	0
0.5	5100	957	0	1239974	16	10159328	100	2	10200                              	52469	0	10159328	0
0.5	5100	852	0	1172507	16	10159328	100	2	10200                              	38036	0	10159328	0
0.5	5100	829	0	1157685	16	10159328	100	2	10200                              	47164	0	10159328	0
0.5	5100	890	0	1196128	16	10159328	100	2	10200                              	42290	0	10159328	0
0.5	5100	827	0	1157142	16	10159328	100	2	10200                              	35815	0	10159328	0
0.5	5100	954	0	1238595	16	10159328	100	2	10200                              	50838	0	10159328	0
0.5	5100	940	0	1228302	16	10159328	100	2	10200                              	41272	0	10159328	0
0.5	5100	800	0	1140757	16	10159328	100	2	10200                              	52824	0	10159328	0
0.5	5100	839	0	1164670	16	10159328	100	2	10200                              	35906	0	10159328	0
0.5	5100	942	0	1230848	16	10159328	100	2	10200                              	42852	0	10159328	0
0.5	5100	909	0	1207571	16	10159328	100	2	10200                              	36652	0	10159328	0
0.5	5100	829	0	1158143	16	10159328	100	2	10200                              	41397	0	10159328	0
0.5	5100	904	0	1206651	16	10159328	100	2	10200                              	34658	0	10159328	0
0.5	5100	847	0	1168525	16	10159328	100	2	10200                              	41774	0	10159328	0
0.5	5100	918	0	1214704	16	10159328	100	2	10200                              	53848	0	10159328	0
0.5	5100	873	0	1187096	16	10159328	100	2	10200                              	42290	0	10159328	0
0.5	5100	838	0	1164326	16	10159328	100	2	10200                              	46021	0	10159328	0
0.5	5100	990	0	1260288	16	10159328	100	2	10200                              	43282	0	10159328	0
0.5	5100	978	0	1252163	16	10159328	100	2	10200                              	45450	0	10159328	0
0.5	5100	855	0	1174676	16	10159328	100	2	10200                              	43170	0	10159328	0
0.5	5100	884	0	1192347	16	10159328	100	2	10200                              	40713	0	10159328	0
0.5	5100	980	0	1253550	16	10159328	100	2	10200                              	46455	0	10159328	0
0.5	5100	884	0	1193031	16	10159328	100	2	10200                              	44573	0	10159328	0
0.5	5100	885	0	1194119	16	10159328	100	2	10200                              	40578	0	10159328	0
0.5	5100	858	0	1176839	16	10159328	100	2	10200                              	34230	0	10159328	0
0.5	5100	909	0	1209684	16	10159328	100	2	10200                              	37657	0	10159328	0
0.5	5100	794	0	1136871	16	10159328	100	2	10200                              	33424	0	10159328	0
0.5	5100	902	0	1205355	16	10159328	100	2	10200                              	36037	0	10159328	0
0.5	5100	789	0	1132537	16	10159328	100	2	10200                              	37366	0	10159328	0
0.5	5100	850	0	1172066	16	10159328	100	2	10200                              	36473	0	10159328	0
0.5	5100	827	0	1156701	16	10159328	100	2	10200                              	40978	0	10159328	0
0.5	5100	991	0	1260583	16	10159328	100	2	10200                              	52799	0	10159328	0
0.5	5100	843	0	1166873	16	10159328	100	2	10200                              	50183	0	10159328	0
0.5	5100	1043	0	1294438	16	10159328	100	2	10200                              	49211	0	10159328	0
0.5	5100	862	0	1177950	16	10159328	100	2	10200                              	50137	0	10159328	0
0.5	5100	879	0	1190019	16	10159328	100	2	10200                              	36089	0	10159328	0
0.5	5100	887	0	1195302	16	10159328	100	2	10200                              	38110	0	10159328	0
0.5	5100	902	0	1204688	16	10159328	100	2	10200                              	47035	0	10159328	0
0.5	5100	774	0	1123448	16	10159328	100	2	10200                              	46974	0	10159328	0
0.5	5100	884	0	1195043	16	10159328	100	2	10200                              	42540	0	10159328	0
0.5	5100	741	0	1102539	16	10159328	100	2	10200                              	33026	0	10159328	0
0.5	5100	841	0	1166073	16	10159328	100	2	10200                              	44346	0	10159328	0
0.5	5100	836	0	1161983	16	10159328	100	2	10200                              	44108	0	10159328	0
0.5	5100	920	0	1215935	16	10159328	100	2	10200                              	43171	0	10159328	0
0.5	5100	921	0	1217388	16	10159328	100	2	10200                              	35679	0	10159328	0
0.5	5100	924	0	1219161	16	10159328	100	2	10200                              	46217	0	10159328	0
0.5	5100	818	0	1151138	16	10159328	100	2	10200                              	42290	0	10159328	0
0.5	5100	966	0	1244396	16	10159328	100	2	10200                              	51756	0	10159328	0
0.5	5100	780	0	1126843	16	10159328	100	2	10200                              	48969	0	10159328	0
0.5	5100	888	0	1195339	16	10159328	100	2	10200                              	45749	0	10159328	0
0.5	5100	1057	0	1302982	16	10159328	100	2	10200                              	37143	0	10159328	0
0.5	5100	864	0	1180191	16	10159328	100	2	10200                              	40199	0	10159328	0
0.5	5100	873	0	1186250	16	10159328	100	2	10200                              	44665	0	10159328	0
0.5	5100	833	0	1161502	16	10159328	100	2	10200                              	45288	0	10159328	0
0.5	5100	869	0	1183245	16	10159328	100	2	10200                              	44785	0	10159328	0
0.5	5100	890	0	1195722	16	10159328	100	2	10200                              	40011	0	10159328	0
0.5	5100	983	0	1257569	16	10159328	100	2	10200                              	34731	0	10159328	0
0.5	5100	830	0	1158152	16	10159328	100	2	10200                              	41634	0	10159328	0
0.5	5100	862	0	1179534	16	10159328	100	2	10200                              	45917	0	10159328	0
0.5	5100	838	0	1164051	16	10159328	100	2	10200                              	36452	0	10159328	0
0.5	5100	925	0	1219951	16	10159328	100	2	10200                              	31585	0	10159328	0
0.5	5100	936	0	1227506	16	10159328	100	2	10200                              	51001	0	10159328	0
0.5	5100	860	0	1177213	16	10159328	100	2	10200                              	37129	0	10159328	0
0.5	5100	825	0	1155904	16	10159328	100	2	10200                              	51653	0	10159328	0
0.5	5100	900	0	1202996	16	10159328	100	2	10200                              	46101	0	10159328	0
0.5	5100	950	0	1234753	16	10159328	100	2	10200                              	35238	0	10159328	0
0.5	5100	805	0	1142110	16	10159328	100	2	10200                              	51596	0	10159328	0
0.5	5100	920	0	1216605	16	10159328	100	2	10200                              	42686	0	10159328	0
0.5	5100	885	0	1193434	16	10159328	100	2	10200                              	36617	0	10159328	0
0.5	5100	990	0	1260447	16	10159328	100	2	10200                              	45540	0	10159328	0
0.5	5100	919	0	1215541	16	10159328	100	2	10200                              	37402	0	10159328	0
0.5	5100	761	0	1113315	16	10159328	100	2	10200                              	41243	0	10159328	0
0.5	5100	755	0	1110608	16	10159328	100	2	10200                              	40987	0	10159328	0
0.5	5100	871	0	1184507	16	10159328	100	2	10200                              	41277	0	10159328	0
0.5	5100	787	0	1130318	16	10159328	100	2	10200                              	34903	0	10159328	0
0.5	5100	985	0	1256267	16	10159328	100	2	10200                              	32934	0	10159328	0
0.5	5100	942	0	1230208	16	10159328	100	2	10200                              	30733	0	10159328	0
0.5	5100	948	0	1233842	16	10159328	100	2	10200                              	44462	0	10159328	0
0.5	5100	956	0	1239202	16	10159328	100	2	10200                              	43316	0	10159328	0
0.5	5100	910	0	1210142	16	10159328	100	2	10200                              	46157	0	10159328	0
0.5	5100	908	0	1209512	16	10159328	100	2	10200                              	45151	0	10159328	0
0.5	5100	793	0	1134199	16	10159328	100	2	10200                              	45056	0	10159328	0
0.5	5100	827	0	1156925	16	10159328	100	2	10200                              	43993	0	10159328	0
0.5	5100	848	0	1169449	16	10159328	100	2	10200                              	47235	0	10159328	0
0.5	5100	889	0	1196303	16	10159328	100	2	10200                              	44311	0	10159328	0
0.5	5100	801	0	1140214	16	10159328	100	2	10200                              	43171	0	10159328	0
0.5	5100	850	0	1170676	16	10159328	100	2	10200                              	44169	0	10159328	0
0.5	5100	1200	0	1394429	16	10159328	100	2	10200                              	45292	0	10159328	0
0.5	5100	865	0	1181011	16	10159328	100	2	10200                              	45082	0	10159328	0
0.5	5100	1014	0	1274621	16	10159328	100	2	10200                              	39116	0	10159328	0
0.5	5100	832	0	1159160	16	10159328	100	2	10200                              	45233	0	10159328	0
0.5	5100	855	0	1174958	16	10159328	100	2	10200                              	44746	0	10159328	0
0.5	5100	819	0	1150428	16	10159328	100	2	10200                              	53430	0	10159328	0
0.5	5100	968	0	1247088	16	10159328	100	2	10200                              	44520	0	10159328	0
0.5	5100	905	0	1206661	16	10159328	100	2	10200                              	42483	0	10159328	0
0.5	5100	942	0	1229778	16	10159328	100	2	10200                              	44335	0	10159328	0
0.5	6100	775	0	1218801	16	10159328	100	2	12200                              	34110	0	10159328	0
0.5	6100	903	0	1317331	16	10159328	100	2	12200                              	43332	0	10159328	0
0.5	6100	707	0	1167040	16	10159328	100	2	12200                              	38701	0	10159328	0
0.5	6100	832	0	1262823	16	10159328	100	2	12200                              	52662	0	10159328	0
0.5	6100	728	0	1183499	16	10159328	100	2	12200                              	35126	0	10159328	0
0.5	6100	791	0	1229780	16	10159328	100	2	12200                              	40686	0	10159328	0
0.5	6100	856	0	1281112	16	10159328	100	2	12200                              	41393	0	10159328	0
0.5	6100	826	0	1258901	16	10159328	100	2	12200                              	51789	0	10159328	0
0.5	6100	736	0	1189368	16	10159328	100	2	12200                              	40883	0	10159328	0
0.5	6100	921	0	1330335	16	10159328	100	2	12200                              	34280	0	10159328	0
0.5	6100	871	0	1292060	16	10159328	100	2	12200                              	50370	0	10159328	0
0.5	6100	850	0	1276844	16	10159328	100	2	12200                              	50327	0	10159328	0
0.5	6100	753	0	1202645	16	10159328	100	2	12200                              	33028	0	10159328	0
0.5	6100	817	0	1251637	16	10159328	100	2	12200                              	30106	0	10159328	0
0.5	6100	755	0	1204081	16	10159328	100	2	12200                              	37367	0	10159328	0
0.5	6100	772	0	1217528	16	10159328	100	2	12200                              	39836	0	10159328	0
0.5	6100	691	0	1156126	16	10159328	100	2	12200                              	38440	0	10159328	0
0.5	6100	919	0	1330260	16	10159328	100	2	12200                              	47931	0	10159328	0
0.5	6100	778	0	1220574	16	10159328	100	2	12200                              	31541	0	10159328	0
0.5	6100	956	0	1355655	16	10159328	100	2	12200                              	50548	0	10159328	0
0.5	6100	779	0	1223921	16	10159328	100	2	12200                              	41531	0	10159328	0
0.5	6100	730	0	1185049	16	10159328	100	2	12200                              	47620	0	10159328	0
0.5	6100	765	0	1210866	16	10159328	100	2	12200                              	30779	0	10159328	0
0.5	6100	799	0	1238634	16	10159328	100	2	12200                              	33973	0	10159328	0
0.5	6100	892	0	1308688	16	10159328	100	2	12200                              	42904	0	10159328	0
0.5	6100	830	0	1261155	16	10159328	100	2	12200                              	41973	0	10159328	0
0.5	6100	799	0	1236883	16	10159328	100	2	12200                              	48178	0	10159328	0
0.5	6100	798	0	1236468	16	10159328	100	2	12200                              	44310	0	10159328	0
0.5	6100	741	0	1193802	16	10159328	100	2	12200                              	41690	0	10159328	0
0.5	6100	816	0	1251041	16	10159328	100	2	12200                              	47557	0	10159328	0
0.5	6100	810	0	1246919	16	10159328	100	2	12200                              	32120	0	10159328	0
0.5	6100	805	0	1242393	16	10159328	100	2	12200                              	48989	0	10159328	0
0.5	6100	779	0	1223213	16	10159328	100	2	12200                              	42196	0	10159328	0
0.5	6100	821	0	1256111	16	10159328	100	2	12200                              	41902	0	10159328	0
0.5	6100	742	0	1194643	16	10159328	100	2	12200                              	40123	0	10159328	0
0.5	6100	715	0	1173504	16	10159328	100	2	12200                              	33288	0	10159328	0
0.5	6100	857	0	1280811	16	10159328	100	2	12200                              	47631	0	10159328	0
0.5	6100	828	0	1259581	16	10159328	100	2	12200                              	40751	0	10159328	0
0.5	6100	826	0	1259375	16	10159328	100	2	12200                              	42528	0	10159328	0
0.5	6100	879	0	1298370	16	10159328	100	2	12200                              	39300	0	10159328	0
0.5	6100	814	0	1248562	16	10159328	100	2	12200                              	49755	0	10159328	0
0.5	6100	966	0	1364912	16	10159328	100	2	12200                              	42055	0	10159328	0
0.5	6100	883	0	1301202	16	10159328	100	2	12200                              	44102	0	10159328	0
0.5	6100	914	0	1324766	16	10159328	100	2	12200                              	41169	0	10159328	0
0.5	6100	846	0	1272854	16	10159328	100	2	12200                              	49933	0	10159328	0
0.5	6100	796	0	1236287	16	10159328	100	2	12200                              	34840	0	10159328	0
0.5	6100	847	0	1275038	16	10159328	100	2	12200                              	36118	0	10159328	0
0.5	6100	879	0	1298573	16	10159328	100	2	12200                              	41625	0	10159328	0
0.5	6100	988	0	1381711	16	10159328	100	2	12200                              	50081	0	10159328	0
0.5	6100	816	0	1249251	16	10159328	100	2	12200                              	50056	0	10159328	0
0.5	6100	732	0	1186291	16	10159328	100	2	12200                              	53280	0	10159328	0
0.5	6100	809	0	1247052	16	10159328	100	2	12200                              	40708	0	10159328	0
0.5	6100	737	0	1190370	16	10159328	100	2	12200                              	47096	0	10159328	0
0.5	6100	879	0	1298071	16	10159328	100	2	12200                              	35795	0	10159328	0
0.5	6100	812	0	1247808	16	10159328	100	2	12200                              	39930	0	10159328	0
0.5	6100	865	0	1289078	16	10159328	100	2	12200                              	40327	0	10159328	0
0.5	6100	885	0	1301784	16	10159328	100	2	12200                              	47512	0	10159328	0
0.5	6100	686	0	1153087	16	10159328	100	2	12200                              	33998	0	10159328	0
0.5	6100	838	0	1268158	16	10159328	100	2	12200                              	41330	0	10159328	0
0.5	6100	711	0	1168778	16	10159328	100	2	12200                              	32573	0	10159328	0
0.5	6100	732	0	1186619	16	10159328	100	2	12200                              	47898	0	10159328	0
0.5	6100	852	0	1276907	16	10159328	100	2	12200                              	33048	0	10159328	0
0.5	6100	822	0	1253841	16	10159328	100	2	12200                              	36211	0	10159328	0
0.5	6100	839	0	1269823	16	10159328	100	2	12200                              	42295	0	10159328	0
0.5	6100	738	0	1190299	16	10159328	100	2	12200                              	38219	0	10159328	0
0.5	6100	732	0	1186786	16	10159328	100	2	12200                              	50884	0	10159328	0
0.5	6100	914	0	1327012	16	10159328	100	2	12200                              	53024	0	10159328	0
0.5	6100	770	0	1216698	16	10159328	100	2	12200                              	47815	0	10159328	0
0.5	6100	886	0	1303620	16	10159328	100	2	12200                              	49462	0	10159328	0
0.5	6100	666	0	1135968	16	10159328	100	2	12200                              	39872	0	10159328	0
0.5	6100	969	0	1367367	16	10159328	100	2	12200                              	43435	0	10159328	0
0.5	6100	848	0	1275588	16	10159328	100	2	12200                              	52585	0	10159328	0
0.5	6100	802	0	1239720	16	10159328	100	2	12200                              	41156	0	10159328	0
0.5	6100	839	0	1268297	16	10159328	100	2	12200                              	35689	0	10159328	0
0.5	6100	746	0	1198297	16	10159328	100	2	12200                              	39525	0	10159328	0
0.5	6100	673	0	1142521	16	10159328	100	2	12200                              	33065	0	10159328	0
0.5	6100	876	0	1296104	16	10159328	100	2	12200                              	34803	0	10159328	0
0.5	6100	868	0	1290322	16	10159328	100	2	12200                              	34519	0	10159328	0
0.5	6100	860	0	1283754	16	10159328	100	2	12200                              	37112	0	10159328	0
0.5	6100	709	0	1169487	16	10159328	100	2	12200                              	43152	0	10159328	0
0.5	6100	787	0	1228722	16	10159328	100	2	12200                              	39499	0	10159328	0
0.5	6100	759	0	1207523	16	10159328	100	2	12200                              	43558	0	10159328	0
0.5	6100	823	0	1255381	16	10159328	100	2	12200                              	52686	0	10159328	0
0.5	6100	781	0	1224152	16	10159328	100	2	12200                              	43393	0	10159328	0
0.5	6100	812	0	1247533	16	10159328	100	2	12200                              	41962	0	10159328	0
0.5	6100	812	0	1248230	16	10159328	100	2	12200                              	39765	0	10159328	0
0.5	6100	840	0	1268710	16	10159328	100	2	12200                              	35484	0	10159328	0
0.5	6100	791	0	1231728	16	10159328	100	2	12200                              	43194	0	10159328	0
0.5	6100	872	0	1291938	16	10159328	100	2	12200                              	47355	0	10159328	0
0.5	6100	888	0	1306126	16	10159328	100	2	12200                              	41039	0	10159328	0
0.5	6100	840	0	1268981	16	10159328	100	2	12200                              	44845	0	10159328	0
0.5	6100	745	0	1195738	16	10159328	100	2	12200                              	41002	0	10159328	0
0.5	6100	781	0	1224279	16	10159328	100	2	12200                              	43308	0	10159328	0
0.5	6100	807	0	1245550	16	10159328	100	2	12200                              	45955	0	10159328	0
0.5	6100	841	0	1269323	16	10159328	100	2	12200                              	42694	0	10159328	0
0.5	6100	821	0	1254778	16	10159328	100	2	12200                              	44565	0	10159328	0
0.5	6100	701	0	1162798	16	10159328	100	2	12200                              	32849	0	10159328	0
0.5	6100	743	0	1194427	16	10159328	100	2	12200                              	43090	0	10159328	0
0.5	6100	797	0	1236216	16	10159328	100	2	12200                              	38959	0	10159328	0
0.5	6100	711	0	1169611	16	10159328	100	2	12200                              	32023	0	10159328	0
0.5	7100	782	0	1320607	16	10159328	100	2	14200                              	37461	0	10159328	0
0.5	7100	770	0	1310346	16	10159328	100	2	14200                              	36896	0	10159328	0
0.5	7100	843	0	1377728	16	10159328	100	2	14200                              	31847	0	10159328	0
0.5	7100	804	0	1339853	16	10159328	100	2	14200                              	42445	0	10159328	0
0.5	7100	763	0	1302600	16	10159328	100	2	14200                              	32806	0	10159328	0
0.5	7100	748	0	1290085	16	10159328	100	2	14200                              	40254	0	10159328	0
0.5	7100	717	0	1263734	16	10159328	100	2	14200                              	31434	0	10159328	0
0.5	7100	864	0	1394301	16	10159328	100	2	14200                              	35576	0	10159328	0
0.5	7100	754	0	1294728	16	10159328	100	2	14200                              	40855	0	10159328	0
0.5	7100	762	0	1303267	16	10159328	100	2	14200                              	41984	0	10159328	0
0.5	7100	752	0	1295631	16	10159328	100	2	14200                              	41337	0	10159328	0
0.5	7100	908	0	1433301	16	10159328	100	2	14200                              	41331	0	10159328	0
0.5	7100	922	0	1444259	16	10159328	100	2	14200                              	48149	0	10159328	0
0.5	7100	721	0	1267614	16	10159328	100	2	14200                              	37304	0	10159328	0
0.5	7100	778	0	1318443	16	10159328	100	2	14200                              	46198	0	10159328	0
0.5	7100	799	0	1337248	16	10159328	100	2	14200                              	41870	0	10159328	0
0.5	7100	696	0	1246229	16	10159328	100	2	14200                              	32640	0	10159328	0
0.5	7100	889	0	1416528	16	10159328	100	2	14200                              	38718	0	10159328	0
0.5	7100	742	0	1286642	16	10159328	100	2	14200                              	31602	0	10159328	0
0.5	7100	735	0	1279050	16	10159328	100	2	14200                              	38248	0	10159328	0
0.5	7100	728	0	1273474	16	10159328	100	2	14200                              	37655	0	10159328	0
0.5	7100	753	0	1295166	16	10159328	100	2	14200                              	49118	0	10159328	0
0.5	7100	778	0	1317677	16	10159328	100	2	14200                              	32944	0	10159328	0
0.5	7100	768	0	1306770	16	10159328	100	2	14200                              	40477	0	10159328	0
0.5	7100	751	0	1293070	16	10159328	100	2	14200                              	43592	0	10159328	0
0.5	7100	797	0	1334765	16	10159328	100	2	14200                              	37467	0	10159328	0
0.5	7100	714	0	1260159	16	10159328	100	2	14200                              	44297	0	10159328	0
0.5	7100	777	0	1315514	16	10159328	100	2	14200                              	31902	0	10159328	0
0.5	7100	815	0	1351021	16	10159328	100	2	14200                              	38648	0	10159328	0
0.5	7100	795	0	1332979	16	10159328	100	2	14200                              	49307	0	10159328	0
0.5	7100	800	0	1338094	16	10159328	100	2	14200                              	39458	0	10159328	0
0.5	7100	853	0	1385888	16	10159328	100	2	14200                              	43309	0	10159328	0
0.5	7100	822	0	1357918	16	10159328	100	2	14200                              	46084	0	10159328	0
0.5	7100	759	0	1301894	16	10159328	100	2	14200                              	36053	0	10159328	0
0.5	7100	767	0	1310417	16	10159328	100	2	14200                              	41115	0	10159328	0
0.5	7100	796	0	1332660	16	10159328	100	2	14200                              	41317	0	10159328	0
0.5	7100	817	0	1352447	16	10159328	100	2	14200                              	43618	0	10159328	0
0.5	7100	687	0	1237072	16	10159328	100	2	14200                              	41082	0	10159328	0
0.5	7100	762	0	1304186	16	10159328	100	2	14200                              	30586	0	10159328	0
0.5	7100	752	0	1295524	16	10159328	100	2	14200                              	47383	0	10159328	0
0.5	7100	810	0	1346507	16	10159328	100	2	14200                              	39058	0	10159328	0
0.5	7100	820	0	1355034	16	10159328	100	2	14200                              	48789	0	10159328	0
0.5	7100	707	0	1256752	16	10159328	100	2	14200                              	33179	0	10159328	0
0.5	7100	663	0	1216100	16	10159328	100	2	14200                              	40285	0	10159328	0
0.5	7100	663	0	1216314	16	10159328	100	2	14200                              	40839	0	10159328	0
0.5	7100	758	0	1299841	16	10159328	100	2	14200                              	30675	0	10159328	0
0.5	7100	670	0	1219983	16	10159328	100	2	14200                              	33334	0	10159328	0
0.5	7100	817	0	1353279	16	10159328	100	2	14200                              	30965	0	10159328	0
0.5	7100	709	0	1257921	16	10159328	100	2	14200                              	35322	0	10159328	0
0.5	7100	760	0	1300830	16	10159328	100	2	14200                              	38154	0	10159328	0
0.5	7100	783	0	1321568	16	10159328	100	2	14200                              	35927	0	10159328	0
0.5	7100	731	0	1278141	16	10159328	100	2	14200                              	39216	0	10159328	0
0.5	7100	807	0	1344187	16	10159328	100	2	14200                              	47197	0	10159328	0
0.5	7100	767	0	1308204	16	10159328	100	2	14200                              	29016	0	10159328	0
0.5	7100	786	0	1324533	16	10159328	100	2	14200                              	46047	0	10159328	0
0.5	7100	808	0	1344663	16	10159328	100	2	14200                              	40644	0	10159328	0
0.5	7100	749	0	1293173	16	10159328	100	2	14200                              	34066	0	10159328	0
0.5	7100	823	0	1357050	16	10159328	100	2	14200                              	39474	0	10159328	0
0.5	7100	696	0	1245739	16	10159328	100	2	14200                              	43073	0	10159328	0
0.5	7100	830	0	1363764	16	10159328	100	2	14200                              	44224	0	10159328	0
0.5	7100	755	0	1299613	16	10159328	100	2	14200                              	34907	0	10159328	0
0.5	7100	717	0	1264612	16	10159328	100	2	14200                              	48532	0	10159328	0
0.5	7100	711	0	1258472	16	10159328	100	2	14200                              	44653	0	10159328	0
0.5	7100	779	0	1319972	16	10159328	100	2	14200                              	38957	0	10159328	0
0.5	7100	704	0	1252918	16	10159328	100	2	14200                              	49751	0	10159328	0
0.5	7100	676	0	1227547	16	10159328	100	2	14200                              	48662	0	10159328	0
0.5	7100	877	0	1406052	16	10159328	100	2	14200                              	39464	0	10159328	0
0.5	7100	753	0	1295368	16	10159328	100	2	14200                              	48020	0	10159328	0
0.5	7100	769	0	1309515	16	10159328	100	2	14200                              	41534	0	10159328	0
0.5	7100	639	0	1193467	16	10159328	100	2	14200                              	37720	0	10159328	0
0.5	7100	748	0	1291558	16	10159328	100	2	14200                              	38360	0	10159328	0
0.5	7100	833	0	1365738	16	10159328	100	2	14200                              	35859	0	10159328	0
0.5	7100	742	0	1286304	16	10159328	100	2	14200                              	37635	0	10159328	0
0.5	7100	735	0	1279318	16	10159328	100	2	14200                              	49276	0	10159328	0
0.5	7100	816	0	1350369	16	10159328	100	2	14200                              	40589	0	10159328	0
0.5	7100	815	0	1349199	16	10159328	100	2	14200                              	38703	0	10159328	0
0.5	7100	785	0	1324469	16	10159328	100	2	14200                              	27959	0	10159328	0
0.5	7100	729	0	1274507	16	10159328	100	2	14200                              	43075	0	10159328	0
0.5	7100	804	0	1340171	16	10159328	100	2	14200                              	42600	0	10159328	0
0.5	7100	755	0	1297652	16	10159328	100	2	14200                              	33302	0	10159328	0
0.5	7100	776	0	1317536	16	10159328	100	2	14200                              	46370	0	10159328	0
0.5	7100	730	0	1274940	16	10159328	100	2	14200                              	49814	0	10159328	0
0.5	7100	731	0	1276845	16	10159328	100	2	14200                              	47773	0	10159328	0
0.5	7100	729	0	1274667	16	10159328	100	2	14200                              	40711	0	10159328	0
0.5	7100	807	0	1344227	16	10159328	100	2	14200                              	38078	0	10159328	0
0.5	7100	697	0	1246661	16	10159328	100	2	14200                              	30863	0	10159328	0
0.5	7100	761	0	1301232	16	10159328	100	2	14200                              	40508	0	10159328	0
0.5	7100	767	0	1307041	16	10159328	100	2	14200                              	43459	0	10159328	0
0.5	7100	745	0	1288619	16	10159328	100	2	14200                              	47218	0	10159328	0
0.5	7100	707	0	1255262	16	10159328	100	2	14200                              	36454	0	10159328	0
0.5	7100	957	0	1477731	16	10159328	100	2	14200                              	42256	0	10159328	0
0.5	7100	827	0	1360538	16	10159328	100	2	14200                              	38582	0	10159328	0
0.5	7100	745	0	1287484	16	10159328	100	2	14200                              	36507	0	10159328	0
0.5	7100	721	0	1266800	16	10159328	100	2	14200                              	37948	0	10159328	0
0.5	7100	763	0	1303657	16	10159328	100	2	14200                              	46716	0	10159328	0
0.5	7100	656	0	1208196	16	10159328	100	2	14200                              	45362	0	10159328	0
0.5	7100	751	0	1294554	16	10159328	100	2	14200                              	32694	0	10159328	0
0.5	7100	848	0	1379119	16	10159328	100	2	14200                              	45143	0	10159328	0
0.5	7100	724	0	1268763	16	10159328	100	2	14200                              	36526	0	10159328	0
0.5	7100	779	0	1318789	16	10159328	100	2	14200                              	40359	0	10159328	0
0.5	8100	760	0	1395699	16	10159328	100	2	16200                              	47227	0	10159328	0
0.5	8100	700	0	1333958	16	10159328	100	2	16200                              	43800	0	10159328	0
0.5	8100	691	0	1325351	16	10159328	100	2	16200                              	40021	0	10159328	0
0.5	8100	767	0	1401497	16	10159328	100	2	16200                              	34086	0	10159328	0
0.5	8100	664	0	1299102	16	10159328	100	2	16200                              	31586	0	10159328	0
0.5	8100	673	0	1307292	16	10159328	100	2	16200                              	28620	0	10159328	0
0.5	8100	712	0	1347184	16	10159328	100	2	16200                              	39488	0	10159328	0
0.5	8100	700	0	1334414	16	10159328	100	2	16200                              	42471	0	10159328	0
0.5	8100	728	0	1361742	16	10159328	100	2	16200                              	33043	0	10159328	0
0.5	8100	771	0	1407294	16	10159328	100	2	16200                              	40423	0	10159328	0
0.5	8100	797	0	1432254	16	10159328	100	2	16200                              	31819	0	10159328	0
0.5	8100	624	0	1256831	16	10159328	100	2	16200                              	27000	0	10159328	0
0.5	8100	692	0	1326209	16	10159328	100	2	16200                              	30746	0	10159328	0
0.5	8100	786	0	1422472	16	10159328	100	2	16200                              	37337	0	10159328	0
0.5	8100	684	0	1318190	16	10159328	100	2	16200                              	41180	0	10159328	0
0.5	8100	689	0	1324325	16	10159328	100	2	16200                              	29143	0	10159328	0
0.5	8100	685	0	1319219	16	10159328	100	2	16200                              	32341	0	10159328	0
0.5	8100	623	0	1258036	16	10159328	100	2	16200                              	32841	0	10159328	0
0.5	8100	833	0	1469106	16	10159328	100	2	16200                              	48445	0	10159328	0
0.5	8100	694	0	1327708	16	10159328	100	2	16200                              	38006	0	10159328	0
0.5	8100	705	0	1341512	16	10159328	100	2	16200                              	30907	0	10159328	0
0.5	8100	679	0	1314690	16	10159328	100	2	16200                              	46453	0	10159328	0
0.5	8100	771	0	1405764	16	10159328	100	2	16200                              	41035	0	10159328	0
0.5	8100	654	0	1288036	16	10159328	100	2	16200                              	37057	0	10159328	0
0.5	8100	776	0	1412008	16	10159328	100	2	16200                              	43755	0	10159328	0
0.5	8100	586	0	1220517	16	10159328	100	2	16200                              	36207	0	10159328	0
0.5	8100	708	0	1343092	16	10159328	100	2	16200                              	33140	0	10159328	0
0.5	8100	639	0	1272016	16	10159328	100	2	16200                              	37380	0	10159328	0
0.5	8100	680	0	1315609	16	10159328	100	2	16200                              	44501	0	10159328	0
0.5	8100	640	0	1273120	16	10159328	100	2	16200                              	37471	0	10159328	0
0.5	8100	697	0	1331877	16	10159328	100	2	16200                              	32608	0	10159328	0
0.5	8100	862	0	1500689	16	10159328	100	2	16200                              	37406	0	10159328	0
0.5	8100	673	0	1305641	16	10159328	100	2	16200                              	40969	0	10159328	0
0.5	8100	703	0	1338045	16	10159328	100	2	16200                              	30852	0	10159328	0
0.5	8100	578	0	1213287	16	10159328	100	2	16200                              	30053	0	10159328	0
0.5	8100	792	0	1429853	16	10159328	100	2	16200                              	44509	0	10159328	0
0.5	8100	655	0	1289855	16	10159328	100	2	16200                              	39153	0	10159328	0
0.5	8100	866	0	1502208	16	10159328	100	2	16200                              	40043	0	10159328	0
0.5	8100	651	0	1284633	16	10159328	100	2	16200                              	39551	0	10159328	0
0.5	8100	640	0	1274570	16	10159328	100	2	16200                              	37904	0	10159328	0
0.5	8100	623	0	1258890	16	10159328	100	2	16200                              	31150	0	10159328	0
0.5	8100	743	0	1379064	16	10159328	100	2	16200                              	37716	0	10159328	0
0.5	8100	743	0	1379983	16	10159328	100	2	16200                              	30430	0	10159328	0
0.5	8100	693	0	1326054	16	10159328	100	2	16200                              	34124	0	10159328	0
0.5	8100	707	0	1343608	16	10159328	100	2	16200                              	46100	0	10159328	0
0.5	8100	707	0	1342693	16	10159328	100	2	16200                              	38238	0	10159328	0
0.5	8100	682	0	1317644	16	10159328	100	2	16200                              	34043	0	10159328	0
0.5	8100	681	0	1313289	16	10159328	100	2	16200                              	49499	0	10159328	0
0.5	8100	811	0	1447457	16	10159328	100	2	16200                              	32019	0	10159328	0
0.5	8100	713	0	1348723	16	10159328	100	2	16200                              	39170	0	10159328	0
0.5	8100	673	0	1306923	16	10159328	100	2	16200                              	32404	0	10159328	0
0.5	8100	726	0	1362354	16	10159328	100	2	16200                              	47954	0	10159328	0
0.5	8100	825	0	1461915	16	10159328	100	2	16200                              	34056	0	10159328	0
0.5	8100	755	0	1394173	16	10159328	100	2	16200                              	35811	0	10159328	0
0.5	8100	662	0	1298557	16	10159328	100	2	16200                              	31438	0	10159328	0
0.5	8100	819	0	1455454	16	10159328	100	2	16200                              	37229	0	10159328	0
0.5	8100	812	0	1448212	16	10159328	100	2	16200                              	33371	0	10159328	0
0.5	8100	678	0	1312595	16	10159328	100	2	16200                              	27703	0	10159328	0
0.5	8100	753	0	1389521	16	10159328	100	2	16200                              	45229	0	10159328	0
0.5	8100	702	0	1337546	16	10159328	100	2	16200                              	36799	0	10159328	0
0.5	8100	614	0	1247094	16	10159328	100	2	16200                              	48274	0	10159328	0
0.5	8100	739	0	1376721	16	10159328	100	2	16200                              	36174	0	10159328	0
0.5	8100	728	0	1364256	16	10159328	100	2	16200                              	44311	0	10159328	0
0.5	8100	729	0	1365459	16	10159328	100	2	16200                              	37559	0	10159328	0
0.5	8100	664	0	1298328	16	10159328	100	2	16200                              	41240	0	10159328	0
0.5	8100	716	0	1352208	16	10159328	100	2	16200                              	46561	0	10159328	0
0.5	8100	597	0	1231106	16	10159328	100	2	16200                              	41268	0	10159328	0
0.5	8100	722	0	1358540	16	10159328	100	2	16200                              	41349	0	10159328	0
0.5	8100	637	0	1272584	16	10159328	100	2	16200                              	31533	0	10159328	0
0.5	8100	773	0	1408775	16	10159328	100	2	16200                              	39462	0	10159328	0
0.5	8100	718	0	1351962	16	10159328	100	2	16200                              	37178	0	10159328	0
0.5	8100	721	0	1354263	16	10159328	100	2	16200                              	41337	0	10159328	0
0.5	8100	648	0	1281277	16	10159328	100	2	16200                              	29649	0	10159328	0
0.5	8100	675	0	1309943	16	10159328	100	2	16200                              	37659	0	10159328	0
0.5	8100	625	0	1258881	16	10159328	100	2	16200                              	36866	0	10159328	0
0.5	8100	700	0	1335137	16	10159328	100	2	16200                              	34384	0	10159328	0
0.5	8100	656	0	1289363	16	10159328	100	2	16200                              	40647	0	10159328	0
0.5	8100	767	0	1401996	16	10159328	100	2	16200                              	50431	0	10159328	0
0.5	8100	662	0	1296619	16	10159328	100	2	16200                              	31745	0	10159328	0
0.5	8100	712	0	1346690	16	10159328	100	2	16200                              	37098	0	10159328	0
0.5	8100	643	0	1279274	16	10159328	100	2	16200                              	46105	0	10159328	0
0.5	8100	706	0	1342020	16	10159328	100	2	16200                              	42291	0	10159328	0
0.5	8100	740	0	1377387	16	10159328	100	2	16200                              	28643	0	10159328	0
0.5	8100	668	0	1303394	16	10159328	100	2	16200                              	31284	0	10159328	0
0.5	8100	711	0	1345315	16	10159328	100	2	16200                              	30372	0	10159328	0
0.5	8100	715	0	1350626	16	10159328	100	2	16200                              	34107	0	10159328	0
0.5	8100	835	0	1473920	16	10159328	100	2	16200                              	31584	0	10159328	0
0.5	8100	724	0	1359058	16	10159328	100	2	16200                              	38544	0	10159328	0
0.5	8100	726	0	1362169	16	10159328	100	2	16200                              	48208	0	10159328	0
0.5	8100	704	0	1339231	16	10159328	100	2	16200                              	26857	0	10159328	0
0.5	8100	845	0	1482071	16	10159328	100	2	16200                              	29530	0	10159328	0
0.5	8100	706	0	1339216	16	10159328	100	2	16200                              	47531	0	10159328	0
0.5	8100	684	0	1319321	16	10159328	100	2	16200                              	40528	0	10159328	0
0.5	8100	799	0	1436656	16	10159328	100	2	16200                              	45836	0	10159328	0
0.5	8100	697	0	1332473	16	10159328	100	2	16200                              	44177	0	10159328	0
0.5	8100	704	0	1339297	16	10159328	100	2	16200                              	45997	0	10159328	0
0.5	8100	738	0	1372363	16	10159328	100	2	16200                              	38160	0	10159328	0
0.5	8100	886	0	1522947	16	10159328	100	2	16200                              	37427	0	10159328	0
0.5	8100	760	0	1394790	16	10159328	100	2	16200                              	49356	0	10159328	0
0.5	8100	692	0	1325726	16	10159328	100	2	16200                              	46773	0	10159328	0
0.5	9100	630	0	1341576	16	10159328	100	2	18200                              	32035	0	10159328	0
0.5	9100	751	0	1478654	16	10159328	100	2	18200                              	37275	0	10159328	0
0.5	9100	637	0	1348918	16	10159328	100	2	18200                              	29749	0	10159328	0
0.5	9100	698	0	1417754	16	10159328	100	2	18200                              	27892	0	10159328	0
0.5	9100	606	0	1311975	16	10159328	100	2	18200                              	39400	0	10159328	0
0.5	9100	636	0	1351260	16	10159328	100	2	18200                              	31137	0	10159328	0
0.5	9100	658	0	1375438	16	10159328	100	2	18200                              	32379	0	10159328	0
0.5	9100	751	0	1478188	16	10159328	100	2	18200                              	45965	0	10159328	0
0.5	9100	654	0	1367709	16	10159328	100	2	18200                              	29989	0	10159328	0
0.5	9100	750	0	1478951	16	10159328	100	2	18200                              	38882	0	10159328	0
0.5	9100	680	0	1399040	16	10159328	100	2	18200                              	31695	0	10159328	0
0.5	9100	756	0	1484060	16	10159328	100	2	18200                              	46085	0	10159328	0
0.5	9100	764	0	1495778	16	10159328	100	2	18200                              	43212	0	10159328	0
0.5	9100	691	0	1412749	16	10159328	100	2	18200                              	46657	0	10159328	0
0.5	9100	720	0	1446840	16	10159328	100	2	18200                              	30508	0	10159328	0
0.5	9100	773	0	1504561	16	10159328	100	2	18200                              	38686	0	10159328	0
0.5	9100	711	0	1434512	16	10159328	100	2	18200                              	30977	0	10159328	0
0.5	9100	696	0	1417828	16	10159328	100	2	18200                              	39972	0	10159328	0
0.5	9100	716	0	1437693	16	10159328	100	2	18200                              	33229	0	10159328	0
0.5	9100	706	0	1426889	16	10159328	100	2	18200                              	40141	0	10159328	0
0.5	9100	655	0	1371772	16	10159328	100	2	18200                              	45429	0	10159328	0
0.5	9100	701	0	1421303	16	10159328	100	2	18200                              	32250	0	10159328	0
0.5	9100	689	0	1409412	16	10159328	100	2	18200                              	39390	0	10159328	0
0.5	9100	731	0	1456780	16	10159328	100	2	18200                              	38779	0	10159328	0
0.5	9100	652	0	1368310	16	10159328	100	2	18200                              	39815	0	10159328	0
0.5	9100	637	0	1349557	16	10159328	100	2	18200                              	36853	0	10159328	0
0.5	9100	739	0	1467784	16	10159328	100	2	18200                              	30305	0	10159328	0
0.5	9100	624	0	1332963	16	10159328	100	2	18200                              	36889	0	10159328	0
0.5	9100	665	0	1379037	16	10159328	100	2	18200                              	41490	0	10159328	0
0.5	9100	619	0	1327001	16	10159328	100	2	18200                              	38686	0	10159328	0
0.5	9100	662	0	1377722	16	10159328	100	2	18200                              	43877	0	10159328	0
0.5	9100	609	0	1320006	16	10159328	100	2	18200                              	44211	0	10159328	0
0.5	9100	699	0	1419461	16	10159328	100	2	18200                              	29619	0	10159328	0
0.5	9100	692	0	1413337	16	10159328	100	2	18200                              	38192	0	10159328	0
0.5	9100	745	0	1471130	16	10159328	100	2	18200                              	31579	0	10159328	0
0.5	9100	676	0	1392260	16	10159328	100	2	18200                              	41621	0	10159328	0
0.5	9100	641	0	1354665	16	10159328	100	2	18200                              	37601	0	10159328	0
0.5	9100	661	0	1376493	16	10159328	100	2	18200                              	32378	0	10159328	0
0.5	9100	693	0	1413644	16	10159328	100	2	18200                              	27720	0	10159328	0
0.5	9100	688	0	1407343	16	10159328	100	2	18200                              	37860	0	10159328	0
0.5	9100	635	0	1346423	16	10159328	100	2	18200                              	36982	0	10159328	0
0.5	9100	629	0	1342169	16	10159328	100	2	18200                              	31876	0	10159328	0
0.5	9100	636	0	1348508	16	10159328	100	2	18200                              	36142	0	10159328	0
0.5	9100	739	0	1468126	16	10159328	100	2	18200                              	39155	0	10159328	0
0.5	9100	619	0	1327408	16	10159328	100	2	18200                              	40876	0	10159328	0
0.5	9100	691	0	1410451	16	10159328	100	2	18200                              	37361	0	10159328	0
0.5	9100	804	0	1540584	16	10159328	100	2	18200                              	39833	0	10159328	0
0.5	9100	666	0	1385200	16	10159328	100	2	18200                              	37077	0	10159328	0
0.5	9100	656	0	1372321	16	10159328	100	2	18200                              	36621	0	10159328	0
0.5	9100	749	0	1480127	16	10159328	100	2	18200                              	37945	0	10159328	0
0.5	9100	579	0	1283414	16	10159328	100	2	18200                              	34953	0	10159328	0
0.5	9100	700	0	1420515	16	10159328	100	2	18200                              	45481	0	10159328	0
0.5	9100	728	0	1453253	16	10159328	100	2	18200                              	44853	0	10159328	0
0.5	9100	714	0	1438426	16	10159328	100	2	18200                              	41611	0	10159328	0
0.5	9100	661	0	1375551	16	10159328	100	2	18200                              	33311	0	10159328	0
0.5	9100	718	0	1441099	16	10159328	100	2	18200                              	27680	0	10159328	0
0.5	9100	725	0	1450060	16	10159328	100	2	18200                              	36562	0	10159328	0
0.5	9100	793	0	1526519	16	10159328	100	2	18200                              	45768	0	10159328	0
0.5	9100	623	0	1336817	16	10159328	100	2	18200                              	35990	0	10159328	0
0.5	9100	614	0	1324177	16	10159328	100	2	18200                              	41018	0	10159328	0
0.5	9100	676	0	1395746	16	10159328	100	2	18200                              	36994	0	10159328	0
0.5	9100	620	0	1329104	16	10159328	100	2	18200                              	27211	0	10159328	0
0.5	9100	657	0	1371776	16	10159328	100	2	18200                              	32130	0	10159328	0
0.5	9100	644	0	1359795	16	10159328	100	2	18200                              	46135	0	10159328	0
0.5	9100	664	0	1379479	16	10159328	100	2	18200                              	44395	0	10159328	0
0.5	9100	750	0	1477473	16	10159328	100	2	18200                              	39179	0	10159328	0
0.5	9100	696	0	1418126	16	10159328	100	2	18200                              	37852	0	10159328	0
0.5	9100	631	0	1342545	16	10159328	100	2	18200                              	30940	0	10159328	0
0.5	9100	632	0	1344802	16	10159328	100	2	18200                              	39848	0	10159328	0
0.5	9100	720	0	1444529	16	10159328	100	2	18200                              	48113	0	10159328	0
0.5	9100	628	0	1341171	16	10159328	100	2	18200                              	29376	0	10159328	0
0.5	9100	591	0	1295604	16	10159328	100	2	18200                              	37419	0	10159328	0
0.5	9100	771	0	1503792	16	10159328	100	2	18200                              	38248	0	10159328	0
0.5	9100	661	0	1379198	16	10159328	100	2	18200                              	34955	0	10159328	0
0.5	9100	680	0	1398038	16	10159328	100	2	18200                              	36646	0	10159328	0
0.5	9100	643	0	1357549	16	10159328	100	2	18200                              	35091	0	10159328	0
0.5	9100	778	0	1509698	16	10159328	100	2	18200                              	36299	0	10159328	0
0.5	9100	665	0	1379337	16	10159328	100	2	18200                              	46731	0	10159328	0
0.5	9100	712	0	1434503	16	10159328	100	2	18200                              	30539	0	10159328	0
0.5	9100	612	0	1320202	16	10159328	100	2	18200                              	38953	0	10159328	0
0.5	9100	729	0	1456173	16	10159328	100	2	18200                              	39035	0	10159328	0
0.5	9100	655	0	1369621	16	10159328	100	2	18200                              	38493	0	10159328	0
0.5	9100	623	0	1332595	16	10159328	100	2	18200                              	37701	0	10159328	0
0.5	9100	678	0	1395858	16	10159328	100	2	18200                              	41711	0	10159328	0
0.5	9100	863	0	1604949	16	10159328	100	2	18200                              	38164	0	10159328	0
0.5	9100	599	0	1308202	16	10159328	100	2	18200                              	39407	0	10159328	0
0.5	9100	620	0	1329927	16	10159328	100	2	18200                              	29743	0	10159328	0
0.5	9100	802	0	1536433	16	10159328	100	2	18200                              	40096	0	10159328	0
0.5	9100	729	0	1452028	16	10159328	100	2	18200                              	41333	0	10159328	0
0.5	9100	825	0	1562546	16	10159328	100	2	18200                              	35029	0	10159328	0
0.5	9100	628	0	1338452	16	10159328	100	2	18200                              	44139	0	10159328	0
0.5	9100	582	0	1287407	16	10159328	100	2	18200                              	34350	0	10159328	0
0.5	9100	816	0	1553661	16	10159328	100	2	18200                              	27292	0	10159328	0
0.5	9100	715	0	1438185	16	10159328	100	2	18200                              	44461	0	10159328	0
0.5	9100	625	0	1336201	16	10159328	100	2	18200                              	45875	0	10159328	0
0.5	9100	645	0	1360469	16	10159328	100	2	18200                              	44660	0	10159328	0
0.5	9100	739	0	1465089	16	10159328	100	2	18200                              	36659	0	10159328	0
0.5	9100	567	0	1270513	16	10159328	100	2	18200                              	37997	0	10159328	0
0.5	9100	751	0	1480530	16	10159328	100	2	18200                              	32058	0	10159328	0
0.5	9100	730	0	1454015	16	10159328	100	2	18200                              	43010	0	10159328	0
