#using seed 0.065893
# Work:9321255, depth:282845, work/p+depth:428489.609375
#PROCESSORS: 64, RUNS: 100
#prb	R-l	ISR	ESR	runTime	processors    	work	taskThreshold	lGranularity	rGranularity	IDATAT	EDATAT	W0	W1
0.5	100	45142	0	286610	64	9321255	100	2	200                              	50559	0	9321255	0
0.5	100	47385	0	293612	64	9321255	100	2	200                              	50559	0	9321255	0
0.5	100	45633	0	288158	64	9321255	100	2	200                              	50559	0	9321255	0
0.5	100	45314	0	287152	64	9321255	100	2	200                              	50559	0	9321255	0
0.5	100	48539	0	297229	64	9321255	100	2	200                              	50559	0	9321255	0
0.5	100	46681	0	291410	64	9321255	100	2	200                              	50559	0	9321255	0
0.5	100	45846	0	288823	64	9321255	100	2	200                              	50559	0	9321255	0
0.5	100	45196	0	286784	64	9321255	100	2	200                              	50559	0	9321255	0
0.5	100	46840	0	291908	64	9321255	100	2	200                              	50559	0	9321255	0
0.5	100	46035	0	289407	64	9321255	100	2	200                              	50559	0	9321255	0
0.5	100	45924	0	289069	64	9321255	100	2	200                              	50559	0	9321255	0
0.5	100	48055	0	295723	64	9321255	100	2	200                              	50559	0	9321255	0
0.5	100	45934	0	289100	64	9321255	100	2	200                              	50559	0	9321255	0
0.5	100	46530	0	290951	64	9321255	100	2	200                              	50559	0	9321255	0
0.5	100	46525	0	290919	64	9321255	100	2	200                              	50559	0	9321255	0
0.5	100	45471	0	287632	64	9321255	100	2	200                              	50559	0	9321255	0
0.5	100	45666	0	288241	64	9321255	100	2	200                              	50559	0	9321255	0
0.5	100	45957	0	289145	64	9321255	100	2	200                              	50559	0	9321255	0
0.5	100	46454	0	290710	64	9321255	100	2	200                              	50559	0	9321255	0
0.5	100	47032	0	292523	64	9321255	100	2	200                              	50559	0	9321255	0
0.5	100	46515	0	290892	64	9321255	100	2	200                              	50559	0	9321255	0
0.5	100	46680	0	291419	64	9321255	100	2	200                              	50559	0	9321255	0
0.5	100	45723	0	288435	64	9321255	100	2	200                              	50559	0	9321255	0
0.5	100	49080	0	298911	64	9321255	100	2	200                              	50559	0	9321255	0
0.5	100	54230	0	315009	64	9321255	100	2	200                              	50559	0	9321255	0
0.5	100	45685	0	288313	64	9321255	100	2	200                              	50559	0	9321255	0
0.5	100	45621	0	288110	64	9321255	100	2	200                              	50559	0	9321255	0
0.5	100	58713	0	329019	64	9321255	100	2	200                              	50559	0	9321255	0
0.5	100	53492	0	312710	64	9321255	100	2	200                              	50559	0	9321255	0
0.5	100	45916	0	289023	64	9321255	100	2	200                              	50559	0	9321255	0
0.5	100	46249	0	290068	64	9321255	100	2	200                              	50559	0	9321255	0
0.5	100	45796	0	288652	64	9321255	100	2	200                              	50559	0	9321255	0
0.5	100	49990	0	301755	64	9321255	100	2	200                              	50559	0	9321255	0
0.5	100	46455	0	290726	64	9321255	100	2	200                              	50559	0	9321255	0
0.5	100	47993	0	295514	64	9321255	100	2	200                              	50559	0	9321255	0
0.5	100	46468	0	290755	64	9321255	100	2	200                              	50559	0	9321255	0
0.5	100	46067	0	289494	64	9321255	100	2	200                              	50559	0	9321255	0
0.5	100	45620	0	288108	64	9321255	100	2	200                              	50559	0	9321255	0
0.5	100	46973	0	292336	64	9321255	100	2	200                              	50559	0	9321255	0
0.5	100	46075	0	289522	64	9321255	100	2	200                              	50559	0	9321255	0
0.5	100	47799	0	294915	64	9321255	100	2	200                              	50559	0	9321255	0
0.5	100	44923	0	285922	64	9321255	100	2	200                              	50559	0	9321255	0
0.5	100	65656	0	350725	64	9321255	100	2	200                              	50559	0	9321255	0
0.5	100	47091	0	292698	64	9321255	100	2	200                              	50559	0	9321255	0
0.5	100	48149	0	296009	64	9321255	100	2	200                              	50559	0	9321255	0
0.5	100	45638	0	288165	64	9321255	100	2	200                              	50559	0	9321255	0
0.5	100	47087	0	292694	64	9321255	100	2	200                              	50559	0	9321255	0
0.5	100	47548	0	294132	64	9321255	100	2	200                              	50559	0	9321255	0
0.5	100	49609	0	300582	64	9321255	100	2	200                              	50559	0	9321255	0
0.5	100	46846	0	291953	64	9321255	100	2	200                              	50559	0	9321255	0
0.5	100	48176	0	296092	64	9321255	100	2	200                              	50559	0	9321255	0
0.5	100	45977	0	289217	64	9321255	100	2	200                              	50559	0	9321255	0
0.5	100	46142	0	289729	64	9321255	100	2	200                              	50559	0	9321255	0
0.5	100	50862	0	304491	64	9321255	100	2	200                              	50559	0	9321255	0
0.5	100	45934	0	289092	64	9321255	100	2	200                              	50559	0	9321255	0
0.5	100	54086	0	314564	64	9321255	100	2	200                              	50559	0	9321255	0
0.5	100	45812	0	288701	64	9321255	100	2	200                              	50559	0	9321255	0
0.5	100	48300	0	296472	64	9321255	100	2	200                              	50559	0	9321255	0
0.5	100	46302	0	290245	64	9321255	100	2	200                              	50559	0	9321255	0
0.5	100	45797	0	288651	64	9321255	100	2	200                              	50559	0	9321255	0
0.5	100	47980	0	295495	64	9321255	100	2	200                              	50559	0	9321255	0
0.5	100	47251	0	293212	64	9321255	100	2	200                              	50559	0	9321255	0
0.5	100	46057	0	289464	64	9321255	100	2	200                              	50559	0	9321255	0
0.5	100	45802	0	288683	64	9321255	100	2	200                              	50559	0	9321255	0
0.5	100	45850	0	288830	64	9321255	100	2	200                              	50559	0	9321255	0
0.5	100	46614	0	291213	64	9321255	100	2	200                              	50559	0	9321255	0
0.5	100	45748	0	288503	64	9321255	100	2	200                              	50559	0	9321255	0
0.5	100	49517	0	300276	64	9321255	100	2	200                              	50559	0	9321255	0
0.5	100	48387	0	296738	64	9321255	100	2	200                              	50559	0	9321255	0
0.5	100	46626	0	291253	64	9321255	100	2	200                              	50559	0	9321255	0
0.5	100	46101	0	289619	64	9321255	100	2	200                              	50559	0	9321255	0
0.5	100	48614	0	297466	64	9321255	100	2	200                              	50559	0	9321255	0
0.5	100	45423	0	287487	64	9321255	100	2	200                              	50559	0	9321255	0
0.5	100	59901	0	332727	64	9321255	100	2	200                              	50559	0	9321255	0
0.5	100	45543	0	287866	64	9321255	100	2	200                              	50559	0	9321255	0
0.5	100	45739	0	288487	64	9321255	100	2	200                              	50559	0	9321255	0
0.5	100	45513	0	287772	64	9321255	100	2	200                              	50559	0	9321255	0
0.5	100	48778	0	297977	64	9321255	100	2	200                              	50559	0	9321255	0
0.5	100	47504	0	294002	64	9321255	100	2	200                              	50559	0	9321255	0
0.5	100	45857	0	288846	64	9321255	100	2	200                              	50559	0	9321255	0
0.5	100	46129	0	289703	64	9321255	100	2	200                              	50559	0	9321255	0
0.5	100	46283	0	290183	64	9321255	100	2	200                              	50559	0	9321255	0
0.5	100	45830	0	288763	64	9321255	100	2	200                              	50559	0	9321255	0
0.5	100	50648	0	303811	64	9321255	100	2	200                              	50559	0	9321255	0
0.5	100	48576	0	297345	64	9321255	100	2	200                              	50559	0	9321255	0
0.5	100	46190	0	289890	64	9321255	100	2	200                              	50559	0	9321255	0
0.5	100	45456	0	287609	64	9321255	100	2	200                              	50559	0	9321255	0
0.5	100	46045	0	289436	64	9321255	100	2	200                              	50559	0	9321255	0
0.5	100	47078	0	292654	64	9321255	100	2	200                              	50559	0	9321255	0
0.5	100	49490	0	300190	64	9321255	100	2	200                              	50559	0	9321255	0
0.5	100	46767	0	291695	64	9321255	100	2	200                              	50559	0	9321255	0
0.5	100	45849	0	288833	64	9321255	100	2	200                              	50559	0	9321255	0
0.5	100	45727	0	288437	64	9321255	100	2	200                              	50559	0	9321255	0
0.5	100	45431	0	287505	64	9321255	100	2	200                              	50559	0	9321255	0
0.5	100	46398	0	290538	64	9321255	100	2	200                              	50559	0	9321255	0
0.5	100	46360	0	290419	64	9321255	100	2	200                              	50559	0	9321255	0
0.5	100	45972	0	289210	64	9321255	100	2	200                              	50559	0	9321255	0
0.5	100	46076	0	289525	64	9321255	100	2	200                              	50559	0	9321255	0
0.5	100	49958	0	301661	64	9321255	100	2	200                              	50559	0	9321255	0
0.5	100	46350	0	290389	64	9321255	100	2	200                              	50559	0	9321255	0
0.5	1100	8371	0	432254	64	9321255	100	2	2200                              	50559	0	9321255	0
0.5	1100	8628	0	441171	64	9321255	100	2	2200                              	47856	0	9321255	0
0.5	1100	8690	0	443196	64	9321255	100	2	2200                              	50047	0	9321255	0
0.5	1100	8661	0	442266	64	9321255	100	2	2200                              	50169	0	9321255	0
0.5	1100	8291	0	429567	64	9321255	100	2	2200                              	50228	0	9321255	0
0.5	1100	7533	0	403414	64	9321255	100	2	2200                              	50433	0	9321255	0
0.5	1100	7291	0	395316	64	9321255	100	2	2200                              	50431	0	9321255	0
0.5	1100	7593	0	405585	64	9321255	100	2	2200                              	48135	0	9321255	0
0.5	1100	8345	0	431222	64	9321255	100	2	2200                              	50347	0	9321255	0
0.5	1100	7374	0	398006	64	9321255	100	2	2200                              	47903	0	9321255	0
0.5	1100	8699	0	443570	64	9321255	100	2	2200                              	50040	0	9321255	0
0.5	1100	7659	0	407605	64	9321255	100	2	2200                              	50262	0	9321255	0
0.5	1100	7569	0	404655	64	9321255	100	2	2200                              	50431	0	9321255	0
0.5	1100	7812	0	413023	64	9321255	100	2	2200                              	50367	0	9321255	0
0.5	1100	7713	0	409687	64	9321255	100	2	2200                              	49738	0	9321255	0
0.5	1100	8431	0	434380	64	9321255	100	2	2200                              	48294	0	9321255	0
0.5	1100	8113	0	423262	64	9321255	100	2	2200                              	50431	0	9321255	0
0.5	1100	8200	0	426296	64	9321255	100	2	2200                              	50559	0	9321255	0
0.5	1100	8381	0	432690	64	9321255	100	2	2200                              	50559	0	9321255	0
0.5	1100	7572	0	404754	64	9321255	100	2	2200                              	50559	0	9321255	0
0.5	1100	8658	0	442268	64	9321255	100	2	2200                              	50230	0	9321255	0
0.5	1100	8330	0	430909	64	9321255	100	2	2200                              	50090	0	9321255	0
0.5	1100	7884	0	415521	64	9321255	100	2	2200                              	50294	0	9321255	0
0.5	1100	7596	0	405794	64	9321255	100	2	2200                              	48233	0	9321255	0
0.5	1100	7891	0	415798	64	9321255	100	2	2200                              	50008	0	9321255	0
0.5	1100	7771	0	411638	64	9321255	100	2	2200                              	48295	0	9321255	0
0.5	1100	8663	0	442289	64	9321255	100	2	2200                              	49945	0	9321255	0
0.5	1100	9440	0	469052	64	9321255	100	2	2200                              	50222	0	9321255	0
0.5	1100	8838	0	448276	64	9321255	100	2	2200                              	50233	0	9321255	0
0.5	1100	8890	0	450058	64	9321255	100	2	2200                              	50277	0	9321255	0
0.5	1100	8368	0	432258	64	9321255	100	2	2200                              	50559	0	9321255	0
0.5	1100	8833	0	448095	64	9321255	100	2	2200                              	50103	0	9321255	0
0.5	1100	8869	0	449315	64	9321255	100	2	2200                              	50320	0	9321255	0
0.5	1100	7935	0	417131	64	9321255	100	2	2200                              	50218	0	9321255	0
0.5	1100	8713	0	443870	64	9321255	100	2	2200                              	50133	0	9321255	0
0.5	1100	7725	0	410218	64	9321255	100	2	2200                              	50016	0	9321255	0
0.5	1100	7991	0	419190	64	9321255	100	2	2200                              	50428	0	9321255	0
0.5	1100	7901	0	416126	64	9321255	100	2	2200                              	50370	0	9321255	0
0.5	1100	8428	0	434213	64	9321255	100	2	2200                              	50193	0	9321255	0
0.5	1100	8206	0	426736	64	9321255	100	2	2200                              	50422	0	9321255	0
0.5	1100	8520	0	437348	64	9321255	100	2	2200                              	50326	0	9321255	0
0.5	1100	7993	0	419288	64	9321255	100	2	2200                              	50050	0	9321255	0
0.5	1100	8321	0	430514	64	9321255	100	2	2200                              	50138	0	9321255	0
0.5	1100	8928	0	451411	64	9321255	100	2	2200                              	50429	0	9321255	0
0.5	1100	8176	0	425721	64	9321255	100	2	2200                              	50081	0	9321255	0
0.5	1100	7672	0	408311	64	9321255	100	2	2200                              	50360	0	9321255	0
0.5	1100	7480	0	401630	64	9321255	100	2	2200                              	48233	0	9321255	0
0.5	1100	8256	0	428338	64	9321255	100	2	2200                              	50422	0	9321255	0
0.5	1100	8271	0	428893	64	9321255	100	2	2200                              	50296	0	9321255	0
0.5	1100	8452	0	435102	64	9321255	100	2	2200                              	49984	0	9321255	0
0.5	1100	8707	0	443920	64	9321255	100	2	2200                              	50412	0	9321255	0
0.5	1100	8144	0	424494	64	9321255	100	2	2200                              	50559	0	9321255	0
0.5	1100	8681	0	442949	64	9321255	100	2	2200                              	50559	0	9321255	0
0.5	1100	8147	0	424454	64	9321255	100	2	2200                              	50429	0	9321255	0
0.5	1100	8632	0	441187	64	9321255	100	2	2200                              	50422	0	9321255	0
0.5	1100	8220	0	427073	64	9321255	100	2	2200                              	50166	0	9321255	0
0.5	1100	8357	0	431726	64	9321255	100	2	2200                              	50230	0	9321255	0
0.5	1100	7929	0	416945	64	9321255	100	2	2200                              	48288	0	9321255	0
0.5	1100	8795	0	446908	64	9321255	100	2	2200                              	50428	0	9321255	0
0.5	1100	8767	0	445814	64	9321255	100	2	2200                              	48032	0	9321255	0
0.5	1100	7908	0	416323	64	9321255	100	2	2200                              	50367	0	9321255	0
0.5	1100	9232	0	461969	64	9321255	100	2	2200                              	50422	0	9321255	0
0.5	1100	8441	0	434767	64	9321255	100	2	2200                              	50429	0	9321255	0
0.5	1100	8323	0	430530	64	9321255	100	2	2200                              	50428	0	9321255	0
0.5	1100	8925	0	451161	64	9321255	100	2	2200                              	50023	0	9321255	0
0.5	1100	8193	0	426254	64	9321255	100	2	2200                              	50223	0	9321255	0
0.5	1100	7938	0	417296	64	9321255	100	2	2200                              	50559	0	9321255	0
0.5	1100	8527	0	437564	64	9321255	100	2	2200                              	50559	0	9321255	0
0.5	1100	8104	0	423037	64	9321255	100	2	2200                              	50397	0	9321255	0
0.5	1100	8438	0	434588	64	9321255	100	2	2200                              	50228	0	9321255	0
0.5	1100	8344	0	431288	64	9321255	100	2	2200                              	50422	0	9321255	0
0.5	1100	8239	0	427665	64	9321255	100	2	2200                              	50397	0	9321255	0
0.5	1100	7347	0	397096	64	9321255	100	2	2200                              	48288	0	9321255	0
0.5	1100	8186	0	425829	64	9321255	100	2	2200                              	49947	0	9321255	0
0.5	1100	7750	0	411045	64	9321255	100	2	2200                              	50424	0	9321255	0
0.5	1100	8158	0	425096	64	9321255	100	2	2200                              	46186	0	9321255	0
0.5	1100	8365	0	432190	64	9321255	100	2	2200                              	48108	0	9321255	0
0.5	1100	7975	0	418628	64	9321255	100	2	2200                              	48278	0	9321255	0
0.5	1100	6899	0	381599	64	9321255	100	2	2200                              	48282	0	9321255	0
0.5	1100	8497	0	436797	64	9321255	100	2	2200                              	50428	0	9321255	0
0.5	1100	8367	0	432038	64	9321255	100	2	2200                              	50559	0	9321255	0
0.5	1100	8473	0	435889	64	9321255	100	2	2200                              	50239	0	9321255	0
0.5	1100	8644	0	441721	64	9321255	100	2	2200                              	50559	0	9321255	0
0.5	1100	8031	0	420568	64	9321255	100	2	2200                              	50373	0	9321255	0
0.5	1100	7867	0	415109	64	9321255	100	2	2200                              	47917	0	9321255	0
0.5	1100	7970	0	418474	64	9321255	100	2	2200                              	50397	0	9321255	0
0.5	1100	8411	0	433713	64	9321255	100	2	2200                              	50429	0	9321255	0
0.5	1100	7939	0	417490	64	9321255	100	2	2200                              	50360	0	9321255	0
0.5	1100	7585	0	405091	64	9321255	100	2	2200                              	50559	0	9321255	0
0.5	1100	7490	0	402015	64	9321255	100	2	2200                              	50208	0	9321255	0
0.5	1100	7648	0	407496	64	9321255	100	2	2200                              	50559	0	9321255	0
0.5	1100	7719	0	409841	64	9321255	100	2	2200                              	49944	0	9321255	0
0.5	1100	7982	0	419015	64	9321255	100	2	2200                              	50091	0	9321255	0
0.5	1100	7802	0	412727	64	9321255	100	2	2200                              	50370	0	9321255	0
0.5	1100	7975	0	418643	64	9321255	100	2	2200                              	49916	0	9321255	0
0.5	1100	8495	0	436505	64	9321255	100	2	2200                              	50360	0	9321255	0
0.5	1100	8067	0	421767	64	9321255	100	2	2200                              	50132	0	9321255	0
0.5	1100	7839	0	413959	64	9321255	100	2	2200                              	50103	0	9321255	0
0.5	1100	8182	0	425780	64	9321255	100	2	2200                              	50034	0	9321255	0
0.5	1100	8111	0	423384	64	9321255	100	2	2200                              	50430	0	9321255	0
0.5	2100	5236	0	486907	64	9321255	100	2	4200                              	46447	0	9321255	0
0.5	2100	5340	0	494003	64	9321255	100	2	4200                              	49597	0	9321255	0
0.5	2100	5314	0	492354	64	9321255	100	2	4200                              	49301	0	9321255	0
0.5	2100	5738	0	520176	64	9321255	100	2	4200                              	46627	0	9321255	0
0.5	2100	5843	0	526860	64	9321255	100	2	4200                              	46942	0	9321255	0
0.5	2100	5536	0	506957	64	9321255	100	2	4200                              	46930	0	9321255	0
0.5	2100	5594	0	510476	64	9321255	100	2	4200                              	47266	0	9321255	0
0.5	2100	5456	0	501772	64	9321255	100	2	4200                              	46320	0	9321255	0
0.5	2100	5724	0	519029	64	9321255	100	2	4200                              	47253	0	9321255	0
0.5	2100	5879	0	529323	64	9321255	100	2	4200                              	47038	0	9321255	0
0.5	2100	5373	0	496075	64	9321255	100	2	4200                              	42913	0	9321255	0
0.5	2100	5104	0	478395	64	9321255	100	2	4200                              	48583	0	9321255	0
0.5	2100	5618	0	512204	64	9321255	100	2	4200                              	46728	0	9321255	0
0.5	2100	5481	0	503095	64	9321255	100	2	4200                              	47030	0	9321255	0
0.5	2100	5031	0	473698	64	9321255	100	2	4200                              	46919	0	9321255	0
0.5	2100	5740	0	520114	64	9321255	100	2	4200                              	46920	0	9321255	0
0.5	2100	5500	0	504221	64	9321255	100	2	4200                              	49484	0	9321255	0
0.5	2100	5591	0	510668	64	9321255	100	2	4200                              	46801	0	9321255	0
0.5	2100	5237	0	487209	64	9321255	100	2	4200                              	46530	0	9321255	0
0.5	2100	5384	0	497100	64	9321255	100	2	4200                              	47574	0	9321255	0
0.5	2100	5350	0	494622	64	9321255	100	2	4200                              	46968	0	9321255	0
0.5	2100	5416	0	498632	64	9321255	100	2	4200                              	48571	0	9321255	0
0.5	2100	5065	0	476046	64	9321255	100	2	4200                              	49411	0	9321255	0
0.5	2100	5466	0	501730	64	9321255	100	2	4200                              	47452	0	9321255	0
0.5	2100	5553	0	508086	64	9321255	100	2	4200                              	48997	0	9321255	0
0.5	2100	5368	0	495733	64	9321255	100	2	4200                              	48889	0	9321255	0
0.5	2100	6128	0	545586	64	9321255	100	2	4200                              	48547	0	9321255	0
0.5	2100	5740	0	520492	64	9321255	100	2	4200                              	46578	0	9321255	0
0.5	2100	5219	0	485980	64	9321255	100	2	4200                              	48514	0	9321255	0
0.5	2100	5865	0	528320	64	9321255	100	2	4200                              	46740	0	9321255	0
0.5	2100	5721	0	518838	64	9321255	100	2	4200                              	47417	0	9321255	0
0.5	2100	5492	0	503960	64	9321255	100	2	4200                              	49101	0	9321255	0
0.5	2100	6083	0	542830	64	9321255	100	2	4200                              	47059	0	9321255	0
0.5	2100	5811	0	524901	64	9321255	100	2	4200                              	48608	0	9321255	0
0.5	2100	5920	0	531877	64	9321255	100	2	4200                              	47294	0	9321255	0
0.5	2100	5542	0	507152	64	9321255	100	2	4200                              	49446	0	9321255	0
0.5	2100	6059	0	541273	64	9321255	100	2	4200                              	49370	0	9321255	0
0.5	2100	5735	0	519861	64	9321255	100	2	4200                              	46752	0	9321255	0
0.5	2100	6006	0	537424	64	9321255	100	2	4200                              	46720	0	9321255	0
0.5	2100	6271	0	555144	64	9321255	100	2	4200                              	46682	0	9321255	0
0.5	2100	5773	0	522202	64	9321255	100	2	4200                              	48796	0	9321255	0
0.5	2100	5544	0	507352	64	9321255	100	2	4200                              	46477	0	9321255	0
0.5	2100	5920	0	531954	64	9321255	100	2	4200                              	46765	0	9321255	0
0.5	2100	5720	0	519135	64	9321255	100	2	4200                              	46739	0	9321255	0
0.5	2100	5755	0	521497	64	9321255	100	2	4200                              	46462	0	9321255	0
0.5	2100	5498	0	504282	64	9321255	100	2	4200                              	49272	0	9321255	0
0.5	2100	5968	0	534888	64	9321255	100	2	4200                              	46778	0	9321255	0
0.5	2100	5465	0	502180	64	9321255	100	2	4200                              	46841	0	9321255	0
0.5	2100	5602	0	511041	64	9321255	100	2	4200                              	47276	0	9321255	0
0.5	2100	5069	0	475995	64	9321255	100	2	4200                              	47087	0	9321255	0
0.5	2100	5222	0	486129	64	9321255	100	2	4200                              	47217	0	9321255	0
0.5	2100	5833	0	526450	64	9321255	100	2	4200                              	46961	0	9321255	0
0.5	2100	5987	0	536395	64	9321255	100	2	4200                              	46117	0	9321255	0
0.5	2100	5679	0	516246	64	9321255	100	2	4200                              	49689	0	9321255	0
0.5	2100	5230	0	486863	64	9321255	100	2	4200                              	48702	0	9321255	0
0.5	2100	5559	0	508234	64	9321255	100	2	4200                              	49053	0	9321255	0
0.5	2100	5473	0	502517	64	9321255	100	2	4200                              	48851	0	9321255	0
0.5	2100	5520	0	505700	64	9321255	100	2	4200                              	47093	0	9321255	0
0.5	2100	5270	0	489400	64	9321255	100	2	4200                              	47192	0	9321255	0
0.5	2100	4955	0	468718	64	9321255	100	2	4200                              	46368	0	9321255	0
0.5	2100	5866	0	528542	64	9321255	100	2	4200                              	46472	0	9321255	0
0.5	2100	5938	0	533197	64	9321255	100	2	4200                              	46536	0	9321255	0
0.5	2100	6133	0	546133	64	9321255	100	2	4200                              	47064	0	9321255	0
0.5	2100	6367	0	561219	64	9321255	100	2	4200                              	49231	0	9321255	0
0.5	2100	5876	0	529168	64	9321255	100	2	4200                              	49314	0	9321255	0
0.5	2100	5736	0	519998	64	9321255	100	2	4200                              	46341	0	9321255	0
0.5	2100	5531	0	506614	64	9321255	100	2	4200                              	49241	0	9321255	0
0.5	2100	6105	0	544081	64	9321255	100	2	4200                              	48532	0	9321255	0
0.5	2100	5182	0	483611	64	9321255	100	2	4200                              	49229	0	9321255	0
0.5	2100	5738	0	520027	64	9321255	100	2	4200                              	46759	0	9321255	0
0.5	2100	5833	0	526259	64	9321255	100	2	4200                              	49226	0	9321255	0
0.5	2100	5806	0	524725	64	9321255	100	2	4200                              	46667	0	9321255	0
0.5	2100	5191	0	484166	64	9321255	100	2	4200                              	49374	0	9321255	0
0.5	2100	5620	0	512510	64	9321255	100	2	4200                              	48858	0	9321255	0
0.5	2100	5480	0	502909	64	9321255	100	2	4200                              	46608	0	9321255	0
0.5	2100	6123	0	545419	64	9321255	100	2	4200                              	46915	0	9321255	0
0.5	2100	5847	0	527124	64	9321255	100	2	4200                              	47100	0	9321255	0
0.5	2100	5381	0	496437	64	9321255	100	2	4200                              	48781	0	9321255	0
0.5	2100	5472	0	502715	64	9321255	100	2	4200                              	46778	0	9321255	0
0.5	2100	6126	0	545505	64	9321255	100	2	4200                              	46666	0	9321255	0
0.5	2100	5500	0	504624	64	9321255	100	2	4200                              	47504	0	9321255	0
0.5	2100	6004	0	537481	64	9321255	100	2	4200                              	46443	0	9321255	0
0.5	2100	5702	0	517718	64	9321255	100	2	4200                              	47333	0	9321255	0
0.5	2100	5311	0	492332	64	9321255	100	2	4200                              	49019	0	9321255	0
0.5	2100	5273	0	489567	64	9321255	100	2	4200                              	47153	0	9321255	0
0.5	2100	5776	0	522685	64	9321255	100	2	4200                              	46431	0	9321255	0
0.5	2100	5822	0	525593	64	9321255	100	2	4200                              	46537	0	9321255	0
0.5	2100	5574	0	509465	64	9321255	100	2	4200                              	47140	0	9321255	0
0.5	2100	5870	0	528771	64	9321255	100	2	4200                              	47768	0	9321255	0
0.5	2100	5786	0	523343	64	9321255	100	2	4200                              	46446	0	9321255	0
0.5	2100	5355	0	494911	64	9321255	100	2	4200                              	46968	0	9321255	0
0.5	2100	5624	0	512596	64	9321255	100	2	4200                              	46857	0	9321255	0
0.5	2100	6221	0	551998	64	9321255	100	2	4200                              	49503	0	9321255	0
0.5	2100	6171	0	548420	64	9321255	100	2	4200                              	47088	0	9321255	0
0.5	2100	5443	0	500926	64	9321255	100	2	4200                              	47170	0	9321255	0
0.5	2100	6145	0	546812	64	9321255	100	2	4200                              	49493	0	9321255	0
0.5	2100	5528	0	506102	64	9321255	100	2	4200                              	49461	0	9321255	0
0.5	2100	6088	0	542770	64	9321255	100	2	4200                              	46954	0	9321255	0
0.5	2100	5751	0	520841	64	9321255	100	2	4200                              	46953	0	9321255	0
0.5	2100	5302	0	491450	64	9321255	100	2	4200                              	47052	0	9321255	0
0.5	3100	4314	0	560101	64	9321255	100	2	6200                              	45163	0	9321255	0
0.5	3100	4740	0	601799	64	9321255	100	2	6200                              	45330	0	9321255	0
0.5	3100	4315	0	560293	64	9321255	100	2	6200                              	45150	0	9321255	0
0.5	3100	4854	0	612856	64	9321255	100	2	6200                              	45447	0	9321255	0
0.5	3100	4431	0	571429	64	9321255	100	2	6200                              	41847	0	9321255	0
0.5	3100	4557	0	584269	64	9321255	100	2	6200                              	45478	0	9321255	0
0.5	3100	5081	0	634605	64	9321255	100	2	6200                              	44570	0	9321255	0
0.5	3100	5488	0	673520	64	9321255	100	2	6200                              	45353	0	9321255	0
0.5	3100	4633	0	590990	64	9321255	100	2	6200                              	47382	0	9321255	0
0.5	3100	4384	0	566776	64	9321255	100	2	6200                              	45561	0	9321255	0
0.5	3100	4615	0	589607	64	9321255	100	2	6200                              	44974	0	9321255	0
0.5	3100	4498	0	578200	64	9321255	100	2	6200                              	45217	0	9321255	0
0.5	3100	4770	0	603901	64	9321255	100	2	6200                              	45836	0	9321255	0
0.5	3100	5008	0	627601	64	9321255	100	2	6200                              	45416	0	9321255	0
0.5	3100	4579	0	585962	64	9321255	100	2	6200                              	45942	0	9321255	0
0.5	3100	4133	0	543131	64	9321255	100	2	6200                              	46172	0	9321255	0
0.5	3100	4709	0	598346	64	9321255	100	2	6200                              	43997	0	9321255	0
0.5	3100	4402	0	569230	64	9321255	100	2	6200                              	47977	0	9321255	0
0.5	3100	4755	0	603208	64	9321255	100	2	6200                              	44276	0	9321255	0
0.5	3100	4688	0	596690	64	9321255	100	2	6200                              	47829	0	9321255	0
0.5	3100	4358	0	565038	64	9321255	100	2	6200                              	45161	0	9321255	0
0.5	3100	4615	0	589196	64	9321255	100	2	6200                              	45955	0	9321255	0
0.5	3100	4215	0	550726	64	9321255	100	2	6200                              	44764	0	9321255	0
0.5	3100	5084	0	635033	64	9321255	100	2	6200                              	45466	0	9321255	0
0.5	3100	5116	0	637902	64	9321255	100	2	6200                              	43656	0	9321255	0
0.5	3100	4359	0	564960	64	9321255	100	2	6200                              	45673	0	9321255	0
0.5	3100	4710	0	598461	64	9321255	100	2	6200                              	45339	0	9321255	0
0.5	3100	4709	0	598543	64	9321255	100	2	6200                              	44473	0	9321255	0
0.5	3100	4663	0	594325	64	9321255	100	2	6200                              	45004	0	9321255	0
0.5	3100	4368	0	565681	64	9321255	100	2	6200                              	44615	0	9321255	0
0.5	3100	4440	0	572560	64	9321255	100	2	6200                              	43027	0	9321255	0
0.5	3100	4264	0	555681	64	9321255	100	2	6200                              	45232	0	9321255	0
0.5	3100	5036	0	630631	64	9321255	100	2	6200                              	46034	0	9321255	0
0.5	3100	4621	0	590282	64	9321255	100	2	6200                              	45407	0	9321255	0
0.5	3100	4710	0	598747	64	9321255	100	2	6200                              	45524	0	9321255	0
0.5	3100	4208	0	550361	64	9321255	100	2	6200                              	44898	0	9321255	0
0.5	3100	4669	0	595465	64	9321255	100	2	6200                              	45032	0	9321255	0
0.5	3100	4726	0	600483	64	9321255	100	2	6200                              	44463	0	9321255	0
0.5	3100	4745	0	602064	64	9321255	100	2	6200                              	45439	0	9321255	0
0.5	3100	4391	0	567484	64	9321255	100	2	6200                              	45547	0	9321255	0
0.5	3100	4406	0	569355	64	9321255	100	2	6200                              	45484	0	9321255	0
0.5	3100	4965	0	622942	64	9321255	100	2	6200                              	45705	0	9321255	0
0.5	3100	4656	0	593821	64	9321255	100	2	6200                              	45454	0	9321255	0
0.5	3100	4683	0	596131	64	9321255	100	2	6200                              	44439	0	9321255	0
0.5	3100	4093	0	539163	64	9321255	100	2	6200                              	46810	0	9321255	0
0.5	3100	4374	0	566240	64	9321255	100	2	6200                              	44779	0	9321255	0
0.5	3100	4898	0	616598	64	9321255	100	2	6200                              	45104	0	9321255	0
0.5	3100	4777	0	605086	64	9321255	100	2	6200                              	47153	0	9321255	0
0.5	3100	4377	0	566494	64	9321255	100	2	6200                              	45917	0	9321255	0
0.5	3100	4516	0	579866	64	9321255	100	2	6200                              	45611	0	9321255	0
0.5	3100	4756	0	603172	64	9321255	100	2	6200                              	45117	0	9321255	0
0.5	3100	4643	0	592003	64	9321255	100	2	6200                              	44346	0	9321255	0
0.5	3100	4428	0	571828	64	9321255	100	2	6200                              	45410	0	9321255	0
0.5	3100	4845	0	611540	64	9321255	100	2	6200                              	45047	0	9321255	0
0.5	3100	4344	0	563397	64	9321255	100	2	6200                              	45418	0	9321255	0
0.5	3100	5065	0	633219	64	9321255	100	2	6200                              	44636	0	9321255	0
0.5	3100	4530	0	581455	64	9321255	100	2	6200                              	46128	0	9321255	0
0.5	3100	4936	0	620680	64	9321255	100	2	6200                              	46548	0	9321255	0
0.5	3100	4495	0	577988	64	9321255	100	2	6200                              	45044	0	9321255	0
0.5	3100	4890	0	616247	64	9321255	100	2	6200                              	45371	0	9321255	0
0.5	3100	4331	0	562106	64	9321255	100	2	6200                              	45880	0	9321255	0
0.5	3100	4558	0	583865	64	9321255	100	2	6200                              	44528	0	9321255	0
0.5	3100	4898	0	616879	64	9321255	100	2	6200                              	45496	0	9321255	0
0.5	3100	4123	0	541485	64	9321255	100	2	6200                              	44849	0	9321255	0
0.5	3100	4665	0	594313	64	9321255	100	2	6200                              	45174	0	9321255	0
0.5	3100	4628	0	591474	64	9321255	100	2	6200                              	45497	0	9321255	0
0.5	3100	4571	0	584740	64	9321255	100	2	6200                              	44588	0	9321255	0
0.5	3100	4465	0	575096	64	9321255	100	2	6200                              	44617	0	9321255	0
0.5	3100	4518	0	579722	64	9321255	100	2	6200                              	45386	0	9321255	0
0.5	3100	4601	0	588403	64	9321255	100	2	6200                              	47198	0	9321255	0
0.5	3100	4435	0	571909	64	9321255	100	2	6200                              	44728	0	9321255	0
0.5	3100	4542	0	582875	64	9321255	100	2	6200                              	41336	0	9321255	0
0.5	3100	4488	0	577232	64	9321255	100	2	6200                              	45063	0	9321255	0
0.5	3100	4640	0	592289	64	9321255	100	2	6200                              	45290	0	9321255	0
0.5	3100	4119	0	541850	64	9321255	100	2	6200                              	44782	0	9321255	0
0.5	3100	4383	0	566779	64	9321255	100	2	6200                              	47618	0	9321255	0
0.5	3100	4742	0	601622	64	9321255	100	2	6200                              	45174	0	9321255	0
0.5	3100	4454	0	573837	64	9321255	100	2	6200                              	45055	0	9321255	0
0.5	3100	4484	0	577035	64	9321255	100	2	6200                              	44966	0	9321255	0
0.5	3100	3965	0	526546	64	9321255	100	2	6200                              	47905	0	9321255	0
0.5	3100	4194	0	548515	64	9321255	100	2	6200                              	45635	0	9321255	0
0.5	3100	4726	0	599922	64	9321255	100	2	6200                              	44877	0	9321255	0
0.5	3100	4267	0	556017	64	9321255	100	2	6200                              	45493	0	9321255	0
0.5	3100	4294	0	558432	64	9321255	100	2	6200                              	45843	0	9321255	0
0.5	3100	4532	0	581303	64	9321255	100	2	6200                              	45408	0	9321255	0
0.5	3100	4247	0	553717	64	9321255	100	2	6200                              	45425	0	9321255	0
0.5	3100	4696	0	597002	64	9321255	100	2	6200                              	47938	0	9321255	0
0.5	3100	4647	0	592716	64	9321255	100	2	6200                              	45253	0	9321255	0
0.5	3100	5027	0	629219	64	9321255	100	2	6200                              	44351	0	9321255	0
0.5	3100	4860	0	613420	64	9321255	100	2	6200                              	43185	0	9321255	0
0.5	3100	5040	0	630657	64	9321255	100	2	6200                              	45234	0	9321255	0
0.5	3100	4437	0	572390	64	9321255	100	2	6200                              	45883	0	9321255	0
0.5	3100	4265	0	555699	64	9321255	100	2	6200                              	46335	0	9321255	0
0.5	3100	4178	0	546872	64	9321255	100	2	6200                              	48252	0	9321255	0
0.5	3100	4200	0	549577	64	9321255	100	2	6200                              	44827	0	9321255	0
0.5	3100	4150	0	544642	64	9321255	100	2	6200                              	47468	0	9321255	0
0.5	3100	4610	0	589157	64	9321255	100	2	6200                              	46794	0	9321255	0
0.5	3100	4490	0	577527	64	9321255	100	2	6200                              	41305	0	9321255	0
0.5	3100	4916	0	618768	64	9321255	100	2	6200                              	45423	0	9321255	0
0.5	3100	5016	0	628536	64	9321255	100	2	6200                              	43994	0	9321255	0
0.5	4100	3980	0	651580	64	9321255	100	2	8200                              	43137	0	9321255	0
0.5	4100	3697	0	614890	64	9321255	100	2	8200                              	43848	0	9321255	0
0.5	4100	4383	0	703079	64	9321255	100	2	8200                              	42827	0	9321255	0
0.5	4100	4040	0	659129	64	9321255	100	2	8200                              	44633	0	9321255	0
0.5	4100	4086	0	664393	64	9321255	100	2	8200                              	43688	0	9321255	0
0.5	4100	3886	0	639631	64	9321255	100	2	8200                              	43894	0	9321255	0
0.5	4100	3777	0	625623	64	9321255	100	2	8200                              	43135	0	9321255	0
0.5	4100	4573	0	727264	64	9321255	100	2	8200                              	41687	0	9321255	0
0.5	4100	4213	0	681141	64	9321255	100	2	8200                              	42216	0	9321255	0
0.5	4100	3959	0	648495	64	9321255	100	2	8200                              	38901	0	9321255	0
0.5	4100	4061	0	661660	64	9321255	100	2	8200                              	43069	0	9321255	0
0.5	4100	3750	0	622082	64	9321255	100	2	8200                              	44295	0	9321255	0
0.5	4100	3875	0	637904	64	9321255	100	2	8200                              	43710	0	9321255	0
0.5	4100	3973	0	650492	64	9321255	100	2	8200                              	43731	0	9321255	0
0.5	4100	3976	0	651169	64	9321255	100	2	8200                              	38942	0	9321255	0
0.5	4100	3999	0	653191	64	9321255	100	2	8200                              	43134	0	9321255	0
0.5	4100	3990	0	652182	64	9321255	100	2	8200                              	43562	0	9321255	0
0.5	4100	4122	0	669658	64	9321255	100	2	8200                              	43188	0	9321255	0
0.5	4100	4317	0	694228	64	9321255	100	2	8200                              	41942	0	9321255	0
0.5	4100	3924	0	643958	64	9321255	100	2	8200                              	41352	0	9321255	0
0.5	4100	3719	0	618206	64	9321255	100	2	8200                              	42909	0	9321255	0
0.5	4100	4437	0	709614	64	9321255	100	2	8200                              	41770	0	9321255	0
0.5	4100	3993	0	652773	64	9321255	100	2	8200                              	43726	0	9321255	0
0.5	4100	4630	0	733928	64	9321255	100	2	8200                              	41509	0	9321255	0
0.5	4100	4060	0	662451	64	9321255	100	2	8200                              	43948	0	9321255	0
0.5	4100	4066	0	662757	64	9321255	100	2	8200                              	43851	0	9321255	0
0.5	4100	3788	0	627068	64	9321255	100	2	8200                              	43161	0	9321255	0
0.5	4100	3847	0	634189	64	9321255	100	2	8200                              	43113	0	9321255	0
0.5	4100	4405	0	705834	64	9321255	100	2	8200                              	44019	0	9321255	0
0.5	4100	4087	0	664901	64	9321255	100	2	8200                              	43226	0	9321255	0
0.5	4100	3608	0	603735	64	9321255	100	2	8200                              	43150	0	9321255	0
0.5	4100	4097	0	667259	64	9321255	100	2	8200                              	44128	0	9321255	0
0.5	4100	3921	0	643609	64	9321255	100	2	8200                              	43530	0	9321255	0
0.5	4100	3946	0	647198	64	9321255	100	2	8200                              	42700	0	9321255	0
0.5	4100	4057	0	661285	64	9321255	100	2	8200                              	41776	0	9321255	0
0.5	4100	3879	0	638805	64	9321255	100	2	8200                              	44037	0	9321255	0
0.5	4100	4439	0	709684	64	9321255	100	2	8200                              	43602	0	9321255	0
0.5	4100	4149	0	673259	64	9321255	100	2	8200                              	42871	0	9321255	0
0.5	4100	4001	0	653874	64	9321255	100	2	8200                              	42604	0	9321255	0
0.5	4100	4322	0	695198	64	9321255	100	2	8200                              	42559	0	9321255	0
0.5	4100	3782	0	626411	64	9321255	100	2	8200                              	43787	0	9321255	0
0.5	4100	4275	0	689241	64	9321255	100	2	8200                              	39572	0	9321255	0
0.5	4100	3898	0	640772	64	9321255	100	2	8200                              	43059	0	9321255	0
0.5	4100	4500	0	717424	64	9321255	100	2	8200                              	41100	0	9321255	0
0.5	4100	3393	0	576550	64	9321255	100	2	8200                              	46342	0	9321255	0
0.5	4100	4034	0	659003	64	9321255	100	2	8200                              	44611	0	9321255	0
0.5	4100	4237	0	684625	64	9321255	100	2	8200                              	42863	0	9321255	0
0.5	4100	3766	0	623958	64	9321255	100	2	8200                              	39640	0	9321255	0
0.5	4100	4143	0	672382	64	9321255	100	2	8200                              	43537	0	9321255	0
0.5	4100	4042	0	659622	64	9321255	100	2	8200                              	43190	0	9321255	0
0.5	4100	4703	0	744558	64	9321255	100	2	8200                              	42917	0	9321255	0
0.5	4100	3805	0	629251	64	9321255	100	2	8200                              	40806	0	9321255	0
0.5	4100	3630	0	606737	64	9321255	100	2	8200                              	42426	0	9321255	0
0.5	4100	4509	0	719442	64	9321255	100	2	8200                              	43281	0	9321255	0
0.5	4100	3862	0	636155	64	9321255	100	2	8200                              	43558	0	9321255	0
0.5	4100	4090	0	665444	64	9321255	100	2	8200                              	42736	0	9321255	0
0.5	4100	4528	0	721150	64	9321255	100	2	8200                              	44234	0	9321255	0
0.5	4100	4093	0	666004	64	9321255	100	2	8200                              	43497	0	9321255	0
0.5	4100	4150	0	673388	64	9321255	100	2	8200                              	43141	0	9321255	0
0.5	4100	3906	0	641932	64	9321255	100	2	8200                              	42647	0	9321255	0
0.5	4100	4127	0	670061	64	9321255	100	2	8200                              	43603	0	9321255	0
0.5	4100	4199	0	679850	64	9321255	100	2	8200                              	43455	0	9321255	0
0.5	4100	3866	0	637079	64	9321255	100	2	8200                              	43111	0	9321255	0
0.5	4100	4504	0	717951	64	9321255	100	2	8200                              	43662	0	9321255	0
0.5	4100	4047	0	660096	64	9321255	100	2	8200                              	43614	0	9321255	0
0.5	4100	3854	0	635250	64	9321255	100	2	8200                              	42885	0	9321255	0
0.5	4100	4082	0	664402	64	9321255	100	2	8200                              	43952	0	9321255	0
0.5	4100	4245	0	685189	64	9321255	100	2	8200                              	42656	0	9321255	0
0.5	4100	4067	0	662411	64	9321255	100	2	8200                              	42887	0	9321255	0
0.5	4100	3836	0	632684	64	9321255	100	2	8200                              	43322	0	9321255	0
0.5	4100	4521	0	720701	64	9321255	100	2	8200                              	43512	0	9321255	0
0.5	4100	3746	0	621518	64	9321255	100	2	8200                              	43395	0	9321255	0
0.5	4100	4124	0	670068	64	9321255	100	2	8200                              	43293	0	9321255	0
0.5	4100	3966	0	649896	64	9321255	100	2	8200                              	43803	0	9321255	0
0.5	4100	4389	0	703767	64	9321255	100	2	8200                              	40898	0	9321255	0
0.5	4100	4157	0	674551	64	9321255	100	2	8200                              	44445	0	9321255	0
0.5	4100	4549	0	724403	64	9321255	100	2	8200                              	42724	0	9321255	0
0.5	4100	4406	0	705631	64	9321255	100	2	8200                              	42322	0	9321255	0
0.5	4100	4057	0	660832	64	9321255	100	2	8200                              	43067	0	9321255	0
0.5	4100	4012	0	655584	64	9321255	100	2	8200                              	43529	0	9321255	0
0.5	4100	3809	0	630132	64	9321255	100	2	8200                              	43673	0	9321255	0
0.5	4100	3592	0	602210	64	9321255	100	2	8200                              	43019	0	9321255	0
0.5	4100	4094	0	666106	64	9321255	100	2	8200                              	39597	0	9321255	0
0.5	4100	3721	0	618239	64	9321255	100	2	8200                              	43807	0	9321255	0
0.5	4100	4153	0	673053	64	9321255	100	2	8200                              	43472	0	9321255	0
0.5	4100	4353	0	699380	64	9321255	100	2	8200                              	42784	0	9321255	0
0.5	4100	3760	0	622935	64	9321255	100	2	8200                              	43458	0	9321255	0
0.5	4100	4141	0	672222	64	9321255	100	2	8200                              	42716	0	9321255	0
0.5	4100	4362	0	700110	64	9321255	100	2	8200                              	43275	0	9321255	0
0.5	4100	3614	0	604662	64	9321255	100	2	8200                              	43626	0	9321255	0
0.5	4100	3656	0	610307	64	9321255	100	2	8200                              	43826	0	9321255	0
0.5	4100	3675	0	611830	64	9321255	100	2	8200                              	40757	0	9321255	0
0.5	4100	4324	0	695609	64	9321255	100	2	8200                              	42406	0	9321255	0
0.5	4100	3861	0	635394	64	9321255	100	2	8200                              	43368	0	9321255	0
0.5	4100	4078	0	664043	64	9321255	100	2	8200                              	44657	0	9321255	0
0.5	4100	4342	0	697652	64	9321255	100	2	8200                              	42073	0	9321255	0
0.5	4100	4620	0	733321	64	9321255	100	2	8200                              	42682	0	9321255	0
0.5	4100	3984	0	652182	64	9321255	100	2	8200                              	43614	0	9321255	0
0.5	4100	3899	0	641218	64	9321255	100	2	8200                              	43822	0	9321255	0
0.5	4100	3994	0	653171	64	9321255	100	2	8200                              	44084	0	9321255	0
0.5	5100	3393	0	681172	64	9321255	100	2	10200                              	39851	0	9321255	0
0.5	5100	3310	0	668139	64	9321255	100	2	10200                              	40386	0	9321255	0
0.5	5100	3852	0	754162	64	9321255	100	2	10200                              	41062	0	9321255	0
0.5	5100	3710	0	732052	64	9321255	100	2	10200                              	41747	0	9321255	0
0.5	5100	4032	0	782980	64	9321255	100	2	10200                              	41524	0	9321255	0
0.5	5100	3572	0	710201	64	9321255	100	2	10200                              	39327	0	9321255	0
0.5	5100	3533	0	703641	64	9321255	100	2	10200                              	40563	0	9321255	0
0.5	5100	3574	0	710591	64	9321255	100	2	10200                              	40602	0	9321255	0
0.5	5100	3804	0	746801	64	9321255	100	2	10200                              	40803	0	9321255	0
0.5	5100	3562	0	707051	64	9321255	100	2	10200                              	41977	0	9321255	0
0.5	5100	3481	0	695782	64	9321255	100	2	10200                              	42204	0	9321255	0
0.5	5100	3564	0	708676	64	9321255	100	2	10200                              	42317	0	9321255	0
0.5	5100	3590	0	712390	64	9321255	100	2	10200                              	42280	0	9321255	0
0.5	5100	3751	0	738102	64	9321255	100	2	10200                              	41966	0	9321255	0
0.5	5100	4058	0	786909	64	9321255	100	2	10200                              	40659	0	9321255	0
0.5	5100	3194	0	650022	64	9321255	100	2	10200                              	42445	0	9321255	0
0.5	5100	3701	0	730224	64	9321255	100	2	10200                              	41474	0	9321255	0
0.5	5100	3464	0	692731	64	9321255	100	2	10200                              	42309	0	9321255	0
0.5	5100	3226	0	654716	64	9321255	100	2	10200                              	39146	0	9321255	0
0.5	5100	3758	0	738599	64	9321255	100	2	10200                              	41474	0	9321255	0
0.5	5100	3602	0	714747	64	9321255	100	2	10200                              	42188	0	9321255	0
0.5	5100	3412	0	684130	64	9321255	100	2	10200                              	41458	0	9321255	0
0.5	5100	3894	0	761060	64	9321255	100	2	10200                              	39479	0	9321255	0
0.5	5100	3604	0	714773	64	9321255	100	2	10200                              	41962	0	9321255	0
0.5	5100	3603	0	714247	64	9321255	100	2	10200                              	41489	0	9321255	0
0.5	5100	3630	0	718940	64	9321255	100	2	10200                              	42056	0	9321255	0
0.5	5100	3222	0	653654	64	9321255	100	2	10200                              	42513	0	9321255	0
0.5	5100	3491	0	696189	64	9321255	100	2	10200                              	42204	0	9321255	0
0.5	5100	3507	0	700185	64	9321255	100	2	10200                              	41765	0	9321255	0
0.5	5100	3568	0	708955	64	9321255	100	2	10200                              	42910	0	9321255	0
0.5	5100	3155	0	643591	64	9321255	100	2	10200                              	42056	0	9321255	0
0.5	5100	3872	0	757259	64	9321255	100	2	10200                              	39173	0	9321255	0
0.5	5100	3486	0	695807	64	9321255	100	2	10200                              	41535	0	9321255	0
0.5	5100	3459	0	691776	64	9321255	100	2	10200                              	42383	0	9321255	0
0.5	5100	4134	0	798424	64	9321255	100	2	10200                              	41265	0	9321255	0
0.5	5100	3076	0	631068	64	9321255	100	2	10200                              	40998	0	9321255	0
0.5	5100	3391	0	681758	64	9321255	100	2	10200                              	42218	0	9321255	0
0.5	5100	3553	0	706496	64	9321255	100	2	10200                              	41068	0	9321255	0
0.5	5100	3690	0	728622	64	9321255	100	2	10200                              	42593	0	9321255	0
0.5	5100	3710	0	731627	64	9321255	100	2	10200                              	41874	0	9321255	0
0.5	5100	3564	0	707860	64	9321255	100	2	10200                              	42882	0	9321255	0
0.5	5100	3573	0	710674	64	9321255	100	2	10200                              	41449	0	9321255	0
0.5	5100	3702	0	730578	64	9321255	100	2	10200                              	41240	0	9321255	0
0.5	5100	3523	0	702069	64	9321255	100	2	10200                              	42226	0	9321255	0
0.5	5100	3807	0	746692	64	9321255	100	2	10200                              	40155	0	9321255	0
0.5	5100	3496	0	697140	64	9321255	100	2	10200                              	42104	0	9321255	0
0.5	5100	3789	0	744568	64	9321255	100	2	10200                              	42234	0	9321255	0
0.5	5100	3627	0	718518	64	9321255	100	2	10200                              	42095	0	9321255	0
0.5	5100	3526	0	702780	64	9321255	100	2	10200                              	42095	0	9321255	0
0.5	5100	3885	0	759609	64	9321255	100	2	10200                              	40716	0	9321255	0
0.5	5100	3484	0	695751	64	9321255	100	2	10200                              	33988	0	9321255	0
0.5	5100	3857	0	755150	64	9321255	100	2	10200                              	43564	0	9321255	0
0.5	5100	3806	0	746734	64	9321255	100	2	10200                              	42857	0	9321255	0
0.5	5100	3688	0	727136	64	9321255	100	2	10200                              	41004	0	9321255	0
0.5	5100	3496	0	697329	64	9321255	100	2	10200                              	43080	0	9321255	0
0.5	5100	3673	0	726262	64	9321255	100	2	10200                              	41572	0	9321255	0
0.5	5100	3555	0	706559	64	9321255	100	2	10200                              	41498	0	9321255	0
0.5	5100	3816	0	748442	64	9321255	100	2	10200                              	40470	0	9321255	0
0.5	5100	3749	0	737950	64	9321255	100	2	10200                              	41337	0	9321255	0
0.5	5100	3900	0	762417	64	9321255	100	2	10200                              	38145	0	9321255	0
0.5	5100	4104	0	794982	64	9321255	100	2	10200                              	40558	0	9321255	0
0.5	5100	3671	0	725772	64	9321255	100	2	10200                              	40968	0	9321255	0
0.5	5100	3661	0	724034	64	9321255	100	2	10200                              	40857	0	9321255	0
0.5	5100	3202	0	651168	64	9321255	100	2	10200                              	42057	0	9321255	0
0.5	5100	3687	0	727088	64	9321255	100	2	10200                              	38880	0	9321255	0
0.5	5100	3705	0	731217	64	9321255	100	2	10200                              	37304	0	9321255	0
0.5	5100	3770	0	741472	64	9321255	100	2	10200                              	41626	0	9321255	0
0.5	5100	3671	0	724930	64	9321255	100	2	10200                              	41492	0	9321255	0
0.5	5100	4223	0	814494	64	9321255	100	2	10200                              	40421	0	9321255	0
0.5	5100	4109	0	795632	64	9321255	100	2	10200                              	41061	0	9321255	0
0.5	5100	3433	0	687192	64	9321255	100	2	10200                              	43075	0	9321255	0
0.5	5100	3684	0	727359	64	9321255	100	2	10200                              	39503	0	9321255	0
0.5	5100	3682	0	727359	64	9321255	100	2	10200                              	41730	0	9321255	0
0.5	5100	3586	0	711381	64	9321255	100	2	10200                              	40033	0	9321255	0
0.5	5100	3529	0	703255	64	9321255	100	2	10200                              	42194	0	9321255	0
0.5	5100	4139	0	799591	64	9321255	100	2	10200                              	39254	0	9321255	0
0.5	5100	4039	0	784932	64	9321255	100	2	10200                              	41093	0	9321255	0
0.5	5100	3949	0	769419	64	9321255	100	2	10200                              	41643	0	9321255	0
0.5	5100	3878	0	757855	64	9321255	100	2	10200                              	41343	0	9321255	0
0.5	5100	3629	0	718745	64	9321255	100	2	10200                              	42855	0	9321255	0
0.5	5100	3551	0	706000	64	9321255	100	2	10200                              	41899	0	9321255	0
0.5	5100	4438	0	847887	64	9321255	100	2	10200                              	39673	0	9321255	0
0.5	5100	3875	0	757665	64	9321255	100	2	10200                              	42167	0	9321255	0
0.5	5100	3378	0	678738	64	9321255	100	2	10200                              	41459	0	9321255	0
0.5	5100	3626	0	717883	64	9321255	100	2	10200                              	41350	0	9321255	0
0.5	5100	3625	0	718302	64	9321255	100	2	10200                              	40189	0	9321255	0
0.5	5100	3817	0	748967	64	9321255	100	2	10200                              	35589	0	9321255	0
0.5	5100	3724	0	734003	64	9321255	100	2	10200                              	41249	0	9321255	0
0.5	5100	3406	0	683448	64	9321255	100	2	10200                              	41233	0	9321255	0
0.5	5100	3458	0	691541	64	9321255	100	2	10200                              	40924	0	9321255	0
0.5	5100	3603	0	714118	64	9321255	100	2	10200                              	42180	0	9321255	0
0.5	5100	4174	0	806031	64	9321255	100	2	10200                              	41761	0	9321255	0
0.5	5100	3746	0	736823	64	9321255	100	2	10200                              	40975	0	9321255	0
0.5	5100	3876	0	757829	64	9321255	100	2	10200                              	41595	0	9321255	0
0.5	5100	3699	0	730193	64	9321255	100	2	10200                              	39492	0	9321255	0
0.5	5100	3591	0	713041	64	9321255	100	2	10200                              	41823	0	9321255	0
0.5	5100	4089	0	792937	64	9321255	100	2	10200                              	37762	0	9321255	0
0.5	5100	3541	0	704982	64	9321255	100	2	10200                              	42575	0	9321255	0
0.5	5100	3685	0	727327	64	9321255	100	2	10200                              	41699	0	9321255	0
0.5	5100	3958	0	771106	64	9321255	100	2	10200                              	40591	0	9321255	0
0.5	6100	3655	0	835189	64	9321255	100	2	12200                              	35730	0	9321255	0
0.5	6100	3163	0	741429	64	9321255	100	2	12200                              	38837	0	9321255	0
0.5	6100	4279	0	954817	64	9321255	100	2	12200                              	40234	0	9321255	0
0.5	6100	3556	0	817667	64	9321255	100	2	12200                              	39730	0	9321255	0
0.5	6100	3567	0	820438	64	9321255	100	2	12200                              	40190	0	9321255	0
0.5	6100	3137	0	737140	64	9321255	100	2	12200                              	40127	0	9321255	0
0.5	6100	3475	0	802484	64	9321255	100	2	12200                              	39053	0	9321255	0
0.5	6100	3823	0	868626	64	9321255	100	2	12200                              	39895	0	9321255	0
0.5	6100	3772	0	858787	64	9321255	100	2	12200                              	39351	0	9321255	0
0.5	6100	3163	0	742697	64	9321255	100	2	12200                              	39004	0	9321255	0
0.5	6100	3285	0	764982	64	9321255	100	2	12200                              	38849	0	9321255	0
0.5	6100	3356	0	779670	64	9321255	100	2	12200                              	38087	0	9321255	0
0.5	6100	3347	0	777559	64	9321255	100	2	12200                              	38893	0	9321255	0
0.5	6100	3437	0	793912	64	9321255	100	2	12200                              	38857	0	9321255	0
0.5	6100	3738	0	852271	64	9321255	100	2	12200                              	40533	0	9321255	0
0.5	6100	3454	0	798126	64	9321255	100	2	12200                              	39688	0	9321255	0
0.5	6100	3315	0	770579	64	9321255	100	2	12200                              	40197	0	9321255	0
0.5	6100	3214	0	751861	64	9321255	100	2	12200                              	39348	0	9321255	0
0.5	6100	3395	0	787073	64	9321255	100	2	12200                              	38997	0	9321255	0
0.5	6100	3501	0	806599	64	9321255	100	2	12200                              	41242	0	9321255	0
0.5	6100	3534	0	813454	64	9321255	100	2	12200                              	38185	0	9321255	0
0.5	6100	3523	0	811255	64	9321255	100	2	12200                              	36730	0	9321255	0
0.5	6100	3629	0	831008	64	9321255	100	2	12200                              	39248	0	9321255	0
0.5	6100	3559	0	818052	64	9321255	100	2	12200                              	39855	0	9321255	0
0.5	6100	3397	0	787048	64	9321255	100	2	12200                              	38646	0	9321255	0
0.5	6100	3450	0	797411	64	9321255	100	2	12200                              	38200	0	9321255	0
0.5	6100	3199	0	748829	64	9321255	100	2	12200                              	40769	0	9321255	0
0.5	6100	3403	0	788233	64	9321255	100	2	12200                              	35941	0	9321255	0
0.5	6100	3548	0	815308	64	9321255	100	2	12200                              	39006	0	9321255	0
0.5	6100	3356	0	778851	64	9321255	100	2	12200                              	36705	0	9321255	0
0.5	6100	3531	0	812588	64	9321255	100	2	12200                              	38701	0	9321255	0
0.5	6100	3758	0	855824	64	9321255	100	2	12200                              	37942	0	9321255	0
0.5	6100	3476	0	802429	64	9321255	100	2	12200                              	37655	0	9321255	0
0.5	6100	3307	0	769914	64	9321255	100	2	12200                              	36141	0	9321255	0
0.5	6100	3618	0	829034	64	9321255	100	2	12200                              	37669	0	9321255	0
0.5	6100	3117	0	732614	64	9321255	100	2	12200                              	40386	0	9321255	0
0.5	6100	3628	0	831200	64	9321255	100	2	12200                              	38766	0	9321255	0
0.5	6100	3698	0	844201	64	9321255	100	2	12200                              	39783	0	9321255	0
0.5	6100	3412	0	789827	64	9321255	100	2	12200                              	39052	0	9321255	0
0.5	6100	3718	0	847720	64	9321255	100	2	12200                              	40137	0	9321255	0
0.5	6100	3520	0	809765	64	9321255	100	2	12200                              	39762	0	9321255	0
0.5	6100	3563	0	818303	64	9321255	100	2	12200                              	39828	0	9321255	0
0.5	6100	3841	0	871674	64	9321255	100	2	12200                              	38909	0	9321255	0
0.5	6100	3648	0	834415	64	9321255	100	2	12200                              	40170	0	9321255	0
0.5	6100	3396	0	786692	64	9321255	100	2	12200                              	37157	0	9321255	0
0.5	6100	3464	0	799141	64	9321255	100	2	12200                              	39685	0	9321255	0
0.5	6100	3356	0	778770	64	9321255	100	2	12200                              	40957	0	9321255	0
0.5	6100	3230	0	755561	64	9321255	100	2	12200                              	40378	0	9321255	0
0.5	6100	3511	0	808284	64	9321255	100	2	12200                              	40160	0	9321255	0
0.5	6100	3383	0	783849	64	9321255	100	2	12200                              	38363	0	9321255	0
0.5	6100	3785	0	861390	64	9321255	100	2	12200                              	39313	0	9321255	0
0.5	6100	3440	0	794679	64	9321255	100	2	12200                              	39971	0	9321255	0
0.5	6100	3014	0	713954	64	9321255	100	2	12200                              	39950	0	9321255	0
0.5	6100	2957	0	703383	64	9321255	100	2	12200                              	39462	0	9321255	0
0.5	6100	3191	0	748173	64	9321255	100	2	12200                              	39496	0	9321255	0
0.5	6100	3275	0	764105	64	9321255	100	2	12200                              	41127	0	9321255	0
0.5	6100	3594	0	823888	64	9321255	100	2	12200                              	40241	0	9321255	0
0.5	6100	3456	0	798553	64	9321255	100	2	12200                              	39444	0	9321255	0
0.5	6100	3462	0	800081	64	9321255	100	2	12200                              	39531	0	9321255	0
0.5	6100	3542	0	814417	64	9321255	100	2	12200                              	40922	0	9321255	0
0.5	6100	3879	0	879689	64	9321255	100	2	12200                              	40822	0	9321255	0
0.5	6100	3645	0	833868	64	9321255	100	2	12200                              	39716	0	9321255	0
0.5	6100	3060	0	722645	64	9321255	100	2	12200                              	40071	0	9321255	0
0.5	6100	3225	0	754358	64	9321255	100	2	12200                              	40299	0	9321255	0
0.5	6100	3721	0	848750	64	9321255	100	2	12200                              	37467	0	9321255	0
0.5	6100	3375	0	782541	64	9321255	100	2	12200                              	38746	0	9321255	0
0.5	6100	3661	0	838107	64	9321255	100	2	12200                              	39959	0	9321255	0
0.5	6100	3553	0	817204	64	9321255	100	2	12200                              	40770	0	9321255	0
0.5	6100	3467	0	800537	64	9321255	100	2	12200                              	40142	0	9321255	0
0.5	6100	3490	0	805023	64	9321255	100	2	12200                              	39080	0	9321255	0
0.5	6100	3371	0	781611	64	9321255	100	2	12200                              	39534	0	9321255	0
0.5	6100	3342	0	777298	64	9321255	100	2	12200                              	40075	0	9321255	0
0.5	6100	3671	0	839201	64	9321255	100	2	12200                              	39964	0	9321255	0
0.5	6100	3761	0	856027	64	9321255	100	2	12200                              	40497	0	9321255	0
0.5	6100	3482	0	803251	64	9321255	100	2	12200                              	38728	0	9321255	0
0.5	6100	3337	0	775788	64	9321255	100	2	12200                              	35712	0	9321255	0
0.5	6100	3288	0	765828	64	9321255	100	2	12200                              	39957	0	9321255	0
0.5	6100	3031	0	716714	64	9321255	100	2	12200                              	37891	0	9321255	0
0.5	6100	3766	0	857107	64	9321255	100	2	12200                              	40402	0	9321255	0
0.5	6100	3252	0	759162	64	9321255	100	2	12200                              	39526	0	9321255	0
0.5	6100	3287	0	765957	64	9321255	100	2	12200                              	37065	0	9321255	0
0.5	6100	3296	0	767894	64	9321255	100	2	12200                              	41525	0	9321255	0
0.5	6100	3648	0	834854	64	9321255	100	2	12200                              	38883	0	9321255	0
0.5	6100	3630	0	830822	64	9321255	100	2	12200                              	40096	0	9321255	0
0.5	6100	3517	0	809128	64	9321255	100	2	12200                              	39653	0	9321255	0
0.5	6100	3357	0	780262	64	9321255	100	2	12200                              	41036	0	9321255	0
0.5	6100	3266	0	762111	64	9321255	100	2	12200                              	40047	0	9321255	0
0.5	6100	3314	0	771428	64	9321255	100	2	12200                              	40031	0	9321255	0
0.5	6100	3475	0	802725	64	9321255	100	2	12200                              	39332	0	9321255	0
0.5	6100	3079	0	726357	64	9321255	100	2	12200                              	39031	0	9321255	0
0.5	6100	3134	0	737200	64	9321255	100	2	12200                              	41088	0	9321255	0
0.5	6100	4351	0	969061	64	9321255	100	2	12200                              	40924	0	9321255	0
0.5	6100	3691	0	842757	64	9321255	100	2	12200                              	37502	0	9321255	0
0.5	6100	3300	0	769004	64	9321255	100	2	12200                              	40515	0	9321255	0
0.5	6100	3524	0	810954	64	9321255	100	2	12200                              	36683	0	9321255	0
0.5	6100	3459	0	799069	64	9321255	100	2	12200                              	40064	0	9321255	0
0.5	6100	3168	0	744029	64	9321255	100	2	12200                              	39942	0	9321255	0
0.5	6100	3566	0	819085	64	9321255	100	2	12200                              	39852	0	9321255	0
0.5	6100	3479	0	803407	64	9321255	100	2	12200                              	37604	0	9321255	0
0.5	6100	3228	0	754462	64	9321255	100	2	12200                              	39173	0	9321255	0
0.5	7100	3170	0	841538	64	9321255	100	2	14200                              	37987	0	9321255	0
0.5	7100	3321	0	875248	64	9321255	100	2	14200                              	37399	0	9321255	0
0.5	7100	3201	0	848927	64	9321255	100	2	14200                              	37164	0	9321255	0
0.5	7100	3294	0	869523	64	9321255	100	2	14200                              	37630	0	9321255	0
0.5	7100	3468	0	908444	64	9321255	100	2	14200                              	36103	0	9321255	0
0.5	7100	3169	0	841218	64	9321255	100	2	14200                              	37046	0	9321255	0
0.5	7100	3505	0	914927	64	9321255	100	2	14200                              	37925	0	9321255	0
0.5	7100	3293	0	869535	64	9321255	100	2	14200                              	39112	0	9321255	0
0.5	7100	3065	0	819029	64	9321255	100	2	14200                              	38873	0	9321255	0
0.5	7100	2925	0	786575	64	9321255	100	2	14200                              	38768	0	9321255	0
0.5	7100	3518	0	919048	64	9321255	100	2	14200                              	39008	0	9321255	0
0.5	7100	3732	0	966446	64	9321255	100	2	14200                              	37266	0	9321255	0
0.5	7100	3540	0	924212	64	9321255	100	2	14200                              	37424	0	9321255	0
0.5	7100	3363	0	884373	64	9321255	100	2	14200                              	38870	0	9321255	0
0.5	7100	3137	0	833850	64	9321255	100	2	14200                              	40127	0	9321255	0
0.5	7100	3285	0	866639	64	9321255	100	2	14200                              	35909	0	9321255	0
0.5	7100	3058	0	815982	64	9321255	100	2	14200                              	38648	0	9321255	0
0.5	7100	3225	0	854199	64	9321255	100	2	14200                              	36916	0	9321255	0
0.5	7100	3045	0	813939	64	9321255	100	2	14200                              	38254	0	9321255	0
0.5	7100	3197	0	847961	64	9321255	100	2	14200                              	36612	0	9321255	0
0.5	7100	3311	0	872693	64	9321255	100	2	14200                              	38355	0	9321255	0
0.5	7100	3173	0	841683	64	9321255	100	2	14200                              	37884	0	9321255	0
0.5	7100	2968	0	797403	64	9321255	100	2	14200                              	35796	0	9321255	0
0.5	7100	2694	0	735995	64	9321255	100	2	14200                              	39468	0	9321255	0
0.5	7100	3078	0	821758	64	9321255	100	2	14200                              	37487	0	9321255	0
0.5	7100	2787	0	756545	64	9321255	100	2	14200                              	38151	0	9321255	0
0.5	7100	3246	0	857724	64	9321255	100	2	14200                              	39780	0	9321255	0
0.5	7100	3190	0	845572	64	9321255	100	2	14200                              	34289	0	9321255	0
0.5	7100	3394	0	891031	64	9321255	100	2	14200                              	36377	0	9321255	0
0.5	7100	2996	0	803152	64	9321255	100	2	14200                              	34465	0	9321255	0
0.5	7100	3248	0	857968	64	9321255	100	2	14200                              	36690	0	9321255	0
0.5	7100	2918	0	786076	64	9321255	100	2	14200                              	36923	0	9321255	0
0.5	7100	3253	0	860249	64	9321255	100	2	14200                              	38055	0	9321255	0
0.5	7100	2848	0	770384	64	9321255	100	2	14200                              	36117	0	9321255	0
0.5	7100	3075	0	821736	64	9321255	100	2	14200                              	37154	0	9321255	0
0.5	7100	3122	0	831324	64	9321255	100	2	14200                              	38533	0	9321255	0
0.5	7100	3721	0	964247	64	9321255	100	2	14200                              	38027	0	9321255	0
0.5	7100	2906	0	783390	64	9321255	100	2	14200                              	38285	0	9321255	0
0.5	7100	2856	0	772036	64	9321255	100	2	14200                              	33143	0	9321255	0
0.5	7100	3463	0	907231	64	9321255	100	2	14200                              	35604	0	9321255	0
0.5	7100	3405	0	894523	64	9321255	100	2	14200                              	37007	0	9321255	0
0.5	7100	3033	0	812192	64	9321255	100	2	14200                              	38882	0	9321255	0
0.5	7100	3359	0	883586	64	9321255	100	2	14200                              	36581	0	9321255	0
0.5	7100	3509	0	916621	64	9321255	100	2	14200                              	35096	0	9321255	0
0.5	7100	3137	0	833464	64	9321255	100	2	14200                              	39602	0	9321255	0
0.5	7100	2943	0	792250	64	9321255	100	2	14200                              	38280	0	9321255	0
0.5	7100	2740	0	745969	64	9321255	100	2	14200                              	39129	0	9321255	0
0.5	7100	3000	0	803859	64	9321255	100	2	14200                              	37789	0	9321255	0
0.5	7100	3482	0	911394	64	9321255	100	2	14200                              	37513	0	9321255	0
0.5	7100	2842	0	769321	64	9321255	100	2	14200                              	37143	0	9321255	0
0.5	7100	3095	0	825057	64	9321255	100	2	14200                              	36907	0	9321255	0
0.5	7100	3819	0	986015	64	9321255	100	2	14200                              	37445	0	9321255	0
0.5	7100	3568	0	929491	64	9321255	100	2	14200                              	38098	0	9321255	0
0.5	7100	3174	0	842767	64	9321255	100	2	14200                              	39106	0	9321255	0
0.5	7100	3412	0	895464	64	9321255	100	2	14200                              	38272	0	9321255	0
0.5	7100	3014	0	806718	64	9321255	100	2	14200                              	39872	0	9321255	0
0.5	7100	3027	0	810939	64	9321255	100	2	14200                              	37990	0	9321255	0
0.5	7100	3025	0	810213	64	9321255	100	2	14200                              	36262	0	9321255	0
0.5	7100	3322	0	875418	64	9321255	100	2	14200                              	34162	0	9321255	0
0.5	7100	3000	0	804134	64	9321255	100	2	14200                              	38459	0	9321255	0
0.5	7100	3331	0	878035	64	9321255	100	2	14200                              	38936	0	9321255	0
0.5	7100	3411	0	895836	64	9321255	100	2	14200                              	37481	0	9321255	0
0.5	7100	3071	0	819506	64	9321255	100	2	14200                              	38306	0	9321255	0
0.5	7100	3020	0	809072	64	9321255	100	2	14200                              	36690	0	9321255	0
0.5	7100	2975	0	798828	64	9321255	100	2	14200                              	36497	0	9321255	0
0.5	7100	3486	0	912018	64	9321255	100	2	14200                              	30304	0	9321255	0
0.5	7100	2918	0	785511	64	9321255	100	2	14200                              	38372	0	9321255	0
0.5	7100	3274	0	864098	64	9321255	100	2	14200                              	39172	0	9321255	0
0.5	7100	3327	0	877523	64	9321255	100	2	14200                              	38844	0	9321255	0
0.5	7100	3258	0	861405	64	9321255	100	2	14200                              	37345	0	9321255	0
0.5	7100	3337	0	879277	64	9321255	100	2	14200                              	37634	0	9321255	0
0.5	7100	3084	0	823574	64	9321255	100	2	14200                              	35472	0	9321255	0
0.5	7100	3640	0	946186	64	9321255	100	2	14200                              	38848	0	9321255	0
0.5	7100	3006	0	805120	64	9321255	100	2	14200                              	35447	0	9321255	0
0.5	7100	3020	0	808358	64	9321255	100	2	14200                              	38134	0	9321255	0
0.5	7100	3065	0	818749	64	9321255	100	2	14200                              	39191	0	9321255	0
0.5	7100	3226	0	853454	64	9321255	100	2	14200                              	37782	0	9321255	0
0.5	7100	3001	0	803430	64	9321255	100	2	14200                              	35739	0	9321255	0
0.5	7100	3200	0	847972	64	9321255	100	2	14200                              	38401	0	9321255	0
0.5	7100	3023	0	809464	64	9321255	100	2	14200                              	36133	0	9321255	0
0.5	7100	3395	0	892395	64	9321255	100	2	14200                              	37956	0	9321255	0
0.5	7100	3152	0	838418	64	9321255	100	2	14200                              	37613	0	9321255	0
0.5	7100	3209	0	850299	64	9321255	100	2	14200                              	38197	0	9321255	0
0.5	7100	3346	0	881316	64	9321255	100	2	14200                              	38764	0	9321255	0
0.5	7100	3341	0	880361	64	9321255	100	2	14200                              	39045	0	9321255	0
0.5	7100	3136	0	834022	64	9321255	100	2	14200                              	36964	0	9321255	0
0.5	7100	3387	0	890873	64	9321255	100	2	14200                              	37551	0	9321255	0
0.5	7100	3576	0	931697	64	9321255	100	2	14200                              	32655	0	9321255	0
0.5	7100	3214	0	851841	64	9321255	100	2	14200                              	35515	0	9321255	0
0.5	7100	3477	0	909336	64	9321255	100	2	14200                              	38797	0	9321255	0
0.5	7100	3604	0	938990	64	9321255	100	2	14200                              	37477	0	9321255	0
0.5	7100	3364	0	884405	64	9321255	100	2	14200                              	36641	0	9321255	0
0.5	7100	3295	0	869370	64	9321255	100	2	14200                              	38736	0	9321255	0
0.5	7100	3259	0	861436	64	9321255	100	2	14200                              	39088	0	9321255	0
0.5	7100	3258	0	861010	64	9321255	100	2	14200                              	38796	0	9321255	0
0.5	7100	3240	0	857009	64	9321255	100	2	14200                              	35220	0	9321255	0
0.5	7100	3291	0	867569	64	9321255	100	2	14200                              	36895	0	9321255	0
0.5	7100	3267	0	863278	64	9321255	100	2	14200                              	39542	0	9321255	0
0.5	7100	2815	0	762971	64	9321255	100	2	14200                              	35608	0	9321255	0
0.5	7100	2992	0	801936	64	9321255	100	2	14200                              	38492	0	9321255	0
0.5	8100	3181	0	941885	64	9321255	100	2	16200                              	35021	0	9321255	0
0.5	8100	2907	0	874789	64	9321255	100	2	16200                              	35500	0	9321255	0
0.5	8100	2988	0	894312	64	9321255	100	2	16200                              	37203	0	9321255	0
0.5	8100	2923	0	876318	64	9321255	100	2	16200                              	37962	0	9321255	0
0.5	8100	3168	0	939210	64	9321255	100	2	16200                              	36324	0	9321255	0
0.5	8100	3523	0	1029388	64	9321255	100	2	16200                              	37680	0	9321255	0
0.5	8100	3078	0	916598	64	9321255	100	2	16200                              	37187	0	9321255	0
0.5	8100	2901	0	871886	64	9321255	100	2	16200                              	37879	0	9321255	0
0.5	8100	2998	0	895783	64	9321255	100	2	16200                              	33253	0	9321255	0
0.5	8100	3290	0	969633	64	9321255	100	2	16200                              	37843	0	9321255	0
0.5	8100	2871	0	863182	64	9321255	100	2	16200                              	37238	0	9321255	0
0.5	8100	3093	0	920629	64	9321255	100	2	16200                              	38403	0	9321255	0
0.5	8100	2766	0	837861	64	9321255	100	2	16200                              	30752	0	9321255	0
0.5	8100	2913	0	875255	64	9321255	100	2	16200                              	32039	0	9321255	0
0.5	8100	2967	0	889038	64	9321255	100	2	16200                              	37595	0	9321255	0
0.5	8100	3199	0	947603	64	9321255	100	2	16200                              	35219	0	9321255	0
0.5	8100	3053	0	910148	64	9321255	100	2	16200                              	29648	0	9321255	0
0.5	8100	2793	0	844532	64	9321255	100	2	16200                              	37022	0	9321255	0
0.5	8100	2937	0	881415	64	9321255	100	2	16200                              	37460	0	9321255	0
0.5	8100	3059	0	911872	64	9321255	100	2	16200                              	38627	0	9321255	0
0.5	8100	2886	0	868190	64	9321255	100	2	16200                              	38953	0	9321255	0
0.5	8100	2875	0	864851	64	9321255	100	2	16200                              	36921	0	9321255	0
0.5	8100	3088	0	918731	64	9321255	100	2	16200                              	32248	0	9321255	0
0.5	8100	2924	0	877389	64	9321255	100	2	16200                              	36981	0	9321255	0
0.5	8100	3257	0	962591	64	9321255	100	2	16200                              	37188	0	9321255	0
0.5	8100	2958	0	885758	64	9321255	100	2	16200                              	30344	0	9321255	0
0.5	8100	3374	0	991753	64	9321255	100	2	16200                              	37402	0	9321255	0
0.5	8100	3086	0	919557	64	9321255	100	2	16200                              	36686	0	9321255	0
0.5	8100	3230	0	954808	64	9321255	100	2	16200                              	38375	0	9321255	0
0.5	8100	3163	0	937126	64	9321255	100	2	16200                              	37318	0	9321255	0
0.5	8100	3014	0	900413	64	9321255	100	2	16200                              	38826	0	9321255	0
0.5	8100	2832	0	853746	64	9321255	100	2	16200                              	36161	0	9321255	0
0.5	8100	2515	0	773985	64	9321255	100	2	16200                              	37257	0	9321255	0
0.5	8100	3238	0	957322	64	9321255	100	2	16200                              	37714	0	9321255	0
0.5	8100	3196	0	947934	64	9321255	100	2	16200                              	35312	0	9321255	0
0.5	8100	2999	0	896534	64	9321255	100	2	16200                              	38849	0	9321255	0
0.5	8100	2821	0	851820	64	9321255	100	2	16200                              	38577	0	9321255	0
0.5	8100	2999	0	897194	64	9321255	100	2	16200                              	34323	0	9321255	0
0.5	8100	2891	0	868486	64	9321255	100	2	16200                              	31685	0	9321255	0
0.5	8100	3066	0	913436	64	9321255	100	2	16200                              	35527	0	9321255	0
0.5	8100	3133	0	929888	64	9321255	100	2	16200                              	33752	0	9321255	0
0.5	8100	3037	0	905745	64	9321255	100	2	16200                              	34890	0	9321255	0
0.5	8100	3029	0	904825	64	9321255	100	2	16200                              	38421	0	9321255	0
0.5	8100	3206	0	949560	64	9321255	100	2	16200                              	37705	0	9321255	0
0.5	8100	2876	0	866421	64	9321255	100	2	16200                              	38872	0	9321255	0
0.5	8100	3129	0	928524	64	9321255	100	2	16200                              	36394	0	9321255	0
0.5	8100	3380	0	992782	64	9321255	100	2	16200                              	33718	0	9321255	0
0.5	8100	2823	0	851579	64	9321255	100	2	16200                              	38449	0	9321255	0
0.5	8100	3131	0	929651	64	9321255	100	2	16200                              	36040	0	9321255	0
0.5	8100	2902	0	872752	64	9321255	100	2	16200                              	36412	0	9321255	0
0.5	8100	3177	0	940702	64	9321255	100	2	16200                              	37816	0	9321255	0
0.5	8100	3035	0	906189	64	9321255	100	2	16200                              	35769	0	9321255	0
0.5	8100	2992	0	894548	64	9321255	100	2	16200                              	34211	0	9321255	0
0.5	8100	2742	0	831699	64	9321255	100	2	16200                              	36969	0	9321255	0
0.5	8100	3339	0	982325	64	9321255	100	2	16200                              	34879	0	9321255	0
0.5	8100	2727	0	827379	64	9321255	100	2	16200                              	38341	0	9321255	0
0.5	8100	2445	0	755544	64	9321255	100	2	16200                              	39798	0	9321255	0
0.5	8100	3332	0	980469	64	9321255	100	2	16200                              	36320	0	9321255	0
0.5	8100	3038	0	907154	64	9321255	100	2	16200                              	36718	0	9321255	0
0.5	8100	2609	0	798057	64	9321255	100	2	16200                              	37482	0	9321255	0
0.5	8100	3148	0	933759	64	9321255	100	2	16200                              	33467	0	9321255	0
0.5	8100	3162	0	936857	64	9321255	100	2	16200                              	37189	0	9321255	0
0.5	8100	2932	0	879970	64	9321255	100	2	16200                              	36146	0	9321255	0
0.5	8100	2999	0	896600	64	9321255	100	2	16200                              	38348	0	9321255	0
0.5	8100	3383	0	993271	64	9321255	100	2	16200                              	32358	0	9321255	0
0.5	8100	3125	0	927982	64	9321255	100	2	16200                              	38291	0	9321255	0
0.5	8100	2874	0	865424	64	9321255	100	2	16200                              	35924	0	9321255	0
0.5	8100	3454	0	1011496	64	9321255	100	2	16200                              	36349	0	9321255	0
0.5	8100	3307	0	974529	64	9321255	100	2	16200                              	37451	0	9321255	0
0.5	8100	3009	0	899880	64	9321255	100	2	16200                              	35635	0	9321255	0
0.5	8100	2993	0	894761	64	9321255	100	2	16200                              	37583	0	9321255	0
0.5	8100	3063	0	912604	64	9321255	100	2	16200                              	36511	0	9321255	0
0.5	8100	3017	0	900398	64	9321255	100	2	16200                              	37267	0	9321255	0
0.5	8100	3164	0	939330	64	9321255	100	2	16200                              	35977	0	9321255	0
0.5	8100	2713	0	823395	64	9321255	100	2	16200                              	34661	0	9321255	0
0.5	8100	2956	0	885116	64	9321255	100	2	16200                              	38392	0	9321255	0
0.5	8100	3060	0	912592	64	9321255	100	2	16200                              	35355	0	9321255	0
0.5	8100	2790	0	843031	64	9321255	100	2	16200                              	36377	0	9321255	0
0.5	8100	3282	0	968807	64	9321255	100	2	16200                              	38270	0	9321255	0
0.5	8100	3120	0	926876	64	9321255	100	2	16200                              	35682	0	9321255	0
0.5	8100	3125	0	927982	64	9321255	100	2	16200                              	34370	0	9321255	0
0.5	8100	3272	0	965346	64	9321255	100	2	16200                              	36716	0	9321255	0
0.5	8100	3195	0	946505	64	9321255	100	2	16200                              	38168	0	9321255	0
0.5	8100	2955	0	885361	64	9321255	100	2	16200                              	37390	0	9321255	0
0.5	8100	2843	0	857834	64	9321255	100	2	16200                              	37715	0	9321255	0
0.5	8100	3017	0	900638	64	9321255	100	2	16200                              	29435	0	9321255	0
0.5	8100	3194	0	944972	64	9321255	100	2	16200                              	36952	0	9321255	0
0.5	8100	3119	0	926454	64	9321255	100	2	16200                              	35944	0	9321255	0
0.5	8100	2664	0	811178	64	9321255	100	2	16200                              	34413	0	9321255	0
0.5	8100	3033	0	904922	64	9321255	100	2	16200                              	37628	0	9321255	0
0.5	8100	2812	0	849101	64	9321255	100	2	16200                              	38881	0	9321255	0
0.5	8100	2877	0	864954	64	9321255	100	2	16200                              	35520	0	9321255	0
0.5	8100	3123	0	928524	64	9321255	100	2	16200                              	36097	0	9321255	0
0.5	8100	2852	0	859005	64	9321255	100	2	16200                              	37888	0	9321255	0
0.5	8100	2811	0	849446	64	9321255	100	2	16200                              	37797	0	9321255	0
0.5	8100	2991	0	894257	64	9321255	100	2	16200                              	34292	0	9321255	0
0.5	8100	3284	0	969414	64	9321255	100	2	16200                              	37392	0	9321255	0
0.5	8100	2673	0	814582	64	9321255	100	2	16200                              	37742	0	9321255	0
0.5	8100	3472	0	1016589	64	9321255	100	2	16200                              	36064	0	9321255	0
0.5	8100	3452	0	1010651	64	9321255	100	2	16200                              	38135	0	9321255	0
0.5	9100	2728	0	912219	64	9321255	100	2	18200                              	37399	0	9321255	0
0.5	9100	3027	0	998391	64	9321255	100	2	18200                              	34584	0	9321255	0
0.5	9100	2803	0	933061	64	9321255	100	2	18200                              	35647	0	9321255	0
0.5	9100	3092	0	1016199	64	9321255	100	2	18200                              	32500	0	9321255	0
0.5	9100	2478	0	840103	64	9321255	100	2	18200                              	33407	0	9321255	0
0.5	9100	3040	0	1001676	64	9321255	100	2	18200                              	36423	0	9321255	0
0.5	9100	2760	0	921528	64	9321255	100	2	18200                              	33261	0	9321255	0
0.5	9100	3001	0	989538	64	9321255	100	2	18200                              	31211	0	9321255	0
0.5	9100	3023	0	996716	64	9321255	100	2	18200                              	31682	0	9321255	0
0.5	9100	3129	0	1025040	64	9321255	100	2	18200                              	32241	0	9321255	0
0.5	9100	2757	0	920237	64	9321255	100	2	18200                              	32003	0	9321255	0
0.5	9100	2716	0	909765	64	9321255	100	2	18200                              	34965	0	9321255	0
0.5	9100	3545	0	1146316	64	9321255	100	2	18200                              	34541	0	9321255	0
0.5	9100	2826	0	939975	64	9321255	100	2	18200                              	33821	0	9321255	0
0.5	9100	2902	0	963058	64	9321255	100	2	18200                              	34214	0	9321255	0
0.5	9100	2645	0	890778	64	9321255	100	2	18200                              	35851	0	9321255	0
0.5	9100	2790	0	929406	64	9321255	100	2	18200                              	33763	0	9321255	0
0.5	9100	3247	0	1059907	64	9321255	100	2	18200                              	33082	0	9321255	0
0.5	9100	2841	0	945347	64	9321255	100	2	18200                              	36333	0	9321255	0
0.5	9100	3027	0	997021	64	9321255	100	2	18200                              	35541	0	9321255	0
0.5	9100	2675	0	897198	64	9321255	100	2	18200                              	34470	0	9321255	0
0.5	9100	3217	0	1052156	64	9321255	100	2	18200                              	35327	0	9321255	0
0.5	9100	3005	0	991992	64	9321255	100	2	18200                              	36720	0	9321255	0
0.5	9100	2823	0	938914	64	9321255	100	2	18200                              	28008	0	9321255	0
0.5	9100	2592	0	874244	64	9321255	100	2	18200                              	38570	0	9321255	0
0.5	9100	3170	0	1038273	64	9321255	100	2	18200                              	34511	0	9321255	0
0.5	9100	3269	0	1065179	64	9321255	100	2	18200                              	37201	0	9321255	0
0.5	9100	2865	0	948844	64	9321255	100	2	18200                              	35374	0	9321255	0
0.5	9100	2978	0	983704	64	9321255	100	2	18200                              	30345	0	9321255	0
0.5	9100	2808	0	935120	64	9321255	100	2	18200                              	33651	0	9321255	0
0.5	9100	2866	0	951261	64	9321255	100	2	18200                              	33908	0	9321255	0
0.5	9100	3049	0	1002690	64	9321255	100	2	18200                              	35430	0	9321255	0
0.5	9100	2997	0	988198	64	9321255	100	2	18200                              	36488	0	9321255	0
0.5	9100	2927	0	967724	64	9321255	100	2	18200                              	34039	0	9321255	0
0.5	9100	2994	0	988198	64	9321255	100	2	18200                              	34277	0	9321255	0
0.5	9100	2952	0	975309	64	9321255	100	2	18200                              	31164	0	9321255	0
0.5	9100	3155	0	1034293	64	9321255	100	2	18200                              	31895	0	9321255	0
0.5	9100	2734	0	912582	64	9321255	100	2	18200                              	35784	0	9321255	0
0.5	9100	2677	0	897970	64	9321255	100	2	18200                              	33917	0	9321255	0
0.5	9100	2758	0	920527	64	9321255	100	2	18200                              	35655	0	9321255	0
0.5	9100	3068	0	1008111	64	9321255	100	2	18200                              	32438	0	9321255	0
0.5	9100	2740	0	915423	64	9321255	100	2	18200                              	34111	0	9321255	0
0.5	9100	2856	0	947686	64	9321255	100	2	18200                              	32258	0	9321255	0
0.5	9100	2599	0	874776	64	9321255	100	2	18200                              	36236	0	9321255	0
0.5	9100	2470	0	839562	64	9321255	100	2	18200                              	35785	0	9321255	0
0.5	9100	2841	0	945217	64	9321255	100	2	18200                              	34173	0	9321255	0
0.5	9100	2930	0	968390	64	9321255	100	2	18200                              	31498	0	9321255	0
0.5	9100	2693	0	902063	64	9321255	100	2	18200                              	35682	0	9321255	0
0.5	9100	2776	0	926830	64	9321255	100	2	18200                              	34908	0	9321255	0
0.5	9100	2865	0	950544	64	9321255	100	2	18200                              	36670	0	9321255	0
0.5	9100	3074	0	1009189	64	9321255	100	2	18200                              	36193	0	9321255	0
0.5	9100	2944	0	972413	64	9321255	100	2	18200                              	31786	0	9321255	0
0.5	9100	3080	0	1012467	64	9321255	100	2	18200                              	33713	0	9321255	0
0.5	9100	2861	0	949576	64	9321255	100	2	18200                              	36169	0	9321255	0
0.5	9100	2656	0	891939	64	9321255	100	2	18200                              	36992	0	9321255	0
0.5	9100	2993	0	987051	64	9321255	100	2	18200                              	34531	0	9321255	0
0.5	9100	2899	0	962030	64	9321255	100	2	18200                              	31838	0	9321255	0
0.5	9100	2575	0	869203	64	9321255	100	2	18200                              	37032	0	9321255	0
0.5	9100	2686	0	900578	64	9321255	100	2	18200                              	35393	0	9321255	0
0.5	9100	3115	0	1021782	64	9321255	100	2	18200                              	35083	0	9321255	0
0.5	9100	3055	0	1004734	64	9321255	100	2	18200                              	31800	0	9321255	0
0.5	9100	2825	0	939153	64	9321255	100	2	18200                              	31921	0	9321255	0
0.5	9100	2890	0	958345	64	9321255	100	2	18200                              	33431	0	9321255	0
0.5	9100	2639	0	888220	64	9321255	100	2	18200                              	35896	0	9321255	0
0.5	9100	2802	0	932012	64	9321255	100	2	18200                              	33076	0	9321255	0
0.5	9100	3000	0	987583	64	9321255	100	2	18200                              	26822	0	9321255	0
0.5	9100	2759	0	921142	64	9321255	100	2	18200                              	34564	0	9321255	0
0.5	9100	2668	0	893659	64	9321255	100	2	18200                              	35508	0	9321255	0
0.5	9100	2940	0	972607	64	9321255	100	2	18200                              	35966	0	9321255	0
0.5	9100	2710	0	907212	64	9321255	100	2	18200                              	33598	0	9321255	0
0.5	9100	2920	0	967433	64	9321255	100	2	18200                              	34504	0	9321255	0
0.5	9100	2671	0	895009	64	9321255	100	2	18200                              	35693	0	9321255	0
0.5	9100	3058	0	1005293	64	9321255	100	2	18200                              	35307	0	9321255	0
0.5	9100	2840	0	944900	64	9321255	100	2	18200                              	36492	0	9321255	0
0.5	9100	2889	0	958319	64	9321255	100	2	18200                              	35948	0	9321255	0
0.5	9100	3067	0	1007303	64	9321255	100	2	18200                              	34336	0	9321255	0
0.5	9100	2807	0	933553	64	9321255	100	2	18200                              	36170	0	9321255	0
0.5	9100	2833	0	941736	64	9321255	100	2	18200                              	31590	0	9321255	0
0.5	9100	2780	0	927852	64	9321255	100	2	18200                              	35914	0	9321255	0
0.5	9100	2860	0	949310	64	9321255	100	2	18200                              	35010	0	9321255	0
0.5	9100	2945	0	973174	64	9321255	100	2	18200                              	32529	0	9321255	0
0.5	9100	2685	0	899728	64	9321255	100	2	18200                              	33517	0	9321255	0
0.5	9100	2521	0	854579	64	9321255	100	2	18200                              	36976	0	9321255	0
0.5	9100	2928	0	968771	64	9321255	100	2	18200                              	35052	0	9321255	0
0.5	9100	2906	0	963241	64	9321255	100	2	18200                              	31879	0	9321255	0
0.5	9100	3376	0	1096021	64	9321255	100	2	18200                              	35960	0	9321255	0
0.5	9100	3007	0	990686	64	9321255	100	2	18200                              	35607	0	9321255	0
0.5	9100	2989	0	985924	64	9321255	100	2	18200                              	32087	0	9321255	0
0.5	9100	2824	0	939667	64	9321255	100	2	18200                              	32653	0	9321255	0
0.5	9100	2804	0	933166	64	9321255	100	2	18200                              	33900	0	9321255	0
0.5	9100	3225	0	1054713	64	9321255	100	2	18200                              	35511	0	9321255	0
0.5	9100	2933	0	969522	64	9321255	100	2	18200                              	35992	0	9321255	0
0.5	9100	3018	0	993695	64	9321255	100	2	18200                              	34205	0	9321255	0
0.5	9100	2834	0	942734	64	9321255	100	2	18200                              	33194	0	9321255	0
0.5	9100	2832	0	942635	64	9321255	100	2	18200                              	36143	0	9321255	0
0.5	9100	3085	0	1012902	64	9321255	100	2	18200                              	35783	0	9321255	0
0.5	9100	3061	0	1005760	64	9321255	100	2	18200                              	29024	0	9321255	0
0.5	9100	3081	0	1012087	64	9321255	100	2	18200                              	33631	0	9321255	0
0.5	9100	2773	0	925554	64	9321255	100	2	18200                              	33951	0	9321255	0
0.5	9100	3021	0	995512	64	9321255	100	2	18200                              	33877	0	9321255	0
