#using seed 0.045477
# Work:10088973, depth:432675, work/p+depth:590315.203125
#PROCESSORS: 64, RUNS: 100
#prb	R-l	ISR	ESR	runTime	processors    	work	taskThreshold	lGranularity	rGranularity	IDATAT	EDATAT	W0	W1
0.5	100	97128	0	461064	64	10088973	100	2	200                              	122990	0	10088973	0
0.5	100	89956	0	438647	64	10088973	100	2	200                              	122990	0	10088973	0
0.5	100	89787	0	438107	64	10088973	100	2	200                              	122990	0	10088973	0
0.5	100	89906	0	438498	64	10088973	100	2	200                              	122990	0	10088973	0
0.5	100	89629	0	437622	64	10088973	100	2	200                              	122990	0	10088973	0
0.5	100	89986	0	438746	64	10088973	100	2	200                              	122990	0	10088973	0
0.5	100	89788	0	438122	64	10088973	100	2	200                              	122990	0	10088973	0
0.5	100	90412	0	440080	64	10088973	100	2	200                              	122990	0	10088973	0
0.5	100	89775	0	438093	64	10088973	100	2	200                              	122990	0	10088973	0
0.5	100	89825	0	438231	64	10088973	100	2	200                              	122990	0	10088973	0
0.5	100	89612	0	437585	64	10088973	100	2	200                              	122990	0	10088973	0
0.5	100	89927	0	438572	64	10088973	100	2	200                              	122990	0	10088973	0
0.5	100	89961	0	438661	64	10088973	100	2	200                              	122990	0	10088973	0
0.5	100	89756	0	438029	64	10088973	100	2	200                              	122990	0	10088973	0
0.5	100	89638	0	437640	64	10088973	100	2	200                              	122990	0	10088973	0
0.5	100	89209	0	436325	64	10088973	100	2	200                              	122990	0	10088973	0
0.5	100	89591	0	437516	64	10088973	100	2	200                              	122990	0	10088973	0
0.5	100	90555	0	440516	64	10088973	100	2	200                              	122990	0	10088973	0
0.5	100	89659	0	437717	64	10088973	100	2	200                              	122990	0	10088973	0
0.5	100	89608	0	437553	64	10088973	100	2	200                              	122990	0	10088973	0
0.5	100	89905	0	438502	64	10088973	100	2	200                              	122990	0	10088973	0
0.5	100	89626	0	437613	64	10088973	100	2	200                              	122990	0	10088973	0
0.5	100	90348	0	439863	64	10088973	100	2	200                              	122990	0	10088973	0
0.5	100	90282	0	439675	64	10088973	100	2	200                              	122990	0	10088973	0
0.5	100	89568	0	437430	64	10088973	100	2	200                              	122990	0	10088973	0
0.5	100	90524	0	440430	64	10088973	100	2	200                              	122990	0	10088973	0
0.5	100	89937	0	438593	64	10088973	100	2	200                              	122990	0	10088973	0
0.5	100	90147	0	439248	64	10088973	100	2	200                              	122990	0	10088973	0
0.5	100	90357	0	439909	64	10088973	100	2	200                              	122990	0	10088973	0
0.5	100	89872	0	438385	64	10088973	100	2	200                              	122990	0	10088973	0
0.5	100	89587	0	437494	64	10088973	100	2	200                              	122990	0	10088973	0
0.5	100	89749	0	437998	64	10088973	100	2	200                              	122990	0	10088973	0
0.5	100	89771	0	438079	64	10088973	100	2	200                              	122990	0	10088973	0
0.5	100	90481	0	440287	64	10088973	100	2	200                              	122990	0	10088973	0
0.5	100	89285	0	436560	64	10088973	100	2	200                              	122990	0	10088973	0
0.5	100	90047	0	438929	64	10088973	100	2	200                              	122990	0	10088973	0
0.5	100	89732	0	437963	64	10088973	100	2	200                              	122990	0	10088973	0
0.5	100	89711	0	437883	64	10088973	100	2	200                              	122990	0	10088973	0
0.5	100	90029	0	438877	64	10088973	100	2	200                              	122990	0	10088973	0
0.5	100	90339	0	439846	64	10088973	100	2	200                              	122990	0	10088973	0
0.5	100	89642	0	437663	64	10088973	100	2	200                              	122990	0	10088973	0
0.5	100	89561	0	437405	64	10088973	100	2	200                              	122990	0	10088973	0
0.5	100	90013	0	438829	64	10088973	100	2	200                              	122990	0	10088973	0
0.5	100	89826	0	438253	64	10088973	100	2	200                              	122990	0	10088973	0
0.5	100	89954	0	438661	64	10088973	100	2	200                              	122990	0	10088973	0
0.5	100	90239	0	439547	64	10088973	100	2	200                              	122990	0	10088973	0
0.5	100	89572	0	437457	64	10088973	100	2	200                              	122990	0	10088973	0
0.5	100	89203	0	436309	64	10088973	100	2	200                              	122990	0	10088973	0
0.5	100	89490	0	437181	64	10088973	100	2	200                              	122990	0	10088973	0
0.5	100	89953	0	438650	64	10088973	100	2	200                              	122990	0	10088973	0
0.5	100	89621	0	437607	64	10088973	100	2	200                              	122990	0	10088973	0
0.5	100	89472	0	437137	64	10088973	100	2	200                              	122990	0	10088973	0
0.5	100	89781	0	438102	64	10088973	100	2	200                              	122990	0	10088973	0
0.5	100	89928	0	438573	64	10088973	100	2	200                              	122990	0	10088973	0
0.5	100	89730	0	437948	64	10088973	100	2	200                              	122990	0	10088973	0
0.5	100	90404	0	440052	64	10088973	100	2	200                              	122990	0	10088973	0
0.5	100	89401	0	436925	64	10088973	100	2	200                              	122990	0	10088973	0
0.5	100	89398	0	436911	64	10088973	100	2	200                              	122990	0	10088973	0
0.5	100	89823	0	438238	64	10088973	100	2	200                              	122990	0	10088973	0
0.5	100	89821	0	438233	64	10088973	100	2	200                              	122990	0	10088973	0
0.5	100	89350	0	436757	64	10088973	100	2	200                              	122990	0	10088973	0
0.5	100	89830	0	438236	64	10088973	100	2	200                              	122990	0	10088973	0
0.5	100	89479	0	437169	64	10088973	100	2	200                              	122990	0	10088973	0
0.5	100	89798	0	438163	64	10088973	100	2	200                              	122990	0	10088973	0
0.5	100	89389	0	436869	64	10088973	100	2	200                              	122990	0	10088973	0
0.5	100	89760	0	438042	64	10088973	100	2	200                              	122990	0	10088973	0
0.5	100	90240	0	439537	64	10088973	100	2	200                              	122990	0	10088973	0
0.5	100	89633	0	437654	64	10088973	100	2	200                              	122990	0	10088973	0
0.5	100	90430	0	440137	64	10088973	100	2	200                              	122990	0	10088973	0
0.5	100	90025	0	438865	64	10088973	100	2	200                              	122990	0	10088973	0
0.5	100	90197	0	439396	64	10088973	100	2	200                              	122990	0	10088973	0
0.5	100	89453	0	437090	64	10088973	100	2	200                              	122990	0	10088973	0
0.5	100	89854	0	438329	64	10088973	100	2	200                              	122990	0	10088973	0
0.5	100	89419	0	436960	64	10088973	100	2	200                              	122990	0	10088973	0
0.5	100	89520	0	437283	64	10088973	100	2	200                              	122990	0	10088973	0
0.5	100	89668	0	437749	64	10088973	100	2	200                              	122990	0	10088973	0
0.5	100	90302	0	439741	64	10088973	100	2	200                              	122990	0	10088973	0
0.5	100	89670	0	437765	64	10088973	100	2	200                              	122990	0	10088973	0
0.5	100	89535	0	437332	64	10088973	100	2	200                              	122990	0	10088973	0
0.5	100	89972	0	438689	64	10088973	100	2	200                              	122990	0	10088973	0
0.5	100	89926	0	438550	64	10088973	100	2	200                              	122990	0	10088973	0
0.5	100	89633	0	437654	64	10088973	100	2	200                              	122990	0	10088973	0
0.5	100	89809	0	438189	64	10088973	100	2	200                              	122990	0	10088973	0
0.5	100	89740	0	437977	64	10088973	100	2	200                              	122990	0	10088973	0
0.5	100	89764	0	438053	64	10088973	100	2	200                              	122990	0	10088973	0
0.5	100	89347	0	436747	64	10088973	100	2	200                              	122990	0	10088973	0
0.5	100	89781	0	438092	64	10088973	100	2	200                              	122990	0	10088973	0
0.5	100	89444	0	437058	64	10088973	100	2	200                              	122990	0	10088973	0
0.5	100	89769	0	438076	64	10088973	100	2	200                              	122990	0	10088973	0
0.5	100	89825	0	438244	64	10088973	100	2	200                              	122990	0	10088973	0
0.5	100	89901	0	438470	64	10088973	100	2	200                              	122990	0	10088973	0
0.5	100	89992	0	438768	64	10088973	100	2	200                              	122990	0	10088973	0
0.5	100	89789	0	438141	64	10088973	100	2	200                              	122990	0	10088973	0
0.5	100	90699	0	440970	64	10088973	100	2	200                              	122990	0	10088973	0
0.5	100	90244	0	439546	64	10088973	100	2	200                              	122990	0	10088973	0
0.5	100	89717	0	437892	64	10088973	100	2	200                              	122990	0	10088973	0
0.5	100	89692	0	437831	64	10088973	100	2	200                              	122990	0	10088973	0
0.5	100	89919	0	438539	64	10088973	100	2	200                              	122990	0	10088973	0
0.5	100	89773	0	438083	64	10088973	100	2	200                              	122990	0	10088973	0
0.5	100	89741	0	437982	64	10088973	100	2	200                              	122990	0	10088973	0
0.5	1100	10547	0	519156	64	10088973	100	2	2200                              	122250	0	10088973	0
0.5	1100	10727	0	525260	64	10088973	100	2	2200                              	122595	0	10088973	0
0.5	1100	10653	0	522810	64	10088973	100	2	2200                              	122769	0	10088973	0
0.5	1100	11666	0	557707	64	10088973	100	2	2200                              	122646	0	10088973	0
0.5	1100	12626	0	590595	64	10088973	100	2	2200                              	122608	0	10088973	0
0.5	1100	10296	0	510487	64	10088973	100	2	2200                              	122400	0	10088973	0
0.5	1100	11995	0	568905	64	10088973	100	2	2200                              	122990	0	10088973	0
0.5	1100	10290	0	510328	64	10088973	100	2	2200                              	122200	0	10088973	0
0.5	1100	10350	0	512216	64	10088973	100	2	2200                              	122604	0	10088973	0
0.5	1100	11157	0	540185	64	10088973	100	2	2200                              	122661	0	10088973	0
0.5	1100	11450	0	549991	64	10088973	100	2	2200                              	122990	0	10088973	0
0.5	1100	11645	0	556729	64	10088973	100	2	2200                              	122780	0	10088973	0
0.5	1100	12448	0	584436	64	10088973	100	2	2200                              	122618	0	10088973	0
0.5	1100	11124	0	538950	64	10088973	100	2	2200                              	122838	0	10088973	0
0.5	1100	10098	0	503613	64	10088973	100	2	2200                              	122769	0	10088973	0
0.5	1100	11025	0	535484	64	10088973	100	2	2200                              	122618	0	10088973	0
0.5	1100	10697	0	524266	64	10088973	100	2	2200                              	122462	0	10088973	0
0.5	1100	10640	0	522412	64	10088973	100	2	2200                              	122780	0	10088973	0
0.5	1100	11047	0	536254	64	10088973	100	2	2200                              	122783	0	10088973	0
0.5	1100	10396	0	513832	64	10088973	100	2	2200                              	122769	0	10088973	0
0.5	1100	12139	0	573857	64	10088973	100	2	2200                              	117243	0	10088973	0
0.5	1100	11670	0	557722	64	10088973	100	2	2200                              	122990	0	10088973	0
0.5	1100	10966	0	533460	64	10088973	100	2	2200                              	122990	0	10088973	0
0.5	1100	11654	0	557219	64	10088973	100	2	2200                              	122253	0	10088973	0
0.5	1100	11375	0	547592	64	10088973	100	2	2200                              	122770	0	10088973	0
0.5	1100	10877	0	530388	64	10088973	100	2	2200                              	122437	0	10088973	0
0.5	1100	11245	0	543031	64	10088973	100	2	2200                              	122231	0	10088973	0
0.5	1100	10950	0	532992	64	10088973	100	2	2200                              	122669	0	10088973	0
0.5	1100	10573	0	520040	64	10088973	100	2	2200                              	122377	0	10088973	0
0.5	1100	11954	0	567463	64	10088973	100	2	2200                              	122990	0	10088973	0
0.5	1100	10330	0	511676	64	10088973	100	2	2200                              	122844	0	10088973	0
0.5	1100	10756	0	526134	64	10088973	100	2	2200                              	122392	0	10088973	0
0.5	1100	11088	0	537759	64	10088973	100	2	2200                              	122990	0	10088973	0
0.5	1100	11553	0	553743	64	10088973	100	2	2200                              	122690	0	10088973	0
0.5	1100	10874	0	530246	64	10088973	100	2	2200                              	122990	0	10088973	0
0.5	1100	11196	0	541506	64	10088973	100	2	2200                              	122612	0	10088973	0
0.5	1100	10359	0	512496	64	10088973	100	2	2200                              	122472	0	10088973	0
0.5	1100	11383	0	547769	64	10088973	100	2	2200                              	122783	0	10088973	0
0.5	1100	11461	0	550461	64	10088973	100	2	2200                              	122634	0	10088973	0
0.5	1100	10382	0	513374	64	10088973	100	2	2200                              	122769	0	10088973	0
0.5	1100	11590	0	554906	64	10088973	100	2	2200                              	122750	0	10088973	0
0.5	1100	10610	0	521234	64	10088973	100	2	2200                              	122660	0	10088973	0
0.5	1100	9999	0	500359	64	10088973	100	2	2200                              	122990	0	10088973	0
0.5	1100	10492	0	517060	64	10088973	100	2	2200                              	122601	0	10088973	0
0.5	1100	10939	0	532647	64	10088973	100	2	2200                              	122990	0	10088973	0
0.5	1100	11326	0	545844	64	10088973	100	2	2200                              	122990	0	10088973	0
0.5	1100	11877	0	564749	64	10088973	100	2	2200                              	122395	0	10088973	0
0.5	1100	10611	0	521322	64	10088973	100	2	2200                              	122684	0	10088973	0
0.5	1100	10642	0	522486	64	10088973	100	2	2200                              	122990	0	10088973	0
0.5	1100	10794	0	527589	64	10088973	100	2	2200                              	122612	0	10088973	0
0.5	1100	11556	0	553785	64	10088973	100	2	2200                              	122864	0	10088973	0
0.5	1100	10435	0	515175	64	10088973	100	2	2200                              	122849	0	10088973	0
0.5	1100	10363	0	512739	64	10088973	100	2	2200                              	122771	0	10088973	0
0.5	1100	9981	0	499570	64	10088973	100	2	2200                              	122990	0	10088973	0
0.5	1100	11447	0	550000	64	10088973	100	2	2200                              	122798	0	10088973	0
0.5	1100	12078	0	571687	64	10088973	100	2	2200                              	122565	0	10088973	0
0.5	1100	10759	0	526537	64	10088973	100	2	2200                              	122771	0	10088973	0
0.5	1100	10829	0	528736	64	10088973	100	2	2200                              	122577	0	10088973	0
0.5	1100	11008	0	534965	64	10088973	100	2	2200                              	122731	0	10088973	0
0.5	1100	11170	0	540585	64	10088973	100	2	2200                              	122661	0	10088973	0
0.5	1100	12024	0	569965	64	10088973	100	2	2200                              	122448	0	10088973	0
0.5	1100	10455	0	516026	64	10088973	100	2	2200                              	122694	0	10088973	0
0.5	1100	12038	0	570359	64	10088973	100	2	2200                              	122813	0	10088973	0
0.5	1100	11062	0	536709	64	10088973	100	2	2200                              	122770	0	10088973	0
0.5	1100	11070	0	536982	64	10088973	100	2	2200                              	122454	0	10088973	0
0.5	1100	10446	0	515669	64	10088973	100	2	2200                              	122588	0	10088973	0
0.5	1100	11234	0	542771	64	10088973	100	2	2200                              	122990	0	10088973	0
0.5	1100	10727	0	525153	64	10088973	100	2	2200                              	122780	0	10088973	0
0.5	1100	11378	0	547631	64	10088973	100	2	2200                              	122990	0	10088973	0
0.5	1100	10193	0	506767	64	10088973	100	2	2200                              	122990	0	10088973	0
0.5	1100	11809	0	562439	64	10088973	100	2	2200                              	122247	0	10088973	0
0.5	1100	10633	0	521989	64	10088973	100	2	2200                              	122618	0	10088973	0
0.5	1100	10176	0	506227	64	10088973	100	2	2200                              	122431	0	10088973	0
0.5	1100	13070	0	605705	64	10088973	100	2	2200                              	122769	0	10088973	0
0.5	1100	11192	0	541207	64	10088973	100	2	2200                              	122844	0	10088973	0
0.5	1100	10578	0	520184	64	10088973	100	2	2200                              	122783	0	10088973	0
0.5	1100	12010	0	569325	64	10088973	100	2	2200                              	122990	0	10088973	0
0.5	1100	11006	0	534838	64	10088973	100	2	2200                              	122844	0	10088973	0
0.5	1100	10184	0	506476	64	10088973	100	2	2200                              	122834	0	10088973	0
0.5	1100	10531	0	518608	64	10088973	100	2	2200                              	122834	0	10088973	0
0.5	1100	11388	0	548043	64	10088973	100	2	2200                              	122546	0	10088973	0
0.5	1100	11116	0	538697	64	10088973	100	2	2200                              	122388	0	10088973	0
0.5	1100	10862	0	529727	64	10088973	100	2	2200                              	122676	0	10088973	0
0.5	1100	12124	0	573271	64	10088973	100	2	2200                              	122769	0	10088973	0
0.5	1100	10141	0	505161	64	10088973	100	2	2200                              	122816	0	10088973	0
0.5	1100	10723	0	524865	64	10088973	100	2	2200                              	122618	0	10088973	0
0.5	1100	11216	0	542008	64	10088973	100	2	2200                              	122990	0	10088973	0
0.5	1100	11276	0	544066	64	10088973	100	2	2200                              	122487	0	10088973	0
0.5	1100	11153	0	539758	64	10088973	100	2	2200                              	122593	0	10088973	0
0.5	1100	10497	0	517342	64	10088973	100	2	2200                              	122298	0	10088973	0
0.5	1100	11660	0	557278	64	10088973	100	2	2200                              	122399	0	10088973	0
0.5	1100	11061	0	536714	64	10088973	100	2	2200                              	122383	0	10088973	0
0.5	1100	11048	0	536258	64	10088973	100	2	2200                              	122831	0	10088973	0
0.5	1100	10958	0	533367	64	10088973	100	2	2200                              	122410	0	10088973	0
0.5	1100	10775	0	526967	64	10088973	100	2	2200                              	122375	0	10088973	0
0.5	1100	11054	0	536603	64	10088973	100	2	2200                              	122359	0	10088973	0
0.5	1100	10658	0	522882	64	10088973	100	2	2200                              	122660	0	10088973	0
0.5	1100	11166	0	540258	64	10088973	100	2	2200                              	121936	0	10088973	0
0.5	1100	12952	0	601798	64	10088973	100	2	2200                              	117243	0	10088973	0
0.5	1100	10299	0	510580	64	10088973	100	2	2200                              	122990	0	10088973	0
0.5	2100	6675	0	593436	64	10088973	100	2	4200                              	121969	0	10088973	0
0.5	2100	7233	0	629962	64	10088973	100	2	4200                              	122043	0	10088973	0
0.5	2100	7041	0	617460	64	10088973	100	2	4200                              	121864	0	10088973	0
0.5	2100	7723	0	662255	64	10088973	100	2	4200                              	121558	0	10088973	0
0.5	2100	7263	0	632086	64	10088973	100	2	4200                              	121994	0	10088973	0
0.5	2100	6869	0	606255	64	10088973	100	2	4200                              	122344	0	10088973	0
0.5	2100	6541	0	584785	64	10088973	100	2	4200                              	121087	0	10088973	0
0.5	2100	7828	0	669069	64	10088973	100	2	4200                              	121197	0	10088973	0
0.5	2100	6880	0	606915	64	10088973	100	2	4200                              	121295	0	10088973	0
0.5	2100	6605	0	589127	64	10088973	100	2	4200                              	121893	0	10088973	0
0.5	2100	6949	0	611637	64	10088973	100	2	4200                              	121783	0	10088973	0
0.5	2100	7097	0	621334	64	10088973	100	2	4200                              	121711	0	10088973	0
0.5	2100	7068	0	619221	64	10088973	100	2	4200                              	121624	0	10088973	0
0.5	2100	6900	0	607959	64	10088973	100	2	4200                              	121187	0	10088973	0
0.5	2100	7273	0	633198	64	10088973	100	2	4200                              	121484	0	10088973	0
0.5	2100	7278	0	633189	64	10088973	100	2	4200                              	120687	0	10088973	0
0.5	2100	6760	0	599095	64	10088973	100	2	4200                              	121501	0	10088973	0
0.5	2100	6558	0	585897	64	10088973	100	2	4200                              	121657	0	10088973	0
0.5	2100	6798	0	601409	64	10088973	100	2	4200                              	121803	0	10088973	0
0.5	2100	6947	0	611624	64	10088973	100	2	4200                              	120753	0	10088973	0
0.5	2100	7764	0	664827	64	10088973	100	2	4200                              	121568	0	10088973	0
0.5	2100	7147	0	624575	64	10088973	100	2	4200                              	121154	0	10088973	0
0.5	2100	6765	0	599503	64	10088973	100	2	4200                              	121220	0	10088973	0
0.5	2100	6893	0	607700	64	10088973	100	2	4200                              	121402	0	10088973	0
0.5	2100	7086	0	620512	64	10088973	100	2	4200                              	122021	0	10088973	0
0.5	2100	7252	0	631641	64	10088973	100	2	4200                              	121172	0	10088973	0
0.5	2100	6885	0	607201	64	10088973	100	2	4200                              	121698	0	10088973	0
0.5	2100	7731	0	662757	64	10088973	100	2	4200                              	121440	0	10088973	0
0.5	2100	7569	0	652008	64	10088973	100	2	4200                              	121623	0	10088973	0
0.5	2100	7029	0	616770	64	10088973	100	2	4200                              	121365	0	10088973	0
0.5	2100	6925	0	609826	64	10088973	100	2	4200                              	122063	0	10088973	0
0.5	2100	6478	0	580977	64	10088973	100	2	4200                              	121471	0	10088973	0
0.5	2100	7252	0	631370	64	10088973	100	2	4200                              	121546	0	10088973	0
0.5	2100	6945	0	611402	64	10088973	100	2	4200                              	121072	0	10088973	0
0.5	2100	6783	0	600794	64	10088973	100	2	4200                              	121276	0	10088973	0
0.5	2100	6903	0	608586	64	10088973	100	2	4200                              	121802	0	10088973	0
0.5	2100	6933	0	610730	64	10088973	100	2	4200                              	121591	0	10088973	0
0.5	2100	6645	0	591563	64	10088973	100	2	4200                              	119171	0	10088973	0
0.5	2100	6609	0	589306	64	10088973	100	2	4200                              	122077	0	10088973	0
0.5	2100	6676	0	593708	64	10088973	100	2	4200                              	120870	0	10088973	0
0.5	2100	7713	0	661964	64	10088973	100	2	4200                              	121366	0	10088973	0
0.5	2100	7222	0	629480	64	10088973	100	2	4200                              	120754	0	10088973	0
0.5	2100	6325	0	570707	64	10088973	100	2	4200                              	121140	0	10088973	0
0.5	2100	7159	0	625667	64	10088973	100	2	4200                              	121146	0	10088973	0
0.5	2100	7446	0	644095	64	10088973	100	2	4200                              	120532	0	10088973	0
0.5	2100	7190	0	627350	64	10088973	100	2	4200                              	122426	0	10088973	0
0.5	2100	6656	0	592075	64	10088973	100	2	4200                              	121157	0	10088973	0
0.5	2100	7222	0	629382	64	10088973	100	2	4200                              	121834	0	10088973	0
0.5	2100	6905	0	608667	64	10088973	100	2	4200                              	120849	0	10088973	0
0.5	2100	7087	0	620376	64	10088973	100	2	4200                              	121258	0	10088973	0
0.5	2100	7057	0	618342	64	10088973	100	2	4200                              	121337	0	10088973	0
0.5	2100	7194	0	627845	64	10088973	100	2	4200                              	121409	0	10088973	0
0.5	2100	7280	0	633147	64	10088973	100	2	4200                              	116306	0	10088973	0
0.5	2100	6784	0	600412	64	10088973	100	2	4200                              	121564	0	10088973	0
0.5	2100	6742	0	597931	64	10088973	100	2	4200                              	121358	0	10088973	0
0.5	2100	6289	0	568611	64	10088973	100	2	4200                              	120417	0	10088973	0
0.5	2100	7103	0	621507	64	10088973	100	2	4200                              	120792	0	10088973	0
0.5	2100	7173	0	626251	64	10088973	100	2	4200                              	120768	0	10088973	0
0.5	2100	6944	0	611527	64	10088973	100	2	4200                              	121608	0	10088973	0
0.5	2100	6767	0	599496	64	10088973	100	2	4200                              	121678	0	10088973	0
0.5	2100	6424	0	576883	64	10088973	100	2	4200                              	119286	0	10088973	0
0.5	2100	6493	0	581423	64	10088973	100	2	4200                              	121367	0	10088973	0
0.5	2100	7073	0	619881	64	10088973	100	2	4200                              	121294	0	10088973	0
0.5	2100	7097	0	621393	64	10088973	100	2	4200                              	120546	0	10088973	0
0.5	2100	7390	0	640314	64	10088973	100	2	4200                              	120942	0	10088973	0
0.5	2100	7026	0	616453	64	10088973	100	2	4200                              	120797	0	10088973	0
0.5	2100	6951	0	611632	64	10088973	100	2	4200                              	121273	0	10088973	0
0.5	2100	6666	0	593061	64	10088973	100	2	4200                              	121789	0	10088973	0
0.5	2100	6780	0	600437	64	10088973	100	2	4200                              	120597	0	10088973	0
0.5	2100	7110	0	622039	64	10088973	100	2	4200                              	120608	0	10088973	0
0.5	2100	7957	0	677624	64	10088973	100	2	4200                              	121161	0	10088973	0
0.5	2100	7060	0	618684	64	10088973	100	2	4200                              	121033	0	10088973	0
0.5	2100	7206	0	628202	64	10088973	100	2	4200                              	121263	0	10088973	0
0.5	2100	7619	0	655422	64	10088973	100	2	4200                              	120786	0	10088973	0
0.5	2100	6546	0	585005	64	10088973	100	2	4200                              	121907	0	10088973	0
0.5	2100	6335	0	571068	64	10088973	100	2	4200                              	121419	0	10088973	0
0.5	2100	7262	0	632306	64	10088973	100	2	4200                              	120753	0	10088973	0
0.5	2100	6466	0	580077	64	10088973	100	2	4200                              	121872	0	10088973	0
0.5	2100	7122	0	622862	64	10088973	100	2	4200                              	120423	0	10088973	0
0.5	2100	6689	0	594608	64	10088973	100	2	4200                              	121978	0	10088973	0
0.5	2100	7349	0	637686	64	10088973	100	2	4200                              	120883	0	10088973	0
0.5	2100	6774	0	600047	64	10088973	100	2	4200                              	121755	0	10088973	0
0.5	2100	7135	0	623565	64	10088973	100	2	4200                              	121729	0	10088973	0
0.5	2100	6761	0	599249	64	10088973	100	2	4200                              	121276	0	10088973	0
0.5	2100	6839	0	604312	64	10088973	100	2	4200                              	122034	0	10088973	0
0.5	2100	7163	0	625424	64	10088973	100	2	4200                              	120850	0	10088973	0
0.5	2100	6648	0	591892	64	10088973	100	2	4200                              	121240	0	10088973	0
0.5	2100	7483	0	646637	64	10088973	100	2	4200                              	121563	0	10088973	0
0.5	2100	6724	0	596673	64	10088973	100	2	4200                              	121590	0	10088973	0
0.5	2100	6986	0	613880	64	10088973	100	2	4200                              	121726	0	10088973	0
0.5	2100	6432	0	577544	64	10088973	100	2	4200                              	120686	0	10088973	0
0.5	2100	7011	0	615864	64	10088973	100	2	4200                              	121925	0	10088973	0
0.5	2100	6895	0	608157	64	10088973	100	2	4200                              	121510	0	10088973	0
0.5	2100	6543	0	584792	64	10088973	100	2	4200                              	121021	0	10088973	0
0.5	2100	7357	0	638363	64	10088973	100	2	4200                              	121207	0	10088973	0
0.5	2100	6855	0	605406	64	10088973	100	2	4200                              	121685	0	10088973	0
0.5	2100	7496	0	647291	64	10088973	100	2	4200                              	120670	0	10088973	0
0.5	2100	6805	0	601939	64	10088973	100	2	4200                              	121449	0	10088973	0
0.5	2100	6915	0	609272	64	10088973	100	2	4200                              	121916	0	10088973	0
0.5	2100	6956	0	612170	64	10088973	100	2	4200                              	121638	0	10088973	0
0.5	3100	5005	0	639428	64	10088973	100	2	6200                              	119544	0	10088973	0
0.5	3100	5330	0	670785	64	10088973	100	2	6200                              	119980	0	10088973	0
0.5	3100	5898	0	726202	64	10088973	100	2	6200                              	119528	0	10088973	0
0.5	3100	5797	0	716084	64	10088973	100	2	6200                              	118743	0	10088973	0
0.5	3100	4952	0	634380	64	10088973	100	2	6200                              	119756	0	10088973	0
0.5	3100	5328	0	670870	64	10088973	100	2	6200                              	119117	0	10088973	0
0.5	3100	5675	0	704347	64	10088973	100	2	6200                              	112814	0	10088973	0
0.5	3100	4964	0	635244	64	10088973	100	2	6200                              	120265	0	10088973	0
0.5	3100	5940	0	730094	64	10088973	100	2	6200                              	119669	0	10088973	0
0.5	3100	5391	0	676711	64	10088973	100	2	6200                              	119319	0	10088973	0
0.5	3100	5452	0	682486	64	10088973	100	2	6200                              	120227	0	10088973	0
0.5	3100	4913	0	630349	64	10088973	100	2	6200                              	119161	0	10088973	0
0.5	3100	6106	0	745873	64	10088973	100	2	6200                              	112821	0	10088973	0
0.5	3100	5142	0	652959	64	10088973	100	2	6200                              	119160	0	10088973	0
0.5	3100	5530	0	690340	64	10088973	100	2	6200                              	118787	0	10088973	0
0.5	3100	5432	0	680563	64	10088973	100	2	6200                              	119734	0	10088973	0
0.5	3100	5390	0	676561	64	10088973	100	2	6200                              	119262	0	10088973	0
0.5	3100	5524	0	689332	64	10088973	100	2	6200                              	117130	0	10088973	0
0.5	3100	5984	0	734611	64	10088973	100	2	6200                              	118827	0	10088973	0
0.5	3100	6031	0	738810	64	10088973	100	2	6200                              	118481	0	10088973	0
0.5	3100	5215	0	659423	64	10088973	100	2	6200                              	118371	0	10088973	0
0.5	3100	6001	0	736069	64	10088973	100	2	6200                              	118749	0	10088973	0
0.5	3100	5330	0	670645	64	10088973	100	2	6200                              	119643	0	10088973	0
0.5	3100	5810	0	717461	64	10088973	100	2	6200                              	119599	0	10088973	0
0.5	3100	5592	0	696219	64	10088973	100	2	6200                              	119693	0	10088973	0
0.5	3100	5616	0	698873	64	10088973	100	2	6200                              	118898	0	10088973	0
0.5	3100	5484	0	685799	64	10088973	100	2	6200                              	120102	0	10088973	0
0.5	3100	5218	0	660055	64	10088973	100	2	6200                              	120295	0	10088973	0
0.5	3100	5578	0	694771	64	10088973	100	2	6200                              	119708	0	10088973	0
0.5	3100	5386	0	676206	64	10088973	100	2	6200                              	119493	0	10088973	0
0.5	3100	6102	0	745725	64	10088973	100	2	6200                              	118838	0	10088973	0
0.5	3100	5116	0	650229	64	10088973	100	2	6200                              	119883	0	10088973	0
0.5	3100	5680	0	704597	64	10088973	100	2	6200                              	119030	0	10088973	0
0.5	3100	5727	0	709132	64	10088973	100	2	6200                              	119366	0	10088973	0
0.5	3100	5495	0	686922	64	10088973	100	2	6200                              	119411	0	10088973	0
0.5	3100	6019	0	737876	64	10088973	100	2	6200                              	119236	0	10088973	0
0.5	3100	5784	0	714698	64	10088973	100	2	6200                              	118394	0	10088973	0
0.5	3100	5325	0	670510	64	10088973	100	2	6200                              	119104	0	10088973	0
0.5	3100	5260	0	663942	64	10088973	100	2	6200                              	119209	0	10088973	0
0.5	3100	5805	0	716757	64	10088973	100	2	6200                              	118586	0	10088973	0
0.5	3100	5713	0	707999	64	10088973	100	2	6200                              	118698	0	10088973	0
0.5	3100	5631	0	700174	64	10088973	100	2	6200                              	118542	0	10088973	0
0.5	3100	5329	0	670600	64	10088973	100	2	6200                              	118913	0	10088973	0
0.5	3100	5992	0	734952	64	10088973	100	2	6200                              	119317	0	10088973	0
0.5	3100	5357	0	673672	64	10088973	100	2	6200                              	118921	0	10088973	0
0.5	3100	5417	0	679212	64	10088973	100	2	6200                              	113795	0	10088973	0
0.5	3100	5404	0	677985	64	10088973	100	2	6200                              	120125	0	10088973	0
0.5	3100	5396	0	677131	64	10088973	100	2	6200                              	119756	0	10088973	0
0.5	3100	5459	0	683229	64	10088973	100	2	6200                              	120671	0	10088973	0
0.5	3100	5462	0	683451	64	10088973	100	2	6200                              	119245	0	10088973	0
0.5	3100	5261	0	664095	64	10088973	100	2	6200                              	119186	0	10088973	0
0.5	3100	5864	0	722353	64	10088973	100	2	6200                              	119887	0	10088973	0
0.5	3100	5305	0	668210	64	10088973	100	2	6200                              	119679	0	10088973	0
0.5	3100	4902	0	629055	64	10088973	100	2	6200                              	119986	0	10088973	0
0.5	3100	5395	0	677025	64	10088973	100	2	6200                              	120011	0	10088973	0
0.5	3100	5785	0	715060	64	10088973	100	2	6200                              	119676	0	10088973	0
0.5	3100	5869	0	723060	64	10088973	100	2	6200                              	119824	0	10088973	0
0.5	3100	5160	0	654304	64	10088973	100	2	6200                              	120714	0	10088973	0
0.5	3100	6152	0	750637	64	10088973	100	2	6200                              	119383	0	10088973	0
0.5	3100	5514	0	688695	64	10088973	100	2	6200                              	118556	0	10088973	0
0.5	3100	5329	0	670637	64	10088973	100	2	6200                              	119900	0	10088973	0
0.5	3100	5122	0	650646	64	10088973	100	2	6200                              	119957	0	10088973	0
0.5	3100	5753	0	712045	64	10088973	100	2	6200                              	117924	0	10088973	0
0.5	3100	5350	0	672672	64	10088973	100	2	6200                              	119177	0	10088973	0
0.5	3100	5279	0	665769	64	10088973	100	2	6200                              	120368	0	10088973	0
0.5	3100	5162	0	654548	64	10088973	100	2	6200                              	119923	0	10088973	0
0.5	3100	6064	0	741865	64	10088973	100	2	6200                              	119655	0	10088973	0
0.5	3100	5724	0	708939	64	10088973	100	2	6200                              	119424	0	10088973	0
0.5	3100	6135	0	748725	64	10088973	100	2	6200                              	119139	0	10088973	0
0.5	3100	5511	0	688311	64	10088973	100	2	6200                              	119958	0	10088973	0
0.5	3100	5799	0	716478	64	10088973	100	2	6200                              	117335	0	10088973	0
0.5	3100	5704	0	707205	64	10088973	100	2	6200                              	119203	0	10088973	0
0.5	3100	5470	0	684504	64	10088973	100	2	6200                              	119538	0	10088973	0
0.5	3100	5146	0	653066	64	10088973	100	2	6200                              	117993	0	10088973	0
0.5	3100	5469	0	684206	64	10088973	100	2	6200                              	119079	0	10088973	0
0.5	3100	5808	0	717348	64	10088973	100	2	6200                              	119401	0	10088973	0
0.5	3100	5558	0	693606	64	10088973	100	2	6200                              	119173	0	10088973	0
0.5	3100	5873	0	723133	64	10088973	100	2	6200                              	118724	0	10088973	0
0.5	3100	5562	0	693217	64	10088973	100	2	6200                              	118612	0	10088973	0
0.5	3100	5407	0	678142	64	10088973	100	2	6200                              	119342	0	10088973	0
0.5	3100	4956	0	634393	64	10088973	100	2	6200                              	119447	0	10088973	0
0.5	3100	5518	0	689357	64	10088973	100	2	6200                              	118348	0	10088973	0
0.5	3100	5951	0	731111	64	10088973	100	2	6200                              	118604	0	10088973	0
0.5	3100	5244	0	662292	64	10088973	100	2	6200                              	119979	0	10088973	0
0.5	3100	5294	0	667384	64	10088973	100	2	6200                              	119391	0	10088973	0
0.5	3100	5423	0	679912	64	10088973	100	2	6200                              	119893	0	10088973	0
0.5	3100	5137	0	652316	64	10088973	100	2	6200                              	119140	0	10088973	0
0.5	3100	5690	0	705543	64	10088973	100	2	6200                              	119312	0	10088973	0
0.5	3100	5564	0	693521	64	10088973	100	2	6200                              	120064	0	10088973	0
0.5	3100	6250	0	759756	64	10088973	100	2	6200                              	119332	0	10088973	0
0.5	3100	5131	0	651560	64	10088973	100	2	6200                              	120213	0	10088973	0
0.5	3100	5548	0	692088	64	10088973	100	2	6200                              	119124	0	10088973	0
0.5	3100	5788	0	714419	64	10088973	100	2	6200                              	119726	0	10088973	0
0.5	3100	5519	0	689202	64	10088973	100	2	6200                              	119160	0	10088973	0
0.5	3100	5413	0	678982	64	10088973	100	2	6200                              	119332	0	10088973	0
0.5	3100	5700	0	707263	64	10088973	100	2	6200                              	119340	0	10088973	0
0.5	3100	6242	0	759251	64	10088973	100	2	6200                              	119016	0	10088973	0
0.5	3100	5360	0	673578	64	10088973	100	2	6200                              	119597	0	10088973	0
0.5	3100	5848	0	721147	64	10088973	100	2	6200                              	119822	0	10088973	0
0.5	3100	5804	0	716556	64	10088973	100	2	6200                              	119393	0	10088973	0
0.5	4100	4942	0	786994	64	10088973	100	2	8200                              	116795	0	10088973	0
0.5	4100	5156	0	814331	64	10088973	100	2	8200                              	111861	0	10088973	0
0.5	4100	4534	0	734185	64	10088973	100	2	8200                              	116904	0	10088973	0
0.5	4100	4420	0	719718	64	10088973	100	2	8200                              	117628	0	10088973	0
0.5	4100	4381	0	714700	64	10088973	100	2	8200                              	117933	0	10088973	0
0.5	4100	5406	0	845669	64	10088973	100	2	8200                              	117337	0	10088973	0
0.5	4100	5040	0	799244	64	10088973	100	2	8200                              	116543	0	10088973	0
0.5	4100	4485	0	728601	64	10088973	100	2	8200                              	117409	0	10088973	0
0.5	4100	5044	0	800288	64	10088973	100	2	8200                              	118638	0	10088973	0
0.5	4100	4723	0	758869	64	10088973	100	2	8200                              	117113	0	10088973	0
0.5	4100	4783	0	765997	64	10088973	100	2	8200                              	109647	0	10088973	0
0.5	4100	4517	0	731850	64	10088973	100	2	8200                              	119062	0	10088973	0
0.5	4100	4827	0	771837	64	10088973	100	2	8200                              	118086	0	10088973	0
0.5	4100	5335	0	836833	64	10088973	100	2	8200                              	115023	0	10088973	0
0.5	4100	5128	0	810750	64	10088973	100	2	8200                              	117464	0	10088973	0
0.5	4100	4743	0	761344	64	10088973	100	2	8200                              	117928	0	10088973	0
0.5	4100	4550	0	736719	64	10088973	100	2	8200                              	116327	0	10088973	0
0.5	4100	4397	0	717081	64	10088973	100	2	8200                              	117393	0	10088973	0
0.5	4100	4874	0	777919	64	10088973	100	2	8200                              	118429	0	10088973	0
0.5	4100	4178	0	688557	64	10088973	100	2	8200                              	118299	0	10088973	0
0.5	4100	4897	0	780466	64	10088973	100	2	8200                              	116439	0	10088973	0
0.5	4100	4615	0	745198	64	10088973	100	2	8200                              	117961	0	10088973	0
0.5	4100	5055	0	801379	64	10088973	100	2	8200                              	116999	0	10088973	0
0.5	4100	4727	0	759362	64	10088973	100	2	8200                              	117617	0	10088973	0
0.5	4100	4992	0	793055	64	10088973	100	2	8200                              	110840	0	10088973	0
0.5	4100	5150	0	813305	64	10088973	100	2	8200                              	117054	0	10088973	0
0.5	4100	4952	0	787724	64	10088973	100	2	8200                              	116737	0	10088973	0
0.5	4100	4761	0	763542	64	10088973	100	2	8200                              	116919	0	10088973	0
0.5	4100	4302	0	704238	64	10088973	100	2	8200                              	116840	0	10088973	0
0.5	4100	4620	0	745505	64	10088973	100	2	8200                              	117307	0	10088973	0
0.5	4100	5043	0	799680	64	10088973	100	2	8200                              	118492	0	10088973	0
0.5	4100	5070	0	803209	64	10088973	100	2	8200                              	116488	0	10088973	0
0.5	4100	4896	0	780403	64	10088973	100	2	8200                              	117809	0	10088973	0
0.5	4100	4665	0	751329	64	10088973	100	2	8200                              	117876	0	10088973	0
0.5	4100	4277	0	701664	64	10088973	100	2	8200                              	118653	0	10088973	0
0.5	4100	4863	0	776926	64	10088973	100	2	8200                              	116515	0	10088973	0
0.5	4100	4630	0	746969	64	10088973	100	2	8200                              	117124	0	10088973	0
0.5	4100	4806	0	769027	64	10088973	100	2	8200                              	110981	0	10088973	0
0.5	4100	5498	0	857879	64	10088973	100	2	8200                              	117222	0	10088973	0
0.5	4100	4490	0	728488	64	10088973	100	2	8200                              	118675	0	10088973	0
0.5	4100	4670	0	752030	64	10088973	100	2	8200                              	117256	0	10088973	0
0.5	4100	4865	0	777018	64	10088973	100	2	8200                              	117592	0	10088973	0
0.5	4100	4602	0	742966	64	10088973	100	2	8200                              	116913	0	10088973	0
0.5	4100	4524	0	733340	64	10088973	100	2	8200                              	117241	0	10088973	0
0.5	4100	4500	0	730161	64	10088973	100	2	8200                              	116887	0	10088973	0
0.5	4100	5015	0	795833	64	10088973	100	2	8200                              	116597	0	10088973	0
0.5	4100	4660	0	750514	64	10088973	100	2	8200                              	119233	0	10088973	0
0.5	4100	4853	0	774805	64	10088973	100	2	8200                              	118509	0	10088973	0
0.5	4100	4896	0	780913	64	10088973	100	2	8200                              	117983	0	10088973	0
0.5	4100	4724	0	758730	64	10088973	100	2	8200                              	117754	0	10088973	0
0.5	4100	4771	0	764182	64	10088973	100	2	8200                              	118196	0	10088973	0
0.5	4100	4333	0	708662	64	10088973	100	2	8200                              	116974	0	10088973	0
0.5	4100	4560	0	737826	64	10088973	100	2	8200                              	117913	0	10088973	0
0.5	4100	4935	0	785877	64	10088973	100	2	8200                              	116164	0	10088973	0
0.5	4100	4597	0	742495	64	10088973	100	2	8200                              	117748	0	10088973	0
0.5	4100	5025	0	797284	64	10088973	100	2	8200                              	116880	0	10088973	0
0.5	4100	4737	0	760117	64	10088973	100	2	8200                              	117912	0	10088973	0
0.5	4100	4642	0	748008	64	10088973	100	2	8200                              	118433	0	10088973	0
0.5	4100	4298	0	704056	64	10088973	100	2	8200                              	117033	0	10088973	0
0.5	4100	4627	0	746038	64	10088973	100	2	8200                              	117256	0	10088973	0
0.5	4100	4966	0	789575	64	10088973	100	2	8200                              	117829	0	10088973	0
0.5	4100	4845	0	773911	64	10088973	100	2	8200                              	118670	0	10088973	0
0.5	4100	4692	0	754696	64	10088973	100	2	8200                              	117975	0	10088973	0
0.5	4100	4565	0	738356	64	10088973	100	2	8200                              	118438	0	10088973	0
0.5	4100	4797	0	767977	64	10088973	100	2	8200                              	117635	0	10088973	0
0.5	4100	4959	0	788323	64	10088973	100	2	8200                              	116696	0	10088973	0
0.5	4100	5327	0	836067	64	10088973	100	2	8200                              	117365	0	10088973	0
0.5	4100	4902	0	781465	64	10088973	100	2	8200                              	115625	0	10088973	0
0.5	4100	5283	0	831015	64	10088973	100	2	8200                              	117007	0	10088973	0
0.5	4100	5231	0	824111	64	10088973	100	2	8200                              	117434	0	10088973	0
0.5	4100	4673	0	752494	64	10088973	100	2	8200                              	117385	0	10088973	0
0.5	4100	5102	0	807325	64	10088973	100	2	8200                              	116943	0	10088973	0
0.5	4100	4974	0	790961	64	10088973	100	2	8200                              	118005	0	10088973	0
0.5	4100	4760	0	763000	64	10088973	100	2	8200                              	118437	0	10088973	0
0.5	4100	4638	0	747190	64	10088973	100	2	8200                              	117435	0	10088973	0
0.5	4100	4899	0	781359	64	10088973	100	2	8200                              	116852	0	10088973	0
0.5	4100	4694	0	754617	64	10088973	100	2	8200                              	116632	0	10088973	0
0.5	4100	4865	0	776562	64	10088973	100	2	8200                              	116671	0	10088973	0
0.5	4100	4445	0	723455	64	10088973	100	2	8200                              	118023	0	10088973	0
0.5	4100	4300	0	704704	64	10088973	100	2	8200                              	117157	0	10088973	0
0.5	4100	4532	0	734443	64	10088973	100	2	8200                              	118352	0	10088973	0
0.5	4100	5498	0	857755	64	10088973	100	2	8200                              	116766	0	10088973	0
0.5	4100	5071	0	803607	64	10088973	100	2	8200                              	117729	0	10088973	0
0.5	4100	4729	0	759234	64	10088973	100	2	8200                              	117786	0	10088973	0
0.5	4100	4775	0	765523	64	10088973	100	2	8200                              	117734	0	10088973	0
0.5	4100	4803	0	768810	64	10088973	100	2	8200                              	118705	0	10088973	0
0.5	4100	5348	0	838329	64	10088973	100	2	8200                              	117380	0	10088973	0
0.5	4100	4714	0	757374	64	10088973	100	2	8200                              	116726	0	10088973	0
0.5	4100	4525	0	732813	64	10088973	100	2	8200                              	116754	0	10088973	0
0.5	4100	4441	0	722469	64	10088973	100	2	8200                              	116563	0	10088973	0
0.5	4100	4836	0	772733	64	10088973	100	2	8200                              	114667	0	10088973	0
0.5	4100	4537	0	734730	64	10088973	100	2	8200                              	117614	0	10088973	0
0.5	4100	4323	0	706601	64	10088973	100	2	8200                              	117283	0	10088973	0
0.5	4100	4561	0	737878	64	10088973	100	2	8200                              	117846	0	10088973	0
0.5	4100	4750	0	762160	64	10088973	100	2	8200                              	117121	0	10088973	0
0.5	4100	4752	0	761996	64	10088973	100	2	8200                              	117583	0	10088973	0
0.5	4100	5174	0	816607	64	10088973	100	2	8200                              	117022	0	10088973	0
0.5	4100	4629	0	746988	64	10088973	100	2	8200                              	117679	0	10088973	0
0.5	4100	4432	0	721300	64	10088973	100	2	8200                              	118618	0	10088973	0
0.5	4100	4915	0	783593	64	10088973	100	2	8200                              	118337	0	10088973	0
0.5	5100	4208	0	823271	64	10088973	100	2	10200                              	116229	0	10088973	0
0.5	5100	4468	0	865013	64	10088973	100	2	10200                              	116299	0	10088973	0
0.5	5100	4342	0	843653	64	10088973	100	2	10200                              	115464	0	10088973	0
0.5	5100	4462	0	862866	64	10088973	100	2	10200                              	115089	0	10088973	0
0.5	5100	4152	0	814193	64	10088973	100	2	10200                              	115576	0	10088973	0
0.5	5100	4203	0	821728	64	10088973	100	2	10200                              	114727	0	10088973	0
0.5	5100	4297	0	837292	64	10088973	100	2	10200                              	115825	0	10088973	0
0.5	5100	3911	0	776505	64	10088973	100	2	10200                              	114134	0	10088973	0
0.5	5100	3953	0	782189	64	10088973	100	2	10200                              	116207	0	10088973	0
0.5	5100	4281	0	835042	64	10088973	100	2	10200                              	116018	0	10088973	0
0.5	5100	4277	0	834522	64	10088973	100	2	10200                              	115411	0	10088973	0
0.5	5100	4652	0	893562	64	10088973	100	2	10200                              	113976	0	10088973	0
0.5	5100	3683	0	739428	64	10088973	100	2	10200                              	115002	0	10088973	0
0.5	5100	4312	0	839651	64	10088973	100	2	10200                              	115287	0	10088973	0
0.5	5100	4597	0	885210	64	10088973	100	2	10200                              	113463	0	10088973	0
0.5	5100	5035	0	953885	64	10088973	100	2	10200                              	115378	0	10088973	0
0.5	5100	4341	0	844877	64	10088973	100	2	10200                              	112998	0	10088973	0
0.5	5100	3653	0	734607	64	10088973	100	2	10200                              	116985	0	10088973	0
0.5	5100	3859	0	767716	64	10088973	100	2	10200                              	115446	0	10088973	0
0.5	5100	4183	0	819243	64	10088973	100	2	10200                              	113433	0	10088973	0
0.5	5100	4459	0	863277	64	10088973	100	2	10200                              	113893	0	10088973	0
0.5	5100	4736	0	907557	64	10088973	100	2	10200                              	115498	0	10088973	0
0.5	5100	4263	0	831987	64	10088973	100	2	10200                              	111977	0	10088973	0
0.5	5100	3912	0	776057	64	10088973	100	2	10200                              	115387	0	10088973	0
0.5	5100	5090	0	962976	64	10088973	100	2	10200                              	114888	0	10088973	0
0.5	5100	4150	0	813808	64	10088973	100	2	10200                              	115456	0	10088973	0
0.5	5100	4320	0	840590	64	10088973	100	2	10200                              	108565	0	10088973	0
0.5	5100	4493	0	869152	64	10088973	100	2	10200                              	114157	0	10088973	0
0.5	5100	3903	0	774369	64	10088973	100	2	10200                              	116647	0	10088973	0
0.5	5100	4142	0	813258	64	10088973	100	2	10200                              	115344	0	10088973	0
0.5	5100	4521	0	872446	64	10088973	100	2	10200                              	107864	0	10088973	0
0.5	5100	4201	0	822028	64	10088973	100	2	10200                              	114279	0	10088973	0
0.5	5100	4334	0	842155	64	10088973	100	2	10200                              	114101	0	10088973	0
0.5	5100	4115	0	808543	64	10088973	100	2	10200                              	115095	0	10088973	0
0.5	5100	4584	0	883127	64	10088973	100	2	10200                              	115527	0	10088973	0
0.5	5100	4328	0	842249	64	10088973	100	2	10200                              	113754	0	10088973	0
0.5	5100	4234	0	827211	64	10088973	100	2	10200                              	116160	0	10088973	0
0.5	5100	4282	0	835281	64	10088973	100	2	10200                              	115641	0	10088973	0
0.5	5100	3957	0	783099	64	10088973	100	2	10200                              	116239	0	10088973	0
0.5	5100	3709	0	743060	64	10088973	100	2	10200                              	116243	0	10088973	0
0.5	5100	3905	0	775507	64	10088973	100	2	10200                              	116783	0	10088973	0
0.5	5100	4449	0	861033	64	10088973	100	2	10200                              	115172	0	10088973	0
0.5	5100	4253	0	830015	64	10088973	100	2	10200                              	116806	0	10088973	0
0.5	5100	3721	0	746009	64	10088973	100	2	10200                              	115298	0	10088973	0
0.5	5100	3947	0	781499	64	10088973	100	2	10200                              	115784	0	10088973	0
0.5	5100	4194	0	820656	64	10088973	100	2	10200                              	116564	0	10088973	0
0.5	5100	3901	0	774467	64	10088973	100	2	10200                              	114241	0	10088973	0
0.5	5100	3887	0	771359	64	10088973	100	2	10200                              	117244	0	10088973	0
0.5	5100	4478	0	866988	64	10088973	100	2	10200                              	112999	0	10088973	0
0.5	5100	4470	0	865227	64	10088973	100	2	10200                              	115280	0	10088973	0
0.5	5100	4796	0	917923	64	10088973	100	2	10200                              	113374	0	10088973	0
0.5	5100	4266	0	831584	64	10088973	100	2	10200                              	115108	0	10088973	0
0.5	5100	4057	0	799108	64	10088973	100	2	10200                              	115824	0	10088973	0
0.5	5100	4253	0	829692	64	10088973	100	2	10200                              	114468	0	10088973	0
0.5	5100	4071	0	800919	64	10088973	100	2	10200                              	114892	0	10088973	0
0.5	5100	4327	0	841946	64	10088973	100	2	10200                              	115328	0	10088973	0
0.5	5100	4075	0	801535	64	10088973	100	2	10200                              	115886	0	10088973	0
0.5	5100	4335	0	842424	64	10088973	100	2	10200                              	115088	0	10088973	0
0.5	5100	4147	0	813356	64	10088973	100	2	10200                              	115196	0	10088973	0
0.5	5100	4118	0	808659	64	10088973	100	2	10200                              	116080	0	10088973	0
0.5	5100	3972	0	785817	64	10088973	100	2	10200                              	116505	0	10088973	0
0.5	5100	3881	0	770747	64	10088973	100	2	10200                              	115572	0	10088973	0
0.5	5100	4034	0	796388	64	10088973	100	2	10200                              	115392	0	10088973	0
0.5	5100	3832	0	764282	64	10088973	100	2	10200                              	115081	0	10088973	0
0.5	5100	4431	0	858710	64	10088973	100	2	10200                              	115019	0	10088973	0
0.5	5100	4223	0	825269	64	10088973	100	2	10200                              	108872	0	10088973	0
0.5	5100	4033	0	795690	64	10088973	100	2	10200                              	116261	0	10088973	0
0.5	5100	4212	0	823728	64	10088973	100	2	10200                              	113497	0	10088973	0
0.5	5100	3819	0	760425	64	10088973	100	2	10200                              	115463	0	10088973	0
0.5	5100	3826	0	762513	64	10088973	100	2	10200                              	116932	0	10088973	0
0.5	5100	4233	0	827082	64	10088973	100	2	10200                              	115229	0	10088973	0
0.5	5100	4601	0	885635	64	10088973	100	2	10200                              	113803	0	10088973	0
0.5	5100	4233	0	827552	64	10088973	100	2	10200                              	115245	0	10088973	0
0.5	5100	4487	0	868083	64	10088973	100	2	10200                              	115295	0	10088973	0
0.5	5100	3998	0	789399	64	10088973	100	2	10200                              	115576	0	10088973	0
0.5	5100	4567	0	880036	64	10088973	100	2	10200                              	116101	0	10088973	0
0.5	5100	4197	0	820851	64	10088973	100	2	10200                              	115127	0	10088973	0
0.5	5100	4667	0	896978	64	10088973	100	2	10200                              	114886	0	10088973	0
0.5	5100	3943	0	780921	64	10088973	100	2	10200                              	117554	0	10088973	0
0.5	5100	4467	0	864447	64	10088973	100	2	10200                              	115730	0	10088973	0
0.5	5100	4009	0	791169	64	10088973	100	2	10200                              	115844	0	10088973	0
0.5	5100	4051	0	797411	64	10088973	100	2	10200                              	113631	0	10088973	0
0.5	5100	4275	0	833820	64	10088973	100	2	10200                              	115512	0	10088973	0
0.5	5100	4261	0	831360	64	10088973	100	2	10200                              	113888	0	10088973	0
0.5	5100	3634	0	731729	64	10088973	100	2	10200                              	117034	0	10088973	0
0.5	5100	4414	0	856144	64	10088973	100	2	10200                              	114447	0	10088973	0
0.5	5100	4335	0	843046	64	10088973	100	2	10200                              	114082	0	10088973	0
0.5	5100	4253	0	829966	64	10088973	100	2	10200                              	116414	0	10088973	0
0.5	5100	4579	0	881856	64	10088973	100	2	10200                              	113911	0	10088973	0
0.5	5100	4072	0	800716	64	10088973	100	2	10200                              	109634	0	10088973	0
0.5	5100	4356	0	847957	64	10088973	100	2	10200                              	115385	0	10088973	0
0.5	5100	4229	0	826337	64	10088973	100	2	10200                              	114732	0	10088973	0
0.5	5100	4157	0	815408	64	10088973	100	2	10200                              	115632	0	10088973	0
0.5	5100	3941	0	779856	64	10088973	100	2	10200                              	113234	0	10088973	0
0.5	5100	4586	0	883800	64	10088973	100	2	10200                              	114708	0	10088973	0
0.5	5100	4795	0	916961	64	10088973	100	2	10200                              	117048	0	10088973	0
0.5	5100	4025	0	793337	64	10088973	100	2	10200                              	116901	0	10088973	0
0.5	5100	4132	0	811169	64	10088973	100	2	10200                              	114422	0	10088973	0
0.5	5100	4144	0	813641	64	10088973	100	2	10200                              	115775	0	10088973	0
0.5	5100	4010	0	790895	64	10088973	100	2	10200                              	116090	0	10088973	0
0.5	6100	3793	0	874413	64	10088973	100	2	12200                              	108886	0	10088973	0
0.5	6100	3907	0	896867	64	10088973	100	2	12200                              	115731	0	10088973	0
0.5	6100	3929	0	900425	64	10088973	100	2	12200                              	113661	0	10088973	0
0.5	6100	3668	0	851164	64	10088973	100	2	12200                              	114213	0	10088973	0
0.5	6100	4498	0	1007837	64	10088973	100	2	12200                              	114049	0	10088973	0
0.5	6100	4111	0	935665	64	10088973	100	2	12200                              	114479	0	10088973	0
0.5	6100	3652	0	847731	64	10088973	100	2	12200                              	111523	0	10088973	0
0.5	6100	3590	0	836431	64	10088973	100	2	12200                              	114108	0	10088973	0
0.5	6100	3759	0	867362	64	10088973	100	2	12200                              	112985	0	10088973	0
0.5	6100	4062	0	925169	64	10088973	100	2	12200                              	115179	0	10088973	0
0.5	6100	3529	0	824457	64	10088973	100	2	12200                              	113562	0	10088973	0
0.5	6100	4000	0	913896	64	10088973	100	2	12200                              	112082	0	10088973	0
0.5	6100	3793	0	875227	64	10088973	100	2	12200                              	114398	0	10088973	0
0.5	6100	3570	0	832341	64	10088973	100	2	12200                              	113061	0	10088973	0
0.5	6100	3482	0	815758	64	10088973	100	2	12200                              	114903	0	10088973	0
0.5	6100	3931	0	900512	64	10088973	100	2	12200                              	113545	0	10088973	0
0.5	6100	3925	0	899379	64	10088973	100	2	12200                              	110872	0	10088973	0
0.5	6100	3845	0	884587	64	10088973	100	2	12200                              	114259	0	10088973	0
0.5	6100	3394	0	798739	64	10088973	100	2	12200                              	114313	0	10088973	0
0.5	6100	3612	0	839622	64	10088973	100	2	12200                              	113842	0	10088973	0
0.5	6100	3668	0	850043	64	10088973	100	2	12200                              	113549	0	10088973	0
0.5	6100	3591	0	836488	64	10088973	100	2	12200                              	114959	0	10088973	0
0.5	6100	3987	0	911666	64	10088973	100	2	12200                              	114289	0	10088973	0
0.5	6100	3995	0	912686	64	10088973	100	2	12200                              	113554	0	10088973	0
0.5	6100	3844	0	884264	64	10088973	100	2	12200                              	112983	0	10088973	0
0.5	6100	3963	0	907659	64	10088973	100	2	12200                              	113753	0	10088973	0
0.5	6100	3960	0	906687	64	10088973	100	2	12200                              	113978	0	10088973	0
0.5	6100	3666	0	850192	64	10088973	100	2	12200                              	108687	0	10088973	0
0.5	6100	4053	0	924109	64	10088973	100	2	12200                              	113136	0	10088973	0
0.5	6100	3883	0	890939	64	10088973	100	2	12200                              	112520	0	10088973	0
0.5	6100	4165	0	946221	64	10088973	100	2	12200                              	112012	0	10088973	0
0.5	6100	3635	0	843915	64	10088973	100	2	12200                              	107413	0	10088973	0
0.5	6100	3757	0	866856	64	10088973	100	2	12200                              	113116	0	10088973	0
0.5	6100	3546	0	827776	64	10088973	100	2	12200                              	113449	0	10088973	0
0.5	6100	3896	0	893560	64	10088973	100	2	12200                              	111764	0	10088973	0
0.5	6100	3564	0	830152	64	10088973	100	2	12200                              	114789	0	10088973	0
0.5	6100	4243	0	960697	64	10088973	100	2	12200                              	112505	0	10088973	0
0.5	6100	4559	0	1020547	64	10088973	100	2	12200                              	111852	0	10088973	0
0.5	6100	3452	0	809607	64	10088973	100	2	12200                              	115997	0	10088973	0
0.5	6100	3821	0	878590	64	10088973	100	2	12200                              	112660	0	10088973	0
0.5	6100	3762	0	868488	64	10088973	100	2	12200                              	113759	0	10088973	0
0.5	6100	3424	0	804179	64	10088973	100	2	12200                              	112727	0	10088973	0
0.5	6100	3867	0	888329	64	10088973	100	2	12200                              	109121	0	10088973	0
0.5	6100	4244	0	960766	64	10088973	100	2	12200                              	113604	0	10088973	0
0.5	6100	3716	0	860729	64	10088973	100	2	12200                              	112265	0	10088973	0
0.5	6100	3893	0	893774	64	10088973	100	2	12200                              	111807	0	10088973	0
0.5	6100	4116	0	936573	64	10088973	100	2	12200                              	108516	0	10088973	0
0.5	6100	3876	0	889446	64	10088973	100	2	12200                              	114180	0	10088973	0
0.5	6100	3888	0	891874	64	10088973	100	2	12200                              	113836	0	10088973	0
0.5	6100	3890	0	892012	64	10088973	100	2	12200                              	113228	0	10088973	0
0.5	6100	3631	0	842456	64	10088973	100	2	12200                              	113354	0	10088973	0
0.5	6100	3772	0	871850	64	10088973	100	2	12200                              	114415	0	10088973	0
0.5	6100	4257	0	962496	64	10088973	100	2	12200                              	113996	0	10088973	0
0.5	6100	4143	0	940704	64	10088973	100	2	12200                              	113026	0	10088973	0
0.5	6100	3609	0	839527	64	10088973	100	2	12200                              	114658	0	10088973	0
0.5	6100	3769	0	869408	64	10088973	100	2	12200                              	113680	0	10088973	0
0.5	6100	3613	0	840362	64	10088973	100	2	12200                              	113525	0	10088973	0
0.5	6100	3437	0	805856	64	10088973	100	2	12200                              	113391	0	10088973	0
0.5	6100	3553	0	829112	64	10088973	100	2	12200                              	112843	0	10088973	0
0.5	6100	3710	0	859035	64	10088973	100	2	12200                              	111866	0	10088973	0
0.5	6100	3718	0	860902	64	10088973	100	2	12200                              	111914	0	10088973	0
0.5	6100	4163	0	945948	64	10088973	100	2	12200                              	113243	0	10088973	0
0.5	6100	3707	0	857977	64	10088973	100	2	12200                              	113568	0	10088973	0
0.5	6100	3791	0	874921	64	10088973	100	2	12200                              	113884	0	10088973	0
0.5	6100	3803	0	876321	64	10088973	100	2	12200                              	113102	0	10088973	0
0.5	6100	4204	0	952359	64	10088973	100	2	12200                              	114065	0	10088973	0
0.5	6100	3580	0	834142	64	10088973	100	2	12200                              	113298	0	10088973	0
0.5	6100	3739	0	863887	64	10088973	100	2	12200                              	114089	0	10088973	0
0.5	6100	3627	0	842043	64	10088973	100	2	12200                              	112724	0	10088973	0
0.5	6100	4059	0	924875	64	10088973	100	2	12200                              	112069	0	10088973	0
0.5	6100	4044	0	923099	64	10088973	100	2	12200                              	113738	0	10088973	0
0.5	6100	3729	0	862412	64	10088973	100	2	12200                              	113131	0	10088973	0
0.5	6100	3974	0	909466	64	10088973	100	2	12200                              	112653	0	10088973	0
0.5	6100	3779	0	872905	64	10088973	100	2	12200                              	114269	0	10088973	0
0.5	6100	3874	0	890081	64	10088973	100	2	12200                              	114304	0	10088973	0
0.5	6100	3920	0	899216	64	10088973	100	2	12200                              	112579	0	10088973	0
0.5	6100	3585	0	835146	64	10088973	100	2	12200                              	112193	0	10088973	0
0.5	6100	3816	0	878510	64	10088973	100	2	12200                              	111964	0	10088973	0
0.5	6100	3948	0	903060	64	10088973	100	2	12200                              	114959	0	10088973	0
0.5	6100	4006	0	914831	64	10088973	100	2	12200                              	114637	0	10088973	0
0.5	6100	3906	0	897071	64	10088973	100	2	12200                              	113882	0	10088973	0
0.5	6100	3980	0	910555	64	10088973	100	2	12200                              	112700	0	10088973	0
0.5	6100	4648	0	1036999	64	10088973	100	2	12200                              	46531	0	10088973	0
0.5	6100	3907	0	896225	64	10088973	100	2	12200                              	113585	0	10088973	0
0.5	6100	3948	0	903008	64	10088973	100	2	12200                              	114575	0	10088973	0
0.5	6100	3621	0	841728	64	10088973	100	2	12200                              	113768	0	10088973	0
0.5	6100	3911	0	897657	64	10088973	100	2	12200                              	114397	0	10088973	0
0.5	6100	3985	0	911200	64	10088973	100	2	12200                              	113070	0	10088973	0
0.5	6100	3768	0	868956	64	10088973	100	2	12200                              	114644	0	10088973	0
0.5	6100	3952	0	904409	64	10088973	100	2	12200                              	107272	0	10088973	0
0.5	6100	3598	0	837728	64	10088973	100	2	12200                              	110867	0	10088973	0
0.5	6100	3859	0	887194	64	10088973	100	2	12200                              	113009	0	10088973	0
0.5	6100	4034	0	919959	64	10088973	100	2	12200                              	112852	0	10088973	0
0.5	6100	3475	0	814071	64	10088973	100	2	12200                              	113203	0	10088973	0
0.5	6100	3636	0	845168	64	10088973	100	2	12200                              	113817	0	10088973	0
0.5	6100	4084	0	929872	64	10088973	100	2	12200                              	113370	0	10088973	0
0.5	6100	4578	0	1024058	64	10088973	100	2	12200                              	111089	0	10088973	0
0.5	6100	4301	0	971660	64	10088973	100	2	12200                              	114671	0	10088973	0
0.5	6100	3643	0	846126	64	10088973	100	2	12200                              	113532	0	10088973	0
0.5	6100	3656	0	848591	64	10088973	100	2	12200                              	108510	0	10088973	0
0.5	7100	3692	0	969186	64	10088973	100	2	14200                              	110623	0	10088973	0
0.5	7100	3711	0	974537	64	10088973	100	2	14200                              	111186	0	10088973	0
0.5	7100	3695	0	970370	64	10088973	100	2	14200                              	113061	0	10088973	0
0.5	7100	3589	0	947745	64	10088973	100	2	14200                              	110996	0	10088973	0
0.5	7100	3558	0	939638	64	10088973	100	2	14200                              	112480	0	10088973	0
0.5	7100	3618	0	953592	64	10088973	100	2	14200                              	110727	0	10088973	0
0.5	7100	3474	0	920978	64	10088973	100	2	14200                              	112102	0	10088973	0
0.5	7100	3785	0	990656	64	10088973	100	2	14200                              	111326	0	10088973	0
0.5	7100	3912	0	1018526	64	10088973	100	2	14200                              	112120	0	10088973	0
0.5	7100	3542	0	935818	64	10088973	100	2	14200                              	109673	0	10088973	0
0.5	7100	3687	0	967812	64	10088973	100	2	14200                              	111214	0	10088973	0
0.5	7100	3700	0	970992	64	10088973	100	2	14200                              	113760	0	10088973	0
0.5	7100	3692	0	970400	64	10088973	100	2	14200                              	106205	0	10088973	0
0.5	7100	3590	0	947597	64	10088973	100	2	14200                              	112438	0	10088973	0
0.5	7100	3365	0	896202	64	10088973	100	2	14200                              	112072	0	10088973	0
0.5	7100	3374	0	898520	64	10088973	100	2	14200                              	110765	0	10088973	0
0.5	7100	3377	0	899677	64	10088973	100	2	14200                              	112919	0	10088973	0
0.5	7100	4019	0	1042275	64	10088973	100	2	14200                              	110883	0	10088973	0
0.5	7100	3586	0	947313	64	10088973	100	2	14200                              	112483	0	10088973	0
0.5	7100	4037	0	1045778	64	10088973	100	2	14200                              	111801	0	10088973	0
0.5	7100	3267	0	874555	64	10088973	100	2	14200                              	112208	0	10088973	0
0.5	7100	3517	0	930501	64	10088973	100	2	14200                              	108128	0	10088973	0
0.5	7100	3651	0	959833	64	10088973	100	2	14200                              	112133	0	10088973	0
0.5	7100	3388	0	902569	64	10088973	100	2	14200                              	111691	0	10088973	0
0.5	7100	3778	0	987912	64	10088973	100	2	14200                              	112455	0	10088973	0
0.5	7100	3273	0	876854	64	10088973	100	2	14200                              	113520	0	10088973	0
0.5	7100	3642	0	958238	64	10088973	100	2	14200                              	113258	0	10088973	0
0.5	7100	3950	0	1027144	64	10088973	100	2	14200                              	112400	0	10088973	0
0.5	7100	3329	0	889916	64	10088973	100	2	14200                              	105160	0	10088973	0
0.5	7100	3626	0	954373	64	10088973	100	2	14200                              	110907	0	10088973	0
0.5	7100	3611	0	951615	64	10088973	100	2	14200                              	112301	0	10088973	0
0.5	7100	3323	0	888001	64	10088973	100	2	14200                              	112156	0	10088973	0
0.5	7100	3224	0	865009	64	10088973	100	2	14200                              	112814	0	10088973	0
0.5	7100	3798	0	992602	64	10088973	100	2	14200                              	113428	0	10088973	0
0.5	7100	3322	0	886675	64	10088973	100	2	14200                              	108353	0	10088973	0
0.5	7100	3505	0	927946	64	10088973	100	2	14200                              	111690	0	10088973	0
0.5	7100	3876	0	1010415	64	10088973	100	2	14200                              	113092	0	10088973	0
0.5	7100	3631	0	955696	64	10088973	100	2	14200                              	111240	0	10088973	0
0.5	7100	3518	0	930912	64	10088973	100	2	14200                              	112135	0	10088973	0
0.5	7100	3475	0	920919	64	10088973	100	2	14200                              	112404	0	10088973	0
0.5	7100	3792	0	991308	64	10088973	100	2	14200                              	114226	0	10088973	0
0.5	7100	3487	0	924325	64	10088973	100	2	14200                              	111705	0	10088973	0
0.5	7100	3469	0	920438	64	10088973	100	2	14200                              	112273	0	10088973	0
0.5	7100	3452	0	917187	64	10088973	100	2	14200                              	112127	0	10088973	0
0.5	7100	3524	0	932588	64	10088973	100	2	14200                              	109595	0	10088973	0
0.5	7100	3443	0	913655	64	10088973	100	2	14200                              	114146	0	10088973	0
0.5	7100	3387	0	902121	64	10088973	100	2	14200                              	113259	0	10088973	0
0.5	7100	3331	0	890386	64	10088973	100	2	14200                              	112555	0	10088973	0
0.5	7100	3656	0	962256	64	10088973	100	2	14200                              	111334	0	10088973	0
0.5	7100	3903	0	1016422	64	10088973	100	2	14200                              	110934	0	10088973	0
0.5	7100	3561	0	940390	64	10088973	100	2	14200                              	112695	0	10088973	0
0.5	7100	3540	0	934805	64	10088973	100	2	14200                              	112695	0	10088973	0
0.5	7100	3375	0	899503	64	10088973	100	2	14200                              	112750	0	10088973	0
0.5	7100	3509	0	928934	64	10088973	100	2	14200                              	112148	0	10088973	0
0.5	7100	3650	0	959755	64	10088973	100	2	14200                              	112343	0	10088973	0
0.5	7100	3561	0	941329	64	10088973	100	2	14200                              	112081	0	10088973	0
0.5	7100	3501	0	927458	64	10088973	100	2	14200                              	112315	0	10088973	0
0.5	7100	3720	0	976472	64	10088973	100	2	14200                              	111638	0	10088973	0
0.5	7100	3494	0	925323	64	10088973	100	2	14200                              	110961	0	10088973	0
0.5	7100	3463	0	919656	64	10088973	100	2	14200                              	111818	0	10088973	0
0.5	7100	3640	0	957943	64	10088973	100	2	14200                              	112139	0	10088973	0
0.5	7100	3718	0	975676	64	10088973	100	2	14200                              	112143	0	10088973	0
0.5	7100	3272	0	877486	64	10088973	100	2	14200                              	112168	0	10088973	0
0.5	7100	3458	0	917559	64	10088973	100	2	14200                              	111452	0	10088973	0
0.5	7100	3780	0	989504	64	10088973	100	2	14200                              	109144	0	10088973	0
0.5	7100	3829	0	1000531	64	10088973	100	2	14200                              	111627	0	10088973	0
0.5	7100	3251	0	871895	64	10088973	100	2	14200                              	112476	0	10088973	0
0.5	7100	3582	0	945923	64	10088973	100	2	14200                              	110504	0	10088973	0
0.5	7100	2980	0	811312	64	10088973	100	2	14200                              	112837	0	10088973	0
0.5	7100	3402	0	905040	64	10088973	100	2	14200                              	111277	0	10088973	0
0.5	7100	3267	0	875158	64	10088973	100	2	14200                              	111904	0	10088973	0
0.5	7100	3525	0	933598	64	10088973	100	2	14200                              	112568	0	10088973	0
0.5	7100	3652	0	962256	64	10088973	100	2	14200                              	112024	0	10088973	0
0.5	7100	3900	0	1014343	64	10088973	100	2	14200                              	112007	0	10088973	0
0.5	7100	3886	0	1012188	64	10088973	100	2	14200                              	113340	0	10088973	0
0.5	7100	3422	0	909754	64	10088973	100	2	14200                              	112854	0	10088973	0
0.5	7100	3895	0	1013952	64	10088973	100	2	14200                              	112212	0	10088973	0
0.5	7100	3448	0	916401	64	10088973	100	2	14200                              	111185	0	10088973	0
0.5	7100	3369	0	897256	64	10088973	100	2	14200                              	113342	0	10088973	0
0.5	7100	3372	0	898653	64	10088973	100	2	14200                              	111777	0	10088973	0
0.5	7100	3347	0	892720	64	10088973	100	2	14200                              	106619	0	10088973	0
0.5	7100	4192	0	1079966	64	10088973	100	2	14200                              	110840	0	10088973	0
0.5	7100	3299	0	882564	64	10088973	100	2	14200                              	112401	0	10088973	0
0.5	7100	3350	0	893634	64	10088973	100	2	14200                              	112537	0	10088973	0
0.5	7100	3719	0	975279	64	10088973	100	2	14200                              	110526	0	10088973	0
0.5	7100	3785	0	990521	64	10088973	100	2	14200                              	113036	0	10088973	0
0.5	7100	3469	0	919656	64	10088973	100	2	14200                              	111434	0	10088973	0
0.5	7100	3424	0	909703	64	10088973	100	2	14200                              	110983	0	10088973	0
0.5	7100	3822	0	998294	64	10088973	100	2	14200                              	111756	0	10088973	0
0.5	7100	3463	0	918793	64	10088973	100	2	14200                              	112041	0	10088973	0
0.5	7100	4313	0	1106517	64	10088973	100	2	14200                              	109827	0	10088973	0
0.5	7100	3434	0	911412	64	10088973	100	2	14200                              	111535	0	10088973	0
0.5	7100	3495	0	927176	64	10088973	100	2	14200                              	112015	0	10088973	0
0.5	7100	3987	0	1034889	64	10088973	100	2	14200                              	112101	0	10088973	0
0.5	7100	4091	0	1058385	64	10088973	100	2	14200                              	111021	0	10088973	0
0.5	7100	3721	0	976361	64	10088973	100	2	14200                              	107196	0	10088973	0
0.5	7100	3565	0	941525	64	10088973	100	2	14200                              	105961	0	10088973	0
0.5	7100	3736	0	979314	64	10088973	100	2	14200                              	111573	0	10088973	0
0.5	7100	3405	0	905753	64	10088973	100	2	14200                              	113171	0	10088973	0
0.5	7100	3524	0	933123	64	10088973	100	2	14200                              	110536	0	10088973	0
0.5	8100	3337	0	994875	64	10088973	100	2	16200                              	111201	0	10088973	0
0.5	8100	3357	0	999451	64	10088973	100	2	16200                              	109598	0	10088973	0
0.5	8100	3346	0	995511	64	10088973	100	2	16200                              	111262	0	10088973	0
0.5	8100	3543	0	1045656	64	10088973	100	2	16200                              	104420	0	10088973	0
0.5	8100	3474	0	1029167	64	10088973	100	2	16200                              	110329	0	10088973	0
0.5	8100	3287	0	980856	64	10088973	100	2	16200                              	108425	0	10088973	0
0.5	8100	3134	0	942666	64	10088973	100	2	16200                              	111700	0	10088973	0
0.5	8100	3454	0	1023059	64	10088973	100	2	16200                              	107263	0	10088973	0
0.5	8100	3356	0	998489	64	10088973	100	2	16200                              	110213	0	10088973	0
0.5	8100	3370	0	1003400	64	10088973	100	2	16200                              	109775	0	10088973	0
0.5	8100	3269	0	977315	64	10088973	100	2	16200                              	111482	0	10088973	0
0.5	8100	3252	0	972248	64	10088973	100	2	16200                              	108725	0	10088973	0
0.5	8100	3418	0	1015181	64	10088973	100	2	16200                              	108968	0	10088973	0
0.5	8100	2948	0	895968	64	10088973	100	2	16200                              	108790	0	10088973	0
0.5	8100	3230	0	967269	64	10088973	100	2	16200                              	107712	0	10088973	0
0.5	8100	2971	0	900815	64	10088973	100	2	16200                              	109846	0	10088973	0
0.5	8100	3373	0	1003382	64	10088973	100	2	16200                              	108830	0	10088973	0
0.5	8100	3416	0	1014415	64	10088973	100	2	16200                              	113051	0	10088973	0
0.5	8100	3455	0	1023803	64	10088973	100	2	16200                              	112070	0	10088973	0
0.5	8100	3139	0	944444	64	10088973	100	2	16200                              	112125	0	10088973	0
0.5	8100	3048	0	922200	64	10088973	100	2	16200                              	108792	0	10088973	0
0.5	8100	3290	0	981159	64	10088973	100	2	16200                              	104489	0	10088973	0
0.5	8100	3046	0	920130	64	10088973	100	2	16200                              	110656	0	10088973	0
0.5	8100	3428	0	1018973	64	10088973	100	2	16200                              	108749	0	10088973	0
0.5	8100	3607	0	1062619	64	10088973	100	2	16200                              	107292	0	10088973	0
0.5	8100	3229	0	966055	64	10088973	100	2	16200                              	109385	0	10088973	0
0.5	8100	3293	0	982549	64	10088973	100	2	16200                              	110863	0	10088973	0
0.5	8100	3254	0	973219	64	10088973	100	2	16200                              	106863	0	10088973	0
0.5	8100	3436	0	1020124	64	10088973	100	2	16200                              	110649	0	10088973	0
0.5	8100	3142	0	944989	64	10088973	100	2	16200                              	110572	0	10088973	0
0.5	8100	3280	0	978986	64	10088973	100	2	16200                              	107300	0	10088973	0
0.5	8100	3812	0	1113835	64	10088973	100	2	16200                              	108807	0	10088973	0
0.5	8100	3944	0	1149796	64	10088973	100	2	16200                              	109608	0	10088973	0
0.5	8100	3284	0	980856	64	10088973	100	2	16200                              	108615	0	10088973	0
0.5	8100	3625	0	1067829	64	10088973	100	2	16200                              	110484	0	10088973	0
0.5	8100	3353	0	997649	64	10088973	100	2	16200                              	111106	0	10088973	0
0.5	8100	3220	0	964656	64	10088973	100	2	16200                              	106535	0	10088973	0
0.5	8100	4053	0	1174375	64	10088973	100	2	16200                              	108135	0	10088973	0
0.5	8100	3439	0	1021013	64	10088973	100	2	16200                              	111505	0	10088973	0
0.5	8100	3477	0	1029157	64	10088973	100	2	16200                              	110387	0	10088973	0
0.5	8100	3601	0	1060187	64	10088973	100	2	16200                              	109559	0	10088973	0
0.5	8100	3160	0	949040	64	10088973	100	2	16200                              	111078	0	10088973	0
0.5	8100	3402	0	1010067	64	10088973	100	2	16200                              	108303	0	10088973	0
0.5	8100	3469	0	1027434	64	10088973	100	2	16200                              	109319	0	10088973	0
0.5	8100	3210	0	961632	64	10088973	100	2	16200                              	110774	0	10088973	0
0.5	8100	3702	0	1085664	64	10088973	100	2	16200                              	44905	0	10088973	0
0.5	8100	3594	0	1059276	64	10088973	100	2	16200                              	109599	0	10088973	0
0.5	8100	3355	0	997056	64	10088973	100	2	16200                              	111717	0	10088973	0
0.5	8100	2900	0	883656	64	10088973	100	2	16200                              	111661	0	10088973	0
0.5	8100	3188	0	955803	64	10088973	100	2	16200                              	110092	0	10088973	0
0.5	8100	2894	0	882315	64	10088973	100	2	16200                              	105258	0	10088973	0
0.5	8100	3544	0	1047100	64	10088973	100	2	16200                              	108774	0	10088973	0
0.5	8100	3250	0	972754	64	10088973	100	2	16200                              	111153	0	10088973	0
0.5	8100	3649	0	1072175	64	10088973	100	2	16200                              	109468	0	10088973	0
0.5	8100	3202	0	960692	64	10088973	100	2	16200                              	111080	0	10088973	0
0.5	8100	3253	0	972956	64	10088973	100	2	16200                              	110456	0	10088973	0
0.5	8100	3310	0	987222	64	10088973	100	2	16200                              	110954	0	10088973	0
0.5	8100	3299	0	985319	64	10088973	100	2	16200                              	110030	0	10088973	0
0.5	8100	3565	0	1051485	64	10088973	100	2	16200                              	110441	0	10088973	0
0.5	8100	3667	0	1076684	64	10088973	100	2	16200                              	107503	0	10088973	0
0.5	8100	3500	0	1035845	64	10088973	100	2	16200                              	110371	0	10088973	0
0.5	8100	3265	0	977212	64	10088973	100	2	16200                              	104784	0	10088973	0
0.5	8100	3410	0	1011856	64	10088973	100	2	16200                              	110651	0	10088973	0
0.5	8100	3168	0	950586	64	10088973	100	2	16200                              	103958	0	10088973	0
0.5	8100	3328	0	992512	64	10088973	100	2	16200                              	112669	0	10088973	0
0.5	8100	3455	0	1022981	64	10088973	100	2	16200                              	109192	0	10088973	0
0.5	8100	3020	0	913727	64	10088973	100	2	16200                              	109799	0	10088973	0
0.5	8100	3438	0	1020603	64	10088973	100	2	16200                              	108009	0	10088973	0
0.5	8100	3660	0	1075628	64	10088973	100	2	16200                              	110007	0	10088973	0
0.5	8100	3493	0	1033263	64	10088973	100	2	16200                              	110289	0	10088973	0
0.5	8100	3573	0	1053333	64	10088973	100	2	16200                              	110889	0	10088973	0
0.5	8100	2975	0	903162	64	10088973	100	2	16200                              	109611	0	10088973	0
0.5	8100	3316	0	988984	64	10088973	100	2	16200                              	109337	0	10088973	0
0.5	8100	3310	0	987366	64	10088973	100	2	16200                              	110521	0	10088973	0
0.5	8100	3241	0	970684	64	10088973	100	2	16200                              	108874	0	10088973	0
0.5	8100	3355	0	999135	64	10088973	100	2	16200                              	109035	0	10088973	0
0.5	8100	3363	0	1001019	64	10088973	100	2	16200                              	110419	0	10088973	0
0.5	8100	3213	0	962889	64	10088973	100	2	16200                              	109783	0	10088973	0
0.5	8100	3512	0	1038528	64	10088973	100	2	16200                              	110424	0	10088973	0
0.5	8100	3115	0	938400	64	10088973	100	2	16200                              	108807	0	10088973	0
0.5	8100	3271	0	976678	64	10088973	100	2	16200                              	110834	0	10088973	0
0.5	8100	3483	0	1031651	64	10088973	100	2	16200                              	109446	0	10088973	0
0.5	8100	3297	0	983897	64	10088973	100	2	16200                              	111539	0	10088973	0
0.5	8100	3254	0	972738	64	10088973	100	2	16200                              	110404	0	10088973	0
0.5	8100	3127	0	941367	64	10088973	100	2	16200                              	105915	0	10088973	0
0.5	8100	3476	0	1029142	64	10088973	100	2	16200                              	109452	0	10088973	0
0.5	8100	2931	0	891758	64	10088973	100	2	16200                              	112513	0	10088973	0
0.5	8100	3235	0	969233	64	10088973	100	2	16200                              	109121	0	10088973	0
0.5	8100	3172	0	952509	64	10088973	100	2	16200                              	111623	0	10088973	0
0.5	8100	3361	0	1000071	64	10088973	100	2	16200                              	110234	0	10088973	0
0.5	8100	3309	0	986767	64	10088973	100	2	16200                              	107974	0	10088973	0
0.5	8100	3306	0	985939	64	10088973	100	2	16200                              	107390	0	10088973	0
0.5	8100	3296	0	983660	64	10088973	100	2	16200                              	111214	0	10088973	0
0.5	8100	3514	0	1037213	64	10088973	100	2	16200                              	109243	0	10088973	0
0.5	8100	3387	0	1006513	64	10088973	100	2	16200                              	112185	0	10088973	0
0.5	8100	3310	0	987670	64	10088973	100	2	16200                              	111532	0	10088973	0
0.5	8100	3306	0	986546	64	10088973	100	2	16200                              	106507	0	10088973	0
0.5	8100	2906	0	884814	64	10088973	100	2	16200                              	111563	0	10088973	0
0.5	8100	3299	0	984867	64	10088973	100	2	16200                              	109990	0	10088973	0
0.5	8100	2980	0	904216	64	10088973	100	2	16200                              	111632	0	10088973	0
0.5	9100	2983	0	996986	64	10088973	100	2	18200                              	109977	0	10088973	0
0.5	9100	3075	0	1022366	64	10088973	100	2	18200                              	104764	0	10088973	0
0.5	9100	3230	0	1067630	64	10088973	100	2	18200                              	109413	0	10088973	0
0.5	9100	3356	0	1103186	64	10088973	100	2	18200                              	110960	0	10088973	0
0.5	9100	3486	0	1139355	64	10088973	100	2	18200                              	108963	0	10088973	0
0.5	9100	3028	0	1009497	64	10088973	100	2	18200                              	109150	0	10088973	0
0.5	9100	3393	0	1112931	64	10088973	100	2	18200                              	104426	0	10088973	0
0.5	9100	3022	0	1005971	64	10088973	100	2	18200                              	110655	0	10088973	0
0.5	9100	3135	0	1039874	64	10088973	100	2	18200                              	107563	0	10088973	0
0.5	9100	3119	0	1036177	64	10088973	100	2	18200                              	107394	0	10088973	0
0.5	9100	3433	0	1125459	64	10088973	100	2	18200                              	108411	0	10088973	0
0.5	9100	3395	0	1112451	64	10088973	100	2	18200                              	102087	0	10088973	0
0.5	9100	3231	0	1068175	64	10088973	100	2	18200                              	107911	0	10088973	0
0.5	9100	3168	0	1049213	64	10088973	100	2	18200                              	100796	0	10088973	0
0.5	9100	3344	0	1098367	64	10088973	100	2	18200                              	110492	0	10088973	0
0.5	9100	3230	0	1067158	64	10088973	100	2	18200                              	109510	0	10088973	0
0.5	9100	2888	0	969738	64	10088973	100	2	18200                              	108721	0	10088973	0
0.5	9100	3075	0	1022249	64	10088973	100	2	18200                              	108481	0	10088973	0
0.5	9100	2882	0	967313	64	10088973	100	2	18200                              	109501	0	10088973	0
0.5	9100	3713	0	1204425	64	10088973	100	2	18200                              	108743	0	10088973	0
0.5	9100	3261	0	1075396	64	10088973	100	2	18200                              	110486	0	10088973	0
0.5	9100	2832	0	954750	64	10088973	100	2	18200                              	110248	0	10088973	0
0.5	9100	2946	0	985891	64	10088973	100	2	18200                              	106083	0	10088973	0
0.5	9100	3166	0	1047855	64	10088973	100	2	18200                              	109450	0	10088973	0
0.5	9100	3469	0	1134120	64	10088973	100	2	18200                              	101516	0	10088973	0
0.5	9100	3131	0	1037822	64	10088973	100	2	18200                              	108427	0	10088973	0
0.5	9100	3182	0	1054902	64	10088973	100	2	18200                              	108412	0	10088973	0
0.5	9100	2878	0	966460	64	10088973	100	2	18200                              	108999	0	10088973	0
0.5	9100	3057	0	1017426	64	10088973	100	2	18200                              	110971	0	10088973	0
0.5	9100	3086	0	1026330	64	10088973	100	2	18200                              	107962	0	10088973	0
0.5	9100	2929	0	981222	64	10088973	100	2	18200                              	109899	0	10088973	0
0.5	9100	3314	0	1091774	64	10088973	100	2	18200                              	109831	0	10088973	0
0.5	9100	3025	0	1009105	64	10088973	100	2	18200                              	108021	0	10088973	0
0.5	9100	3120	0	1035906	64	10088973	100	2	18200                              	109829	0	10088973	0
0.5	9100	3066	0	1020296	64	10088973	100	2	18200                              	109429	0	10088973	0
0.5	9100	2733	0	925829	64	10088973	100	2	18200                              	109586	0	10088973	0
0.5	9100	3136	0	1040595	64	10088973	100	2	18200                              	108970	0	10088973	0
0.5	9100	2752	0	930211	64	10088973	100	2	18200                              	109072	0	10088973	0
0.5	9100	3092	0	1028416	64	10088973	100	2	18200                              	110402	0	10088973	0
0.5	9100	3257	0	1075076	64	10088973	100	2	18200                              	109151	0	10088973	0
0.5	9100	3370	0	1107422	64	10088973	100	2	18200                              	107212	0	10088973	0
0.5	9100	3409	0	1119650	64	10088973	100	2	18200                              	107290	0	10088973	0
0.5	9100	2922	0	979462	64	10088973	100	2	18200                              	108819	0	10088973	0
0.5	9100	3232	0	1068591	64	10088973	100	2	18200                              	110612	0	10088973	0
0.5	9100	2897	0	973509	64	10088973	100	2	18200                              	107848	0	10088973	0
0.5	9100	3291	0	1084800	64	10088973	100	2	18200                              	109547	0	10088973	0
0.5	9100	2898	0	974052	64	10088973	100	2	18200                              	109833	0	10088973	0
0.5	9100	3213	0	1060259	64	10088973	100	2	18200                              	109903	0	10088973	0
0.5	9100	3033	0	1010423	64	10088973	100	2	18200                              	110813	0	10088973	0
0.5	9100	3191	0	1056817	64	10088973	100	2	18200                              	108884	0	10088973	0
0.5	9100	3027	0	1009271	64	10088973	100	2	18200                              	109062	0	10088973	0
0.5	9100	3061	0	1018245	64	10088973	100	2	18200                              	44824	0	10088973	0
0.5	9100	3160	0	1046937	64	10088973	100	2	18200                              	109844	0	10088973	0
0.5	9100	3023	0	1007856	64	10088973	100	2	18200                              	110233	0	10088973	0
0.5	9100	2893	0	969463	64	10088973	100	2	18200                              	110434	0	10088973	0
0.5	9100	3741	0	1212200	64	10088973	100	2	18200                              	109360	0	10088973	0
0.5	9100	3008	0	1003493	64	10088973	100	2	18200                              	108838	0	10088973	0
0.5	9100	3121	0	1036350	64	10088973	100	2	18200                              	109844	0	10088973	0
0.5	9100	3166	0	1048216	64	10088973	100	2	18200                              	110586	0	10088973	0
0.5	9100	3556	0	1159905	64	10088973	100	2	18200                              	106385	0	10088973	0
0.5	9100	3368	0	1106549	64	10088973	100	2	18200                              	109841	0	10088973	0
0.5	9100	3489	0	1140271	64	10088973	100	2	18200                              	109609	0	10088973	0
0.5	9100	3188	0	1054155	64	10088973	100	2	18200                              	108971	0	10088973	0
0.5	9100	2991	0	999573	64	10088973	100	2	18200                              	108967	0	10088973	0
0.5	9100	3070	0	1020193	64	10088973	100	2	18200                              	109892	0	10088973	0
0.5	9100	3082	0	1025278	64	10088973	100	2	18200                              	104859	0	10088973	0
0.5	9100	3341	0	1099481	64	10088973	100	2	18200                              	111288	0	10088973	0
0.5	9100	3152	0	1044256	64	10088973	100	2	18200                              	108591	0	10088973	0
0.5	9100	3184	0	1054046	64	10088973	100	2	18200                              	110307	0	10088973	0
0.5	9100	3265	0	1076420	64	10088973	100	2	18200                              	107815	0	10088973	0
0.5	9100	2824	0	950916	64	10088973	100	2	18200                              	107677	0	10088973	0
0.5	9100	3681	0	1196410	64	10088973	100	2	18200                              	108119	0	10088973	0
0.5	9100	2881	0	968273	64	10088973	100	2	18200                              	112148	0	10088973	0
0.5	9100	3050	0	1015913	64	10088973	100	2	18200                              	103816	0	10088973	0
0.5	9100	3758	0	1217987	64	10088973	100	2	18200                              	107986	0	10088973	0
0.5	9100	3505	0	1144891	64	10088973	100	2	18200                              	110611	0	10088973	0
0.5	9100	2992	0	998495	64	10088973	100	2	18200                              	107554	0	10088973	0
0.5	9100	3316	0	1090875	64	10088973	100	2	18200                              	111132	0	10088973	0
0.5	9100	3257	0	1073801	64	10088973	100	2	18200                              	102958	0	10088973	0
0.5	9100	2893	0	970502	64	10088973	100	2	18200                              	108966	0	10088973	0
0.5	9100	3294	0	1084800	64	10088973	100	2	18200                              	108672	0	10088973	0
0.5	9100	3261	0	1075311	64	10088973	100	2	18200                              	108933	0	10088973	0
0.5	9100	3155	0	1045249	64	10088973	100	2	18200                              	107993	0	10088973	0
0.5	9100	3079	0	1022630	64	10088973	100	2	18200                              	109206	0	10088973	0
0.5	9100	3029	0	1010479	64	10088973	100	2	18200                              	109655	0	10088973	0
0.5	9100	2890	0	972066	64	10088973	100	2	18200                              	109728	0	10088973	0
0.5	9100	3380	0	1109841	64	10088973	100	2	18200                              	108352	0	10088973	0
0.5	9100	3286	0	1082902	64	10088973	100	2	18200                              	103723	0	10088973	0
0.5	9100	2875	0	966797	64	10088973	100	2	18200                              	109723	0	10088973	0
0.5	9100	3196	0	1056805	64	10088973	100	2	18200                              	109231	0	10088973	0
0.5	9100	3022	0	1007856	64	10088973	100	2	18200                              	110183	0	10088973	0
0.5	9100	3359	0	1105245	64	10088973	100	2	18200                              	108069	0	10088973	0
0.5	9100	3120	0	1035530	64	10088973	100	2	18200                              	108205	0	10088973	0
0.5	9100	3281	0	1081325	64	10088973	100	2	18200                              	107413	0	10088973	0
0.5	9100	3963	0	1274692	64	10088973	100	2	18200                              	108047	0	10088973	0
0.5	9100	3399	0	1114885	64	10088973	100	2	18200                              	108562	0	10088973	0
0.5	9100	3258	0	1073848	64	10088973	100	2	18200                              	105547	0	10088973	0
0.5	9100	2969	0	991714	64	10088973	100	2	18200                              	108844	0	10088973	0
0.5	9100	3612	0	1175373	64	10088973	100	2	18200                              	106556	0	10088973	0
0.5	9100	3169	0	1049859	64	10088973	100	2	18200                              	103502	0	10088973	0
#using seed 0.049186
# Work:10088973, depth:432675, work/p+depth:590315.203125
#PROCESSORS: 64, RUNS: 100
#prb	R-l	ISR	ESR	runTime	processors    	work	taskThreshold	lGranularity	rGranularity	IDATAT	EDATAT	W0	W1
