#using seed 0.044804
# Work:9321255, depth:282845, work/p+depth:865423.4375
#PROCESSORS: 16, RUNS: 100
#prb	R-l	ISR	ESR	runTime	processors    	work	taskThreshold	lGranularity	rGranularity	IDATAT	EDATAT	W0	W1
0.5	100	7169	0	672097	16	9321255	100	2	200                              	42405	0	9321255	0
0.5	100	8106	0	683799	16	9321255	100	2	200                              	35486	0	9321255	0
0.5	100	6961	0	669503	16	9321255	100	2	200                              	34505	0	9321255	0
0.5	100	8952	0	694391	16	9321255	100	2	200                              	38415	0	9321255	0
0.5	100	7851	0	680600	16	9321255	100	2	200                              	36374	0	9321255	0
0.5	100	6508	0	663826	16	9321255	100	2	200                              	40496	0	9321255	0
0.5	100	7450	0	675592	16	9321255	100	2	200                              	36323	0	9321255	0
0.5	100	9081	0	695968	16	9321255	100	2	200                              	35960	0	9321255	0
0.5	100	9940	0	706734	16	9321255	100	2	200                              	39236	0	9321255	0
0.5	100	10196	0	709926	16	9321255	100	2	200                              	39172	0	9321255	0
0.5	100	9018	0	695203	16	9321255	100	2	200                              	36048	0	9321255	0
0.5	100	7659	0	678197	16	9321255	100	2	200                              	36704	0	9321255	0
0.5	100	6914	0	668899	16	9321255	100	2	200                              	36954	0	9321255	0
0.5	100	7716	0	678920	16	9321255	100	2	200                              	38343	0	9321255	0
0.5	100	8571	0	689640	16	9321255	100	2	200                              	37386	0	9321255	0
0.5	100	7131	0	671579	16	9321255	100	2	200                              	42463	0	9321255	0
0.5	100	7818	0	680195	16	9321255	100	2	200                              	40266	0	9321255	0
0.5	100	6603	0	665025	16	9321255	100	2	200                              	42430	0	9321255	0
0.5	100	10454	0	713147	16	9321255	100	2	200                              	39203	0	9321255	0
0.5	100	6652	0	665604	16	9321255	100	2	200                              	40625	0	9321255	0
0.5	100	7473	0	675867	16	9321255	100	2	200                              	36422	0	9321255	0
0.5	100	6880	0	668480	16	9321255	100	2	200                              	43224	0	9321255	0
0.5	100	9996	0	707407	16	9321255	100	2	200                              	42503	0	9321255	0
0.5	100	8384	0	687236	16	9321255	100	2	200                              	38210	0	9321255	0
0.5	100	7740	0	679213	16	9321255	100	2	200                              	41876	0	9321255	0
0.5	100	7272	0	673386	16	9321255	100	2	200                              	42109	0	9321255	0
0.5	100	6013	0	657631	16	9321255	100	2	200                              	36173	0	9321255	0
0.5	100	7485	0	676043	16	9321255	100	2	200                              	40321	0	9321255	0
0.5	100	7306	0	673808	16	9321255	100	2	200                              	40923	0	9321255	0
0.5	100	7032	0	670367	16	9321255	100	2	200                              	43496	0	9321255	0
0.5	100	8366	0	687039	16	9321255	100	2	200                              	42077	0	9321255	0
0.5	100	9699	0	703699	16	9321255	100	2	200                              	39228	0	9321255	0
0.5	100	8444	0	688012	16	9321255	100	2	200                              	34609	0	9321255	0
0.5	100	9043	0	695529	16	9321255	100	2	200                              	41523	0	9321255	0
0.5	100	9970	0	707086	16	9321255	100	2	200                              	36392	0	9321255	0
0.5	100	10225	0	710288	16	9321255	100	2	200                              	35764	0	9321255	0
0.5	100	7227	0	672813	16	9321255	100	2	200                              	38671	0	9321255	0
0.5	100	8249	0	685586	16	9321255	100	2	200                              	43735	0	9321255	0
0.5	100	9590	0	702337	16	9321255	100	2	200                              	41117	0	9321255	0
0.5	100	8612	0	690119	16	9321255	100	2	200                              	39351	0	9321255	0
0.5	100	8480	0	688452	16	9321255	100	2	200                              	40337	0	9321255	0
0.5	100	8793	0	692380	16	9321255	100	2	200                              	40342	0	9321255	0
0.5	100	8137	0	684210	16	9321255	100	2	200                              	41718	0	9321255	0
0.5	100	7855	0	680681	16	9321255	100	2	200                              	42605	0	9321255	0
0.5	100	7883	0	681002	16	9321255	100	2	200                              	35610	0	9321255	0
0.5	100	5722	0	654006	16	9321255	100	2	200                              	37030	0	9321255	0
0.5	100	6969	0	669585	16	9321255	100	2	200                              	38146	0	9321255	0
0.5	100	7181	0	672248	16	9321255	100	2	200                              	36900	0	9321255	0
0.5	100	7546	0	676803	16	9321255	100	2	200                              	39012	0	9321255	0
0.5	100	8147	0	684314	16	9321255	100	2	200                              	40695	0	9321255	0
0.5	100	9210	0	697587	16	9321255	100	2	200                              	37432	0	9321255	0
0.5	100	8910	0	693828	16	9321255	100	2	200                              	35857	0	9321255	0
0.5	100	7007	0	670070	16	9321255	100	2	200                              	43332	0	9321255	0
0.5	100	7603	0	677515	16	9321255	100	2	200                              	39032	0	9321255	0
0.5	100	9546	0	701808	16	9321255	100	2	200                              	39156	0	9321255	0
0.5	100	8773	0	692125	16	9321255	100	2	200                              	37498	0	9321255	0
0.5	100	7817	0	680166	16	9321255	100	2	200                              	36285	0	9321255	0
0.5	100	7211	0	672622	16	9321255	100	2	200                              	37604	0	9321255	0
0.5	100	8275	0	685915	16	9321255	100	2	200                              	36001	0	9321255	0
0.5	100	6639	0	665445	16	9321255	100	2	200                              	38268	0	9321255	0
0.5	100	9748	0	704318	16	9321255	100	2	200                              	41453	0	9321255	0
0.5	100	8223	0	685269	16	9321255	100	2	200                              	39223	0	9321255	0
0.5	100	7982	0	682266	16	9321255	100	2	200                              	40999	0	9321255	0
0.5	100	6609	0	665086	16	9321255	100	2	200                              	38619	0	9321255	0
0.5	100	8296	0	686166	16	9321255	100	2	200                              	43747	0	9321255	0
0.5	100	9564	0	702028	16	9321255	100	2	200                              	39441	0	9321255	0
0.5	100	8726	0	691552	16	9321255	100	2	200                              	41932	0	9321255	0
0.5	100	8833	0	692887	16	9321255	100	2	200                              	35791	0	9321255	0
0.5	100	7903	0	681263	16	9321255	100	2	200                              	37794	0	9321255	0
0.5	100	7573	0	677154	16	9321255	100	2	200                              	37735	0	9321255	0
0.5	100	6577	0	664700	16	9321255	100	2	200                              	42785	0	9321255	0
0.5	100	7044	0	670502	16	9321255	100	2	200                              	40209	0	9321255	0
0.5	100	8474	0	688402	16	9321255	100	2	200                              	39109	0	9321255	0
0.5	100	9322	0	698983	16	9321255	100	2	200                              	37935	0	9321255	0
0.5	100	9063	0	695796	16	9321255	100	2	200                              	37157	0	9321255	0
0.5	100	9066	0	695786	16	9321255	100	2	200                              	37705	0	9321255	0
0.5	100	8357	0	686904	16	9321255	100	2	200                              	42022	0	9321255	0
0.5	100	7488	0	676090	16	9321255	100	2	200                              	36539	0	9321255	0
0.5	100	6175	0	659691	16	9321255	100	2	200                              	40284	0	9321255	0
0.5	100	7751	0	679373	16	9321255	100	2	200                              	38960	0	9321255	0
0.5	100	7794	0	679878	16	9321255	100	2	200                              	42711	0	9321255	0
0.5	100	6427	0	662802	16	9321255	100	2	200                              	42717	0	9321255	0
0.5	100	8359	0	686937	16	9321255	100	2	200                              	42490	0	9321255	0
0.5	100	7749	0	679311	16	9321255	100	2	200                              	39769	0	9321255	0
0.5	100	7487	0	676053	16	9321255	100	2	200                              	35846	0	9321255	0
0.5	100	5735	0	654179	16	9321255	100	2	200                              	35631	0	9321255	0
0.5	100	6356	0	661907	16	9321255	100	2	200                              	39189	0	9321255	0
0.5	100	6985	0	669790	16	9321255	100	2	200                              	40839	0	9321255	0
0.5	100	6980	0	669687	16	9321255	100	2	200                              	43057	0	9321255	0
0.5	100	10770	0	717081	16	9321255	100	2	200                              	39278	0	9321255	0
0.5	100	9174	0	697141	16	9321255	100	2	200                              	41941	0	9321255	0
0.5	100	9336	0	699160	16	9321255	100	2	200                              	35444	0	9321255	0
0.5	100	8891	0	693621	16	9321255	100	2	200                              	37571	0	9321255	0
0.5	100	7285	0	673548	16	9321255	100	2	200                              	39924	0	9321255	0
0.5	100	9222	0	697744	16	9321255	100	2	200                              	41534	0	9321255	0
0.5	100	6688	0	666076	16	9321255	100	2	200                              	36648	0	9321255	0
0.5	100	7446	0	675544	16	9321255	100	2	200                              	39186	0	9321255	0
0.5	100	8582	0	689763	16	9321255	100	2	200                              	36698	0	9321255	0
0.5	100	7702	0	678739	16	9321255	100	2	200                              	38021	0	9321255	0
0.5	100	8494	0	688629	16	9321255	100	2	200                              	40078	0	9321255	0
0.5	1100	1491	0	786512	16	9321255	100	2	2200                              	38480	0	9321255	0
0.5	1100	1362	0	768302	16	9321255	100	2	2200                              	40852	0	9321255	0
0.5	1100	1616	0	803720	16	9321255	100	2	2200                              	39679	0	9321255	0
0.5	1100	1278	0	757078	16	9321255	100	2	2200                              	33958	0	9321255	0
0.5	1100	1577	0	797874	16	9321255	100	2	2200                              	39338	0	9321255	0
0.5	1100	1479	0	784619	16	9321255	100	2	2200                              	39478	0	9321255	0
0.5	1100	1409	0	774925	16	9321255	100	2	2200                              	38973	0	9321255	0
0.5	1100	1620	0	804014	16	9321255	100	2	2200                              	37748	0	9321255	0
0.5	1100	1605	0	802014	16	9321255	100	2	2200                              	38617	0	9321255	0
0.5	1100	1601	0	801371	16	9321255	100	2	2200                              	39087	0	9321255	0
0.5	1100	1634	0	806030	16	9321255	100	2	2200                              	41303	0	9321255	0
0.5	1100	1476	0	784167	16	9321255	100	2	2200                              	38339	0	9321255	0
0.5	1100	1304	0	760584	16	9321255	100	2	2200                              	40236	0	9321255	0
0.5	1100	1449	0	780947	16	9321255	100	2	2200                              	33876	0	9321255	0
0.5	1100	1760	0	823271	16	9321255	100	2	2200                              	34644	0	9321255	0
0.5	1100	1888	0	841122	16	9321255	100	2	2200                              	39942	0	9321255	0
0.5	1100	1273	0	756810	16	9321255	100	2	2200                              	37110	0	9321255	0
0.5	1100	1404	0	774634	16	9321255	100	2	2200                              	39130	0	9321255	0
0.5	1100	1412	0	775791	16	9321255	100	2	2200                              	35336	0	9321255	0
0.5	1100	1670	0	810926	16	9321255	100	2	2200                              	36592	0	9321255	0
0.5	1100	1450	0	780609	16	9321255	100	2	2200                              	40931	0	9321255	0
0.5	1100	1541	0	793383	16	9321255	100	2	2200                              	40353	0	9321255	0
0.5	1100	1567	0	796704	16	9321255	100	2	2200                              	36435	0	9321255	0
0.5	1100	1595	0	800764	16	9321255	100	2	2200                              	35246	0	9321255	0
0.5	1100	1471	0	783551	16	9321255	100	2	2200                              	41205	0	9321255	0
0.5	1100	1327	0	763773	16	9321255	100	2	2200                              	39558	0	9321255	0
0.5	1100	1433	0	778575	16	9321255	100	2	2200                              	35090	0	9321255	0
0.5	1100	1508	0	788826	16	9321255	100	2	2200                              	35670	0	9321255	0
0.5	1100	1442	0	779588	16	9321255	100	2	2200                              	37760	0	9321255	0
0.5	1100	1491	0	786643	16	9321255	100	2	2200                              	39263	0	9321255	0
0.5	1100	1623	0	804942	16	9321255	100	2	2200                              	38424	0	9321255	0
0.5	1100	1282	0	757808	16	9321255	100	2	2200                              	38607	0	9321255	0
0.5	1100	1759	0	823155	16	9321255	100	2	2200                              	35262	0	9321255	0
0.5	1100	1503	0	788185	16	9321255	100	2	2200                              	35768	0	9321255	0
0.5	1100	1544	0	793689	16	9321255	100	2	2200                              	33878	0	9321255	0
0.5	1100	1393	0	773111	16	9321255	100	2	2200                              	38783	0	9321255	0
0.5	1100	1629	0	805519	16	9321255	100	2	2200                              	34481	0	9321255	0
0.5	1100	1570	0	797357	16	9321255	100	2	2200                              	38363	0	9321255	0
0.5	1100	1530	0	791611	16	9321255	100	2	2200                              	40201	0	9321255	0
0.5	1100	1644	0	807661	16	9321255	100	2	2200                              	37455	0	9321255	0
0.5	1100	1495	0	786827	16	9321255	100	2	2200                              	37914	0	9321255	0
0.5	1100	1634	0	806112	16	9321255	100	2	2200                              	38798	0	9321255	0
0.5	1100	1504	0	788070	16	9321255	100	2	2200                              	38249	0	9321255	0
0.5	1100	1543	0	793461	16	9321255	100	2	2200                              	34658	0	9321255	0
0.5	1100	1381	0	771396	16	9321255	100	2	2200                              	36100	0	9321255	0
0.5	1100	1394	0	773178	16	9321255	100	2	2200                              	35718	0	9321255	0
0.5	1100	1501	0	787754	16	9321255	100	2	2200                              	38621	0	9321255	0
0.5	1100	1487	0	785900	16	9321255	100	2	2200                              	35704	0	9321255	0
0.5	1100	1475	0	784327	16	9321255	100	2	2200                              	33148	0	9321255	0
0.5	1100	1350	0	766894	16	9321255	100	2	2200                              	36636	0	9321255	0
0.5	1100	1356	0	767819	16	9321255	100	2	2200                              	35783	0	9321255	0
0.5	1100	1532	0	791912	16	9321255	100	2	2200                              	36409	0	9321255	0
0.5	1100	1369	0	769678	16	9321255	100	2	2200                              	40152	0	9321255	0
0.5	1100	1661	0	809972	16	9321255	100	2	2200                              	34590	0	9321255	0
0.5	1100	1497	0	787378	16	9321255	100	2	2200                              	40208	0	9321255	0
0.5	1100	1360	0	768476	16	9321255	100	2	2200                              	37251	0	9321255	0
0.5	1100	1407	0	774644	16	9321255	100	2	2200                              	36379	0	9321255	0
0.5	1100	1406	0	774912	16	9321255	100	2	2200                              	34640	0	9321255	0
0.5	1100	1457	0	781620	16	9321255	100	2	2200                              	35870	0	9321255	0
0.5	1100	1587	0	799631	16	9321255	100	2	2200                              	37701	0	9321255	0
0.5	1100	1543	0	793677	16	9321255	100	2	2200                              	40827	0	9321255	0
0.5	1100	1514	0	789576	16	9321255	100	2	2200                              	38027	0	9321255	0
0.5	1100	1539	0	792807	16	9321255	100	2	2200                              	39150	0	9321255	0
0.5	1100	1580	0	798685	16	9321255	100	2	2200                              	39979	0	9321255	0
0.5	1100	1433	0	778474	16	9321255	100	2	2200                              	39372	0	9321255	0
0.5	1100	1477	0	784819	16	9321255	100	2	2200                              	34328	0	9321255	0
0.5	1100	1637	0	806544	16	9321255	100	2	2200                              	37867	0	9321255	0
0.5	1100	1483	0	785341	16	9321255	100	2	2200                              	36688	0	9321255	0
0.5	1100	1832	0	833064	16	9321255	100	2	2200                              	38365	0	9321255	0
0.5	1100	1576	0	798058	16	9321255	100	2	2200                              	37385	0	9321255	0
0.5	1100	1693	0	814254	16	9321255	100	2	2200                              	33372	0	9321255	0
0.5	1100	1552	0	794887	16	9321255	100	2	2200                              	34227	0	9321255	0
0.5	1100	1453	0	781317	16	9321255	100	2	2200                              	35151	0	9321255	0
0.5	1100	1400	0	773823	16	9321255	100	2	2200                              	36348	0	9321255	0
0.5	1100	1630	0	805485	16	9321255	100	2	2200                              	33464	0	9321255	0
0.5	1100	1540	0	793129	16	9321255	100	2	2200                              	41980	0	9321255	0
0.5	1100	1565	0	796605	16	9321255	100	2	2200                              	40359	0	9321255	0
0.5	1100	1588	0	799625	16	9321255	100	2	2200                              	38274	0	9321255	0
0.5	1100	1430	0	778145	16	9321255	100	2	2200                              	38279	0	9321255	0
0.5	1100	1500	0	787717	16	9321255	100	2	2200                              	34502	0	9321255	0
0.5	1100	1334	0	764902	16	9321255	100	2	2200                              	38795	0	9321255	0
0.5	1100	1332	0	764454	16	9321255	100	2	2200                              	36996	0	9321255	0
0.5	1100	1521	0	790809	16	9321255	100	2	2200                              	39751	0	9321255	0
0.5	1100	1382	0	771700	16	9321255	100	2	2200                              	36510	0	9321255	0
0.5	1100	1325	0	763417	16	9321255	100	2	2200                              	37933	0	9321255	0
0.5	1100	1719	0	817784	16	9321255	100	2	2200                              	36525	0	9321255	0
0.5	1100	1344	0	766350	16	9321255	100	2	2200                              	37237	0	9321255	0
0.5	1100	1411	0	775578	16	9321255	100	2	2200                              	35772	0	9321255	0
0.5	1100	1541	0	793500	16	9321255	100	2	2200                              	39264	0	9321255	0
0.5	1100	1445	0	780099	16	9321255	100	2	2200                              	38707	0	9321255	0
0.5	1100	1430	0	778043	16	9321255	100	2	2200                              	38204	0	9321255	0
0.5	1100	1914	0	844455	16	9321255	100	2	2200                              	39793	0	9321255	0
0.5	1100	1762	0	823679	16	9321255	100	2	2200                              	37419	0	9321255	0
0.5	1100	1385	0	772050	16	9321255	100	2	2200                              	36671	0	9321255	0
0.5	1100	1536	0	792493	16	9321255	100	2	2200                              	34598	0	9321255	0
0.5	1100	1540	0	793083	16	9321255	100	2	2200                              	41603	0	9321255	0
0.5	1100	1614	0	803191	16	9321255	100	2	2200                              	39624	0	9321255	0
0.5	1100	1729	0	819238	16	9321255	100	2	2200                              	32841	0	9321255	0
0.5	1100	1579	0	798579	16	9321255	100	2	2200                              	38302	0	9321255	0
0.5	1100	1473	0	784045	16	9321255	100	2	2200                              	36960	0	9321255	0
0.5	2100	1160	0	885202	16	9321255	100	2	4200                              	32799	0	9321255	0
0.5	2100	1058	0	858052	16	9321255	100	2	4200                              	32200	0	9321255	0
0.5	2100	951	0	830510	16	9321255	100	2	4200                              	32100	0	9321255	0
0.5	2100	1124	0	874961	16	9321255	100	2	4200                              	36586	0	9321255	0
0.5	2100	1278	0	916127	16	9321255	100	2	4200                              	37252	0	9321255	0
0.5	2100	1147	0	881821	16	9321255	100	2	4200                              	34998	0	9321255	0
0.5	2100	1090	0	866494	16	9321255	100	2	4200                              	37683	0	9321255	0
0.5	2100	1283	0	916669	16	9321255	100	2	4200                              	32219	0	9321255	0
0.5	2100	1018	0	847173	16	9321255	100	2	4200                              	36140	0	9321255	0
0.5	2100	1079	0	863495	16	9321255	100	2	4200                              	31196	0	9321255	0
0.5	2100	1054	0	857343	16	9321255	100	2	4200                              	39173	0	9321255	0
0.5	2100	1138	0	879307	16	9321255	100	2	4200                              	36711	0	9321255	0
0.5	2100	1206	0	897356	16	9321255	100	2	4200                              	32490	0	9321255	0
0.5	2100	1038	0	852173	16	9321255	100	2	4200                              	37298	0	9321255	0
0.5	2100	1068	0	860165	16	9321255	100	2	4200                              	36840	0	9321255	0
0.5	2100	1129	0	877106	16	9321255	100	2	4200                              	36113	0	9321255	0
0.5	2100	1129	0	876636	16	9321255	100	2	4200                              	34673	0	9321255	0
0.5	2100	1153	0	882777	16	9321255	100	2	4200                              	37376	0	9321255	0
0.5	2100	1239	0	906029	16	9321255	100	2	4200                              	37702	0	9321255	0
0.5	2100	1130	0	876780	16	9321255	100	2	4200                              	36806	0	9321255	0
0.5	2100	1093	0	867235	16	9321255	100	2	4200                              	39682	0	9321255	0
0.5	2100	1089	0	866603	16	9321255	100	2	4200                              	34011	0	9321255	0
0.5	2100	1161	0	885121	16	9321255	100	2	4200                              	34291	0	9321255	0
0.5	2100	1012	0	846258	16	9321255	100	2	4200                              	33804	0	9321255	0
0.5	2100	1118	0	873475	16	9321255	100	2	4200                              	37176	0	9321255	0
0.5	2100	1002	0	843587	16	9321255	100	2	4200                              	37335	0	9321255	0
0.5	2100	1048	0	855766	16	9321255	100	2	4200                              	32913	0	9321255	0
0.5	2100	1213	0	898551	16	9321255	100	2	4200                              	37665	0	9321255	0
0.5	2100	1154	0	883825	16	9321255	100	2	4200                              	39130	0	9321255	0
0.5	2100	1091	0	866797	16	9321255	100	2	4200                              	32199	0	9321255	0
0.5	2100	1115	0	873066	16	9321255	100	2	4200                              	34436	0	9321255	0
0.5	2100	1022	0	848635	16	9321255	100	2	4200                              	33980	0	9321255	0
0.5	2100	1001	0	843059	16	9321255	100	2	4200                              	36415	0	9321255	0
0.5	2100	973	0	835214	16	9321255	100	2	4200                              	36503	0	9321255	0
0.5	2100	1122	0	874605	16	9321255	100	2	4200                              	32310	0	9321255	0
0.5	2100	1263	0	912144	16	9321255	100	2	4200                              	37584	0	9321255	0
0.5	2100	1223	0	901024	16	9321255	100	2	4200                              	34245	0	9321255	0
0.5	2100	979	0	837660	16	9321255	100	2	4200                              	32811	0	9321255	0
0.5	2100	1150	0	882350	16	9321255	100	2	4200                              	37039	0	9321255	0
0.5	2100	1017	0	847688	16	9321255	100	2	4200                              	34831	0	9321255	0
0.5	2100	962	0	832203	16	9321255	100	2	4200                              	36785	0	9321255	0
0.5	2100	1072	0	862075	16	9321255	100	2	4200                              	37283	0	9321255	0
0.5	2100	1220	0	900451	16	9321255	100	2	4200                              	37340	0	9321255	0
0.5	2100	991	0	840146	16	9321255	100	2	4200                              	36090	0	9321255	0
0.5	2100	1184	0	891641	16	9321255	100	2	4200                              	33857	0	9321255	0
0.5	2100	1119	0	873675	16	9321255	100	2	4200                              	32978	0	9321255	0
0.5	2100	1220	0	900469	16	9321255	100	2	4200                              	38488	0	9321255	0
0.5	2100	1066	0	859983	16	9321255	100	2	4200                              	32121	0	9321255	0
0.5	2100	1161	0	885465	16	9321255	100	2	4200                              	36750	0	9321255	0
0.5	2100	1050	0	855927	16	9321255	100	2	4200                              	31718	0	9321255	0
0.5	2100	1058	0	858344	16	9321255	100	2	4200                              	38602	0	9321255	0
0.5	2100	1113	0	872306	16	9321255	100	2	4200                              	34334	0	9321255	0
0.5	2100	988	0	839988	16	9321255	100	2	4200                              	37418	0	9321255	0
0.5	2100	1127	0	876101	16	9321255	100	2	4200                              	36229	0	9321255	0
0.5	2100	1030	0	850510	16	9321255	100	2	4200                              	33243	0	9321255	0
0.5	2100	1217	0	899752	16	9321255	100	2	4200                              	35543	0	9321255	0
0.5	2100	1073	0	861721	16	9321255	100	2	4200                              	31422	0	9321255	0
0.5	2100	1100	0	868930	16	9321255	100	2	4200                              	32005	0	9321255	0
0.5	2100	1121	0	874351	16	9321255	100	2	4200                              	37697	0	9321255	0
0.5	2100	1180	0	890220	16	9321255	100	2	4200                              	35934	0	9321255	0
0.5	2100	1190	0	893128	16	9321255	100	2	4200                              	36685	0	9321255	0
0.5	2100	1077	0	862921	16	9321255	100	2	4200                              	36870	0	9321255	0
0.5	2100	1107	0	871234	16	9321255	100	2	4200                              	36940	0	9321255	0
0.5	2100	1179	0	890156	16	9321255	100	2	4200                              	35264	0	9321255	0
0.5	2100	1146	0	881336	16	9321255	100	2	4200                              	28494	0	9321255	0
0.5	2100	1085	0	865549	16	9321255	100	2	4200                              	31520	0	9321255	0
0.5	2100	1020	0	848381	16	9321255	100	2	4200                              	33433	0	9321255	0
0.5	2100	892	0	814528	16	9321255	100	2	4200                              	33679	0	9321255	0
0.5	2100	1115	0	873239	16	9321255	100	2	4200                              	37117	0	9321255	0
0.5	2100	1004	0	844331	16	9321255	100	2	4200                              	32741	0	9321255	0
0.5	2100	1084	0	864960	16	9321255	100	2	4200                              	33116	0	9321255	0
0.5	2100	979	0	837256	16	9321255	100	2	4200                              	40165	0	9321255	0
0.5	2100	922	0	822558	16	9321255	100	2	4200                              	32967	0	9321255	0
0.5	2100	1064	0	859843	16	9321255	100	2	4200                              	33527	0	9321255	0
0.5	2100	1128	0	876119	16	9321255	100	2	4200                              	35732	0	9321255	0
0.5	2100	1061	0	858507	16	9321255	100	2	4200                              	33685	0	9321255	0
0.5	2100	1146	0	880919	16	9321255	100	2	4200                              	33028	0	9321255	0
0.5	2100	974	0	835724	16	9321255	100	2	4200                              	31291	0	9321255	0
0.5	2100	1162	0	885548	16	9321255	100	2	4200                              	33213	0	9321255	0
0.5	2100	1271	0	914209	16	9321255	100	2	4200                              	35349	0	9321255	0
0.5	2100	989	0	840525	16	9321255	100	2	4200                              	36934	0	9321255	0
0.5	2100	1168	0	886934	16	9321255	100	2	4200                              	36089	0	9321255	0
0.5	2100	1108	0	871585	16	9321255	100	2	4200                              	32904	0	9321255	0
0.5	2100	1046	0	854982	16	9321255	100	2	4200                              	29102	0	9321255	0
0.5	2100	967	0	834491	16	9321255	100	2	4200                              	34692	0	9321255	0
0.5	2100	1193	0	893517	16	9321255	100	2	4200                              	39217	0	9321255	0
0.5	2100	1220	0	900517	16	9321255	100	2	4200                              	34887	0	9321255	0
0.5	2100	902	0	816850	16	9321255	100	2	4200                              	35030	0	9321255	0
0.5	2100	1004	0	844207	16	9321255	100	2	4200                              	36724	0	9321255	0
0.5	2100	1205	0	896498	16	9321255	100	2	4200                              	37641	0	9321255	0
0.5	2100	1204	0	896838	16	9321255	100	2	4200                              	35534	0	9321255	0
0.5	2100	1105	0	870224	16	9321255	100	2	4200                              	37591	0	9321255	0
0.5	2100	1003	0	843505	16	9321255	100	2	4200                              	32961	0	9321255	0
0.5	2100	981	0	837715	16	9321255	100	2	4200                              	34920	0	9321255	0
0.5	2100	1110	0	871758	16	9321255	100	2	4200                              	36332	0	9321255	0
0.5	2100	1233	0	904044	16	9321255	100	2	4200                              	35162	0	9321255	0
0.5	2100	977	0	837025	16	9321255	100	2	4200                              	36402	0	9321255	0
0.5	2100	1029	0	850252	16	9321255	100	2	4200                              	34737	0	9321255	0
0.5	2100	1053	0	856407	16	9321255	100	2	4200                              	35541	0	9321255	0
0.5	2100	1148	0	882173	16	9321255	100	2	4200                              	35276	0	9321255	0
0.5	3100	942	0	944158	16	9321255	100	2	6200                              	30918	0	9321255	0
0.5	3100	937	0	942392	16	9321255	100	2	6200                              	35864	0	9321255	0
0.5	3100	978	0	957795	16	9321255	100	2	6200                              	31939	0	9321255	0
0.5	3100	769	0	876741	16	9321255	100	2	6200                              	33209	0	9321255	0
0.5	3100	994	0	963943	16	9321255	100	2	6200                              	29377	0	9321255	0
0.5	3100	893	0	925248	16	9321255	100	2	6200                              	35479	0	9321255	0
0.5	3100	849	0	908926	16	9321255	100	2	6200                              	35136	0	9321255	0
0.5	3100	1042	0	983175	16	9321255	100	2	6200                              	37212	0	9321255	0
0.5	3100	939	0	943939	16	9321255	100	2	6200                              	26847	0	9321255	0
0.5	3100	744	0	867416	16	9321255	100	2	6200                              	33671	0	9321255	0
0.5	3100	820	0	897155	16	9321255	100	2	6200                              	37632	0	9321255	0
0.5	3100	922	0	936232	16	9321255	100	2	6200                              	31213	0	9321255	0
0.5	3100	918	0	934876	16	9321255	100	2	6200                              	32455	0	9321255	0
0.5	3100	965	0	952821	16	9321255	100	2	6200                              	34560	0	9321255	0
0.5	3100	933	0	940815	16	9321255	100	2	6200                              	32258	0	9321255	0
0.5	3100	778	0	880359	16	9321255	100	2	6200                              	34174	0	9321255	0
0.5	3100	869	0	915801	16	9321255	100	2	6200                              	35671	0	9321255	0
0.5	3100	926	0	937800	16	9321255	100	2	6200                              	34122	0	9321255	0
0.5	3100	851	0	908593	16	9321255	100	2	6200                              	32608	0	9321255	0
0.5	3100	950	0	947858	16	9321255	100	2	6200                              	33469	0	9321255	0
0.5	3100	941	0	943716	16	9321255	100	2	6200                              	35751	0	9321255	0
0.5	3100	1092	0	1002612	16	9321255	100	2	6200                              	31964	0	9321255	0
0.5	3100	854	0	910129	16	9321255	100	2	6200                              	31621	0	9321255	0
0.5	3100	823	0	897980	16	9321255	100	2	6200                              	30966	0	9321255	0
0.5	3100	861	0	913322	16	9321255	100	2	6200                              	29909	0	9321255	0
0.5	3100	1038	0	981926	16	9321255	100	2	6200                              	31536	0	9321255	0
0.5	3100	909	0	930988	16	9321255	100	2	6200                              	36024	0	9321255	0
0.5	3100	914	0	932352	16	9321255	100	2	6200                              	35776	0	9321255	0
0.5	3100	910	0	932006	16	9321255	100	2	6200                              	36490	0	9321255	0
0.5	3100	893	0	925376	16	9321255	100	2	6200                              	33600	0	9321255	0
0.5	3100	944	0	944903	16	9321255	100	2	6200                              	36242	0	9321255	0
0.5	3100	846	0	906646	16	9321255	100	2	6200                              	31216	0	9321255	0
0.5	3100	1102	0	1006495	16	9321255	100	2	6200                              	36470	0	9321255	0
0.5	3100	886	0	922857	16	9321255	100	2	6200                              	31119	0	9321255	0
0.5	3100	917	0	935029	16	9321255	100	2	6200                              	34901	0	9321255	0
0.5	3100	850	0	908851	16	9321255	100	2	6200                              	36308	0	9321255	0
0.5	3100	944	0	945353	16	9321255	100	2	6200                              	27452	0	9321255	0
0.5	3100	928	0	938516	16	9321255	100	2	6200                              	31290	0	9321255	0
0.5	3100	849	0	908708	16	9321255	100	2	6200                              	30154	0	9321255	0
0.5	3100	806	0	891965	16	9321255	100	2	6200                              	33690	0	9321255	0
0.5	3100	1065	0	991848	16	9321255	100	2	6200                              	28881	0	9321255	0
0.5	3100	886	0	923025	16	9321255	100	2	6200                              	34205	0	9321255	0
0.5	3100	1053	0	987251	16	9321255	100	2	6200                              	36465	0	9321255	0
0.5	3100	944	0	944597	16	9321255	100	2	6200                              	36158	0	9321255	0
0.5	3100	930	0	939305	16	9321255	100	2	6200                              	32195	0	9321255	0
0.5	3100	809	0	892780	16	9321255	100	2	6200                              	31951	0	9321255	0
0.5	3100	913	0	932480	16	9321255	100	2	6200                              	33927	0	9321255	0
0.5	3100	911	0	933331	16	9321255	100	2	6200                              	36016	0	9321255	0
0.5	3100	901	0	928721	16	9321255	100	2	6200                              	33390	0	9321255	0
0.5	3100	885	0	922872	16	9321255	100	2	6200                              	31449	0	9321255	0
0.5	3100	966	0	954274	16	9321255	100	2	6200                              	32049	0	9321255	0
0.5	3100	834	0	902585	16	9321255	100	2	6200                              	34040	0	9321255	0
0.5	3100	826	0	899667	16	9321255	100	2	6200                              	35562	0	9321255	0
0.5	3100	948	0	946587	16	9321255	100	2	6200                              	36772	0	9321255	0
0.5	3100	893	0	925370	16	9321255	100	2	6200                              	30952	0	9321255	0
0.5	3100	923	0	936648	16	9321255	100	2	6200                              	30939	0	9321255	0
0.5	3100	915	0	934448	16	9321255	100	2	6200                              	31676	0	9321255	0
0.5	3100	899	0	928136	16	9321255	100	2	6200                              	37827	0	9321255	0
0.5	3100	982	0	959798	16	9321255	100	2	6200                              	34513	0	9321255	0
0.5	3100	860	0	913021	16	9321255	100	2	6200                              	32885	0	9321255	0
0.5	3100	902	0	928356	16	9321255	100	2	6200                              	32095	0	9321255	0
0.5	3100	916	0	934703	16	9321255	100	2	6200                              	37491	0	9321255	0
0.5	3100	908	0	930881	16	9321255	100	2	6200                              	34215	0	9321255	0
0.5	3100	905	0	929954	16	9321255	100	2	6200                              	35574	0	9321255	0
0.5	3100	897	0	927349	16	9321255	100	2	6200                              	36140	0	9321255	0
0.5	3100	887	0	922410	16	9321255	100	2	6200                              	31901	0	9321255	0
0.5	3100	788	0	884755	16	9321255	100	2	6200                              	32072	0	9321255	0
0.5	3100	744	0	867931	16	9321255	100	2	6200                              	36452	0	9321255	0
0.5	3100	819	0	896797	16	9321255	100	2	6200                              	31374	0	9321255	0
0.5	3100	792	0	885896	16	9321255	100	2	6200                              	30979	0	9321255	0
0.5	3100	882	0	920312	16	9321255	100	2	6200                              	32037	0	9321255	0
0.5	3100	838	0	904271	16	9321255	100	2	6200                              	34281	0	9321255	0
0.5	3100	790	0	885663	16	9321255	100	2	6200                              	35152	0	9321255	0
0.5	3100	1105	0	1007473	16	9321255	100	2	6200                              	36486	0	9321255	0
0.5	3100	808	0	892914	16	9321255	100	2	6200                              	35418	0	9321255	0
0.5	3100	952	0	948244	16	9321255	100	2	6200                              	35080	0	9321255	0
0.5	3100	982	0	960103	16	9321255	100	2	6200                              	37113	0	9321255	0
0.5	3100	953	0	948801	16	9321255	100	2	6200                              	33737	0	9321255	0
0.5	3100	863	0	913936	16	9321255	100	2	6200                              	36387	0	9321255	0
0.5	3100	928	0	938670	16	9321255	100	2	6200                              	33903	0	9321255	0
0.5	3100	775	0	879415	16	9321255	100	2	6200                              	33778	0	9321255	0
0.5	3100	753	0	870769	16	9321255	100	2	6200                              	30143	0	9321255	0
0.5	3100	919	0	935982	16	9321255	100	2	6200                              	34351	0	9321255	0
0.5	3100	827	0	899402	16	9321255	100	2	6200                              	32267	0	9321255	0
0.5	3100	944	0	945508	16	9321255	100	2	6200                              	33120	0	9321255	0
0.5	3100	942	0	943675	16	9321255	100	2	6200                              	32389	0	9321255	0
0.5	3100	881	0	920935	16	9321255	100	2	6200                              	34376	0	9321255	0
0.5	3100	932	0	939786	16	9321255	100	2	6200                              	34823	0	9321255	0
0.5	3100	932	0	940542	16	9321255	100	2	6200                              	29204	0	9321255	0
0.5	3100	897	0	926622	16	9321255	100	2	6200                              	35690	0	9321255	0
0.5	3100	986	0	960659	16	9321255	100	2	6200                              	36171	0	9321255	0
0.5	3100	803	0	890862	16	9321255	100	2	6200                              	35064	0	9321255	0
0.5	3100	910	0	931993	16	9321255	100	2	6200                              	29573	0	9321255	0
0.5	3100	816	0	894926	16	9321255	100	2	6200                              	32401	0	9321255	0
0.5	3100	762	0	874428	16	9321255	100	2	6200                              	27623	0	9321255	0
0.5	3100	1090	0	1001626	16	9321255	100	2	6200                              	36930	0	9321255	0
0.5	3100	909	0	931607	16	9321255	100	2	6200                              	33462	0	9321255	0
0.5	3100	915	0	933065	16	9321255	100	2	6200                              	34730	0	9321255	0
0.5	3100	942	0	944210	16	9321255	100	2	6200                              	32126	0	9321255	0
0.5	3100	942	0	943154	16	9321255	100	2	6200                              	35483	0	9321255	0
0.5	4100	845	0	1011794	16	9321255	100	2	8200                              	33484	0	9321255	0
0.5	4100	873	0	1026399	16	9321255	100	2	8200                              	35152	0	9321255	0
0.5	4100	863	0	1021144	16	9321255	100	2	8200                              	30912	0	9321255	0
0.5	4100	847	0	1011597	16	9321255	100	2	8200                              	31087	0	9321255	0
0.5	4100	1002	0	1091306	16	9321255	100	2	8200                              	34836	0	9321255	0
0.5	4100	768	0	971720	16	9321255	100	2	8200                              	30606	0	9321255	0
0.5	4100	858	0	1018434	16	9321255	100	2	8200                              	33449	0	9321255	0
0.5	4100	1030	0	1105611	16	9321255	100	2	8200                              	34940	0	9321255	0
0.5	4100	825	0	1000273	16	9321255	100	2	8200                              	29331	0	9321255	0
0.5	4100	826	0	1002221	16	9321255	100	2	8200                              	33494	0	9321255	0
0.5	4100	829	0	1003559	16	9321255	100	2	8200                              	33244	0	9321255	0
0.5	4100	982	0	1082197	16	9321255	100	2	8200                              	26779	0	9321255	0
0.5	4100	861	0	1019902	16	9321255	100	2	8200                              	33899	0	9321255	0
0.5	4100	828	0	1002748	16	9321255	100	2	8200                              	28825	0	9321255	0
0.5	4100	830	0	1002922	16	9321255	100	2	8200                              	29697	0	9321255	0
0.5	4100	868	0	1022570	16	9321255	100	2	8200                              	32923	0	9321255	0
0.5	4100	925	0	1051923	16	9321255	100	2	8200                              	34802	0	9321255	0
0.5	4100	708	0	941689	16	9321255	100	2	8200                              	28514	0	9321255	0
0.5	4100	804	0	990008	16	9321255	100	2	8200                              	30596	0	9321255	0
0.5	4100	835	0	1006913	16	9321255	100	2	8200                              	31651	0	9321255	0
0.5	4100	759	0	967387	16	9321255	100	2	8200                              	34085	0	9321255	0
0.5	4100	723	0	948602	16	9321255	100	2	8200                              	30658	0	9321255	0
0.5	4100	810	0	993391	16	9321255	100	2	8200                              	28277	0	9321255	0
0.5	4100	896	0	1037818	16	9321255	100	2	8200                              	35287	0	9321255	0
0.5	4100	699	0	937496	16	9321255	100	2	8200                              	35769	0	9321255	0
0.5	4100	780	0	978030	16	9321255	100	2	8200                              	31798	0	9321255	0
0.5	4100	853	0	1014737	16	9321255	100	2	8200                              	31367	0	9321255	0
0.5	4100	835	0	1005912	16	9321255	100	2	8200                              	36139	0	9321255	0
0.5	4100	725	0	950297	16	9321255	100	2	8200                              	31745	0	9321255	0
0.5	4100	882	0	1029417	16	9321255	100	2	8200                              	34853	0	9321255	0
0.5	4100	800	0	989404	16	9321255	100	2	8200                              	30626	0	9321255	0
0.5	4100	892	0	1035590	16	9321255	100	2	8200                              	29354	0	9321255	0
0.5	4100	731	0	952011	16	9321255	100	2	8200                              	28844	0	9321255	0
0.5	4100	811	0	994387	16	9321255	100	2	8200                              	32509	0	9321255	0
0.5	4100	781	0	978835	16	9321255	100	2	8200                              	32902	0	9321255	0
0.5	4100	747	0	960750	16	9321255	100	2	8200                              	33454	0	9321255	0
0.5	4100	817	0	996878	16	9321255	100	2	8200                              	35251	0	9321255	0
0.5	4100	851	0	1014713	16	9321255	100	2	8200                              	30553	0	9321255	0
0.5	4100	916	0	1048153	16	9321255	100	2	8200                              	29740	0	9321255	0
0.5	4100	738	0	955910	16	9321255	100	2	8200                              	27499	0	9321255	0
0.5	4100	825	0	1001663	16	9321255	100	2	8200                              	30463	0	9321255	0
0.5	4100	773	0	975158	16	9321255	100	2	8200                              	34629	0	9321255	0
0.5	4100	927	0	1053367	16	9321255	100	2	8200                              	34068	0	9321255	0
0.5	4100	967	0	1074208	16	9321255	100	2	8200                              	30348	0	9321255	0
0.5	4100	909	0	1043686	16	9321255	100	2	8200                              	25514	0	9321255	0
0.5	4100	804	0	989567	16	9321255	100	2	8200                              	29970	0	9321255	0
0.5	4100	771	0	974277	16	9321255	100	2	8200                              	31791	0	9321255	0
0.5	4100	719	0	946938	16	9321255	100	2	8200                              	34478	0	9321255	0
0.5	4100	822	0	999346	16	9321255	100	2	8200                              	31080	0	9321255	0
0.5	4100	685	0	929433	16	9321255	100	2	8200                              	27516	0	9321255	0
0.5	4100	705	0	939635	16	9321255	100	2	8200                              	29343	0	9321255	0
0.5	4100	749	0	962028	16	9321255	100	2	8200                              	34307	0	9321255	0
0.5	4100	826	0	1001491	16	9321255	100	2	8200                              	34431	0	9321255	0
0.5	4100	698	0	936039	16	9321255	100	2	8200                              	29868	0	9321255	0
0.5	4100	846	0	1011405	16	9321255	100	2	8200                              	31607	0	9321255	0
0.5	4100	899	0	1038578	16	9321255	100	2	8200                              	32086	0	9321255	0
0.5	4100	727	0	951501	16	9321255	100	2	8200                              	31218	0	9321255	0
0.5	4100	690	0	931842	16	9321255	100	2	8200                              	28650	0	9321255	0
0.5	4100	856	0	1017315	16	9321255	100	2	8200                              	32847	0	9321255	0
0.5	4100	813	0	994893	16	9321255	100	2	8200                              	28851	0	9321255	0
0.5	4100	895	0	1036714	16	9321255	100	2	8200                              	30440	0	9321255	0
0.5	4100	1031	0	1107272	16	9321255	100	2	8200                              	33253	0	9321255	0
0.5	4100	687	0	930163	16	9321255	100	2	8200                              	29471	0	9321255	0
0.5	4100	865	0	1021218	16	9321255	100	2	8200                              	29249	0	9321255	0
0.5	4100	858	0	1019093	16	9321255	100	2	8200                              	29875	0	9321255	0
0.5	4100	778	0	976780	16	9321255	100	2	8200                              	33974	0	9321255	0
0.5	4100	829	0	1002518	16	9321255	100	2	8200                              	29463	0	9321255	0
0.5	4100	757	0	965961	16	9321255	100	2	8200                              	27485	0	9321255	0
0.5	4100	707	0	940787	16	9321255	100	2	8200                              	32698	0	9321255	0
0.5	4100	898	0	1037373	16	9321255	100	2	8200                              	30403	0	9321255	0
0.5	4100	853	0	1014655	16	9321255	100	2	8200                              	29656	0	9321255	0
0.5	4100	905	0	1041910	16	9321255	100	2	8200                              	33321	0	9321255	0
0.5	4100	858	0	1017904	16	9321255	100	2	8200                              	32598	0	9321255	0
0.5	4100	827	0	1002337	16	9321255	100	2	8200                              	29437	0	9321255	0
0.5	4100	816	0	996397	16	9321255	100	2	8200                              	30068	0	9321255	0
0.5	4100	736	0	954930	16	9321255	100	2	8200                              	29891	0	9321255	0
0.5	4100	896	0	1037468	16	9321255	100	2	8200                              	32736	0	9321255	0
0.5	4100	889	0	1034554	16	9321255	100	2	8200                              	31393	0	9321255	0
0.5	4100	696	0	934920	16	9321255	100	2	8200                              	32136	0	9321255	0
0.5	4100	740	0	957325	16	9321255	100	2	8200                              	34945	0	9321255	0
0.5	4100	747	0	959810	16	9321255	100	2	8200                              	33530	0	9321255	0
0.5	4100	831	0	1003777	16	9321255	100	2	8200                              	30632	0	9321255	0
0.5	4100	652	0	911769	16	9321255	100	2	8200                              	31135	0	9321255	0
0.5	4100	811	0	993207	16	9321255	100	2	8200                              	30839	0	9321255	0
0.5	4100	788	0	982486	16	9321255	100	2	8200                              	29052	0	9321255	0
0.5	4100	805	0	991122	16	9321255	100	2	8200                              	35729	0	9321255	0
0.5	4100	816	0	995546	16	9321255	100	2	8200                              	33316	0	9321255	0
0.5	4100	581	0	876796	16	9321255	100	2	8200                              	34741	0	9321255	0
0.5	4100	803	0	989150	16	9321255	100	2	8200                              	33366	0	9321255	0
0.5	4100	738	0	956935	16	9321255	100	2	8200                              	32827	0	9321255	0
0.5	4100	776	0	975899	16	9321255	100	2	8200                              	30342	0	9321255	0
0.5	4100	760	0	968599	16	9321255	100	2	8200                              	30969	0	9321255	0
0.5	4100	885	0	1031889	16	9321255	100	2	8200                              	26524	0	9321255	0
0.5	4100	749	0	961935	16	9321255	100	2	8200                              	33532	0	9321255	0
0.5	4100	844	0	1010816	16	9321255	100	2	8200                              	30637	0	9321255	0
0.5	4100	638	0	904900	16	9321255	100	2	8200                              	28099	0	9321255	0
0.5	4100	847	0	1011907	16	9321255	100	2	8200                              	31100	0	9321255	0
0.5	4100	917	0	1047098	16	9321255	100	2	8200                              	31313	0	9321255	0
0.5	4100	1065	0	1123549	16	9321255	100	2	8200                              	34774	0	9321255	0
0.5	4100	903	0	1039966	16	9321255	100	2	8200                              	31809	0	9321255	0
0.5	5100	767	0	1065434	16	9321255	100	2	10200                              	25672	0	9321255	0
0.5	5100	890	0	1144234	16	9321255	100	2	10200                              	27420	0	9321255	0
0.5	5100	763	0	1063914	16	9321255	100	2	10200                              	32921	0	9321255	0
0.5	5100	753	0	1056471	16	9321255	100	2	10200                              	31165	0	9321255	0
0.5	5100	731	0	1042341	16	9321255	100	2	10200                              	27792	0	9321255	0
0.5	5100	607	0	965164	16	9321255	100	2	10200                              	25625	0	9321255	0
0.5	5100	978	0	1199318	16	9321255	100	2	10200                              	30277	0	9321255	0
0.5	5100	711	0	1030173	16	9321255	100	2	10200                              	28507	0	9321255	0
0.5	5100	774	0	1069427	16	9321255	100	2	10200                              	29734	0	9321255	0
0.5	5100	783	0	1074845	16	9321255	100	2	10200                              	30836	0	9321255	0
0.5	5100	787	0	1079358	16	9321255	100	2	10200                              	27847	0	9321255	0
0.5	5100	719	0	1034955	16	9321255	100	2	10200                              	21607	0	9321255	0
0.5	5100	764	0	1065507	16	9321255	100	2	10200                              	27319	0	9321255	0
0.5	5100	624	0	974861	16	9321255	100	2	10200                              	30094	0	9321255	0
0.5	5100	859	0	1125122	16	9321255	100	2	10200                              	35298	0	9321255	0
0.5	5100	735	0	1046080	16	9321255	100	2	10200                              	30111	0	9321255	0
0.5	5100	737	0	1047636	16	9321255	100	2	10200                              	27911	0	9321255	0
0.5	5100	839	0	1112481	16	9321255	100	2	10200                              	26963	0	9321255	0
0.5	5100	734	0	1044482	16	9321255	100	2	10200                              	33450	0	9321255	0
0.5	5100	791	0	1080893	16	9321255	100	2	10200                              	32845	0	9321255	0
0.5	5100	695	0	1020555	16	9321255	100	2	10200                              	31542	0	9321255	0
0.5	5100	727	0	1041689	16	9321255	100	2	10200                              	31253	0	9321255	0
0.5	5100	743	0	1050671	16	9321255	100	2	10200                              	28160	0	9321255	0
0.5	5100	707	0	1026235	16	9321255	100	2	10200                              	29235	0	9321255	0
0.5	5100	802	0	1088097	16	9321255	100	2	10200                              	32662	0	9321255	0
0.5	5100	704	0	1024445	16	9321255	100	2	10200                              	31672	0	9321255	0
0.5	5100	773	0	1070072	16	9321255	100	2	10200                              	32381	0	9321255	0
0.5	5100	735	0	1045328	16	9321255	100	2	10200                              	25402	0	9321255	0
0.5	5100	866	0	1130209	16	9321255	100	2	10200                              	29456	0	9321255	0
0.5	5100	745	0	1052068	16	9321255	100	2	10200                              	32022	0	9321255	0
0.5	5100	777	0	1074037	16	9321255	100	2	10200                              	30065	0	9321255	0
0.5	5100	696	0	1020962	16	9321255	100	2	10200                              	31997	0	9321255	0
0.5	5100	670	0	1003360	16	9321255	100	2	10200                              	31743	0	9321255	0
0.5	5100	873	0	1134095	16	9321255	100	2	10200                              	34242	0	9321255	0
0.5	5100	681	0	1010550	16	9321255	100	2	10200                              	28377	0	9321255	0
0.5	5100	780	0	1074568	16	9321255	100	2	10200                              	30102	0	9321255	0
0.5	5100	692	0	1017401	16	9321255	100	2	10200                              	32358	0	9321255	0
0.5	5100	805	0	1090120	16	9321255	100	2	10200                              	29253	0	9321255	0
0.5	5100	736	0	1045712	16	9321255	100	2	10200                              	29418	0	9321255	0
0.5	5100	716	0	1034315	16	9321255	100	2	10200                              	27419	0	9321255	0
0.5	5100	657	0	996539	16	9321255	100	2	10200                              	29448	0	9321255	0
0.5	5100	752	0	1056183	16	9321255	100	2	10200                              	28877	0	9321255	0
0.5	5100	731	0	1044465	16	9321255	100	2	10200                              	30871	0	9321255	0
0.5	5100	733	0	1044565	16	9321255	100	2	10200                              	30115	0	9321255	0
0.5	5100	697	0	1021897	16	9321255	100	2	10200                              	29549	0	9321255	0
0.5	5100	906	0	1154431	16	9321255	100	2	10200                              	31671	0	9321255	0
0.5	5100	726	0	1040256	16	9321255	100	2	10200                              	30479	0	9321255	0
0.5	5100	697	0	1021584	16	9321255	100	2	10200                              	28609	0	9321255	0
0.5	5100	880	0	1136745	16	9321255	100	2	10200                              	34027	0	9321255	0
0.5	5100	741	0	1049595	16	9321255	100	2	10200                              	33149	0	9321255	0
0.5	5100	693	0	1018141	16	9321255	100	2	10200                              	28143	0	9321255	0
0.5	5100	714	0	1031330	16	9321255	100	2	10200                              	32860	0	9321255	0
0.5	5100	803	0	1089546	16	9321255	100	2	10200                              	29221	0	9321255	0
0.5	5100	778	0	1073791	16	9321255	100	2	10200                              	29968	0	9321255	0
0.5	5100	714	0	1031946	16	9321255	100	2	10200                              	28543	0	9321255	0
0.5	5100	665	0	1001864	16	9321255	100	2	10200                              	31143	0	9321255	0
0.5	5100	740	0	1049598	16	9321255	100	2	10200                              	28788	0	9321255	0
0.5	5100	785	0	1078004	16	9321255	100	2	10200                              	29702	0	9321255	0
0.5	5100	839	0	1111609	16	9321255	100	2	10200                              	27172	0	9321255	0
0.5	5100	798	0	1085973	16	9321255	100	2	10200                              	26462	0	9321255	0
0.5	5100	755	0	1057835	16	9321255	100	2	10200                              	32034	0	9321255	0
0.5	5100	695	0	1020499	16	9321255	100	2	10200                              	28105	0	9321255	0
0.5	5100	697	0	1020928	16	9321255	100	2	10200                              	30722	0	9321255	0
0.5	5100	677	0	1009482	16	9321255	100	2	10200                              	33333	0	9321255	0
0.5	5100	796	0	1085686	16	9321255	100	2	10200                              	29935	0	9321255	0
0.5	5100	704	0	1026921	16	9321255	100	2	10200                              	29329	0	9321255	0
0.5	5100	608	0	963395	16	9321255	100	2	10200                              	26150	0	9321255	0
0.5	5100	798	0	1085883	16	9321255	100	2	10200                              	33954	0	9321255	0
0.5	5100	777	0	1071942	16	9321255	100	2	10200                              	28958	0	9321255	0
0.5	5100	781	0	1076249	16	9321255	100	2	10200                              	25981	0	9321255	0
0.5	5100	732	0	1043619	16	9321255	100	2	10200                              	24479	0	9321255	0
0.5	5100	620	0	971810	16	9321255	100	2	10200                              	28739	0	9321255	0
0.5	5100	732	0	1043363	16	9321255	100	2	10200                              	34098	0	9321255	0
0.5	5100	703	0	1026045	16	9321255	100	2	10200                              	31983	0	9321255	0
0.5	5100	728	0	1040601	16	9321255	100	2	10200                              	29330	0	9321255	0
0.5	5100	687	0	1016644	16	9321255	100	2	10200                              	31202	0	9321255	0
0.5	5100	694	0	1020038	16	9321255	100	2	10200                              	32526	0	9321255	0
0.5	5100	856	0	1122262	16	9321255	100	2	10200                              	25943	0	9321255	0
0.5	5100	722	0	1038178	16	9321255	100	2	10200                              	33218	0	9321255	0
0.5	5100	653	0	994110	16	9321255	100	2	10200                              	29680	0	9321255	0
0.5	5100	735	0	1045376	16	9321255	100	2	10200                              	26622	0	9321255	0
0.5	5100	725	0	1038544	16	9321255	100	2	10200                              	30684	0	9321255	0
0.5	5100	781	0	1074918	16	9321255	100	2	10200                              	31811	0	9321255	0
0.5	5100	708	0	1029860	16	9321255	100	2	10200                              	26662	0	9321255	0
0.5	5100	781	0	1074985	16	9321255	100	2	10200                              	29117	0	9321255	0
0.5	5100	849	0	1118090	16	9321255	100	2	10200                              	29951	0	9321255	0
0.5	5100	736	0	1045916	16	9321255	100	2	10200                              	35239	0	9321255	0
0.5	5100	809	0	1092506	16	9321255	100	2	10200                              	31241	0	9321255	0
0.5	5100	750	0	1056150	16	9321255	100	2	10200                              	29242	0	9321255	0
0.5	5100	737	0	1047157	16	9321255	100	2	10200                              	31725	0	9321255	0
0.5	5100	703	0	1025422	16	9321255	100	2	10200                              	27735	0	9321255	0
0.5	5100	643	0	986301	16	9321255	100	2	10200                              	33236	0	9321255	0
0.5	5100	726	0	1039245	16	9321255	100	2	10200                              	27607	0	9321255	0
0.5	5100	743	0	1049768	16	9321255	100	2	10200                              	32258	0	9321255	0
0.5	5100	769	0	1066278	16	9321255	100	2	10200                              	31476	0	9321255	0
0.5	5100	699	0	1024574	16	9321255	100	2	10200                              	29858	0	9321255	0
0.5	5100	809	0	1094142	16	9321255	100	2	10200                              	28286	0	9321255	0
0.5	5100	727	0	1040130	16	9321255	100	2	10200                              	28684	0	9321255	0
0.5	5100	665	0	1002153	16	9321255	100	2	10200                              	33280	0	9321255	0
0.5	5100	793	0	1082776	16	9321255	100	2	10200                              	26526	0	9321255	0
0.5	6100	686	0	1100371	16	9321255	100	2	12200                              	29550	0	9321255	0
0.5	6100	629	0	1055333	16	9321255	100	2	12200                              	29143	0	9321255	0
0.5	6100	712	0	1118190	16	9321255	100	2	12200                              	21363	0	9321255	0
0.5	6100	752	0	1150918	16	9321255	100	2	12200                              	22956	0	9321255	0
0.5	6100	665	0	1081002	16	9321255	100	2	12200                              	32442	0	9321255	0
0.5	6100	707	0	1112910	16	9321255	100	2	12200                              	32224	0	9321255	0
0.5	6100	783	0	1171882	16	9321255	100	2	12200                              	29067	0	9321255	0
0.5	6100	625	0	1053052	16	9321255	100	2	12200                              	27833	0	9321255	0
0.5	6100	703	0	1112676	16	9321255	100	2	12200                              	27814	0	9321255	0
0.5	6100	683	0	1095663	16	9321255	100	2	12200                              	28972	0	9321255	0
0.5	6100	858	0	1230141	16	9321255	100	2	12200                              	26174	0	9321255	0
0.5	6100	643	0	1066561	16	9321255	100	2	12200                              	28205	0	9321255	0
0.5	6100	716	0	1121224	16	9321255	100	2	12200                              	30048	0	9321255	0
0.5	6100	669	0	1085189	16	9321255	100	2	12200                              	22823	0	9321255	0
0.5	6100	611	0	1041480	16	9321255	100	2	12200                              	28007	0	9321255	0
0.5	6100	756	0	1152205	16	9321255	100	2	12200                              	30062	0	9321255	0
0.5	6100	685	0	1099003	16	9321255	100	2	12200                              	31653	0	9321255	0
0.5	6100	655	0	1074411	16	9321255	100	2	12200                              	23697	0	9321255	0
0.5	6100	643	0	1067099	16	9321255	100	2	12200                              	29966	0	9321255	0
0.5	6100	825	0	1207377	16	9321255	100	2	12200                              	25246	0	9321255	0
0.5	6100	764	0	1158231	16	9321255	100	2	12200                              	24389	0	9321255	0
0.5	6100	623	0	1051386	16	9321255	100	2	12200                              	25832	0	9321255	0
0.5	6100	689	0	1100330	16	9321255	100	2	12200                              	31030	0	9321255	0
0.5	6100	586	0	1024513	16	9321255	100	2	12200                              	25445	0	9321255	0
0.5	6100	659	0	1077865	16	9321255	100	2	12200                              	32397	0	9321255	0
0.5	6100	709	0	1116695	16	9321255	100	2	12200                              	28195	0	9321255	0
0.5	6100	722	0	1126283	16	9321255	100	2	12200                              	25102	0	9321255	0
0.5	6100	782	0	1172729	16	9321255	100	2	12200                              	31509	0	9321255	0
0.5	6100	755	0	1151040	16	9321255	100	2	12200                              	26332	0	9321255	0
0.5	6100	775	0	1166714	16	9321255	100	2	12200                              	28235	0	9321255	0
0.5	6100	733	0	1135289	16	9321255	100	2	12200                              	25866	0	9321255	0
0.5	6100	786	0	1174413	16	9321255	100	2	12200                              	30683	0	9321255	0
0.5	6100	730	0	1134240	16	9321255	100	2	12200                              	33663	0	9321255	0
0.5	6100	674	0	1090113	16	9321255	100	2	12200                              	27518	0	9321255	0
0.5	6100	659	0	1078439	16	9321255	100	2	12200                              	27825	0	9321255	0
0.5	6100	733	0	1134817	16	9321255	100	2	12200                              	29780	0	9321255	0
0.5	6100	646	0	1068769	16	9321255	100	2	12200                              	25672	0	9321255	0
0.5	6100	674	0	1089545	16	9321255	100	2	12200                              	27844	0	9321255	0
0.5	6100	704	0	1112134	16	9321255	100	2	12200                              	24227	0	9321255	0
0.5	6100	744	0	1142735	16	9321255	100	2	12200                              	32374	0	9321255	0
0.5	6100	672	0	1087483	16	9321255	100	2	12200                              	32214	0	9321255	0
0.5	6100	719	0	1123852	16	9321255	100	2	12200                              	29435	0	9321255	0
0.5	6100	621	0	1048863	16	9321255	100	2	12200                              	30641	0	9321255	0
0.5	6100	626	0	1052043	16	9321255	100	2	12200                              	25218	0	9321255	0
0.5	6100	636	0	1059802	16	9321255	100	2	12200                              	28533	0	9321255	0
0.5	6100	771	0	1164353	16	9321255	100	2	12200                              	29415	0	9321255	0
0.5	6100	626	0	1052963	16	9321255	100	2	12200                              	27514	0	9321255	0
0.5	6100	634	0	1059824	16	9321255	100	2	12200                              	29851	0	9321255	0
0.5	6100	757	0	1152098	16	9321255	100	2	12200                              	29512	0	9321255	0
0.5	6100	613	0	1043965	16	9321255	100	2	12200                              	28490	0	9321255	0
0.5	6100	612	0	1042780	16	9321255	100	2	12200                              	28780	0	9321255	0
0.5	6100	658	0	1077303	16	9321255	100	2	12200                              	27625	0	9321255	0
0.5	6100	829	0	1208478	16	9321255	100	2	12200                              	31480	0	9321255	0
0.5	6100	674	0	1089582	16	9321255	100	2	12200                              	31695	0	9321255	0
0.5	6100	731	0	1133129	16	9321255	100	2	12200                              	31960	0	9321255	0
0.5	6100	610	0	1041246	16	9321255	100	2	12200                              	32996	0	9321255	0
0.5	6100	651	0	1073160	16	9321255	100	2	12200                              	24032	0	9321255	0
0.5	6100	707	0	1116193	16	9321255	100	2	12200                              	27410	0	9321255	0
0.5	6100	696	0	1106017	16	9321255	100	2	12200                              	29769	0	9321255	0
0.5	6100	723	0	1127587	16	9321255	100	2	12200                              	26559	0	9321255	0
0.5	6100	684	0	1097205	16	9321255	100	2	12200                              	27557	0	9321255	0
0.5	6100	702	0	1112468	16	9321255	100	2	12200                              	28759	0	9321255	0
0.5	6100	721	0	1126538	16	9321255	100	2	12200                              	28382	0	9321255	0
0.5	6100	757	0	1154090	16	9321255	100	2	12200                              	26645	0	9321255	0
0.5	6100	705	0	1112947	16	9321255	100	2	12200                              	32123	0	9321255	0
0.5	6100	769	0	1162424	16	9321255	100	2	12200                              	26086	0	9321255	0
0.5	6100	642	0	1065244	16	9321255	100	2	12200                              	29303	0	9321255	0
0.5	6100	613	0	1043808	16	9321255	100	2	12200                              	32773	0	9321255	0
0.5	6100	688	0	1100387	16	9321255	100	2	12200                              	26914	0	9321255	0
0.5	6100	679	0	1091519	16	9321255	100	2	12200                              	22760	0	9321255	0
0.5	6100	761	0	1155540	16	9321255	100	2	12200                              	23426	0	9321255	0
0.5	6100	561	0	1003262	16	9321255	100	2	12200                              	27629	0	9321255	0
0.5	6100	717	0	1121323	16	9321255	100	2	12200                              	29990	0	9321255	0
0.5	6100	654	0	1075380	16	9321255	100	2	12200                              	23349	0	9321255	0
0.5	6100	837	0	1214232	16	9321255	100	2	12200                              	25615	0	9321255	0
0.5	6100	715	0	1121071	16	9321255	100	2	12200                              	27555	0	9321255	0
0.5	6100	687	0	1100902	16	9321255	100	2	12200                              	25046	0	9321255	0
0.5	6100	638	0	1061642	16	9321255	100	2	12200                              	29828	0	9321255	0
0.5	6100	779	0	1169947	16	9321255	100	2	12200                              	30224	0	9321255	0
0.5	6100	738	0	1138342	16	9321255	100	2	12200                              	28914	0	9321255	0
0.5	6100	560	0	1004184	16	9321255	100	2	12200                              	30521	0	9321255	0
0.5	6100	604	0	1036057	16	9321255	100	2	12200                              	32594	0	9321255	0
0.5	6100	737	0	1138762	16	9321255	100	2	12200                              	28256	0	9321255	0
0.5	6100	735	0	1138212	16	9321255	100	2	12200                              	27099	0	9321255	0
0.5	6100	625	0	1051696	16	9321255	100	2	12200                              	28739	0	9321255	0
0.5	6100	727	0	1130369	16	9321255	100	2	12200                              	25916	0	9321255	0
0.5	6100	719	0	1123423	16	9321255	100	2	12200                              	27462	0	9321255	0
0.5	6100	646	0	1069471	16	9321255	100	2	12200                              	28664	0	9321255	0
0.5	6100	780	0	1169328	16	9321255	100	2	12200                              	25471	0	9321255	0
0.5	6100	641	0	1064180	16	9321255	100	2	12200                              	28786	0	9321255	0
0.5	6100	744	0	1142762	16	9321255	100	2	12200                              	27672	0	9321255	0
0.5	6100	686	0	1100695	16	9321255	100	2	12200                              	24511	0	9321255	0
0.5	6100	698	0	1108016	16	9321255	100	2	12200                              	24935	0	9321255	0
0.5	6100	640	0	1064795	16	9321255	100	2	12200                              	31860	0	9321255	0
0.5	6100	602	0	1035394	16	9321255	100	2	12200                              	26835	0	9321255	0
0.5	6100	790	0	1177026	16	9321255	100	2	12200                              	28426	0	9321255	0
0.5	6100	633	0	1058296	16	9321255	100	2	12200                              	29243	0	9321255	0
0.5	6100	643	0	1066033	16	9321255	100	2	12200                              	31640	0	9321255	0
0.5	6100	723	0	1126649	16	9321255	100	2	12200                              	27396	0	9321255	0
0.5	6100	638	0	1062390	16	9321255	100	2	12200                              	27840	0	9321255	0
0.5	7100	592	0	1100325	16	9321255	100	2	14200                              	22483	0	9321255	0
0.5	7100	731	0	1222759	16	9321255	100	2	14200                              	20943	0	9321255	0
0.5	7100	655	0	1156476	16	9321255	100	2	14200                              	26984	0	9321255	0
0.5	7100	637	0	1139459	16	9321255	100	2	14200                              	25965	0	9321255	0
0.5	7100	621	0	1126123	16	9321255	100	2	14200                              	23876	0	9321255	0
0.5	7100	643	0	1145624	16	9321255	100	2	14200                              	27700	0	9321255	0
0.5	7100	585	0	1093179	16	9321255	100	2	14200                              	25947	0	9321255	0
0.5	7100	562	0	1074918	16	9321255	100	2	14200                              	29750	0	9321255	0
0.5	7100	740	0	1232128	16	9321255	100	2	14200                              	27879	0	9321255	0
0.5	7100	725	0	1219819	16	9321255	100	2	14200                              	27134	0	9321255	0
0.5	7100	631	0	1136315	16	9321255	100	2	14200                              	32844	0	9321255	0
0.5	7100	667	0	1167488	16	9321255	100	2	14200                              	31268	0	9321255	0
0.5	7100	613	0	1121121	16	9321255	100	2	14200                              	27460	0	9321255	0
0.5	7100	633	0	1136675	16	9321255	100	2	14200                              	23519	0	9321255	0
0.5	7100	644	0	1147561	16	9321255	100	2	14200                              	24655	0	9321255	0
0.5	7100	730	0	1221252	16	9321255	100	2	14200                              	22399	0	9321255	0
0.5	7100	653	0	1152765	16	9321255	100	2	14200                              	29539	0	9321255	0
0.5	7100	537	0	1050713	16	9321255	100	2	14200                              	26576	0	9321255	0
0.5	7100	621	0	1126005	16	9321255	100	2	14200                              	24219	0	9321255	0
0.5	7100	688	0	1185853	16	9321255	100	2	14200                              	26943	0	9321255	0
0.5	7100	579	0	1088715	16	9321255	100	2	14200                              	26766	0	9321255	0
0.5	7100	663	0	1163353	16	9321255	100	2	14200                              	26792	0	9321255	0
0.5	7100	719	0	1215055	16	9321255	100	2	14200                              	27747	0	9321255	0
0.5	7100	674	0	1174253	16	9321255	100	2	14200                              	25160	0	9321255	0
0.5	7100	677	0	1174508	16	9321255	100	2	14200                              	27697	0	9321255	0
0.5	7100	538	0	1052791	16	9321255	100	2	14200                              	31033	0	9321255	0
0.5	7100	766	0	1254060	16	9321255	100	2	14200                              	30361	0	9321255	0
0.5	7100	677	0	1176642	16	9321255	100	2	14200                              	25389	0	9321255	0
0.5	7100	681	0	1179742	16	9321255	100	2	14200                              	23451	0	9321255	0
0.5	7100	583	0	1091652	16	9321255	100	2	14200                              	30003	0	9321255	0
0.5	7100	660	0	1160196	16	9321255	100	2	14200                              	30538	0	9321255	0
0.5	7100	719	0	1212927	16	9321255	100	2	14200                              	29560	0	9321255	0
0.5	7100	745	0	1236207	16	9321255	100	2	14200                              	32240	0	9321255	0
0.5	7100	597	0	1103541	16	9321255	100	2	14200                              	24097	0	9321255	0
0.5	7100	725	0	1217586	16	9321255	100	2	14200                              	27536	0	9321255	0
0.5	7100	680	0	1176676	16	9321255	100	2	14200                              	30534	0	9321255	0
0.5	7100	524	0	1040702	16	9321255	100	2	14200                              	32252	0	9321255	0
0.5	7100	617	0	1122814	16	9321255	100	2	14200                              	27574	0	9321255	0
0.5	7100	652	0	1154446	16	9321255	100	2	14200                              	28763	0	9321255	0
0.5	7100	629	0	1132085	16	9321255	100	2	14200                              	26041	0	9321255	0
0.5	7100	696	0	1193826	16	9321255	100	2	14200                              	32202	0	9321255	0
0.5	7100	608	0	1115986	16	9321255	100	2	14200                              	24982	0	9321255	0
0.5	7100	650	0	1152402	16	9321255	100	2	14200                              	29536	0	9321255	0
0.5	7100	703	0	1198826	16	9321255	100	2	14200                              	27831	0	9321255	0
0.5	7100	820	0	1304209	16	9321255	100	2	14200                              	27701	0	9321255	0
0.5	7100	640	0	1145007	16	9321255	100	2	14200                              	32688	0	9321255	0
0.5	7100	603	0	1110272	16	9321255	100	2	14200                              	23524	0	9321255	0
0.5	7100	665	0	1164481	16	9321255	100	2	14200                              	26837	0	9321255	0
0.5	7100	701	0	1197493	16	9321255	100	2	14200                              	28246	0	9321255	0
0.5	7100	605	0	1112069	16	9321255	100	2	14200                              	24577	0	9321255	0
0.5	7100	673	0	1172558	16	9321255	100	2	14200                              	26626	0	9321255	0
0.5	7100	615	0	1121020	16	9321255	100	2	14200                              	29804	0	9321255	0
0.5	7100	624	0	1128969	16	9321255	100	2	14200                              	29742	0	9321255	0
0.5	7100	629	0	1132622	16	9321255	100	2	14200                              	32621	0	9321255	0
0.5	7100	601	0	1107165	16	9321255	100	2	14200                              	24357	0	9321255	0
0.5	7100	662	0	1162876	16	9321255	100	2	14200                              	25205	0	9321255	0
0.5	7100	598	0	1104347	16	9321255	100	2	14200                              	26699	0	9321255	0
0.5	7100	657	0	1157736	16	9321255	100	2	14200                              	27163	0	9321255	0
0.5	7100	655	0	1155064	16	9321255	100	2	14200                              	25763	0	9321255	0
0.5	7100	635	0	1137852	16	9321255	100	2	14200                              	31280	0	9321255	0
0.5	7100	600	0	1106949	16	9321255	100	2	14200                              	25566	0	9321255	0
0.5	7100	699	0	1194812	16	9321255	100	2	14200                              	25411	0	9321255	0
0.5	7100	656	0	1155219	16	9321255	100	2	14200                              	30900	0	9321255	0
0.5	7100	639	0	1141956	16	9321255	100	2	14200                              	31422	0	9321255	0
0.5	7100	616	0	1121997	16	9321255	100	2	14200                              	25942	0	9321255	0
0.5	7100	635	0	1138426	16	9321255	100	2	14200                              	28922	0	9321255	0
0.5	7100	710	0	1205333	16	9321255	100	2	14200                              	26116	0	9321255	0
0.5	7100	656	0	1156609	16	9321255	100	2	14200                              	25332	0	9321255	0
0.5	7100	698	0	1195781	16	9321255	100	2	14200                              	24111	0	9321255	0
0.5	7100	663	0	1163024	16	9321255	100	2	14200                              	29963	0	9321255	0
0.5	7100	614	0	1120245	16	9321255	100	2	14200                              	27462	0	9321255	0
0.5	7100	610	0	1115437	16	9321255	100	2	14200                              	30374	0	9321255	0
0.5	7100	619	0	1123865	16	9321255	100	2	14200                              	29460	0	9321255	0
0.5	7100	628	0	1132096	16	9321255	100	2	14200                              	29547	0	9321255	0
0.5	7100	621	0	1127148	16	9321255	100	2	14200                              	24530	0	9321255	0
0.5	7100	712	0	1206882	16	9321255	100	2	14200                              	22173	0	9321255	0
0.5	7100	620	0	1126188	16	9321255	100	2	14200                              	26282	0	9321255	0
0.5	7100	719	0	1213550	16	9321255	100	2	14200                              	31267	0	9321255	0
0.5	7100	657	0	1158423	16	9321255	100	2	14200                              	25946	0	9321255	0
0.5	7100	582	0	1090880	16	9321255	100	2	14200                              	21732	0	9321255	0
0.5	7100	600	0	1107509	16	9321255	100	2	14200                              	26730	0	9321255	0
0.5	7100	654	0	1154835	16	9321255	100	2	14200                              	26962	0	9321255	0
0.5	7100	614	0	1120938	16	9321255	100	2	14200                              	27269	0	9321255	0
0.5	7100	704	0	1199991	16	9321255	100	2	14200                              	29579	0	9321255	0
0.5	7100	643	0	1146776	16	9321255	100	2	14200                              	23168	0	9321255	0
0.5	7100	617	0	1121498	16	9321255	100	2	14200                              	26741	0	9321255	0
0.5	7100	564	0	1076064	16	9321255	100	2	14200                              	21448	0	9321255	0
0.5	7100	665	0	1166115	16	9321255	100	2	14200                              	29093	0	9321255	0
0.5	7100	602	0	1110114	16	9321255	100	2	14200                              	27595	0	9321255	0
0.5	7100	680	0	1179043	16	9321255	100	2	14200                              	27139	0	9321255	0
0.5	7100	626	0	1129939	16	9321255	100	2	14200                              	26214	0	9321255	0
0.5	7100	693	0	1189356	16	9321255	100	2	14200                              	23220	0	9321255	0
0.5	7100	654	0	1155671	16	9321255	100	2	14200                              	30178	0	9321255	0
0.5	7100	657	0	1157567	16	9321255	100	2	14200                              	23464	0	9321255	0
0.5	7100	657	0	1158138	16	9321255	100	2	14200                              	27767	0	9321255	0
0.5	7100	645	0	1147693	16	9321255	100	2	14200                              	26083	0	9321255	0
0.5	7100	650	0	1150930	16	9321255	100	2	14200                              	25579	0	9321255	0
0.5	7100	578	0	1087956	16	9321255	100	2	14200                              	27649	0	9321255	0
0.5	7100	698	0	1193945	16	9321255	100	2	14200                              	32289	0	9321255	0
0.5	7100	674	0	1173572	16	9321255	100	2	14200                              	27260	0	9321255	0
0.5	8100	561	0	1142378	16	9321255	100	2	16200                              	24931	0	9321255	0
0.5	8100	697	0	1277971	16	9321255	100	2	16200                              	26897	0	9321255	0
0.5	8100	563	0	1143196	16	9321255	100	2	16200                              	23178	0	9321255	0
0.5	8100	840	0	1424378	16	9321255	100	2	16200                              	23005	0	9321255	0
0.5	8100	797	0	1379559	16	9321255	100	2	16200                              	26296	0	9321255	0
0.5	8100	574	0	1153100	16	9321255	100	2	16200                              	23852	0	9321255	0
0.5	8100	636	0	1218761	16	9321255	100	2	16200                              	22821	0	9321255	0
0.5	8100	628	0	1211535	16	9321255	100	2	16200                              	24482	0	9321255	0
0.5	8100	587	0	1168664	16	9321255	100	2	16200                              	22154	0	9321255	0
0.5	8100	586	0	1166700	16	9321255	100	2	16200                              	26626	0	9321255	0
0.5	8100	636	0	1219329	16	9321255	100	2	16200                              	26415	0	9321255	0
0.5	8100	519	0	1100219	16	9321255	100	2	16200                              	28698	0	9321255	0
0.5	8100	523	0	1103648	16	9321255	100	2	16200                              	23914	0	9321255	0
0.5	8100	624	0	1205457	16	9321255	100	2	16200                              	30764	0	9321255	0
0.5	8100	650	0	1232253	16	9321255	100	2	16200                              	22855	0	9321255	0
0.5	8100	641	0	1221263	16	9321255	100	2	16200                              	30822	0	9321255	0
0.5	8100	524	0	1104269	16	9321255	100	2	16200                              	23217	0	9321255	0
0.5	8100	527	0	1107950	16	9321255	100	2	16200                              	25652	0	9321255	0
0.5	8100	678	0	1260295	16	9321255	100	2	16200                              	29456	0	9321255	0
0.5	8100	607	0	1187025	16	9321255	100	2	16200                              	32028	0	9321255	0
0.5	8100	628	0	1210072	16	9321255	100	2	16200                              	31658	0	9321255	0
0.5	8100	597	0	1178547	16	9321255	100	2	16200                              	21214	0	9321255	0
0.5	8100	637	0	1219663	16	9321255	100	2	16200                              	26978	0	9321255	0
0.5	8100	673	0	1255681	16	9321255	100	2	16200                              	30565	0	9321255	0
0.5	8100	750	0	1332633	16	9321255	100	2	16200                              	21668	0	9321255	0
0.5	8100	554	0	1135043	16	9321255	100	2	16200                              	24757	0	9321255	0
0.5	8100	660	0	1241679	16	9321255	100	2	16200                              	30831	0	9321255	0
0.5	8100	645	0	1227392	16	9321255	100	2	16200                              	27379	0	9321255	0
0.5	8100	613	0	1195258	16	9321255	100	2	16200                              	24792	0	9321255	0
0.5	8100	604	0	1187600	16	9321255	100	2	16200                              	29231	0	9321255	0
0.5	8100	687	0	1269723	16	9321255	100	2	16200                              	27755	0	9321255	0
0.5	8100	750	0	1333485	16	9321255	100	2	16200                              	27229	0	9321255	0
0.5	8100	597	0	1177845	16	9321255	100	2	16200                              	30241	0	9321255	0
0.5	8100	644	0	1226161	16	9321255	100	2	16200                              	23787	0	9321255	0
0.5	8100	651	0	1233508	16	9321255	100	2	16200                              	25446	0	9321255	0
0.5	8100	613	0	1193503	16	9321255	100	2	16200                              	24610	0	9321255	0
0.5	8100	605	0	1184876	16	9321255	100	2	16200                              	28434	0	9321255	0
0.5	8100	712	0	1292828	16	9321255	100	2	16200                              	22334	0	9321255	0
0.5	8100	598	0	1179568	16	9321255	100	2	16200                              	23092	0	9321255	0
0.5	8100	599	0	1179163	16	9321255	100	2	16200                              	21473	0	9321255	0
0.5	8100	687	0	1269870	16	9321255	100	2	16200                              	27374	0	9321255	0
0.5	8100	645	0	1227465	16	9321255	100	2	16200                              	26923	0	9321255	0
0.5	8100	561	0	1140968	16	9321255	100	2	16200                              	29242	0	9321255	0
0.5	8100	631	0	1212104	16	9321255	100	2	16200                              	30706	0	9321255	0
0.5	8100	570	0	1152345	16	9321255	100	2	16200                              	24648	0	9321255	0
0.5	8100	621	0	1203411	16	9321255	100	2	16200                              	24227	0	9321255	0
0.5	8100	575	0	1155076	16	9321255	100	2	16200                              	25731	0	9321255	0
0.5	8100	556	0	1137327	16	9321255	100	2	16200                              	21901	0	9321255	0
0.5	8100	653	0	1236086	16	9321255	100	2	16200                              	28966	0	9321255	0
0.5	8100	526	0	1106242	16	9321255	100	2	16200                              	28645	0	9321255	0
0.5	8100	658	0	1238426	16	9321255	100	2	16200                              	26562	0	9321255	0
0.5	8100	552	0	1131676	16	9321255	100	2	16200                              	26694	0	9321255	0
0.5	8100	607	0	1188317	16	9321255	100	2	16200                              	22106	0	9321255	0
0.5	8100	641	0	1221682	16	9321255	100	2	16200                              	30660	0	9321255	0
0.5	8100	633	0	1214906	16	9321255	100	2	16200                              	27850	0	9321255	0
0.5	8100	678	0	1259963	16	9321255	100	2	16200                              	27834	0	9321255	0
0.5	8100	637	0	1219851	16	9321255	100	2	16200                              	28111	0	9321255	0
0.5	8100	619	0	1200902	16	9321255	100	2	16200                              	25728	0	9321255	0
0.5	8100	616	0	1198592	16	9321255	100	2	16200                              	22635	0	9321255	0
0.5	8100	574	0	1156675	16	9321255	100	2	16200                              	20558	0	9321255	0
0.5	8100	638	0	1221503	16	9321255	100	2	16200                              	27214	0	9321255	0
0.5	8100	676	0	1261173	16	9321255	100	2	16200                              	27933	0	9321255	0
0.5	8100	624	0	1206870	16	9321255	100	2	16200                              	24594	0	9321255	0
0.5	8100	714	0	1296589	16	9321255	100	2	16200                              	28771	0	9321255	0
0.5	8100	669	0	1251436	16	9321255	100	2	16200                              	27812	0	9321255	0
0.5	8100	586	0	1166281	16	9321255	100	2	16200                              	24304	0	9321255	0
0.5	8100	611	0	1190615	16	9321255	100	2	16200                              	25416	0	9321255	0
0.5	8100	582	0	1163101	16	9321255	100	2	16200                              	29186	0	9321255	0
0.5	8100	748	0	1331589	16	9321255	100	2	16200                              	24239	0	9321255	0
0.5	8100	659	0	1240874	16	9321255	100	2	16200                              	22696	0	9321255	0
0.5	8100	603	0	1185072	16	9321255	100	2	16200                              	28457	0	9321255	0
0.5	8100	657	0	1237881	16	9321255	100	2	16200                              	25107	0	9321255	0
0.5	8100	642	0	1224620	16	9321255	100	2	16200                              	27529	0	9321255	0
0.5	8100	542	0	1123512	16	9321255	100	2	16200                              	23381	0	9321255	0
0.5	8100	619	0	1201772	16	9321255	100	2	16200                              	29817	0	9321255	0
0.5	8100	555	0	1138260	16	9321255	100	2	16200                              	27488	0	9321255	0
0.5	8100	696	0	1278353	16	9321255	100	2	16200                              	22273	0	9321255	0
0.5	8100	608	0	1192553	16	9321255	100	2	16200                              	25511	0	9321255	0
0.5	8100	616	0	1197498	16	9321255	100	2	16200                              	30866	0	9321255	0
0.5	8100	588	0	1168063	16	9321255	100	2	16200                              	30816	0	9321255	0
0.5	8100	595	0	1173807	16	9321255	100	2	16200                              	27951	0	9321255	0
0.5	8100	535	0	1114903	16	9321255	100	2	16200                              	24677	0	9321255	0
0.5	8100	542	0	1124716	16	9321255	100	2	16200                              	28241	0	9321255	0
0.5	8100	604	0	1186765	16	9321255	100	2	16200                              	23247	0	9321255	0
0.5	8100	565	0	1147174	16	9321255	100	2	16200                              	23811	0	9321255	0
0.5	8100	693	0	1276969	16	9321255	100	2	16200                              	26089	0	9321255	0
0.5	8100	587	0	1169140	16	9321255	100	2	16200                              	27249	0	9321255	0
0.5	8100	579	0	1159773	16	9321255	100	2	16200                              	27453	0	9321255	0
0.5	8100	604	0	1184801	16	9321255	100	2	16200                              	23276	0	9321255	0
0.5	8100	595	0	1176314	16	9321255	100	2	16200                              	23060	0	9321255	0
0.5	8100	658	0	1240741	16	9321255	100	2	16200                              	23035	0	9321255	0
0.5	8100	667	0	1248864	16	9321255	100	2	16200                              	30918	0	9321255	0
0.5	8100	565	0	1145049	16	9321255	100	2	16200                              	28318	0	9321255	0
0.5	8100	664	0	1244236	16	9321255	100	2	16200                              	23262	0	9321255	0
0.5	8100	597	0	1178766	16	9321255	100	2	16200                              	26255	0	9321255	0
0.5	8100	673	0	1255274	16	9321255	100	2	16200                              	25779	0	9321255	0
0.5	8100	559	0	1138466	16	9321255	100	2	16200                              	28098	0	9321255	0
0.5	8100	637	0	1220285	16	9321255	100	2	16200                              	25951	0	9321255	0
0.5	8100	536	0	1116717	16	9321255	100	2	16200                              	24975	0	9321255	0
0.5	8100	633	0	1216853	16	9321255	100	2	16200                              	25155	0	9321255	0
0.5	9100	560	0	1210472	16	9321255	100	2	18200                              	24864	0	9321255	0
0.5	9100	595	0	1249479	16	9321255	100	2	18200                              	26805	0	9321255	0
0.5	9100	616	0	1272769	16	9321255	100	2	18200                              	27590	0	9321255	0
0.5	9100	539	0	1184217	16	9321255	100	2	18200                              	26230	0	9321255	0
0.5	9100	620	0	1278232	16	9321255	100	2	18200                              	26268	0	9321255	0
0.5	9100	649	0	1311126	16	9321255	100	2	18200                              	22001	0	9321255	0
0.5	9100	594	0	1251209	16	9321255	100	2	18200                              	30429	0	9321255	0
0.5	9100	663	0	1327082	16	9321255	100	2	18200                              	23962	0	9321255	0
0.5	9100	579	0	1231319	16	9321255	100	2	18200                              	30268	0	9321255	0
0.5	9100	623	0	1284167	16	9321255	100	2	18200                              	22032	0	9321255	0
0.5	9100	606	0	1261050	16	9321255	100	2	18200                              	29345	0	9321255	0
0.5	9100	541	0	1188493	16	9321255	100	2	18200                              	26627	0	9321255	0
0.5	9100	563	0	1212398	16	9321255	100	2	18200                              	22716	0	9321255	0
0.5	9100	589	0	1242495	16	9321255	100	2	18200                              	27177	0	9321255	0
0.5	9100	606	0	1262496	16	9321255	100	2	18200                              	21772	0	9321255	0
0.5	9100	700	0	1368668	16	9321255	100	2	18200                              	28242	0	9321255	0
0.5	9100	537	0	1185933	16	9321255	100	2	18200                              	26394	0	9321255	0
0.5	9100	523	0	1167879	16	9321255	100	2	18200                              	22655	0	9321255	0
0.5	9100	708	0	1377776	16	9321255	100	2	18200                              	21269	0	9321255	0
0.5	9100	670	0	1335716	16	9321255	100	2	18200                              	22509	0	9321255	0
0.5	9100	606	0	1264156	16	9321255	100	2	18200                              	26672	0	9321255	0
0.5	9100	538	0	1181781	16	9321255	100	2	18200                              	27762	0	9321255	0
0.5	9100	584	0	1237036	16	9321255	100	2	18200                              	21068	0	9321255	0
0.5	9100	622	0	1280185	16	9321255	100	2	18200                              	23904	0	9321255	0
0.5	9100	487	0	1126787	16	9321255	100	2	18200                              	23338	0	9321255	0
0.5	9100	504	0	1146824	16	9321255	100	2	18200                              	23646	0	9321255	0
0.5	9100	637	0	1297214	16	9321255	100	2	18200                              	20556	0	9321255	0
0.5	9100	601	0	1255149	16	9321255	100	2	18200                              	24772	0	9321255	0
0.5	9100	485	0	1124242	16	9321255	100	2	18200                              	26671	0	9321255	0
0.5	9100	564	0	1213081	16	9321255	100	2	18200                              	21797	0	9321255	0
0.5	9100	540	0	1185733	16	9321255	100	2	18200                              	24521	0	9321255	0
0.5	9100	652	0	1314710	16	9321255	100	2	18200                              	21545	0	9321255	0
0.5	9100	605	0	1258938	16	9321255	100	2	18200                              	19842	0	9321255	0
0.5	9100	712	0	1383783	16	9321255	100	2	18200                              	28659	0	9321255	0
0.5	9100	581	0	1233724	16	9321255	100	2	18200                              	26221	0	9321255	0
0.5	9100	536	0	1182022	16	9321255	100	2	18200                              	20342	0	9321255	0
0.5	9100	585	0	1239532	16	9321255	100	2	18200                              	24571	0	9321255	0
0.5	9100	634	0	1292779	16	9321255	100	2	18200                              	23561	0	9321255	0
0.5	9100	657	0	1319636	16	9321255	100	2	18200                              	26345	0	9321255	0
0.5	9100	620	0	1278455	16	9321255	100	2	18200                              	30796	0	9321255	0
0.5	9100	588	0	1241894	16	9321255	100	2	18200                              	25535	0	9321255	0
0.5	9100	586	0	1239517	16	9321255	100	2	18200                              	24714	0	9321255	0
0.5	9100	674	0	1339094	16	9321255	100	2	18200                              	25232	0	9321255	0
0.5	9100	625	0	1283727	16	9321255	100	2	18200                              	22474	0	9321255	0
0.5	9100	784	0	1465723	16	9321255	100	2	18200                              	28164	0	9321255	0
0.5	9100	604	0	1260940	16	9321255	100	2	18200                              	27919	0	9321255	0
0.5	9100	632	0	1290020	16	9321255	100	2	18200                              	20737	0	9321255	0
0.5	9100	552	0	1199029	16	9321255	100	2	18200                              	23076	0	9321255	0
0.5	9100	616	0	1272642	16	9321255	100	2	18200                              	28806	0	9321255	0
0.5	9100	545	0	1191993	16	9321255	100	2	18200                              	24991	0	9321255	0
0.5	9100	625	0	1282761	16	9321255	100	2	18200                              	24711	0	9321255	0
0.5	9100	546	0	1195041	16	9321255	100	2	18200                              	28187	0	9321255	0
0.5	9100	722	0	1396233	16	9321255	100	2	18200                              	27326	0	9321255	0
0.5	9100	656	0	1319993	16	9321255	100	2	18200                              	27317	0	9321255	0
0.5	9100	606	0	1263773	16	9321255	100	2	18200                              	19101	0	9321255	0
0.5	9100	799	0	1481423	16	9321255	100	2	18200                              	27065	0	9321255	0
0.5	9100	627	0	1285347	16	9321255	100	2	18200                              	27665	0	9321255	0
0.5	9100	575	0	1227911	16	9321255	100	2	18200                              	29213	0	9321255	0
0.5	9100	609	0	1263456	16	9321255	100	2	18200                              	26554	0	9321255	0
0.5	9100	515	0	1159078	16	9321255	100	2	18200                              	28227	0	9321255	0
0.5	9100	596	0	1250173	16	9321255	100	2	18200                              	28505	0	9321255	0
0.5	9100	597	0	1251073	16	9321255	100	2	18200                              	28419	0	9321255	0
0.5	9100	624	0	1283697	16	9321255	100	2	18200                              	28312	0	9321255	0
0.5	9100	487	0	1125918	16	9321255	100	2	18200                              	20843	0	9321255	0
0.5	9100	716	0	1389755	16	9321255	100	2	18200                              	27837	0	9321255	0
0.5	9100	562	0	1210677	16	9321255	100	2	18200                              	26984	0	9321255	0
0.5	9100	584	0	1238012	16	9321255	100	2	18200                              	25966	0	9321255	0
0.5	9100	588	0	1241622	16	9321255	100	2	18200                              	25601	0	9321255	0
0.5	9100	589	0	1243226	16	9321255	100	2	18200                              	26785	0	9321255	0
0.5	9100	618	0	1275904	16	9321255	100	2	18200                              	24423	0	9321255	0
0.5	9100	514	0	1156571	16	9321255	100	2	18200                              	22789	0	9321255	0
0.5	9100	592	0	1245767	16	9321255	100	2	18200                              	28965	0	9321255	0
0.5	9100	654	0	1317724	16	9321255	100	2	18200                              	22209	0	9321255	0
0.5	9100	580	0	1230043	16	9321255	100	2	18200                              	19583	0	9321255	0
0.5	9100	621	0	1279980	16	9321255	100	2	18200                              	22434	0	9321255	0
0.5	9100	592	0	1248405	16	9321255	100	2	18200                              	26815	0	9321255	0
0.5	9100	611	0	1267227	16	9321255	100	2	18200                              	23788	0	9321255	0
0.5	9100	590	0	1242970	16	9321255	100	2	18200                              	29087	0	9321255	0
0.5	9100	588	0	1240942	16	9321255	100	2	18200                              	24740	0	9321255	0
0.5	9100	551	0	1198276	16	9321255	100	2	18200                              	21684	0	9321255	0
0.5	9100	608	0	1265267	16	9321255	100	2	18200                              	26519	0	9321255	0
0.5	9100	516	0	1158234	16	9321255	100	2	18200                              	27005	0	9321255	0
0.5	9100	580	0	1232902	16	9321255	100	2	18200                              	21659	0	9321255	0
0.5	9100	636	0	1296104	16	9321255	100	2	18200                              	26108	0	9321255	0
0.5	9100	582	0	1236049	16	9321255	100	2	18200                              	23957	0	9321255	0
0.5	9100	608	0	1262814	16	9321255	100	2	18200                              	23691	0	9321255	0
0.5	9100	600	0	1254105	16	9321255	100	2	18200                              	21341	0	9321255	0
0.5	9100	778	0	1458866	16	9321255	100	2	18200                              	28466	0	9321255	0
0.5	9100	608	0	1265022	16	9321255	100	2	18200                              	29037	0	9321255	0
0.5	9100	619	0	1276363	16	9321255	100	2	18200                              	26148	0	9321255	0
0.5	9100	637	0	1296664	16	9321255	100	2	18200                              	24641	0	9321255	0
0.5	9100	580	0	1231862	16	9321255	100	2	18200                              	25125	0	9321255	0
0.5	9100	603	0	1260201	16	9321255	100	2	18200                              	23067	0	9321255	0
0.5	9100	593	0	1245382	16	9321255	100	2	18200                              	29464	0	9321255	0
0.5	9100	537	0	1183608	16	9321255	100	2	18200                              	21645	0	9321255	0
0.5	9100	626	0	1286685	16	9321255	100	2	18200                              	24609	0	9321255	0
0.5	9100	586	0	1238222	16	9321255	100	2	18200                              	27020	0	9321255	0
0.5	9100	682	0	1349705	16	9321255	100	2	18200                              	25036	0	9321255	0
0.5	9100	628	0	1286660	16	9321255	100	2	18200                              	25098	0	9321255	0
0.5	9100	634	0	1293222	16	9321255	100	2	18200                              	27718	0	9321255	0
