#using seed 0.045824
# Work:10581248, depth:844030, work/p+depth:3489342.0
#PROCESSORS: 4, RUNS: 100
#prb	R-l	ISR	ESR	runTime	processors    	work	taskThreshold	lGranularity	rGranularity	IDATAT	EDATAT	W0	W1
0.5	100	1069	0	2698680	4	10581248	100	2	200                              	12686	0	10581248	0
0.5	100	1800	0	2735184	4	10581248	100	2	200                              	12291	0	10581248	0
0.5	100	2415	0	2765871	4	10581248	100	2	200                              	11862	0	10581248	0
0.5	100	2485	0	2769397	4	10581248	100	2	200                              	12116	0	10581248	0
0.5	100	1754	0	2732875	4	10581248	100	2	200                              	14063	0	10581248	0
0.5	100	1846	0	2737474	4	10581248	100	2	200                              	12689	0	10581248	0
0.5	100	1587	0	2724589	4	10581248	100	2	200                              	18473	0	10581248	0
0.5	100	2416	0	2765964	4	10581248	100	2	200                              	10596	0	10581248	0
0.5	100	1534	0	2721882	4	10581248	100	2	200                              	17375	0	10581248	0
0.5	100	2361	0	2763220	4	10581248	100	2	200                              	14821	0	10581248	0
0.5	100	1459	0	2718154	4	10581248	100	2	200                              	12929	0	10581248	0
0.5	100	1946	0	2742496	4	10581248	100	2	200                              	14273	0	10581248	0
0.5	100	1122	0	2701229	4	10581248	100	2	200                              	15449	0	10581248	0
0.5	100	2262	0	2758267	4	10581248	100	2	200                              	9461	0	10581248	0
0.5	100	938	0	2692123	4	10581248	100	2	200                              	13614	0	10581248	0
0.5	100	1787	0	2734538	4	10581248	100	2	200                              	18113	0	10581248	0
0.5	100	1524	0	2721381	4	10581248	100	2	200                              	17680	0	10581248	0
0.5	100	2244	0	2757435	4	10581248	100	2	200                              	10993	0	10581248	0
0.5	100	1442	0	2717332	4	10581248	100	2	200                              	14714	0	10581248	0
0.5	100	997	0	2695039	4	10581248	100	2	200                              	17768	0	10581248	0
0.5	100	1329	0	2711657	4	10581248	100	2	200                              	13474	0	10581248	0
0.5	100	2269	0	2758615	4	10581248	100	2	200                              	9150	0	10581248	0
0.5	100	1128	0	2701581	4	10581248	100	2	200                              	13013	0	10581248	0
0.5	100	2586	0	2774463	4	10581248	100	2	200                              	19373	0	10581248	0
0.5	100	1870	0	2738690	4	10581248	100	2	200                              	16420	0	10581248	0
0.5	100	1071	0	2698716	4	10581248	100	2	200                              	15235	0	10581248	0
0.5	100	1826	0	2736501	4	10581248	100	2	200                              	13187	0	10581248	0
0.5	100	1124	0	2701384	4	10581248	100	2	200                              	14400	0	10581248	0
0.5	100	1915	0	2740927	4	10581248	100	2	200                              	13727	0	10581248	0
0.5	100	1157	0	2703037	4	10581248	100	2	200                              	19407	0	10581248	0
0.5	100	1734	0	2731932	4	10581248	100	2	200                              	13794	0	10581248	0
0.5	100	1994	0	2744910	4	10581248	100	2	200                              	9718	0	10581248	0
0.5	100	1026	0	2696434	4	10581248	100	2	200                              	12477	0	10581248	0
0.5	100	1039	0	2697136	4	10581248	100	2	200                              	11789	0	10581248	0
0.5	100	1010	0	2695691	4	10581248	100	2	200                              	15758	0	10581248	0
0.5	100	1071	0	2698771	4	10581248	100	2	200                              	16175	0	10581248	0
0.5	100	1165	0	2703452	4	10581248	100	2	200                              	21029	0	10581248	0
0.5	100	1713	0	2730833	4	10581248	100	2	200                              	11700	0	10581248	0
0.5	100	1286	0	2709489	4	10581248	100	2	200                              	13727	0	10581248	0
0.5	100	1164	0	2703401	4	10581248	100	2	200                              	16463	0	10581248	0
0.5	100	1892	0	2739763	4	10581248	100	2	200                              	14965	0	10581248	0
0.5	100	912	0	2690766	4	10581248	100	2	200                              	16652	0	10581248	0
0.5	100	1869	0	2738636	4	10581248	100	2	200                              	16330	0	10581248	0
0.5	100	940	0	2692168	4	10581248	100	2	200                              	17008	0	10581248	0
0.5	100	1949	0	2742648	4	10581248	100	2	200                              	13995	0	10581248	0
0.5	100	1447	0	2717572	4	10581248	100	2	200                              	13423	0	10581248	0
0.5	100	890	0	2689641	4	10581248	100	2	200                              	13979	0	10581248	0
0.5	100	2439	0	2767153	4	10581248	100	2	200                              	9768	0	10581248	0
0.5	100	1917	0	2741065	4	10581248	100	2	200                              	15319	0	10581248	0
0.5	100	1410	0	2715675	4	10581248	100	2	200                              	11909	0	10581248	0
0.5	100	1505	0	2720413	4	10581248	100	2	200                              	14979	0	10581248	0
0.5	100	1832	0	2736768	4	10581248	100	2	200                              	13079	0	10581248	0
0.5	100	1984	0	2744371	4	10581248	100	2	200                              	13500	0	10581248	0
0.5	100	1539	0	2722102	4	10581248	100	2	200                              	16548	0	10581248	0
0.5	100	2206	0	2755502	4	10581248	100	2	200                              	15330	0	10581248	0
0.5	100	904	0	2690387	4	10581248	100	2	200                              	15787	0	10581248	0
0.5	100	2444	0	2767355	4	10581248	100	2	200                              	10212	0	10581248	0
0.5	100	1864	0	2738387	4	10581248	100	2	200                              	13187	0	10581248	0
0.5	100	898	0	2690149	4	10581248	100	2	200                              	17193	0	10581248	0
0.5	100	1423	0	2716286	4	10581248	100	2	200                              	13697	0	10581248	0
0.5	100	1003	0	2695348	4	10581248	100	2	200                              	16715	0	10581248	0
0.5	100	1007	0	2695560	4	10581248	100	2	200                              	17711	0	10581248	0
0.5	100	1433	0	2716828	4	10581248	100	2	200                              	12634	0	10581248	0
0.5	100	1143	0	2702304	4	10581248	100	2	200                              	19498	0	10581248	0
0.5	100	1404	0	2715388	4	10581248	100	2	200                              	11024	0	10581248	0
0.5	100	2304	0	2760339	4	10581248	100	2	200                              	11773	0	10581248	0
0.5	100	968	0	2693611	4	10581248	100	2	200                              	15031	0	10581248	0
0.5	100	977	0	2694058	4	10581248	100	2	200                              	16806	0	10581248	0
0.5	100	914	0	2690943	4	10581248	100	2	200                              	16280	0	10581248	0
0.5	100	1878	0	2739068	4	10581248	100	2	200                              	14257	0	10581248	0
0.5	100	1878	0	2739097	4	10581248	100	2	200                              	15908	0	10581248	0
0.5	100	973	0	2693824	4	10581248	100	2	200                              	16431	0	10581248	0
0.5	100	1740	0	2732198	4	10581248	100	2	200                              	15199	0	10581248	0
0.5	100	1300	0	2710160	4	10581248	100	2	200                              	17605	0	10581248	0
0.5	100	1992	0	2744784	4	10581248	100	2	200                              	15846	0	10581248	0
0.5	100	1878	0	2739107	4	10581248	100	2	200                              	13337	0	10581248	0
0.5	100	1513	0	2720802	4	10581248	100	2	200                              	12714	0	10581248	0
0.5	100	1874	0	2738909	4	10581248	100	2	200                              	13197	0	10581248	0
0.5	100	1454	0	2717875	4	10581248	100	2	200                              	14883	0	10581248	0
0.5	100	1016	0	2695985	4	10581248	100	2	200                              	13669	0	10581248	0
0.5	100	1257	0	2707990	4	10581248	100	2	200                              	13519	0	10581248	0
0.5	100	1811	0	2735736	4	10581248	100	2	200                              	14507	0	10581248	0
0.5	100	1156	0	2703044	4	10581248	100	2	200                              	20159	0	10581248	0
0.5	100	1445	0	2717461	4	10581248	100	2	200                              	14718	0	10581248	0
0.5	100	1380	0	2714200	4	10581248	100	2	200                              	18110	0	10581248	0
0.5	100	1749	0	2732665	4	10581248	100	2	200                              	13250	0	10581248	0
0.5	100	919	0	2691110	4	10581248	100	2	200                              	14343	0	10581248	0
0.5	100	1984	0	2744424	4	10581248	100	2	200                              	9463	0	10581248	0
0.5	100	1490	0	2719701	4	10581248	100	2	200                              	15019	0	10581248	0
0.5	100	2027	0	2746565	4	10581248	100	2	200                              	15146	0	10581248	0
0.5	100	1504	0	2720402	4	10581248	100	2	200                              	13178	0	10581248	0
0.5	100	1051	0	2697731	4	10581248	100	2	200                              	13586	0	10581248	0
0.5	100	1133	0	2701811	4	10581248	100	2	200                              	15830	0	10581248	0
0.5	100	1329	0	2711637	4	10581248	100	2	200                              	14926	0	10581248	0
0.5	100	2468	0	2768580	4	10581248	100	2	200                              	17516	0	10581248	0
0.5	100	1844	0	2737408	4	10581248	100	2	200                              	12855	0	10581248	0
0.5	100	971	0	2693778	4	10581248	100	2	200                              	17201	0	10581248	0
0.5	100	1129	0	2701614	4	10581248	100	2	200                              	15231	0	10581248	0
0.5	100	1340	0	2712195	4	10581248	100	2	200                              	14117	0	10581248	0
0.5	100	1040	0	2697213	4	10581248	100	2	200                              	16089	0	10581248	0
0.5	1100	165	0	2735046	4	10581248	100	2	2200                              	9082	0	10581248	0
0.5	1100	129	0	2714883	4	10581248	100	2	2200                              	11130	0	10581248	0
0.5	1100	234	0	2773190	4	10581248	100	2	2200                              	16921	0	10581248	0
0.5	1100	234	0	2772711	4	10581248	100	2	2200                              	16286	0	10581248	0
0.5	1100	205	0	2756099	4	10581248	100	2	2200                              	16012	0	10581248	0
0.5	1100	189	0	2747760	4	10581248	100	2	2200                              	14838	0	10581248	0
0.5	1100	265	0	2789873	4	10581248	100	2	2200                              	10807	0	10581248	0
0.5	1100	148	0	2725483	4	10581248	100	2	2200                              	16345	0	10581248	0
0.5	1100	149	0	2725725	4	10581248	100	2	2200                              	13267	0	10581248	0
0.5	1100	130	0	2715342	4	10581248	100	2	2200                              	20149	0	10581248	0
0.5	1100	208	0	2758575	4	10581248	100	2	2200                              	14522	0	10581248	0
0.5	1100	561	0	2952787	4	10581248	100	2	2200                              	12965	0	10581248	0
0.5	1100	569	0	2956926	4	10581248	100	2	2200                              	21967	0	10581248	0
0.5	1100	226	0	2768398	4	10581248	100	2	2200                              	16805	0	10581248	0
0.5	1100	182	0	2744043	4	10581248	100	2	2200                              	15214	0	10581248	0
0.5	1100	269	0	2791853	4	10581248	100	2	2200                              	9304	0	10581248	0
0.5	1100	208	0	2758425	4	10581248	100	2	2200                              	23427	0	10581248	0
0.5	1100	174	0	2739503	4	10581248	100	2	2200                              	14179	0	10581248	0
0.5	1100	177	0	2740765	4	10581248	100	2	2200                              	13428	0	10581248	0
0.5	1100	493	0	2915463	4	10581248	100	2	2200                              	17400	0	10581248	0
0.5	1100	319	0	2819799	4	10581248	100	2	2200                              	11760	0	10581248	0
0.5	1100	262	0	2787606	4	10581248	100	2	2200                              	16639	0	10581248	0
0.5	1100	162	0	2733185	4	10581248	100	2	2200                              	19383	0	10581248	0
0.5	1100	204	0	2756099	4	10581248	100	2	2200                              	15321	0	10581248	0
0.5	1100	226	0	2768239	4	10581248	100	2	2200                              	16524	0	10581248	0
0.5	1100	274	0	2794923	4	10581248	100	2	2200                              	9514	0	10581248	0
0.5	1100	268	0	2791406	4	10581248	100	2	2200                              	16313	0	10581248	0
0.5	1100	137	0	2719349	4	10581248	100	2	2200                              	11034	0	10581248	0
0.5	1100	331	0	2825741	4	10581248	100	2	2200                              	10050	0	10581248	0
0.5	1100	455	0	2893987	4	10581248	100	2	2200                              	17703	0	10581248	0
0.5	1100	190	0	2748425	4	10581248	100	2	2200                              	16230	0	10581248	0
0.5	1100	175	0	2740261	4	10581248	100	2	2200                              	16809	0	10581248	0
0.5	1100	547	0	2944536	4	10581248	100	2	2200                              	19096	0	10581248	0
0.5	1100	528	0	2934146	4	10581248	100	2	2200                              	15695	0	10581248	0
0.5	1100	225	0	2767993	4	10581248	100	2	2200                              	11739	0	10581248	0
0.5	1100	208	0	2758591	4	10581248	100	2	2200                              	18318	0	10581248	0
0.5	1100	117	0	2708954	4	10581248	100	2	2200                              	17199	0	10581248	0
0.5	1100	204	0	2755676	4	10581248	100	2	2200                              	14780	0	10581248	0
0.5	1100	250	0	2781857	4	10581248	100	2	2200                              	15415	0	10581248	0
0.5	1100	301	0	2809597	4	10581248	100	2	2200                              	12353	0	10581248	0
0.5	1100	192	0	2750061	4	10581248	100	2	2200                              	13782	0	10581248	0
0.5	1100	228	0	2769461	4	10581248	100	2	2200                              	16614	0	10581248	0
0.5	1100	291	0	2804174	4	10581248	100	2	2200                              	14149	0	10581248	0
0.5	1100	194	0	2750647	4	10581248	100	2	2200                              	15564	0	10581248	0
0.5	1100	278	0	2796718	4	10581248	100	2	2200                              	14746	0	10581248	0
0.5	1100	282	0	2799107	4	10581248	100	2	2200                              	17970	0	10581248	0
0.5	1100	190	0	2748745	4	10581248	100	2	2200                              	12233	0	10581248	0
0.5	1100	236	0	2773722	4	10581248	100	2	2200                              	13082	0	10581248	0
0.5	1100	262	0	2788299	4	10581248	100	2	2200                              	9193	0	10581248	0
0.5	1100	229	0	2770060	4	10581248	100	2	2200                              	17014	0	10581248	0
0.5	1100	215	0	2762176	4	10581248	100	2	2200                              	17009	0	10581248	0
0.5	1100	182	0	2743889	4	10581248	100	2	2200                              	17239	0	10581248	0
0.5	1100	221	0	2765414	4	10581248	100	2	2200                              	13621	0	10581248	0
0.5	1100	152	0	2727565	4	10581248	100	2	2200                              	15436	0	10581248	0
0.5	1100	231	0	2771066	4	10581248	100	2	2200                              	12452	0	10581248	0
0.5	1100	157	0	2730485	4	10581248	100	2	2200                              	14233	0	10581248	0
0.5	1100	548	0	2945425	4	10581248	100	2	2200                              	22676	0	10581248	0
0.5	1100	612	0	2980851	4	10581248	100	2	2200                              	15490	0	10581248	0
0.5	1100	271	0	2793195	4	10581248	100	2	2200                              	11204	0	10581248	0
0.5	1100	212	0	2760718	4	10581248	100	2	2200                              	17785	0	10581248	0
0.5	1100	302	0	2809754	4	10581248	100	2	2200                              	17715	0	10581248	0
0.5	1100	288	0	2802644	4	10581248	100	2	2200                              	11977	0	10581248	0
0.5	1100	247	0	2779492	4	10581248	100	2	2200                              	12826	0	10581248	0
0.5	1100	210	0	2758907	4	10581248	100	2	2200                              	17531	0	10581248	0
0.5	1100	185	0	2745463	4	10581248	100	2	2200                              	14863	0	10581248	0
0.5	1100	319	0	2819472	4	10581248	100	2	2200                              	10592	0	10581248	0
0.5	1100	193	0	2750030	4	10581248	100	2	2200                              	17663	0	10581248	0
0.5	1100	172	0	2738842	4	10581248	100	2	2200                              	14021	0	10581248	0
0.5	1100	179	0	2742258	4	10581248	100	2	2200                              	17713	0	10581248	0
0.5	1100	277	0	2796543	4	10581248	100	2	2200                              	13396	0	10581248	0
0.5	1100	154	0	2728520	4	10581248	100	2	2200                              	14809	0	10581248	0
0.5	1100	247	0	2779503	4	10581248	100	2	2200                              	10636	0	10581248	0
0.5	1100	149	0	2725846	4	10581248	100	2	2200                              	13783	0	10581248	0
0.5	1100	287	0	2801713	4	10581248	100	2	2200                              	15601	0	10581248	0
0.5	1100	198	0	2752689	4	10581248	100	2	2200                              	15208	0	10581248	0
0.5	1100	305	0	2811807	4	10581248	100	2	2200                              	13850	0	10581248	0
0.5	1100	282	0	2799236	4	10581248	100	2	2200                              	10914	0	10581248	0
0.5	1100	218	0	2763839	4	10581248	100	2	2200                              	13372	0	10581248	0
0.5	1100	244	0	2778098	4	10581248	100	2	2200                              	17226	0	10581248	0
0.5	1100	210	0	2759294	4	10581248	100	2	2200                              	15242	0	10581248	0
0.5	1100	298	0	2807521	4	10581248	100	2	2200                              	15780	0	10581248	0
0.5	1100	365	0	2844699	4	10581248	100	2	2200                              	16839	0	10581248	0
0.5	1100	278	0	2796900	4	10581248	100	2	2200                              	12120	0	10581248	0
0.5	1100	260	0	2786903	4	10581248	100	2	2200                              	14551	0	10581248	0
0.5	1100	273	0	2794029	4	10581248	100	2	2200                              	10615	0	10581248	0
0.5	1100	157	0	2730223	4	10581248	100	2	2200                              	15425	0	10581248	0
0.5	1100	560	0	2952190	4	10581248	100	2	2200                              	12725	0	10581248	0
0.5	1100	347	0	2834808	4	10581248	100	2	2200                              	12347	0	10581248	0
0.5	1100	142	0	2722000	4	10581248	100	2	2200                              	15016	0	10581248	0
0.5	1100	272	0	2794021	4	10581248	100	2	2200                              	10293	0	10581248	0
0.5	1100	193	0	2750062	4	10581248	100	2	2200                              	22462	0	10581248	0
0.5	1100	267	0	2790958	4	10581248	100	2	2200                              	11549	0	10581248	0
0.5	1100	197	0	2751749	4	10581248	100	2	2200                              	15512	0	10581248	0
0.5	1100	178	0	2741532	4	10581248	100	2	2200                              	16536	0	10581248	0
0.5	1100	142	0	2722383	4	10581248	100	2	2200                              	13942	0	10581248	0
0.5	1100	219	0	2764476	4	10581248	100	2	2200                              	16703	0	10581248	0
0.5	1100	220	0	2764894	4	10581248	100	2	2200                              	15704	0	10581248	0
0.5	1100	252	0	2782613	4	10581248	100	2	2200                              	15948	0	10581248	0
0.5	1100	310	0	2813929	4	10581248	100	2	2200                              	20203	0	10581248	0
0.5	1100	279	0	2797737	4	10581248	100	2	2200                              	10347	0	10581248	0
0.5	2100	229	0	2883991	4	10581248	100	2	4200                              	12922	0	10581248	0
0.5	2100	217	0	2870933	4	10581248	100	2	4200                              	17153	0	10581248	0
0.5	2100	177	0	2829189	4	10581248	100	2	4200                              	12616	0	10581248	0
0.5	2100	142	0	2790674	4	10581248	100	2	4200                              	14568	0	10581248	0
0.5	2100	192	0	2844424	4	10581248	100	2	4200                              	10616	0	10581248	0
0.5	2100	130	0	2779067	4	10581248	100	2	4200                              	14276	0	10581248	0
0.5	2100	172	0	2823923	4	10581248	100	2	4200                              	14774	0	10581248	0
0.5	2100	188	0	2839581	4	10581248	100	2	4200                              	9244	0	10581248	0
0.5	2100	146	0	2796224	4	10581248	100	2	4200                              	14670	0	10581248	0
0.5	2100	123	0	2772270	4	10581248	100	2	4200                              	14008	0	10581248	0
0.5	2100	225	0	2878707	4	10581248	100	2	4200                              	19876	0	10581248	0
0.5	2100	140	0	2789527	4	10581248	100	2	4200                              	13067	0	10581248	0
0.5	2100	115	0	2764095	4	10581248	100	2	4200                              	14984	0	10581248	0
0.5	2100	353	0	3013098	4	10581248	100	2	4200                              	19303	0	10581248	0
0.5	2100	187	0	2838970	4	10581248	100	2	4200                              	12321	0	10581248	0
0.5	2100	219	0	2871995	4	10581248	100	2	4200                              	12135	0	10581248	0
0.5	2100	141	0	2790484	4	10581248	100	2	4200                              	12405	0	10581248	0
0.5	2100	193	0	2844896	4	10581248	100	2	4200                              	11508	0	10581248	0
0.5	2100	140	0	2790204	4	10581248	100	2	4200                              	14482	0	10581248	0
0.5	2100	228	0	2881443	4	10581248	100	2	4200                              	13673	0	10581248	0
0.5	2100	304	0	2962030	4	10581248	100	2	4200                              	9841	0	10581248	0
0.5	2100	146	0	2796223	4	10581248	100	2	4200                              	16496	0	10581248	0
0.5	2100	189	0	2840367	4	10581248	100	2	4200                              	10290	0	10581248	0
0.5	2100	133	0	2782815	4	10581248	100	2	4200                              	14979	0	10581248	0
0.5	2100	160	0	2810501	4	10581248	100	2	4200                              	16214	0	10581248	0
0.5	2100	153	0	2803087	4	10581248	100	2	4200                              	14344	0	10581248	0
0.5	2100	150	0	2800015	4	10581248	100	2	4200                              	21084	0	10581248	0
0.5	2100	155	0	2806081	4	10581248	100	2	4200                              	16946	0	10581248	0
0.5	2100	145	0	2795188	4	10581248	100	2	4200                              	15666	0	10581248	0
0.5	2100	244	0	2898303	4	10581248	100	2	4200                              	11266	0	10581248	0
0.5	2100	154	0	2804258	4	10581248	100	2	4200                              	8931	0	10581248	0
0.5	2100	135	0	2784308	4	10581248	100	2	4200                              	14937	0	10581248	0
0.5	2100	108	0	2756205	4	10581248	100	2	4200                              	13087	0	10581248	0
0.5	2100	227	0	2881196	4	10581248	100	2	4200                              	17069	0	10581248	0
0.5	2100	93	0	2740224	4	10581248	100	2	4200                              	12918	0	10581248	0
0.5	2100	237	0	2890870	4	10581248	100	2	4200                              	15494	0	10581248	0
0.5	2100	107	0	2755497	4	10581248	100	2	4200                              	9999	0	10581248	0
0.5	2100	221	0	2875354	4	10581248	100	2	4200                              	15909	0	10581248	0
0.5	2100	121	0	2769621	4	10581248	100	2	4200                              	12562	0	10581248	0
0.5	2100	165	0	2815983	4	10581248	100	2	4200                              	10821	0	10581248	0
0.5	2100	101	0	2748793	4	10581248	100	2	4200                              	16220	0	10581248	0
0.5	2100	123	0	2771919	4	10581248	100	2	4200                              	14546	0	10581248	0
0.5	2100	218	0	2871729	4	10581248	100	2	4200                              	16317	0	10581248	0
0.5	2100	137	0	2786256	4	10581248	100	2	4200                              	18982	0	10581248	0
0.5	2100	143	0	2793357	4	10581248	100	2	4200                              	18377	0	10581248	0
0.5	2100	126	0	2775297	4	10581248	100	2	4200                              	15001	0	10581248	0
0.5	2100	112	0	2759810	4	10581248	100	2	4200                              	13626	0	10581248	0
0.5	2100	208	0	2860805	4	10581248	100	2	4200                              	9899	0	10581248	0
0.5	2100	174	0	2825478	4	10581248	100	2	4200                              	10794	0	10581248	0
0.5	2100	135	0	2784770	4	10581248	100	2	4200                              	11674	0	10581248	0
0.5	2100	202	0	2854742	4	10581248	100	2	4200                              	9905	0	10581248	0
0.5	2100	185	0	2836203	4	10581248	100	2	4200                              	9356	0	10581248	0
0.5	2100	177	0	2828243	4	10581248	100	2	4200                              	11266	0	10581248	0
0.5	2100	192	0	2843860	4	10581248	100	2	4200                              	10974	0	10581248	0
0.5	2100	290	0	2947681	4	10581248	100	2	4200                              	19132	0	10581248	0
0.5	2100	182	0	2834463	4	10581248	100	2	4200                              	9154	0	10581248	0
0.5	2100	141	0	2790911	4	10581248	100	2	4200                              	15331	0	10581248	0
0.5	2100	106	0	2754600	4	10581248	100	2	4200                              	14135	0	10581248	0
0.5	2100	130	0	2779614	4	10581248	100	2	4200                              	15467	0	10581248	0
0.5	2100	194	0	2845650	4	10581248	100	2	4200                              	10922	0	10581248	0
0.5	2100	127	0	2776635	4	10581248	100	2	4200                              	15019	0	10581248	0
0.5	2100	112	0	2760210	4	10581248	100	2	4200                              	14454	0	10581248	0
0.5	2100	167	0	2817685	4	10581248	100	2	4200                              	17566	0	10581248	0
0.5	2100	137	0	2786216	4	10581248	100	2	4200                              	16731	0	10581248	0
0.5	2100	135	0	2783641	4	10581248	100	2	4200                              	16977	0	10581248	0
0.5	2100	126	0	2774569	4	10581248	100	2	4200                              	16630	0	10581248	0
0.5	2100	173	0	2824506	4	10581248	100	2	4200                              	15386	0	10581248	0
0.5	2100	183	0	2834738	4	10581248	100	2	4200                              	10147	0	10581248	0
0.5	2100	215	0	2868096	4	10581248	100	2	4200                              	12754	0	10581248	0
0.5	2100	147	0	2797469	4	10581248	100	2	4200                              	12433	0	10581248	0
0.5	2100	321	0	2980209	4	10581248	100	2	4200                              	13705	0	10581248	0
0.5	2100	237	0	2891219	4	10581248	100	2	4200                              	11612	0	10581248	0
0.5	2100	179	0	2831240	4	10581248	100	2	4200                              	9091	0	10581248	0
0.5	2100	344	0	3003638	4	10581248	100	2	4200                              	15202	0	10581248	0
0.5	2100	213	0	2866067	4	10581248	100	2	4200                              	15304	0	10581248	0
0.5	2100	190	0	2842338	4	10581248	100	2	4200                              	17861	0	10581248	0
0.5	2100	206	0	2859223	4	10581248	100	2	4200                              	13755	0	10581248	0
0.5	2100	115	0	2763758	4	10581248	100	2	4200                              	16108	0	10581248	0
0.5	2100	163	0	2813407	4	10581248	100	2	4200                              	11066	0	10581248	0
0.5	2100	220	0	2873489	4	10581248	100	2	4200                              	11464	0	10581248	0
0.5	2100	161	0	2811632	4	10581248	100	2	4200                              	17369	0	10581248	0
0.5	2100	133	0	2781287	4	10581248	100	2	4200                              	16439	0	10581248	0
0.5	2100	160	0	2810777	4	10581248	100	2	4200                              	17830	0	10581248	0
0.5	2100	134	0	2783227	4	10581248	100	2	4200                              	12988	0	10581248	0
0.5	2100	210	0	2863563	4	10581248	100	2	4200                              	19068	0	10581248	0
0.5	2100	190	0	2841961	4	10581248	100	2	4200                              	17039	0	10581248	0
0.5	2100	250	0	2904565	4	10581248	100	2	4200                              	17224	0	10581248	0
0.5	2100	139	0	2789207	4	10581248	100	2	4200                              	14099	0	10581248	0
0.5	2100	136	0	2786310	4	10581248	100	2	4200                              	15413	0	10581248	0
0.5	2100	243	0	2898755	4	10581248	100	2	4200                              	20063	0	10581248	0
0.5	2100	146	0	2796587	4	10581248	100	2	4200                              	14280	0	10581248	0
0.5	2100	162	0	2812213	4	10581248	100	2	4200                              	14862	0	10581248	0
0.5	2100	135	0	2783459	4	10581248	100	2	4200                              	16765	0	10581248	0
0.5	2100	169	0	2820297	4	10581248	100	2	4200                              	8369	0	10581248	0
0.5	2100	205	0	2857251	4	10581248	100	2	4200                              	10266	0	10581248	0
0.5	2100	213	0	2866814	4	10581248	100	2	4200                              	16815	0	10581248	0
0.5	2100	152	0	2801629	4	10581248	100	2	4200                              	10714	0	10581248	0
0.5	2100	347	0	3006955	4	10581248	100	2	4200                              	15127	0	10581248	0
0.5	2100	91	0	2738070	4	10581248	100	2	4200                              	13436	0	10581248	0
0.5	2100	123	0	2771713	4	10581248	100	2	4200                              	15832	0	10581248	0
0.5	3100	153	0	2879307	4	10581248	100	2	6200                              	14156	0	10581248	0
0.5	3100	124	0	2834226	4	10581248	100	2	6200                              	15189	0	10581248	0
0.5	3100	149	0	2872311	4	10581248	100	2	6200                              	9062	0	10581248	0
0.5	3100	151	0	2875207	4	10581248	100	2	6200                              	16238	0	10581248	0
0.5	3100	137	0	2854234	4	10581248	100	2	6200                              	13914	0	10581248	0
0.5	3100	112	0	2813564	4	10581248	100	2	6200                              	12009	0	10581248	0
0.5	3100	80	0	2764660	4	10581248	100	2	6200                              	13247	0	10581248	0
0.5	3100	149	0	2873581	4	10581248	100	2	6200                              	16965	0	10581248	0
0.5	3100	191	0	2938402	4	10581248	100	2	6200                              	16255	0	10581248	0
0.5	3100	115	0	2819996	4	10581248	100	2	6200                              	21709	0	10581248	0
0.5	3100	137	0	2853305	4	10581248	100	2	6200                              	18039	0	10581248	0
0.5	3100	164	0	2895751	4	10581248	100	2	6200                              	16868	0	10581248	0
0.5	3100	239	0	3013790	4	10581248	100	2	6200                              	20842	0	10581248	0
0.5	3100	183	0	2924549	4	10581248	100	2	6200                              	10280	0	10581248	0
0.5	3100	112	0	2814720	4	10581248	100	2	6200                              	15029	0	10581248	0
0.5	3100	196	0	2946406	4	10581248	100	2	6200                              	11202	0	10581248	0
0.5	3100	139	0	2857406	4	10581248	100	2	6200                              	16007	0	10581248	0
0.5	3100	127	0	2837943	4	10581248	100	2	6200                              	16094	0	10581248	0
0.5	3100	142	0	2861234	4	10581248	100	2	6200                              	16530	0	10581248	0
0.5	3100	139	0	2857723	4	10581248	100	2	6200                              	7768	0	10581248	0
0.5	3100	155	0	2881572	4	10581248	100	2	6200                              	14023	0	10581248	0
0.5	3100	159	0	2889229	4	10581248	100	2	6200                              	12727	0	10581248	0
0.5	3100	169	0	2904182	4	10581248	100	2	6200                              	10366	0	10581248	0
0.5	3100	113	0	2816728	4	10581248	100	2	6200                              	15331	0	10581248	0
0.5	3100	129	0	2839790	4	10581248	100	2	6200                              	15402	0	10581248	0
0.5	3100	185	0	2926673	4	10581248	100	2	6200                              	19647	0	10581248	0
0.5	3100	165	0	2896966	4	10581248	100	2	6200                              	17547	0	10581248	0
0.5	3100	187	0	2930094	4	10581248	100	2	6200                              	13543	0	10581248	0
0.5	3100	101	0	2797916	4	10581248	100	2	6200                              	16190	0	10581248	0
0.5	3100	176	0	2913668	4	10581248	100	2	6200                              	17380	0	10581248	0
0.5	3100	157	0	2884004	4	10581248	100	2	6200                              	7631	0	10581248	0
0.5	3100	151	0	2874828	4	10581248	100	2	6200                              	16722	0	10581248	0
0.5	3100	163	0	2893426	4	10581248	100	2	6200                              	10690	0	10581248	0
0.5	3100	110	0	2812782	4	10581248	100	2	6200                              	14697	0	10581248	0
0.5	3100	141	0	2859626	4	10581248	100	2	6200                              	14586	0	10581248	0
0.5	3100	84	0	2771898	4	10581248	100	2	6200                              	14476	0	10581248	0
0.5	3100	123	0	2832730	4	10581248	100	2	6200                              	17996	0	10581248	0
0.5	3100	188	0	2932550	4	10581248	100	2	6200                              	16521	0	10581248	0
0.5	3100	117	0	2822646	4	10581248	100	2	6200                              	14473	0	10581248	0
0.5	3100	105	0	2804568	4	10581248	100	2	6200                              	14250	0	10581248	0
0.5	3100	141	0	2858984	4	10581248	100	2	6200                              	13661	0	10581248	0
0.5	3100	126	0	2837499	4	10581248	100	2	6200                              	9062	0	10581248	0
0.5	3100	170	0	2905636	4	10581248	100	2	6200                              	21636	0	10581248	0
0.5	3100	152	0	2877854	4	10581248	100	2	6200                              	14007	0	10581248	0
0.5	3100	254	0	3035615	4	10581248	100	2	6200                              	18019	0	10581248	0
0.5	3100	140	0	2858423	4	10581248	100	2	6200                              	8988	0	10581248	0
0.5	3100	147	0	2868001	4	10581248	100	2	6200                              	14884	0	10581248	0
0.5	3100	103	0	2801283	4	10581248	100	2	6200                              	16032	0	10581248	0
0.5	3100	141	0	2859522	4	10581248	100	2	6200                              	7919	0	10581248	0
0.5	3100	104	0	2801522	4	10581248	100	2	6200                              	14282	0	10581248	0
0.5	3100	216	0	2977687	4	10581248	100	2	6200                              	15644	0	10581248	0
0.5	3100	154	0	2880604	4	10581248	100	2	6200                              	15761	0	10581248	0
0.5	3100	143	0	2863250	4	10581248	100	2	6200                              	18081	0	10581248	0
0.5	3100	124	0	2834095	4	10581248	100	2	6200                              	17018	0	10581248	0
0.5	3100	173	0	2908839	4	10581248	100	2	6200                              	14387	0	10581248	0
0.5	3100	194	0	2942838	4	10581248	100	2	6200                              	18039	0	10581248	0
0.5	3100	74	0	2756483	4	10581248	100	2	6200                              	13253	0	10581248	0
0.5	3100	153	0	2877684	4	10581248	100	2	6200                              	11769	0	10581248	0
0.5	3100	124	0	2832956	4	10581248	100	2	6200                              	16465	0	10581248	0
0.5	3100	134	0	2848717	4	10581248	100	2	6200                              	8429	0	10581248	0
0.5	3100	107	0	2806797	4	10581248	100	2	6200                              	15836	0	10581248	0
0.5	3100	167	0	2899333	4	10581248	100	2	6200                              	12288	0	10581248	0
0.5	3100	113	0	2816973	4	10581248	100	2	6200                              	13298	0	10581248	0
0.5	3100	127	0	2838606	4	10581248	100	2	6200                              	7833	0	10581248	0
0.5	3100	120	0	2827339	4	10581248	100	2	6200                              	15020	0	10581248	0
0.5	3100	109	0	2810358	4	10581248	100	2	6200                              	15558	0	10581248	0
0.5	3100	102	0	2798409	4	10581248	100	2	6200                              	14347	0	10581248	0
0.5	3100	174	0	2909902	4	10581248	100	2	6200                              	9806	0	10581248	0
0.5	3100	144	0	2864338	4	10581248	100	2	6200                              	16972	0	10581248	0
0.5	3100	146	0	2867093	4	10581248	100	2	6200                              	14434	0	10581248	0
0.5	3100	154	0	2880847	4	10581248	100	2	6200                              	9517	0	10581248	0
0.5	3100	107	0	2805894	4	10581248	100	2	6200                              	16457	0	10581248	0
0.5	3100	124	0	2835066	4	10581248	100	2	6200                              	19320	0	10581248	0
0.5	3100	147	0	2870579	4	10581248	100	2	6200                              	13167	0	10581248	0
0.5	3100	100	0	2796949	4	10581248	100	2	6200                              	14472	0	10581248	0
0.5	3100	163	0	2894136	4	10581248	100	2	6200                              	11649	0	10581248	0
0.5	3100	180	0	2921467	4	10581248	100	2	6200                              	16574	0	10581248	0
0.5	3100	167	0	2899632	4	10581248	100	2	6200                              	13371	0	10581248	0
0.5	3100	173	0	2910858	4	10581248	100	2	6200                              	16246	0	10581248	0
0.5	3100	185	0	2927755	4	10581248	100	2	6200                              	11971	0	10581248	0
0.5	3100	113	0	2816661	4	10581248	100	2	6200                              	12163	0	10581248	0
0.5	3100	104	0	2801001	4	10581248	100	2	6200                              	14945	0	10581248	0
0.5	3100	113	0	2817396	4	10581248	100	2	6200                              	16235	0	10581248	0
0.5	3100	126	0	2837093	4	10581248	100	2	6200                              	13962	0	10581248	0
0.5	3100	276	0	3067755	4	10581248	100	2	6200                              	20313	0	10581248	0
0.5	3100	146	0	2867319	4	10581248	100	2	6200                              	10728	0	10581248	0
0.5	3100	110	0	2811768	4	10581248	100	2	6200                              	14436	0	10581248	0
0.5	3100	158	0	2886039	4	10581248	100	2	6200                              	10701	0	10581248	0
0.5	3100	122	0	2831093	4	10581248	100	2	6200                              	11618	0	10581248	0
0.5	3100	145	0	2866036	4	10581248	100	2	6200                              	13830	0	10581248	0
0.5	3100	244	0	3020943	4	10581248	100	2	6200                              	9929	0	10581248	0
0.5	3100	154	0	2880078	4	10581248	100	2	6200                              	14693	0	10581248	0
0.5	3100	136	0	2851339	4	10581248	100	2	6200                              	8041	0	10581248	0
0.5	3100	146	0	2867290	4	10581248	100	2	6200                              	17431	0	10581248	0
0.5	3100	144	0	2865432	4	10581248	100	2	6200                              	9073	0	10581248	0
0.5	3100	175	0	2912156	4	10581248	100	2	6200                              	13870	0	10581248	0
0.5	3100	149	0	2871314	4	10581248	100	2	6200                              	11220	0	10581248	0
0.5	3100	129	0	2840419	4	10581248	100	2	6200                              	7833	0	10581248	0
0.5	3100	157	0	2884872	4	10581248	100	2	6200                              	10109	0	10581248	0
0.5	3100	92	0	2783515	4	10581248	100	2	6200                              	14135	0	10581248	0
0.5	4100	95	0	2836569	4	10581248	100	2	8200                              	15022	0	10581248	0
0.5	4100	107	0	2858745	4	10581248	100	2	8200                              	14185	0	10581248	0
0.5	4100	165	0	2978938	4	10581248	100	2	8200                              	16874	0	10581248	0
0.5	4100	123	0	2893586	4	10581248	100	2	8200                              	8433	0	10581248	0
0.5	4100	99	0	2842720	4	10581248	100	2	8200                              	12906	0	10581248	0
0.5	4100	178	0	3005823	4	10581248	100	2	8200                              	15855	0	10581248	0
0.5	4100	124	0	2895496	4	10581248	100	2	8200                              	16398	0	10581248	0
0.5	4100	113	0	2873927	4	10581248	100	2	8200                              	17050	0	10581248	0
0.5	4100	151	0	2950969	4	10581248	100	2	8200                              	11198	0	10581248	0
0.5	4100	145	0	2937920	4	10581248	100	2	8200                              	9332	0	10581248	0
0.5	4100	150	0	2947658	4	10581248	100	2	8200                              	13076	0	10581248	0
0.5	4100	141	0	2930420	4	10581248	100	2	8200                              	13652	0	10581248	0
0.5	4100	115	0	2874439	4	10581248	100	2	8200                              	13572	0	10581248	0
0.5	4100	154	0	2955518	4	10581248	100	2	8200                              	15991	0	10581248	0
0.5	4100	141	0	2928377	4	10581248	100	2	8200                              	16437	0	10581248	0
0.5	4100	161	0	2969544	4	10581248	100	2	8200                              	16353	0	10581248	0
0.5	4100	112	0	2870686	4	10581248	100	2	8200                              	15810	0	10581248	0
0.5	4100	108	0	2861756	4	10581248	100	2	8200                              	13698	0	10581248	0
0.5	4100	122	0	2888946	4	10581248	100	2	8200                              	13061	0	10581248	0
0.5	4100	90	0	2824176	4	10581248	100	2	8200                              	14085	0	10581248	0
0.5	4100	144	0	2935038	4	10581248	100	2	8200                              	15841	0	10581248	0
0.5	4100	102	0	2849872	4	10581248	100	2	8200                              	16812	0	10581248	0
0.5	4100	110	0	2866843	4	10581248	100	2	8200                              	17975	0	10581248	0
0.5	4100	119	0	2883143	4	10581248	100	2	8200                              	15208	0	10581248	0
0.5	4100	146	0	2939414	4	10581248	100	2	8200                              	19579	0	10581248	0
0.5	4100	153	0	2954712	4	10581248	100	2	8200                              	13401	0	10581248	0
0.5	4100	120	0	2884759	4	10581248	100	2	8200                              	14135	0	10581248	0
0.5	4100	126	0	2899005	4	10581248	100	2	8200                              	16056	0	10581248	0
0.5	4100	121	0	2887442	4	10581248	100	2	8200                              	9497	0	10581248	0
0.5	4100	123	0	2890535	4	10581248	100	2	8200                              	14837	0	10581248	0
0.5	4100	239	0	3131469	4	10581248	100	2	8200                              	15518	0	10581248	0
0.5	4100	217	0	3084732	4	10581248	100	2	8200                              	19878	0	10581248	0
0.5	4100	126	0	2897049	4	10581248	100	2	8200                              	13599	0	10581248	0
0.5	4100	142	0	2930915	4	10581248	100	2	8200                              	11299	0	10581248	0
0.5	4100	151	0	2948650	4	10581248	100	2	8200                              	13036	0	10581248	0
0.5	4100	154	0	2956997	4	10581248	100	2	8200                              	16513	0	10581248	0
0.5	4100	128	0	2903350	4	10581248	100	2	8200                              	14324	0	10581248	0
0.5	4100	166	0	2979240	4	10581248	100	2	8200                              	9677	0	10581248	0
0.5	4100	118	0	2883285	4	10581248	100	2	8200                              	8997	0	10581248	0
0.5	4100	104	0	2851939	4	10581248	100	2	8200                              	13229	0	10581248	0
0.5	4100	110	0	2866360	4	10581248	100	2	8200                              	16853	0	10581248	0
0.5	4100	225	0	3100704	4	10581248	100	2	8200                              	18879	0	10581248	0
0.5	4100	119	0	2882719	4	10581248	100	2	8200                              	11915	0	10581248	0
0.5	4100	131	0	2909960	4	10581248	100	2	8200                              	16524	0	10581248	0
0.5	4100	144	0	2934716	4	10581248	100	2	8200                              	14342	0	10581248	0
0.5	4100	117	0	2880039	4	10581248	100	2	8200                              	14037	0	10581248	0
0.5	4100	100	0	2843984	4	10581248	100	2	8200                              	14538	0	10581248	0
0.5	4100	112	0	2870562	4	10581248	100	2	8200                              	14320	0	10581248	0
0.5	4100	218	0	3087838	4	10581248	100	2	8200                              	11858	0	10581248	0
0.5	4100	158	0	2965607	4	10581248	100	2	8200                              	9409	0	10581248	0
0.5	4100	139	0	2924548	4	10581248	100	2	8200                              	14691	0	10581248	0
0.5	4100	146	0	2939727	4	10581248	100	2	8200                              	10409	0	10581248	0
0.5	4100	88	0	2819776	4	10581248	100	2	8200                              	15018	0	10581248	0
0.5	4100	107	0	2860211	4	10581248	100	2	8200                              	15424	0	10581248	0
0.5	4100	218	0	3086321	4	10581248	100	2	8200                              	18222	0	10581248	0
0.5	4100	116	0	2880138	4	10581248	100	2	8200                              	9375	0	10581248	0
0.5	4100	113	0	2872564	4	10581248	100	2	8200                              	15199	0	10581248	0
0.5	4100	103	0	2850958	4	10581248	100	2	8200                              	21313	0	10581248	0
0.5	4100	117	0	2879020	4	10581248	100	2	8200                              	14002	0	10581248	0
0.5	4100	123	0	2892651	4	10581248	100	2	8200                              	9312	0	10581248	0
0.5	4100	120	0	2884628	4	10581248	100	2	8200                              	15214	0	10581248	0
0.5	4100	163	0	2973663	4	10581248	100	2	8200                              	16024	0	10581248	0
0.5	4100	118	0	2881439	4	10581248	100	2	8200                              	9503	0	10581248	0
0.5	4100	142	0	2930716	4	10581248	100	2	8200                              	10734	0	10581248	0
0.5	4100	164	0	2976502	4	10581248	100	2	8200                              	18418	0	10581248	0
0.5	4100	128	0	2902300	4	10581248	100	2	8200                              	14851	0	10581248	0
0.5	4100	109	0	2864712	4	10581248	100	2	8200                              	10338	0	10581248	0
0.5	4100	151	0	2950666	4	10581248	100	2	8200                              	16524	0	10581248	0
0.5	4100	181	0	3011126	4	10581248	100	2	8200                              	15933	0	10581248	0
0.5	4100	134	0	2915962	4	10581248	100	2	8200                              	7808	0	10581248	0
0.5	4100	123	0	2893735	4	10581248	100	2	8200                              	14792	0	10581248	0
0.5	4100	112	0	2870302	4	10581248	100	2	8200                              	15172	0	10581248	0
0.5	4100	166	0	2979851	4	10581248	100	2	8200                              	17782	0	10581248	0
0.5	4100	237	0	3126592	4	10581248	100	2	8200                              	15468	0	10581248	0
0.5	4100	154	0	2957036	4	10581248	100	2	8200                              	16557	0	10581248	0
0.5	4100	161	0	2968605	4	10581248	100	2	8200                              	11142	0	10581248	0
0.5	4100	154	0	2957217	4	10581248	100	2	8200                              	11838	0	10581248	0
0.5	4100	93	0	2830592	4	10581248	100	2	8200                              	14212	0	10581248	0
0.5	4100	114	0	2872859	4	10581248	100	2	8200                              	11701	0	10581248	0
0.5	4100	88	0	2822730	4	10581248	100	2	8200                              	11005	0	10581248	0
0.5	4100	218	0	3089325	4	10581248	100	2	8200                              	19097	0	10581248	0
0.5	4100	131	0	2908442	4	10581248	100	2	8200                              	17820	0	10581248	0
0.5	4100	136	0	2919329	4	10581248	100	2	8200                              	15491	0	10581248	0
0.5	4100	111	0	2869662	4	10581248	100	2	8200                              	20139	0	10581248	0
0.5	4100	120	0	2886551	4	10581248	100	2	8200                              	15091	0	10581248	0
0.5	4100	120	0	2885474	4	10581248	100	2	8200                              	16084	0	10581248	0
0.5	4100	115	0	2873732	4	10581248	100	2	8200                              	13642	0	10581248	0
0.5	4100	128	0	2902870	4	10581248	100	2	8200                              	10585	0	10581248	0
0.5	4100	132	0	2910493	4	10581248	100	2	8200                              	16390	0	10581248	0
0.5	4100	131	0	2906982	4	10581248	100	2	8200                              	12920	0	10581248	0
0.5	4100	117	0	2880531	4	10581248	100	2	8200                              	15749	0	10581248	0
0.5	4100	136	0	2918303	4	10581248	100	2	8200                              	13496	0	10581248	0
0.5	4100	113	0	2872394	4	10581248	100	2	8200                              	14540	0	10581248	0
0.5	4100	106	0	2857643	4	10581248	100	2	8200                              	13802	0	10581248	0
0.5	4100	115	0	2877028	4	10581248	100	2	8200                              	10911	0	10581248	0
0.5	4100	127	0	2898708	4	10581248	100	2	8200                              	18998	0	10581248	0
0.5	4100	122	0	2890440	4	10581248	100	2	8200                              	14675	0	10581248	0
0.5	4100	155	0	2959830	4	10581248	100	2	8200                              	13033	0	10581248	0
0.5	4100	118	0	2881676	4	10581248	100	2	8200                              	16073	0	10581248	0
0.5	4100	147	0	2941017	4	10581248	100	2	8200                              	16485	0	10581248	0
0.5	5100	123	0	2953769	4	10581248	100	2	10200                              	10268	0	10581248	0
0.5	5100	147	0	3015942	4	10581248	100	2	10200                              	13206	0	10581248	0
0.5	5100	120	0	2946042	4	10581248	100	2	10200                              	11186	0	10581248	0
0.5	5100	182	0	3104086	4	10581248	100	2	10200                              	17150	0	10581248	0
0.5	5100	137	0	2989744	4	10581248	100	2	10200                              	14841	0	10581248	0
0.5	5100	88	0	2861443	4	10581248	100	2	10200                              	19574	0	10581248	0
0.5	5100	143	0	3002598	4	10581248	100	2	10200                              	12914	0	10581248	0
0.5	5100	115	0	2931495	4	10581248	100	2	10200                              	16175	0	10581248	0
0.5	5100	107	0	2911743	4	10581248	100	2	10200                              	9214	0	10581248	0
0.5	5100	126	0	2961291	4	10581248	100	2	10200                              	9459	0	10581248	0
0.5	5100	119	0	2941508	4	10581248	100	2	10200                              	14125	0	10581248	0
0.5	5100	152	0	3028543	4	10581248	100	2	10200                              	14444	0	10581248	0
0.5	5100	101	0	2898106	4	10581248	100	2	10200                              	15127	0	10581248	0
0.5	5100	128	0	2966010	4	10581248	100	2	10200                              	16019	0	10581248	0
0.5	5100	103	0	2899373	4	10581248	100	2	10200                              	8531	0	10581248	0
0.5	5100	108	0	2914231	4	10581248	100	2	10200                              	12049	0	10581248	0
0.5	5100	101	0	2897251	4	10581248	100	2	10200                              	14469	0	10581248	0
0.5	5100	112	0	2923101	4	10581248	100	2	10200                              	16098	0	10581248	0
0.5	5100	133	0	2977636	4	10581248	100	2	10200                              	8655	0	10581248	0
0.5	5100	133	0	2979462	4	10581248	100	2	10200                              	9375	0	10581248	0
0.5	5100	189	0	3122916	4	10581248	100	2	10200                              	13040	0	10581248	0
0.5	5100	102	0	2898689	4	10581248	100	2	10200                              	15642	0	10581248	0
0.5	5100	99	0	2890500	4	10581248	100	2	10200                              	16199	0	10581248	0
0.5	5100	108	0	2916455	4	10581248	100	2	10200                              	17664	0	10581248	0
0.5	5100	113	0	2928320	4	10581248	100	2	10200                              	9213	0	10581248	0
0.5	5100	111	0	2923890	4	10581248	100	2	10200                              	15410	0	10581248	0
0.5	5100	82	0	2847331	4	10581248	100	2	10200                              	17454	0	10581248	0
0.5	5100	135	0	2983821	4	10581248	100	2	10200                              	19214	0	10581248	0
0.5	5100	124	0	2955868	4	10581248	100	2	10200                              	13881	0	10581248	0
0.5	5100	129	0	2970219	4	10581248	100	2	10200                              	15147	0	10581248	0
0.5	5100	135	0	2982681	4	10581248	100	2	10200                              	16017	0	10581248	0
0.5	5100	122	0	2950152	4	10581248	100	2	10200                              	13602	0	10581248	0
0.5	5100	76	0	2830907	4	10581248	100	2	10200                              	13248	0	10581248	0
0.5	5100	147	0	3015871	4	10581248	100	2	10200                              	16530	0	10581248	0
0.5	5100	97	0	2885602	4	10581248	100	2	10200                              	12947	0	10581248	0
0.5	5100	92	0	2873270	4	10581248	100	2	10200                              	11367	0	10581248	0
0.5	5100	108	0	2915950	4	10581248	100	2	10200                              	10852	0	10581248	0
0.5	5100	149	0	3018893	4	10581248	100	2	10200                              	16282	0	10581248	0
0.5	5100	116	0	2933106	4	10581248	100	2	10200                              	15147	0	10581248	0
0.5	5100	93	0	2876708	4	10581248	100	2	10200                              	15912	0	10581248	0
0.5	5100	126	0	2960286	4	10581248	100	2	10200                              	13151	0	10581248	0
0.5	5100	160	0	3047151	4	10581248	100	2	10200                              	18433	0	10581248	0
0.5	5100	119	0	2942223	4	10581248	100	2	10200                              	14198	0	10581248	0
0.5	5100	94	0	2877815	4	10581248	100	2	10200                              	14188	0	10581248	0
0.5	5100	171	0	3073605	4	10581248	100	2	10200                              	13711	0	10581248	0
0.5	5100	134	0	2981465	4	10581248	100	2	10200                              	14081	0	10581248	0
0.5	5100	80	0	2842820	4	10581248	100	2	10200                              	14346	0	10581248	0
0.5	5100	124	0	2956220	4	10581248	100	2	10200                              	13846	0	10581248	0
0.5	5100	150	0	3024027	4	10581248	100	2	10200                              	15563	0	10581248	0
0.5	5100	106	0	2911137	4	10581248	100	2	10200                              	9396	0	10581248	0
0.5	5100	75	0	2831692	4	10581248	100	2	10200                              	13097	0	10581248	0
0.5	5100	145	0	3008915	4	10581248	100	2	10200                              	15044	0	10581248	0
0.5	5100	122	0	2951154	4	10581248	100	2	10200                              	15235	0	10581248	0
0.5	5100	96	0	2883001	4	10581248	100	2	10200                              	12231	0	10581248	0
0.5	5100	129	0	2967457	4	10581248	100	2	10200                              	14493	0	10581248	0
0.5	5100	120	0	2946949	4	10581248	100	2	10200                              	9470	0	10581248	0
0.5	5100	89	0	2864525	4	10581248	100	2	10200                              	15530	0	10581248	0
0.5	5100	133	0	2978140	4	10581248	100	2	10200                              	11052	0	10581248	0
0.5	5100	149	0	3016884	4	10581248	100	2	10200                              	10166	0	10581248	0
0.5	5100	104	0	2905640	4	10581248	100	2	10200                              	14420	0	10581248	0
0.5	5100	142	0	3000754	4	10581248	100	2	10200                              	11805	0	10581248	0
0.5	5100	83	0	2852010	4	10581248	100	2	10200                              	13927	0	10581248	0
0.5	5100	86	0	2860760	4	10581248	100	2	10200                              	14342	0	10581248	0
0.5	5100	81	0	2846780	4	10581248	100	2	10200                              	13275	0	10581248	0
0.5	5100	108	0	2914564	4	10581248	100	2	10200                              	10249	0	10581248	0
0.5	5100	137	0	2986411	4	10581248	100	2	10200                              	11201	0	10581248	0
0.5	5100	116	0	2932543	4	10581248	100	2	10200                              	13247	0	10581248	0
0.5	5100	97	0	2886448	4	10581248	100	2	10200                              	15144	0	10581248	0
0.5	5100	107	0	2913570	4	10581248	100	2	10200                              	7330	0	10581248	0
0.5	5100	136	0	2983830	4	10581248	100	2	10200                              	11411	0	10581248	0
0.5	5100	99	0	2890914	4	10581248	100	2	10200                              	12996	0	10581248	0
0.5	5100	129	0	2966112	4	10581248	100	2	10200                              	10523	0	10581248	0
0.5	5100	101	0	2897278	4	10581248	100	2	10200                              	16345	0	10581248	0
0.5	5100	150	0	3022106	4	10581248	100	2	10200                              	13739	0	10581248	0
0.5	5100	106	0	2907844	4	10581248	100	2	10200                              	14849	0	10581248	0
0.5	5100	129	0	2969460	4	10581248	100	2	10200                              	16195	0	10581248	0
0.5	5100	113	0	2927227	4	10581248	100	2	10200                              	11716	0	10581248	0
0.5	5100	98	0	2890856	4	10581248	100	2	10200                              	15050	0	10581248	0
0.5	5100	116	0	2933940	4	10581248	100	2	10200                              	16832	0	10581248	0
0.5	5100	102	0	2898581	4	10581248	100	2	10200                              	14822	0	10581248	0
0.5	5100	151	0	3024092	4	10581248	100	2	10200                              	17927	0	10581248	0
0.5	5100	128	0	2966663	4	10581248	100	2	10200                              	12292	0	10581248	0
0.5	5100	77	0	2834601	4	10581248	100	2	10200                              	19911	0	10581248	0
0.5	5100	117	0	2936133	4	10581248	100	2	10200                              	14619	0	10581248	0
0.5	5100	82	0	2845988	4	10581248	100	2	10200                              	13723	0	10581248	0
0.5	5100	121	0	2949506	4	10581248	100	2	10200                              	15431	0	10581248	0
0.5	5100	117	0	2935078	4	10581248	100	2	10200                              	9968	0	10581248	0
0.5	5100	94	0	2877978	4	10581248	100	2	10200                              	14427	0	10581248	0
0.5	5100	131	0	2972738	4	10581248	100	2	10200                              	14848	0	10581248	0
0.5	5100	86	0	2860014	4	10581248	100	2	10200                              	12916	0	10581248	0
0.5	5100	96	0	2880861	4	10581248	100	2	10200                              	16402	0	10581248	0
0.5	5100	126	0	2959066	4	10581248	100	2	10200                              	17449	0	10581248	0
0.5	5100	125	0	2957244	4	10581248	100	2	10200                              	15746	0	10581248	0
0.5	5100	140	0	2995401	4	10581248	100	2	10200                              	18075	0	10581248	0
0.5	5100	116	0	2933802	4	10581248	100	2	10200                              	15131	0	10581248	0
0.5	5100	111	0	2920796	4	10581248	100	2	10200                              	8118	0	10581248	0
0.5	5100	124	0	2955382	4	10581248	100	2	10200                              	9302	0	10581248	0
0.5	5100	119	0	2942341	4	10581248	100	2	10200                              	15175	0	10581248	0
0.5	5100	134	0	2979898	4	10581248	100	2	10200                              	10605	0	10581248	0
0.5	5100	111	0	2921823	4	10581248	100	2	10200                              	14003	0	10581248	0
0.5	6100	90	0	2912306	4	10581248	100	2	12200                              	19378	0	10581248	0
0.5	6100	110	0	2969549	4	10581248	100	2	12200                              	14481	0	10581248	0
0.5	6100	118	0	2996551	4	10581248	100	2	12200                              	11860	0	10581248	0
0.5	6100	99	0	2937959	4	10581248	100	2	12200                              	15935	0	10581248	0
0.5	6100	126	0	3023733	4	10581248	100	2	12200                              	15593	0	10581248	0
0.5	6100	116	0	2989712	4	10581248	100	2	12200                              	11349	0	10581248	0
0.5	6100	108	0	2967424	4	10581248	100	2	12200                              	16218	0	10581248	0
0.5	6100	121	0	3006709	4	10581248	100	2	12200                              	9747	0	10581248	0
0.5	6100	90	0	2911961	4	10581248	100	2	12200                              	12952	0	10581248	0
0.5	6100	106	0	2959753	4	10581248	100	2	12200                              	13595	0	10581248	0
0.5	6100	116	0	2988526	4	10581248	100	2	12200                              	8519	0	10581248	0
0.5	6100	105	0	2956294	4	10581248	100	2	12200                              	8949	0	10581248	0
0.5	6100	96	0	2931008	4	10581248	100	2	12200                              	16696	0	10581248	0
0.5	6100	131	0	3036414	4	10581248	100	2	12200                              	11665	0	10581248	0
0.5	6100	126	0	3021094	4	10581248	100	2	12200                              	10874	0	10581248	0
0.5	6100	149	0	3091075	4	10581248	100	2	12200                              	16991	0	10581248	0
0.5	6100	123	0	3014181	4	10581248	100	2	12200                              	17186	0	10581248	0
0.5	6100	103	0	2951976	4	10581248	100	2	12200                              	14230	0	10581248	0
0.5	6100	107	0	2964097	4	10581248	100	2	12200                              	16311	0	10581248	0
0.5	6100	85	0	2897212	4	10581248	100	2	12200                              	7700	0	10581248	0
0.5	6100	158	0	3118511	4	10581248	100	2	12200                              	10610	0	10581248	0
0.5	6100	117	0	2994766	4	10581248	100	2	12200                              	14318	0	10581248	0
0.5	6100	99	0	2939235	4	10581248	100	2	12200                              	15477	0	10581248	0
0.5	6100	104	0	2956502	4	10581248	100	2	12200                              	15017	0	10581248	0
0.5	6100	69	0	2848293	4	10581248	100	2	12200                              	12928	0	10581248	0
0.5	6100	140	0	3063398	4	10581248	100	2	12200                              	15709	0	10581248	0
0.5	6100	108	0	2969064	4	10581248	100	2	12200                              	9875	0	10581248	0
0.5	6100	95	0	2928713	4	10581248	100	2	12200                              	13750	0	10581248	0
0.5	6100	151	0	3099342	4	10581248	100	2	12200                              	10737	0	10581248	0
0.5	6100	100	0	2941118	4	10581248	100	2	12200                              	8390	0	10581248	0
0.5	6100	133	0	3041446	4	10581248	100	2	12200                              	13611	0	10581248	0
0.5	6100	125	0	3016409	4	10581248	100	2	12200                              	18980	0	10581248	0
0.5	6100	87	0	2905615	4	10581248	100	2	12200                              	13487	0	10581248	0
0.5	6100	104	0	2954900	4	10581248	100	2	12200                              	13838	0	10581248	0
0.5	6100	89	0	2908250	4	10581248	100	2	12200                              	14236	0	10581248	0
0.5	6100	83	0	2890545	4	10581248	100	2	12200                              	14774	0	10581248	0
0.5	6100	88	0	2907160	4	10581248	100	2	12200                              	16221	0	10581248	0
0.5	6100	89	0	2909233	4	10581248	100	2	12200                              	15182	0	10581248	0
0.5	6100	115	0	2986064	4	10581248	100	2	12200                              	13815	0	10581248	0
0.5	6100	102	0	2948485	4	10581248	100	2	12200                              	15816	0	10581248	0
0.5	6100	102	0	2946943	4	10581248	100	2	12200                              	17445	0	10581248	0
0.5	6100	86	0	2898742	4	10581248	100	2	12200                              	13745	0	10581248	0
0.5	6100	157	0	3114337	4	10581248	100	2	12200                              	12479	0	10581248	0
0.5	6100	72	0	2858630	4	10581248	100	2	12200                              	14015	0	10581248	0
0.5	6100	103	0	2951188	4	10581248	100	2	12200                              	14558	0	10581248	0
0.5	6100	119	0	3000673	4	10581248	100	2	12200                              	10530	0	10581248	0
0.5	6100	103	0	2953158	4	10581248	100	2	12200                              	18335	0	10581248	0
0.5	6100	88	0	2904989	4	10581248	100	2	12200                              	17435	0	10581248	0
0.5	6100	120	0	3004594	4	10581248	100	2	12200                              	14398	0	10581248	0
0.5	6100	99	0	2939419	4	10581248	100	2	12200                              	9457	0	10581248	0
0.5	6100	162	0	3130462	4	10581248	100	2	12200                              	10679	0	10581248	0
0.5	6100	70	0	2850781	4	10581248	100	2	12200                              	13783	0	10581248	0
0.5	6100	127	0	3026714	4	10581248	100	2	12200                              	15025	0	10581248	0
0.5	6100	124	0	3014201	4	10581248	100	2	12200                              	12183	0	10581248	0
0.5	6100	108	0	2969234	4	10581248	100	2	12200                              	14816	0	10581248	0
0.5	6100	142	0	3073058	4	10581248	100	2	12200                              	15035	0	10581248	0
0.5	6100	101	0	2944215	4	10581248	100	2	12200                              	11104	0	10581248	0
0.5	6100	113	0	2979870	4	10581248	100	2	12200                              	19773	0	10581248	0
0.5	6100	124	0	3017593	4	10581248	100	2	12200                              	11185	0	10581248	0
0.5	6100	185	0	3204348	4	10581248	100	2	12200                              	17611	0	10581248	0
0.5	6100	130	0	3033116	4	10581248	100	2	12200                              	17365	0	10581248	0
0.5	6100	98	0	2934931	4	10581248	100	2	12200                              	9432	0	10581248	0
0.5	6100	159	0	3121981	4	10581248	100	2	12200                              	20430	0	10581248	0
0.5	6100	102	0	2950927	4	10581248	100	2	12200                              	11505	0	10581248	0
0.5	6100	113	0	2983325	4	10581248	100	2	12200                              	16697	0	10581248	0
0.5	6100	115	0	2987404	4	10581248	100	2	12200                              	10793	0	10581248	0
0.5	6100	96	0	2929198	4	10581248	100	2	12200                              	14270	0	10581248	0
0.5	6100	78	0	2873857	4	10581248	100	2	12200                              	14322	0	10581248	0
0.5	6100	89	0	2908824	4	10581248	100	2	12200                              	14153	0	10581248	0
0.5	6100	122	0	3008057	4	10581248	100	2	12200                              	16526	0	10581248	0
0.5	6100	94	0	2922436	4	10581248	100	2	12200                              	16884	0	10581248	0
0.5	6100	119	0	2999142	4	10581248	100	2	12200                              	10280	0	10581248	0
0.5	6100	113	0	2980936	4	10581248	100	2	12200                              	15399	0	10581248	0
0.5	6100	163	0	3133706	4	10581248	100	2	12200                              	19680	0	10581248	0
0.5	6100	119	0	2998654	4	10581248	100	2	12200                              	14273	0	10581248	0
0.5	6100	86	0	2901044	4	10581248	100	2	12200                              	10145	0	10581248	0
0.5	6100	114	0	2986617	4	10581248	100	2	12200                              	10060	0	10581248	0
0.5	6100	124	0	3014863	4	10581248	100	2	12200                              	11252	0	10581248	0
0.5	6100	85	0	2895477	4	10581248	100	2	12200                              	9616	0	10581248	0
0.5	6100	94	0	2921998	4	10581248	100	2	12200                              	18066	0	10581248	0
0.5	6100	122	0	3007712	4	10581248	100	2	12200                              	14469	0	10581248	0
0.5	6100	122	0	3007196	4	10581248	100	2	12200                              	13789	0	10581248	0
0.5	6100	106	0	2961896	4	10581248	100	2	12200                              	13383	0	10581248	0
0.5	6100	126	0	3024711	4	10581248	100	2	12200                              	15854	0	10581248	0
0.5	6100	111	0	2976105	4	10581248	100	2	12200                              	15818	0	10581248	0
0.5	6100	106	0	2960702	4	10581248	100	2	12200                              	7353	0	10581248	0
0.5	6100	136	0	3052494	4	10581248	100	2	12200                              	17436	0	10581248	0
0.5	6100	89	0	2908618	4	10581248	100	2	12200                              	14523	0	10581248	0
0.5	6100	121	0	3005547	4	10581248	100	2	12200                              	10492	0	10581248	0
0.5	6100	96	0	2931411	4	10581248	100	2	12200                              	13005	0	10581248	0
0.5	6100	124	0	3017129	4	10581248	100	2	12200                              	9405	0	10581248	0
0.5	6100	112	0	2979064	4	10581248	100	2	12200                              	16040	0	10581248	0
0.5	6100	104	0	2957399	4	10581248	100	2	12200                              	11938	0	10581248	0
0.5	6100	109	0	2968413	4	10581248	100	2	12200                              	15940	0	10581248	0
0.5	6100	83	0	2888053	4	10581248	100	2	12200                              	14309	0	10581248	0
0.5	6100	109	0	2970607	4	10581248	100	2	12200                              	9408	0	10581248	0
0.5	6100	102	0	2951458	4	10581248	100	2	12200                              	13251	0	10581248	0
0.5	6100	191	0	3222665	4	10581248	100	2	12200                              	20867	0	10581248	0
0.5	6100	79	0	2878900	4	10581248	100	2	12200                              	14951	0	10581248	0
0.5	6100	165	0	3138906	4	10581248	100	2	12200                              	12120	0	10581248	0
0.5	7100	113	0	3036564	4	10581248	100	2	14200                              	15047	0	10581248	0
0.5	7100	82	0	2927868	4	10581248	100	2	14200                              	18366	0	10581248	0
0.5	7100	95	0	2971775	4	10581248	100	2	14200                              	8358	0	10581248	0
0.5	7100	107	0	3011892	4	10581248	100	2	14200                              	10763	0	10581248	0
0.5	7100	97	0	2983808	4	10581248	100	2	14200                              	15045	0	10581248	0
0.5	7100	102	0	2997753	4	10581248	100	2	14200                              	15825	0	10581248	0
0.5	7100	92	0	2964690	4	10581248	100	2	14200                              	11837	0	10581248	0
0.5	7100	102	0	2999970	4	10581248	100	2	14200                              	11511	0	10581248	0
0.5	7100	90	0	2956983	4	10581248	100	2	14200                              	19111	0	10581248	0
0.5	7100	91	0	2959445	4	10581248	100	2	14200                              	8621	0	10581248	0
0.5	7100	119	0	3057197	4	10581248	100	2	14200                              	13790	0	10581248	0
0.5	7100	84	0	2936187	4	10581248	100	2	14200                              	15697	0	10581248	0
0.5	7100	92	0	2962605	4	10581248	100	2	14200                              	9745	0	10581248	0
0.5	7100	111	0	3029530	4	10581248	100	2	14200                              	8800	0	10581248	0
0.5	7100	115	0	3047680	4	10581248	100	2	14200                              	12960	0	10581248	0
0.5	7100	136	0	3121079	4	10581248	100	2	14200                              	8412	0	10581248	0
0.5	7100	94	0	2971253	4	10581248	100	2	14200                              	15995	0	10581248	0
0.5	7100	109	0	3022213	4	10581248	100	2	14200                              	16948	0	10581248	0
0.5	7100	89	0	2953623	4	10581248	100	2	14200                              	13741	0	10581248	0
0.5	7100	90	0	2953982	4	10581248	100	2	14200                              	15642	0	10581248	0
0.5	7100	121	0	3067877	4	10581248	100	2	14200                              	15964	0	10581248	0
0.5	7100	94	0	2966052	4	10581248	100	2	14200                              	8648	0	10581248	0
0.5	7100	83	0	2930094	4	10581248	100	2	14200                              	12193	0	10581248	0
0.5	7100	138	0	3126018	4	10581248	100	2	14200                              	18015	0	10581248	0
0.5	7100	84	0	2934161	4	10581248	100	2	14200                              	9525	0	10581248	0
0.5	7100	79	0	2913765	4	10581248	100	2	14200                              	13868	0	10581248	0
0.5	7100	104	0	3007794	4	10581248	100	2	14200                              	12163	0	10581248	0
0.5	7100	146	0	3155139	4	10581248	100	2	14200                              	15000	0	10581248	0
0.5	7100	97	0	2983554	4	10581248	100	2	14200                              	8952	0	10581248	0
0.5	7100	146	0	3153369	4	10581248	100	2	14200                              	9270	0	10581248	0
0.5	7100	114	0	3039851	4	10581248	100	2	14200                              	10557	0	10581248	0
0.5	7100	108	0	3018105	4	10581248	100	2	14200                              	9811	0	10581248	0
0.5	7100	120	0	3064937	4	10581248	100	2	14200                              	14843	0	10581248	0
0.5	7100	139	0	3131492	4	10581248	100	2	14200                              	19190	0	10581248	0
0.5	7100	143	0	3145502	4	10581248	100	2	14200                              	14149	0	10581248	0
0.5	7100	94	0	2967245	4	10581248	100	2	14200                              	16901	0	10581248	0
0.5	7100	108	0	3016735	4	10581248	100	2	14200                              	9951	0	10581248	0
0.5	7100	90	0	2954761	4	10581248	100	2	14200                              	16379	0	10581248	0
0.5	7100	81	0	2922795	4	10581248	100	2	14200                              	15691	0	10581248	0
0.5	7100	92	0	2965289	4	10581248	100	2	14200                              	13618	0	10581248	0
0.5	7100	111	0	3033246	4	10581248	100	2	14200                              	14839	0	10581248	0
0.5	7100	109	0	3020020	4	10581248	100	2	14200                              	12209	0	10581248	0
0.5	7100	98	0	2983450	4	10581248	100	2	14200                              	13998	0	10581248	0
0.5	7100	136	0	3118742	4	10581248	100	2	14200                              	13134	0	10581248	0
0.5	7100	81	0	2924357	4	10581248	100	2	14200                              	8017	0	10581248	0
0.5	7100	115	0	3045921	4	10581248	100	2	14200                              	7841	0	10581248	0
0.5	7100	90	0	2952519	4	10581248	100	2	14200                              	8604	0	10581248	0
0.5	7100	94	0	2969811	4	10581248	100	2	14200                              	17168	0	10581248	0
0.5	7100	108	0	3022383	4	10581248	100	2	14200                              	13925	0	10581248	0
0.5	7100	83	0	2932280	4	10581248	100	2	14200                              	9927	0	10581248	0
0.5	7100	137	0	3121032	4	10581248	100	2	14200                              	15943	0	10581248	0
0.5	7100	97	0	2977803	4	10581248	100	2	14200                              	9356	0	10581248	0
0.5	7100	74	0	2900158	4	10581248	100	2	14200                              	11150	0	10581248	0
0.5	7100	95	0	2974204	4	10581248	100	2	14200                              	14405	0	10581248	0
0.5	7100	118	0	3055607	4	10581248	100	2	14200                              	15054	0	10581248	0
0.5	7100	118	0	3054945	4	10581248	100	2	14200                              	11805	0	10581248	0
0.5	7100	105	0	3007598	4	10581248	100	2	14200                              	10330	0	10581248	0
0.5	7100	102	0	2997803	4	10581248	100	2	14200                              	9844	0	10581248	0
0.5	7100	80	0	2921405	4	10581248	100	2	14200                              	15992	0	10581248	0
0.5	7100	91	0	2958918	4	10581248	100	2	14200                              	8368	0	10581248	0
0.5	7100	118	0	3053465	4	10581248	100	2	14200                              	14705	0	10581248	0
0.5	7100	117	0	3051158	4	10581248	100	2	14200                              	11220	0	10581248	0
0.5	7100	97	0	2982073	4	10581248	100	2	14200                              	9137	0	10581248	0
0.5	7100	104	0	3006396	4	10581248	100	2	14200                              	14510	0	10581248	0
0.5	7100	116	0	3045912	4	10581248	100	2	14200                              	11092	0	10581248	0
0.5	7100	70	0	2883630	4	10581248	100	2	14200                              	13966	0	10581248	0
0.5	7100	125	0	3078742	4	10581248	100	2	14200                              	14239	0	10581248	0
0.5	7100	124	0	3078052	4	10581248	100	2	14200                              	17409	0	10581248	0
0.5	7100	106	0	3013787	4	10581248	100	2	14200                              	11432	0	10581248	0
0.5	7100	91	0	2958369	4	10581248	100	2	14200                              	8586	0	10581248	0
0.5	7100	116	0	3044478	4	10581248	100	2	14200                              	14846	0	10581248	0
0.5	7100	84	0	2931670	4	10581248	100	2	14200                              	20287	0	10581248	0
0.5	7100	82	0	2927071	4	10581248	100	2	14200                              	18548	0	10581248	0
0.5	7100	96	0	2978135	4	10581248	100	2	14200                              	13534	0	10581248	0
0.5	7100	121	0	3063786	4	10581248	100	2	14200                              	11007	0	10581248	0
0.5	7100	98	0	2986193	4	10581248	100	2	14200                              	8958	0	10581248	0
0.5	7100	146	0	3154929	4	10581248	100	2	14200                              	9906	0	10581248	0
0.5	7100	116	0	3047863	4	10581248	100	2	14200                              	14313	0	10581248	0
0.5	7100	125	0	3081946	4	10581248	100	2	14200                              	15116	0	10581248	0
0.5	7100	123	0	3072885	4	10581248	100	2	14200                              	15710	0	10581248	0
0.5	7100	96	0	2978190	4	10581248	100	2	14200                              	10541	0	10581248	0
0.5	7100	98	0	2984964	4	10581248	100	2	14200                              	12724	0	10581248	0
0.5	7100	88	0	2949322	4	10581248	100	2	14200                              	15217	0	10581248	0
0.5	7100	86	0	2942410	4	10581248	100	2	14200                              	17983	0	10581248	0
0.5	7100	108	0	3018265	4	10581248	100	2	14200                              	16415	0	10581248	0
0.5	7100	76	0	2909347	4	10581248	100	2	14200                              	13050	0	10581248	0
0.5	7100	98	0	2986366	4	10581248	100	2	14200                              	9815	0	10581248	0
0.5	7100	110	0	3026809	4	10581248	100	2	14200                              	17000	0	10581248	0
0.5	7100	70	0	2884866	4	10581248	100	2	14200                              	14874	0	10581248	0
0.5	7100	90	0	2959942	4	10581248	100	2	14200                              	8789	0	10581248	0
0.5	7100	69	0	2880557	4	10581248	100	2	14200                              	14640	0	10581248	0
0.5	7100	74	0	2902798	4	10581248	100	2	14200                              	12671	0	10581248	0
0.5	7100	103	0	3000578	4	10581248	100	2	14200                              	14866	0	10581248	0
0.5	7100	127	0	3087397	4	10581248	100	2	14200                              	18586	0	10581248	0
0.5	7100	107	0	3017301	4	10581248	100	2	14200                              	16070	0	10581248	0
0.5	7100	67	0	2873616	4	10581248	100	2	14200                              	14107	0	10581248	0
0.5	7100	109	0	3021064	4	10581248	100	2	14200                              	12255	0	10581248	0
0.5	7100	88	0	2946866	4	10581248	100	2	14200                              	13510	0	10581248	0
0.5	7100	113	0	3037133	4	10581248	100	2	14200                              	11382	0	10581248	0
0.5	7100	91	0	2962133	4	10581248	100	2	14200                              	13167	0	10581248	0
0.5	8100	97	0	3026085	4	10581248	100	2	16200                              	10789	0	10581248	0
0.5	8100	89	0	2995733	4	10581248	100	2	16200                              	8601	0	10581248	0
0.5	8100	116	0	3104760	4	10581248	100	2	16200                              	14006	0	10581248	0
0.5	8100	101	0	3047423	4	10581248	100	2	16200                              	9355	0	10581248	0
0.5	8100	83	0	2974057	4	10581248	100	2	16200                              	14472	0	10581248	0
0.5	8100	102	0	3047706	4	10581248	100	2	16200                              	11130	0	10581248	0
0.5	8100	125	0	3140161	4	10581248	100	2	16200                              	10803	0	10581248	0
0.5	8100	87	0	2991307	4	10581248	100	2	16200                              	19438	0	10581248	0
0.5	8100	96	0	3022706	4	10581248	100	2	16200                              	8604	0	10581248	0
0.5	8100	70	0	2917598	4	10581248	100	2	16200                              	10588	0	10581248	0
0.5	8100	98	0	3034685	4	10581248	100	2	16200                              	15639	0	10581248	0
0.5	8100	88	0	2993176	4	10581248	100	2	16200                              	15704	0	10581248	0
0.5	8100	123	0	3133981	4	10581248	100	2	16200                              	9463	0	10581248	0
0.5	8100	85	0	2980445	4	10581248	100	2	16200                              	16495	0	10581248	0
0.5	8100	84	0	2974479	4	10581248	100	2	16200                              	12315	0	10581248	0
0.5	8100	110	0	3079754	4	10581248	100	2	16200                              	13060	0	10581248	0
0.5	8100	104	0	3053867	4	10581248	100	2	16200                              	10722	0	10581248	0
0.5	8100	139	0	3197735	4	10581248	100	2	16200                              	22878	0	10581248	0
0.5	8100	107	0	3069439	4	10581248	100	2	16200                              	16058	0	10581248	0
0.5	8100	79	0	2955180	4	10581248	100	2	16200                              	12994	0	10581248	0
0.5	8100	84	0	2976090	4	10581248	100	2	16200                              	7927	0	10581248	0
0.5	8100	97	0	3024803	4	10581248	100	2	16200                              	14699	0	10581248	0
0.5	8100	88	0	2994421	4	10581248	100	2	16200                              	12118	0	10581248	0
0.5	8100	100	0	3037348	4	10581248	100	2	16200                              	9318	0	10581248	0
0.5	8100	71	0	2923079	4	10581248	100	2	16200                              	14487	0	10581248	0
0.5	8100	82	0	2967908	4	10581248	100	2	16200                              	15882	0	10581248	0
0.5	8100	110	0	3083875	4	10581248	100	2	16200                              	12447	0	10581248	0
0.5	8100	111	0	3084965	4	10581248	100	2	16200                              	13804	0	10581248	0
0.5	8100	83	0	2972612	4	10581248	100	2	16200                              	16394	0	10581248	0
0.5	8100	106	0	3067968	4	10581248	100	2	16200                              	15387	0	10581248	0
0.5	8100	107	0	3069582	4	10581248	100	2	16200                              	8543	0	10581248	0
0.5	8100	115	0	3101304	4	10581248	100	2	16200                              	11100	0	10581248	0
0.5	8100	94	0	3016040	4	10581248	100	2	16200                              	10624	0	10581248	0
0.5	8100	95	0	3021869	4	10581248	100	2	16200                              	15326	0	10581248	0
0.5	8100	100	0	3037145	4	10581248	100	2	16200                              	16907	0	10581248	0
0.5	8100	91	0	3004158	4	10581248	100	2	16200                              	9821	0	10581248	0
0.5	8100	82	0	2964308	4	10581248	100	2	16200                              	15720	0	10581248	0
0.5	8100	182	0	3370140	4	10581248	100	2	16200                              	14356	0	10581248	0
0.5	8100	78	0	2951592	4	10581248	100	2	16200                              	15041	0	10581248	0
0.5	8100	88	0	2987405	4	10581248	100	2	16200                              	8024	0	10581248	0
0.5	8100	103	0	3050273	4	10581248	100	2	16200                              	9210	0	10581248	0
0.5	8100	109	0	3076729	4	10581248	100	2	16200                              	13932	0	10581248	0
0.5	8100	74	0	2936722	4	10581248	100	2	16200                              	13696	0	10581248	0
0.5	8100	86	0	2983159	4	10581248	100	2	16200                              	9537	0	10581248	0
0.5	8100	111	0	3085881	4	10581248	100	2	16200                              	14620	0	10581248	0
0.5	8100	103	0	3050482	4	10581248	100	2	16200                              	8440	0	10581248	0
0.5	8100	111	0	3087495	4	10581248	100	2	16200                              	15843	0	10581248	0
0.5	8100	96	0	3020667	4	10581248	100	2	16200                              	11173	0	10581248	0
0.5	8100	91	0	3003842	4	10581248	100	2	16200                              	8172	0	10581248	0
0.5	8100	82	0	2966286	4	10581248	100	2	16200                              	14860	0	10581248	0
0.5	8100	67	0	2909192	4	10581248	100	2	16200                              	14360	0	10581248	0
0.5	8100	77	0	2945517	4	10581248	100	2	16200                              	19242	0	10581248	0
0.5	8100	134	0	3176372	4	10581248	100	2	16200                              	18998	0	10581248	0
0.5	8100	138	0	3193782	4	10581248	100	2	16200                              	13445	0	10581248	0
0.5	8100	98	0	3034749	4	10581248	100	2	16200                              	15613	0	10581248	0
0.5	8100	134	0	3180874	4	10581248	100	2	16200                              	10204	0	10581248	0
0.5	8100	81	0	2963285	4	10581248	100	2	16200                              	16644	0	10581248	0
0.5	8100	95	0	3022230	4	10581248	100	2	16200                              	8479	0	10581248	0
0.5	8100	114	0	3095792	4	10581248	100	2	16200                              	9334	0	10581248	0
0.5	8100	102	0	3047161	4	10581248	100	2	16200                              	16072	0	10581248	0
0.5	8100	124	0	3138510	4	10581248	100	2	16200                              	15654	0	10581248	0
0.5	8100	106	0	3063187	4	10581248	100	2	16200                              	14968	0	10581248	0
0.5	8100	112	0	3085092	4	10581248	100	2	16200                              	17725	0	10581248	0
0.5	8100	108	0	3073509	4	10581248	100	2	16200                              	17813	0	10581248	0
0.5	8100	103	0	3051191	4	10581248	100	2	16200                              	13795	0	10581248	0
0.5	8100	107	0	3067559	4	10581248	100	2	16200                              	14260	0	10581248	0
0.5	8100	114	0	3098312	4	10581248	100	2	16200                              	13402	0	10581248	0
0.5	8100	105	0	3060865	4	10581248	100	2	16200                              	10323	0	10581248	0
0.5	8100	94	0	3016113	4	10581248	100	2	16200                              	9873	0	10581248	0
0.5	8100	95	0	3021747	4	10581248	100	2	16200                              	14120	0	10581248	0
0.5	8100	79	0	2953816	4	10581248	100	2	16200                              	15186	0	10581248	0
0.5	8100	71	0	2925172	4	10581248	100	2	16200                              	11031	0	10581248	0
0.5	8100	98	0	3032776	4	10581248	100	2	16200                              	10691	0	10581248	0
0.5	8100	114	0	3099090	4	10581248	100	2	16200                              	12093	0	10581248	0
0.5	8100	79	0	2956445	4	10581248	100	2	16200                              	15191	0	10581248	0
0.5	8100	93	0	3014942	4	10581248	100	2	16200                              	10125	0	10581248	0
0.5	8100	115	0	3103646	4	10581248	100	2	16200                              	12598	0	10581248	0
0.5	8100	98	0	3033762	4	10581248	100	2	16200                              	15624	0	10581248	0
0.5	8100	108	0	3072432	4	10581248	100	2	16200                              	16326	0	10581248	0
0.5	8100	93	0	3012652	4	10581248	100	2	16200                              	14260	0	10581248	0
0.5	8100	101	0	3041260	4	10581248	100	2	16200                              	13819	0	10581248	0
0.5	8100	101	0	3048468	4	10581248	100	2	16200                              	15278	0	10581248	0
0.5	8100	72	0	2927608	4	10581248	100	2	16200                              	9914	0	10581248	0
0.5	8100	96	0	3022141	4	10581248	100	2	16200                              	9993	0	10581248	0
0.5	8100	103	0	3050972	4	10581248	100	2	16200                              	12765	0	10581248	0
0.5	8100	77	0	2948104	4	10581248	100	2	16200                              	10474	0	10581248	0
0.5	8100	99	0	3034297	4	10581248	100	2	16200                              	12019	0	10581248	0
0.5	8100	111	0	3086302	4	10581248	100	2	16200                              	18721	0	10581248	0
0.5	8100	92	0	3008066	4	10581248	100	2	16200                              	8780	0	10581248	0
0.5	8100	77	0	2947384	4	10581248	100	2	16200                              	13919	0	10581248	0
0.5	8100	92	0	3006269	4	10581248	100	2	16200                              	14143	0	10581248	0
0.5	8100	195	0	3427324	4	10581248	100	2	16200                              	14302	0	10581248	0
0.5	8100	90	0	3001641	4	10581248	100	2	16200                              	18025	0	10581248	0
0.5	8100	88	0	2991121	4	10581248	100	2	16200                              	15980	0	10581248	0
0.5	8100	91	0	3000196	4	10581248	100	2	16200                              	11719	0	10581248	0
0.5	8100	96	0	3022235	4	10581248	100	2	16200                              	13400	0	10581248	0
0.5	8100	122	0	3128545	4	10581248	100	2	16200                              	16778	0	10581248	0
0.5	8100	82	0	2968052	4	10581248	100	2	16200                              	10784	0	10581248	0
0.5	8100	107	0	3070848	4	10581248	100	2	16200                              	15347	0	10581248	0
0.5	8100	81	0	2963795	4	10581248	100	2	16200                              	13776	0	10581248	0
0.5	9100	85	0	3020517	4	10581248	100	2	18200                              	15002	0	10581248	0
0.5	9100	135	0	3248011	4	10581248	100	2	18200                              	11246	0	10581248	0
0.5	9100	91	0	3047962	4	10581248	100	2	18200                              	14966	0	10581248	0
0.5	9100	85	0	3016912	4	10581248	100	2	18200                              	7869	0	10581248	0
0.5	9100	116	0	3162436	4	10581248	100	2	18200                              	16043	0	10581248	0
0.5	9100	91	0	3049388	4	10581248	100	2	18200                              	16182	0	10581248	0
0.5	9100	190	0	3501760	4	10581248	100	2	18200                              	18265	0	10581248	0
0.5	9100	114	0	3151179	4	10581248	100	2	18200                              	16694	0	10581248	0
0.5	9100	100	0	3088601	4	10581248	100	2	18200                              	16796	0	10581248	0
0.5	9100	96	0	3070645	4	10581248	100	2	18200                              	15968	0	10581248	0
0.5	9100	112	0	3144377	4	10581248	100	2	18200                              	15695	0	10581248	0
0.5	9100	82	0	3007498	4	10581248	100	2	18200                              	15500	0	10581248	0
0.5	9100	88	0	3037254	4	10581248	100	2	18200                              	11627	0	10581248	0
0.5	9100	83	0	3009010	4	10581248	100	2	18200                              	14772	0	10581248	0
0.5	9100	98	0	3079134	4	10581248	100	2	18200                              	8692	0	10581248	0
0.5	9100	105	0	3113460	4	10581248	100	2	18200                              	13756	0	10581248	0
0.5	9100	81	0	3001871	4	10581248	100	2	18200                              	17046	0	10581248	0
0.5	9100	68	0	2943162	4	10581248	100	2	18200                              	13508	0	10581248	0
0.5	9100	78	0	2990582	4	10581248	100	2	18200                              	15013	0	10581248	0
0.5	9100	97	0	3076208	4	10581248	100	2	18200                              	9823	0	10581248	0
0.5	9100	108	0	3128145	4	10581248	100	2	18200                              	11855	0	10581248	0
0.5	9100	97	0	3076410	4	10581248	100	2	18200                              	12711	0	10581248	0
0.5	9100	63	0	2923252	4	10581248	100	2	18200                              	16089	0	10581248	0
0.5	9100	205	0	3566314	4	10581248	100	2	18200                              	14159	0	10581248	0
0.5	9100	76	0	2976722	4	10581248	100	2	18200                              	15288	0	10581248	0
0.5	9100	76	0	2977079	4	10581248	100	2	18200                              	15285	0	10581248	0
0.5	9100	74	0	2967175	4	10581248	100	2	18200                              	14474	0	10581248	0
0.5	9100	102	0	3098033	4	10581248	100	2	18200                              	10291	0	10581248	0
0.5	9100	119	0	3173697	4	10581248	100	2	18200                              	15731	0	10581248	0
0.5	9100	83	0	3013667	4	10581248	100	2	18200                              	13263	0	10581248	0
0.5	9100	88	0	3034385	4	10581248	100	2	18200                              	11212	0	10581248	0
0.5	9100	71	0	2952455	4	10581248	100	2	18200                              	12823	0	10581248	0
0.5	9100	153	0	3329404	4	10581248	100	2	18200                              	14259	0	10581248	0
0.5	9100	106	0	3115852	4	10581248	100	2	18200                              	16465	0	10581248	0
0.5	9100	88	0	3032606	4	10581248	100	2	18200                              	18006	0	10581248	0
0.5	9100	87	0	3028597	4	10581248	100	2	18200                              	13136	0	10581248	0
0.5	9100	81	0	3002611	4	10581248	100	2	18200                              	8677	0	10581248	0
0.5	9100	139	0	3265257	4	10581248	100	2	18200                              	10714	0	10581248	0
0.5	9100	98	0	3077637	4	10581248	100	2	18200                              	14168	0	10581248	0
0.5	9100	104	0	3107327	4	10581248	100	2	18200                              	13027	0	10581248	0
0.5	9100	87	0	3028479	4	10581248	100	2	18200                              	12624	0	10581248	0
0.5	9100	80	0	2997796	4	10581248	100	2	18200                              	10728	0	10581248	0
0.5	9100	89	0	3039949	4	10581248	100	2	18200                              	11088	0	10581248	0
0.5	9100	78	0	2988561	4	10581248	100	2	18200                              	10183	0	10581248	0
0.5	9100	111	0	3137256	4	10581248	100	2	18200                              	14668	0	10581248	0
0.5	9100	78	0	2988765	4	10581248	100	2	18200                              	14574	0	10581248	0
0.5	9100	91	0	3049198	4	10581248	100	2	18200                              	12895	0	10581248	0
0.5	9100	95	0	3066817	4	10581248	100	2	18200                              	12861	0	10581248	0
0.5	9100	100	0	3091536	4	10581248	100	2	18200                              	16463	0	10581248	0
0.5	9100	85	0	3022470	4	10581248	100	2	18200                              	16724	0	10581248	0
0.5	9100	105	0	3110526	4	10581248	100	2	18200                              	8667	0	10581248	0
0.5	9100	102	0	3097889	4	10581248	100	2	18200                              	15486	0	10581248	0
0.5	9100	100	0	3091269	4	10581248	100	2	18200                              	14916	0	10581248	0
0.5	9100	75	0	2971744	4	10581248	100	2	18200                              	16656	0	10581248	0
0.5	9100	75	0	2972451	4	10581248	100	2	18200                              	14669	0	10581248	0
0.5	9100	118	0	3169483	4	10581248	100	2	18200                              	12310	0	10581248	0
0.5	9100	78	0	2989001	4	10581248	100	2	18200                              	13271	0	10581248	0
0.5	9100	145	0	3294359	4	10581248	100	2	18200                              	19011	0	10581248	0
0.5	9100	88	0	3030728	4	10581248	100	2	18200                              	8173	0	10581248	0
0.5	9100	102	0	3098041	4	10581248	100	2	18200                              	15110	0	10581248	0
0.5	9100	92	0	3051291	4	10581248	100	2	18200                              	16235	0	10581248	0
0.5	9100	120	0	3179578	4	10581248	100	2	18200                              	12499	0	10581248	0
0.5	9100	81	0	3002422	4	10581248	100	2	18200                              	16189	0	10581248	0
0.5	9100	96	0	3068404	4	10581248	100	2	18200                              	9656	0	10581248	0
0.5	9100	76	0	2979353	4	10581248	100	2	18200                              	14457	0	10581248	0
0.5	9100	125	0	3200623	4	10581248	100	2	18200                              	16462	0	10581248	0
0.5	9100	117	0	3166531	4	10581248	100	2	18200                              	9681	0	10581248	0
0.5	9100	180	0	3453992	4	10581248	100	2	18200                              	14175	0	10581248	0
0.5	9100	86	0	3027367	4	10581248	100	2	18200                              	12348	0	10581248	0
0.5	9100	102	0	3096884	4	10581248	100	2	18200                              	14737	0	10581248	0
0.5	9100	95	0	3065059	4	10581248	100	2	18200                              	13535	0	10581248	0
0.5	9100	64	0	2926614	4	10581248	100	2	18200                              	14049	0	10581248	0
0.5	9100	94	0	3064554	4	10581248	100	2	18200                              	14235	0	10581248	0
0.5	9100	96	0	3064978	4	10581248	100	2	18200                              	11850	0	10581248	0
0.5	9100	73	0	2965389	4	10581248	100	2	18200                              	13549	0	10581248	0
0.5	9100	94	0	3060851	4	10581248	100	2	18200                              	13390	0	10581248	0
0.5	9100	74	0	2969724	4	10581248	100	2	18200                              	13176	0	10581248	0
0.5	9100	88	0	3036828	4	10581248	100	2	18200                              	12199	0	10581248	0
0.5	9100	110	0	3138549	4	10581248	100	2	18200                              	10194	0	10581248	0
0.5	9100	95	0	3065645	4	10581248	100	2	18200                              	12514	0	10581248	0
0.5	9100	84	0	3014711	4	10581248	100	2	18200                              	9416	0	10581248	0
0.5	9100	137	0	3254025	4	10581248	100	2	18200                              	14068	0	10581248	0
0.5	9100	97	0	3073289	4	10581248	100	2	18200                              	11102	0	10581248	0
0.5	9100	70	0	2953223	4	10581248	100	2	18200                              	14324	0	10581248	0
0.5	9100	100	0	3091084	4	10581248	100	2	18200                              	8383	0	10581248	0
0.5	9100	100	0	3089572	4	10581248	100	2	18200                              	17331	0	10581248	0
0.5	9100	82	0	3009760	4	10581248	100	2	18200                              	8431	0	10581248	0
0.5	9100	72	0	2960566	4	10581248	100	2	18200                              	14941	0	10581248	0
0.5	9100	107	0	3121028	4	10581248	100	2	18200                              	16123	0	10581248	0
0.5	9100	88	0	3036068	4	10581248	100	2	18200                              	14729	0	10581248	0
0.5	9100	73	0	2966299	4	10581248	100	2	18200                              	14374	0	10581248	0
0.5	9100	98	0	3077759	4	10581248	100	2	18200                              	10517	0	10581248	0
0.5	9100	96	0	3068873	4	10581248	100	2	18200                              	14115	0	10581248	0
0.5	9100	88	0	3037064	4	10581248	100	2	18200                              	10302	0	10581248	0
0.5	9100	108	0	3126611	4	10581248	100	2	18200                              	10659	0	10581248	0
0.5	9100	112	0	3145531	4	10581248	100	2	18200                              	11709	0	10581248	0
0.5	9100	95	0	3067002	4	10581248	100	2	18200                              	16974	0	10581248	0
0.5	9100	100	0	3087324	4	10581248	100	2	18200                              	11210	0	10581248	0
0.5	9100	73	0	2966700	4	10581248	100	2	18200                              	13674	0	10581248	0
0.5	9100	92	0	3048671	4	10581248	100	2	18200                              	14476	0	10581248	0
