#using seed 0.050174
# Work:10581248, depth:844030, work/p+depth:1505358.0
#PROCESSORS: 16, RUNS: 100
#prb	R-l	ISR	ESR	runTime	processors    	work	taskThreshold	lGranularity	rGranularity	IDATAT	EDATAT	W0	W1
0.5	100	17042	0	874247	16	10581248	100	2	200                              	64774	0	10581248	0
0.5	100	16868	0	872074	16	10581248	100	2	200                              	60352	0	10581248	0
0.5	100	32491	0	1067364	16	10581248	100	2	200                              	67690	0	10581248	0
0.5	100	17518	0	880172	16	10581248	100	2	200                              	55990	0	10581248	0
0.5	100	17232	0	876617	16	10581248	100	2	200                              	66853	0	10581248	0
0.5	100	18385	0	891034	16	10581248	100	2	200                              	68784	0	10581248	0
0.5	100	24386	0	966048	16	10581248	100	2	200                              	47047	0	10581248	0
0.5	100	17469	0	879598	16	10581248	100	2	200                              	65886	0	10581248	0
0.5	100	17390	0	878594	16	10581248	100	2	200                              	55072	0	10581248	0
0.5	100	24167	0	963314	16	10581248	100	2	200                              	59269	0	10581248	0
0.5	100	17328	0	877813	16	10581248	100	2	200                              	67730	0	10581248	0
0.5	100	32568	0	1068318	16	10581248	100	2	200                              	52538	0	10581248	0
0.5	100	18058	0	886924	16	10581248	100	2	200                              	68594	0	10581248	0
0.5	100	17354	0	878147	16	10581248	100	2	200                              	52047	0	10581248	0
0.5	100	17111	0	875107	16	10581248	100	2	200                              	57308	0	10581248	0
0.5	100	17323	0	877782	16	10581248	100	2	200                              	59822	0	10581248	0
0.5	100	17624	0	881498	16	10581248	100	2	200                              	54862	0	10581248	0
0.5	100	17420	0	878977	16	10581248	100	2	200                              	49812	0	10581248	0
0.5	100	17821	0	883959	16	10581248	100	2	200                              	66839	0	10581248	0
0.5	100	17035	0	874187	16	10581248	100	2	200                              	47973	0	10581248	0
0.5	100	28803	0	1021266	16	10581248	100	2	200                              	49248	0	10581248	0
0.5	100	17053	0	874389	16	10581248	100	2	200                              	55733	0	10581248	0
0.5	100	17177	0	875936	16	10581248	100	2	200                              	47342	0	10581248	0
0.5	100	29956	0	1035684	16	10581248	100	2	200                              	61400	0	10581248	0
0.5	100	16859	0	871960	16	10581248	100	2	200                              	56642	0	10581248	0
0.5	100	17155	0	875655	16	10581248	100	2	200                              	64346	0	10581248	0
0.5	100	18026	0	886566	16	10581248	100	2	200                              	47512	0	10581248	0
0.5	100	17095	0	874926	16	10581248	100	2	200                              	64929	0	10581248	0
0.5	100	17801	0	883746	16	10581248	100	2	200                              	55025	0	10581248	0
0.5	100	17412	0	878887	16	10581248	100	2	200                              	51642	0	10581248	0
0.5	100	16991	0	873612	16	10581248	100	2	200                              	47468	0	10581248	0
0.5	100	17440	0	879229	16	10581248	100	2	200                              	61266	0	10581248	0
0.5	100	17380	0	878461	16	10581248	100	2	200                              	66645	0	10581248	0
0.5	100	16877	0	872210	16	10581248	100	2	200                              	53143	0	10581248	0
0.5	100	17230	0	876595	16	10581248	100	2	200                              	63446	0	10581248	0
0.5	100	18300	0	889952	16	10581248	100	2	200                              	45559	0	10581248	0
0.5	100	17399	0	878683	16	10581248	100	2	200                              	57732	0	10581248	0
0.5	100	17487	0	879825	16	10581248	100	2	200                              	49055	0	10581248	0
0.5	100	17478	0	879678	16	10581248	100	2	200                              	54854	0	10581248	0
0.5	100	17230	0	876589	16	10581248	100	2	200                              	67746	0	10581248	0
0.5	100	17380	0	878464	16	10581248	100	2	200                              	50633	0	10581248	0
0.5	100	17669	0	882066	16	10581248	100	2	200                              	46484	0	10581248	0
0.5	100	17080	0	874733	16	10581248	100	2	200                              	45459	0	10581248	0
0.5	100	17609	0	881325	16	10581248	100	2	200                              	48759	0	10581248	0
0.5	100	24418	0	966466	16	10581248	100	2	200                              	57846	0	10581248	0
0.5	100	17537	0	880434	16	10581248	100	2	200                              	53340	0	10581248	0
0.5	100	17216	0	876440	16	10581248	100	2	200                              	57023	0	10581248	0
0.5	100	17241	0	876731	16	10581248	100	2	200                              	49898	0	10581248	0
0.5	100	17315	0	877679	16	10581248	100	2	200                              	60188	0	10581248	0
0.5	100	17658	0	881944	16	10581248	100	2	200                              	43518	0	10581248	0
0.5	100	32115	0	1062662	16	10581248	100	2	200                              	48195	0	10581248	0
0.5	100	17413	0	878886	16	10581248	100	2	200                              	66333	0	10581248	0
0.5	100	32795	0	1071171	16	10581248	100	2	200                              	56533	0	10581248	0
0.5	100	17250	0	876847	16	10581248	100	2	200                              	61694	0	10581248	0
0.5	100	17224	0	876499	16	10581248	100	2	200                              	62024	0	10581248	0
0.5	100	17514	0	880147	16	10581248	100	2	200                              	58682	0	10581248	0
0.5	100	17431	0	879114	16	10581248	100	2	200                              	54677	0	10581248	0
0.5	100	17061	0	874496	16	10581248	100	2	200                              	48744	0	10581248	0
0.5	100	17384	0	878510	16	10581248	100	2	200                              	50826	0	10581248	0
0.5	100	18559	0	893201	16	10581248	100	2	200                              	53588	0	10581248	0
0.5	100	17062	0	874495	16	10581248	100	2	200                              	54865	0	10581248	0
0.5	100	17138	0	875445	16	10581248	100	2	200                              	47891	0	10581248	0
0.5	100	17326	0	877805	16	10581248	100	2	200                              	62451	0	10581248	0
0.5	100	23583	0	956013	16	10581248	100	2	200                              	56451	0	10581248	0
0.5	100	17221	0	876512	16	10581248	100	2	200                              	52829	0	10581248	0
0.5	100	17105	0	875023	16	10581248	100	2	200                              	64634	0	10581248	0
0.5	100	17323	0	877752	16	10581248	100	2	200                              	55365	0	10581248	0
0.5	100	17120	0	875200	16	10581248	100	2	200                              	53474	0	10581248	0
0.5	100	17008	0	873814	16	10581248	100	2	200                              	56433	0	10581248	0
0.5	100	17651	0	881857	16	10581248	100	2	200                              	57444	0	10581248	0
0.5	100	23968	0	960823	16	10581248	100	2	200                              	62881	0	10581248	0
0.5	100	17673	0	882143	16	10581248	100	2	200                              	52267	0	10581248	0
0.5	100	32844	0	1071754	16	10581248	100	2	200                              	55470	0	10581248	0
0.5	100	17654	0	881897	16	10581248	100	2	200                              	64584	0	10581248	0
0.5	100	17089	0	874827	16	10581248	100	2	200                              	66729	0	10581248	0
0.5	100	17419	0	878976	16	10581248	100	2	200                              	63868	0	10581248	0
0.5	100	24200	0	963722	16	10581248	100	2	200                              	53703	0	10581248	0
0.5	100	17270	0	877080	16	10581248	100	2	200                              	48206	0	10581248	0
0.5	100	17002	0	873752	16	10581248	100	2	200                              	66684	0	10581248	0
0.5	100	32577	0	1068460	16	10581248	100	2	200                              	53952	0	10581248	0
0.5	100	17414	0	878901	16	10581248	100	2	200                              	66541	0	10581248	0
0.5	100	17304	0	877505	16	10581248	100	2	200                              	59171	0	10581248	0
0.5	100	17594	0	881126	16	10581248	100	2	200                              	54014	0	10581248	0
0.5	100	18505	0	892534	16	10581248	100	2	200                              	64409	0	10581248	0
0.5	100	17158	0	875697	16	10581248	100	2	200                              	66262	0	10581248	0
0.5	100	17525	0	880284	16	10581248	100	2	200                              	61474	0	10581248	0
0.5	100	17297	0	877441	16	10581248	100	2	200                              	45953	0	10581248	0
0.5	100	17262	0	877009	16	10581248	100	2	200                              	61253	0	10581248	0
0.5	100	17417	0	878969	16	10581248	100	2	200                              	65034	0	10581248	0
0.5	100	17504	0	880030	16	10581248	100	2	200                              	49852	0	10581248	0
0.5	100	17297	0	877438	16	10581248	100	2	200                              	48466	0	10581248	0
0.5	100	17412	0	878891	16	10581248	100	2	200                              	64250	0	10581248	0
0.5	100	17221	0	876484	16	10581248	100	2	200                              	44398	0	10581248	0
0.5	100	17142	0	875496	16	10581248	100	2	200                              	53749	0	10581248	0
0.5	100	17267	0	877065	16	10581248	100	2	200                              	67744	0	10581248	0
0.5	100	17581	0	881011	16	10581248	100	2	200                              	50318	0	10581248	0
0.5	100	17299	0	877451	16	10581248	100	2	200                              	50223	0	10581248	0
0.5	100	17751	0	883108	16	10581248	100	2	200                              	54705	0	10581248	0
0.5	100	17247	0	876817	16	10581248	100	2	200                              	66796	0	10581248	0
0.5	100	17146	0	875537	16	10581248	100	2	200                              	54129	0	10581248	0
0.5	1100	3509	0	1142749	16	10581248	100	2	2200                              	39765	0	10581248	0
0.5	1100	3495	0	1140936	16	10581248	100	2	2200                              	50698	0	10581248	0
0.5	1100	3569	0	1151051	16	10581248	100	2	2200                              	40373	0	10581248	0
0.5	1100	3643	0	1160960	16	10581248	100	2	2200                              	62672	0	10581248	0
0.5	1100	2257	0	970252	16	10581248	100	2	2200                              	47334	0	10581248	0
0.5	1100	3566	0	1150433	16	10581248	100	2	2200                              	51332	0	10581248	0
0.5	1100	3779	0	1179761	16	10581248	100	2	2200                              	44226	0	10581248	0
0.5	1100	2190	0	961181	16	10581248	100	2	2200                              	45610	0	10581248	0
0.5	1100	4281	0	1248984	16	10581248	100	2	2200                              	44434	0	10581248	0
0.5	1100	2911	0	1060660	16	10581248	100	2	2200                              	53774	0	10581248	0
0.5	1100	3568	0	1150719	16	10581248	100	2	2200                              	55589	0	10581248	0
0.5	1100	2347	0	982757	16	10581248	100	2	2200                              	41809	0	10581248	0
0.5	1100	3662	0	1163669	16	10581248	100	2	2200                              	49527	0	10581248	0
0.5	1100	3571	0	1151051	16	10581248	100	2	2200                              	39462	0	10581248	0
0.5	1100	2220	0	965597	16	10581248	100	2	2200                              	57967	0	10581248	0
0.5	1100	3536	0	1146311	16	10581248	100	2	2200                              	40706	0	10581248	0
0.5	1100	3685	0	1166903	16	10581248	100	2	2200                              	44478	0	10581248	0
0.5	1100	3908	0	1197780	16	10581248	100	2	2200                              	62951	0	10581248	0
0.5	1100	3589	0	1153644	16	10581248	100	2	2200                              	57740	0	10581248	0
0.5	1100	3513	0	1143250	16	10581248	100	2	2200                              	50172	0	10581248	0
0.5	1100	3584	0	1153150	16	10581248	100	2	2200                              	41158	0	10581248	0
0.5	1100	3562	0	1150064	16	10581248	100	2	2200                              	45748	0	10581248	0
0.5	1100	2358	0	984612	16	10581248	100	2	2200                              	38315	0	10581248	0
0.5	1100	3653	0	1162564	16	10581248	100	2	2200                              	53719	0	10581248	0
0.5	1100	3593	0	1154173	16	10581248	100	2	2200                              	58068	0	10581248	0
0.5	1100	3588	0	1153451	16	10581248	100	2	2200                              	46428	0	10581248	0
0.5	1100	3630	0	1159352	16	10581248	100	2	2200                              	46331	0	10581248	0
0.5	1100	3590	0	1153726	16	10581248	100	2	2200                              	47506	0	10581248	0
0.5	1100	2259	0	970718	16	10581248	100	2	2200                              	60106	0	10581248	0
0.5	1100	3647	0	1161559	16	10581248	100	2	2200                              	39307	0	10581248	0
0.5	1100	3601	0	1155237	16	10581248	100	2	2200                              	57910	0	10581248	0
0.5	1100	2274	0	972933	16	10581248	100	2	2200                              	64912	0	10581248	0
0.5	1100	3838	0	1187948	16	10581248	100	2	2200                              	50232	0	10581248	0
0.5	1100	2170	0	958535	16	10581248	100	2	2200                              	50201	0	10581248	0
0.5	1100	3616	0	1157537	16	10581248	100	2	2200                              	47872	0	10581248	0
0.5	1100	4242	0	1243249	16	10581248	100	2	2200                              	63967	0	10581248	0
0.5	1100	3695	0	1168307	16	10581248	100	2	2200                              	51617	0	10581248	0
0.5	1100	2326	0	979943	16	10581248	100	2	2200                              	50292	0	10581248	0
0.5	1100	3482	0	1139182	16	10581248	100	2	2200                              	60762	0	10581248	0
0.5	1100	3554	0	1148981	16	10581248	100	2	2200                              	43655	0	10581248	0
0.5	1100	2407	0	991117	16	10581248	100	2	2200                              	40244	0	10581248	0
0.5	1100	2867	0	1054313	16	10581248	100	2	2200                              	43928	0	10581248	0
0.5	1100	2365	0	985141	16	10581248	100	2	2200                              	63693	0	10581248	0
0.5	1100	3684	0	1166711	16	10581248	100	2	2200                              	56154	0	10581248	0
0.5	1100	2809	0	1046353	16	10581248	100	2	2200                              	46645	0	10581248	0
0.5	1100	5043	0	1353654	16	10581248	100	2	2200                              	48295	0	10581248	0
0.5	1100	3582	0	1152684	16	10581248	100	2	2200                              	56984	0	10581248	0
0.5	1100	3500	0	1141461	16	10581248	100	2	2200                              	46047	0	10581248	0
0.5	1100	3591	0	1153908	16	10581248	100	2	2200                              	39268	0	10581248	0
0.5	1100	3587	0	1153480	16	10581248	100	2	2200                              	54263	0	10581248	0
0.5	1100	4543	0	1284711	16	10581248	100	2	2200                              	54434	0	10581248	0
0.5	1100	2264	0	971465	16	10581248	100	2	2200                              	56193	0	10581248	0
0.5	1100	3516	0	1143523	16	10581248	100	2	2200                              	51205	0	10581248	0
0.5	1100	3627	0	1158610	16	10581248	100	2	2200                              	51630	0	10581248	0
0.5	1100	3624	0	1158448	16	10581248	100	2	2200                              	51174	0	10581248	0
0.5	1100	3625	0	1158478	16	10581248	100	2	2200                              	54125	0	10581248	0
0.5	1100	3613	0	1156950	16	10581248	100	2	2200                              	59074	0	10581248	0
0.5	1100	2159	0	957115	16	10581248	100	2	2200                              	45825	0	10581248	0
0.5	1100	3573	0	1151535	16	10581248	100	2	2200                              	65380	0	10581248	0
0.5	1100	4280	0	1248702	16	10581248	100	2	2200                              	49432	0	10581248	0
0.5	1100	3529	0	1145367	16	10581248	100	2	2200                              	42587	0	10581248	0
0.5	1100	3795	0	1182176	16	10581248	100	2	2200                              	42478	0	10581248	0
0.5	1100	3437	0	1132756	16	10581248	100	2	2200                              	43099	0	10581248	0
0.5	1100	3592	0	1154130	16	10581248	100	2	2200                              	59017	0	10581248	0
0.5	1100	2274	0	972729	16	10581248	100	2	2200                              	46729	0	10581248	0
0.5	1100	3657	0	1162798	16	10581248	100	2	2200                              	47891	0	10581248	0
0.5	1100	3604	0	1155843	16	10581248	100	2	2200                              	49613	0	10581248	0
0.5	1100	3141	0	1091884	16	10581248	100	2	2200                              	52276	0	10581248	0
0.5	1100	4483	0	1276352	16	10581248	100	2	2200                              	46120	0	10581248	0
0.5	1100	4534	0	1283480	16	10581248	100	2	2200                              	48918	0	10581248	0
0.5	1100	3660	0	1163227	16	10581248	100	2	2200                              	50244	0	10581248	0
0.5	1100	3637	0	1160507	16	10581248	100	2	2200                              	50844	0	10581248	0
0.5	1100	2214	0	964732	16	10581248	100	2	2200                              	58164	0	10581248	0
0.5	1100	2283	0	974239	16	10581248	100	2	2200                              	48828	0	10581248	0
0.5	1100	3549	0	1147948	16	10581248	100	2	2200                              	41988	0	10581248	0
0.5	1100	3514	0	1143477	16	10581248	100	2	2200                              	50503	0	10581248	0
0.5	1100	3544	0	1147447	16	10581248	100	2	2200                              	45573	0	10581248	0
0.5	1100	2315	0	978521	16	10581248	100	2	2200                              	53619	0	10581248	0
0.5	1100	3679	0	1166269	16	10581248	100	2	2200                              	55875	0	10581248	0
0.5	1100	3642	0	1160913	16	10581248	100	2	2200                              	61512	0	10581248	0
0.5	1100	2282	0	973967	16	10581248	100	2	2200                              	63443	0	10581248	0
0.5	1100	3529	0	1145354	16	10581248	100	2	2200                              	63392	0	10581248	0
0.5	1100	3457	0	1135709	16	10581248	100	2	2200                              	40221	0	10581248	0
0.5	1100	3641	0	1160463	16	10581248	100	2	2200                              	46751	0	10581248	0
0.5	1100	2359	0	984773	16	10581248	100	2	2200                              	40096	0	10581248	0
0.5	1100	2187	0	960716	16	10581248	100	2	2200                              	50207	0	10581248	0
0.5	1100	3643	0	1161241	16	10581248	100	2	2200                              	50987	0	10581248	0
0.5	1100	3634	0	1159775	16	10581248	100	2	2200                              	51965	0	10581248	0
0.5	1100	2715	0	1033654	16	10581248	100	2	2200                              	46396	0	10581248	0
0.5	1100	4269	0	1247259	16	10581248	100	2	2200                              	45091	0	10581248	0
0.5	1100	3722	0	1171894	16	10581248	100	2	2200                              	58849	0	10581248	0
0.5	1100	2267	0	971645	16	10581248	100	2	2200                              	59051	0	10581248	0
0.5	1100	3592	0	1153973	16	10581248	100	2	2200                              	50692	0	10581248	0
0.5	1100	3723	0	1171918	16	10581248	100	2	2200                              	57554	0	10581248	0
0.5	1100	2276	0	973366	16	10581248	100	2	2200                              	44990	0	10581248	0
0.5	1100	3558	0	1149312	16	10581248	100	2	2200                              	44548	0	10581248	0
0.5	1100	2394	0	989542	16	10581248	100	2	2200                              	39988	0	10581248	0
0.5	1100	3588	0	1153484	16	10581248	100	2	2200                              	42971	0	10581248	0
0.5	1100	4400	0	1265269	16	10581248	100	2	2200                              	40969	0	10581248	0
0.5	1100	2207	0	963719	16	10581248	100	2	2200                              	52428	0	10581248	0
0.5	2100	2011	0	1187107	16	10581248	100	2	4200                              	45172	0	10581248	0
0.5	2100	2097	0	1209720	16	10581248	100	2	4200                              	45892	0	10581248	0
0.5	2100	1422	0	1032763	16	10581248	100	2	4200                              	43360	0	10581248	0
0.5	2100	2061	0	1200208	16	10581248	100	2	4200                              	45096	0	10581248	0
0.5	2100	2056	0	1198818	16	10581248	100	2	4200                              	43254	0	10581248	0
0.5	2100	2138	0	1220781	16	10581248	100	2	4200                              	49209	0	10581248	0
0.5	2100	1387	0	1022586	16	10581248	100	2	4200                              	43923	0	10581248	0
0.5	2100	1421	0	1032498	16	10581248	100	2	4200                              	47067	0	10581248	0
0.5	2100	2080	0	1205862	16	10581248	100	2	4200                              	40107	0	10581248	0
0.5	2100	1474	0	1046168	16	10581248	100	2	4200                              	46045	0	10581248	0
0.5	2100	2391	0	1287245	16	10581248	100	2	4200                              	45739	0	10581248	0
0.5	2100	2189	0	1233132	16	10581248	100	2	4200                              	52000	0	10581248	0
0.5	2100	2131	0	1218213	16	10581248	100	2	4200                              	44632	0	10581248	0
0.5	2100	1658	0	1094406	16	10581248	100	2	4200                              	54767	0	10581248	0
0.5	2100	2070	0	1202753	16	10581248	100	2	4200                              	41398	0	10581248	0
0.5	2100	2195	0	1235480	16	10581248	100	2	4200                              	41595	0	10581248	0
0.5	2100	2031	0	1192639	16	10581248	100	2	4200                              	47130	0	10581248	0
0.5	2100	1318	0	1005269	16	10581248	100	2	4200                              	40073	0	10581248	0
0.5	2100	2493	0	1313676	16	10581248	100	2	4200                              	49240	0	10581248	0
0.5	2100	2176	0	1230231	16	10581248	100	2	4200                              	47943	0	10581248	0
0.5	2100	1770	0	1123864	16	10581248	100	2	4200                              	40803	0	10581248	0
0.5	2100	1450	0	1039502	16	10581248	100	2	4200                              	43871	0	10581248	0
0.5	2100	2157	0	1224949	16	10581248	100	2	4200                              	47189	0	10581248	0
0.5	2100	2096	0	1209523	16	10581248	100	2	4200                              	44629	0	10581248	0
0.5	2100	2061	0	1199960	16	10581248	100	2	4200                              	55973	0	10581248	0
0.5	2100	1406	0	1028086	16	10581248	100	2	4200                              	41374	0	10581248	0
0.5	2100	2047	0	1196702	16	10581248	100	2	4200                              	45583	0	10581248	0
0.5	2100	2200	0	1236942	16	10581248	100	2	4200                              	51315	0	10581248	0
0.5	2100	2594	0	1339981	16	10581248	100	2	4200                              	45162	0	10581248	0
0.5	2100	2412	0	1292170	16	10581248	100	2	4200                              	46523	0	10581248	0
0.5	2100	2108	0	1212765	16	10581248	100	2	4200                              	46074	0	10581248	0
0.5	2100	2277	0	1257164	16	10581248	100	2	4200                              	42234	0	10581248	0
0.5	2100	2904	0	1420984	16	10581248	100	2	4200                              	48172	0	10581248	0
0.5	2100	2050	0	1197190	16	10581248	100	2	4200                              	48510	0	10581248	0
0.5	2100	2050	0	1196493	16	10581248	100	2	4200                              	60679	0	10581248	0
0.5	2100	2522	0	1321368	16	10581248	100	2	4200                              	59959	0	10581248	0
0.5	2100	2537	0	1324770	16	10581248	100	2	4200                              	46570	0	10581248	0
0.5	2100	2163	0	1226764	16	10581248	100	2	4200                              	46937	0	10581248	0
0.5	2100	1479	0	1047150	16	10581248	100	2	4200                              	43542	0	10581248	0
0.5	2100	2102	0	1210985	16	10581248	100	2	4200                              	49279	0	10581248	0
0.5	2100	2115	0	1214217	16	10581248	100	2	4200                              	55862	0	10581248	0
0.5	2100	2123	0	1216022	16	10581248	100	2	4200                              	38945	0	10581248	0
0.5	2100	1361	0	1016508	16	10581248	100	2	4200                              	38893	0	10581248	0
0.5	2100	1882	0	1153591	16	10581248	100	2	4200                              	42255	0	10581248	0
0.5	2100	2031	0	1192338	16	10581248	100	2	4200                              	41261	0	10581248	0
0.5	2100	2125	0	1216609	16	10581248	100	2	4200                              	44885	0	10581248	0
0.5	2100	1988	0	1180990	16	10581248	100	2	4200                              	43277	0	10581248	0
0.5	2100	1684	0	1100740	16	10581248	100	2	4200                              	38675	0	10581248	0
0.5	2100	2822	0	1399632	16	10581248	100	2	4200                              	49443	0	10581248	0
0.5	2100	2192	0	1234509	16	10581248	100	2	4200                              	51717	0	10581248	0
0.5	2100	2768	0	1385880	16	10581248	100	2	4200                              	54016	0	10581248	0
0.5	2100	2052	0	1197816	16	10581248	100	2	4200                              	45425	0	10581248	0
0.5	2100	2185	0	1232672	16	10581248	100	2	4200                              	57326	0	10581248	0
0.5	2100	2044	0	1195422	16	10581248	100	2	4200                              	41711	0	10581248	0
0.5	2100	2212	0	1239617	16	10581248	100	2	4200                              	40843	0	10581248	0
0.5	2100	2088	0	1207599	16	10581248	100	2	4200                              	36485	0	10581248	0
0.5	2100	2730	0	1375911	16	10581248	100	2	4200                              	39685	0	10581248	0
0.5	2100	2087	0	1206585	16	10581248	100	2	4200                              	44551	0	10581248	0
0.5	2100	2178	0	1231154	16	10581248	100	2	4200                              	42934	0	10581248	0
0.5	2100	2747	0	1379960	16	10581248	100	2	4200                              	49482	0	10581248	0
0.5	2100	2128	0	1217569	16	10581248	100	2	4200                              	45132	0	10581248	0
0.5	2100	2149	0	1223364	16	10581248	100	2	4200                              	48468	0	10581248	0
0.5	2100	2100	0	1210583	16	10581248	100	2	4200                              	62506	0	10581248	0
0.5	2100	2239	0	1246350	16	10581248	100	2	4200                              	46768	0	10581248	0
0.5	2100	2050	0	1197086	16	10581248	100	2	4200                              	44807	0	10581248	0
0.5	2100	1831	0	1138980	16	10581248	100	2	4200                              	41297	0	10581248	0
0.5	2100	2159	0	1225437	16	10581248	100	2	4200                              	59082	0	10581248	0
0.5	2100	2427	0	1296662	16	10581248	100	2	4200                              	55658	0	10581248	0
0.5	2100	2388	0	1285960	16	10581248	100	2	4200                              	48127	0	10581248	0
0.5	2100	1458	0	1041302	16	10581248	100	2	4200                              	45393	0	10581248	0
0.5	2100	2134	0	1218966	16	10581248	100	2	4200                              	44063	0	10581248	0
0.5	2100	1382	0	1021741	16	10581248	100	2	4200                              	49439	0	10581248	0
0.5	2100	2169	0	1228720	16	10581248	100	2	4200                              	51434	0	10581248	0
0.5	2100	2015	0	1188611	16	10581248	100	2	4200                              	42781	0	10581248	0
0.5	2100	2829	0	1401714	16	10581248	100	2	4200                              	44372	0	10581248	0
0.5	2100	2068	0	1201139	16	10581248	100	2	4200                              	46161	0	10581248	0
0.5	2100	2218	0	1241159	16	10581248	100	2	4200                              	54158	0	10581248	0
0.5	2100	2032	0	1192519	16	10581248	100	2	4200                              	48076	0	10581248	0
0.5	2100	2008	0	1186168	16	10581248	100	2	4200                              	39299	0	10581248	0
0.5	2100	1471	0	1045509	16	10581248	100	2	4200                              	52639	0	10581248	0
0.5	2100	2116	0	1214487	16	10581248	100	2	4200                              	59394	0	10581248	0
0.5	2100	1426	0	1032873	16	10581248	100	2	4200                              	38198	0	10581248	0
0.5	2100	2065	0	1201102	16	10581248	100	2	4200                              	46730	0	10581248	0
0.5	2100	2938	0	1430120	16	10581248	100	2	4200                              	44266	0	10581248	0
0.5	2100	1848	0	1144231	16	10581248	100	2	4200                              	39456	0	10581248	0
0.5	2100	2080	0	1204933	16	10581248	100	2	4200                              	48407	0	10581248	0
0.5	2100	2017	0	1188807	16	10581248	100	2	4200                              	60054	0	10581248	0
0.5	2100	1412	0	1029808	16	10581248	100	2	4200                              	39996	0	10581248	0
0.5	2100	1409	0	1029053	16	10581248	100	2	4200                              	48984	0	10581248	0
0.5	2100	2116	0	1214776	16	10581248	100	2	4200                              	48378	0	10581248	0
0.5	2100	2014	0	1187584	16	10581248	100	2	4200                              	41146	0	10581248	0
0.5	2100	2013	0	1187203	16	10581248	100	2	4200                              	47120	0	10581248	0
0.5	2100	2141	0	1221122	16	10581248	100	2	4200                              	57520	0	10581248	0
0.5	2100	1371	0	1019402	16	10581248	100	2	4200                              	58053	0	10581248	0
0.5	2100	2238	0	1247064	16	10581248	100	2	4200                              	38852	0	10581248	0
0.5	2100	2160	0	1225442	16	10581248	100	2	4200                              	42404	0	10581248	0
0.5	2100	2155	0	1224742	16	10581248	100	2	4200                              	49013	0	10581248	0
0.5	2100	1889	0	1154686	16	10581248	100	2	4200                              	54732	0	10581248	0
0.5	2100	1419	0	1031396	16	10581248	100	2	4200                              	53546	0	10581248	0
0.5	2100	2136	0	1220232	16	10581248	100	2	4200                              	39092	0	10581248	0
0.5	3100	1101	0	1084630	16	10581248	100	2	6200                              	45546	0	10581248	0
0.5	3100	1167	0	1110037	16	10581248	100	2	6200                              	44895	0	10581248	0
0.5	3100	1129	0	1095678	16	10581248	100	2	6200                              	44014	0	10581248	0
0.5	3100	1567	0	1265192	16	10581248	100	2	6200                              	44457	0	10581248	0
0.5	3100	1514	0	1244671	16	10581248	100	2	6200                              	43737	0	10581248	0
0.5	3100	1557	0	1261237	16	10581248	100	2	6200                              	45592	0	10581248	0
0.5	3100	1066	0	1071353	16	10581248	100	2	6200                              	52264	0	10581248	0
0.5	3100	1556	0	1261254	16	10581248	100	2	6200                              	58495	0	10581248	0
0.5	3100	1570	0	1266966	16	10581248	100	2	6200                              	53897	0	10581248	0
0.5	3100	1219	0	1130621	16	10581248	100	2	6200                              	45806	0	10581248	0
0.5	3100	1507	0	1242370	16	10581248	100	2	6200                              	37742	0	10581248	0
0.5	3100	1474	0	1229575	16	10581248	100	2	6200                              	43521	0	10581248	0
0.5	3100	1129	0	1095348	16	10581248	100	2	6200                              	42267	0	10581248	0
0.5	3100	1561	0	1263423	16	10581248	100	2	6200                              	42131	0	10581248	0
0.5	3100	1603	0	1279118	16	10581248	100	2	6200                              	39481	0	10581248	0
0.5	3100	1615	0	1283776	16	10581248	100	2	6200                              	58393	0	10581248	0
0.5	3100	1629	0	1289710	16	10581248	100	2	6200                              	51586	0	10581248	0
0.5	3100	1723	0	1326170	16	10581248	100	2	6200                              	43504	0	10581248	0
0.5	3100	1570	0	1266076	16	10581248	100	2	6200                              	39503	0	10581248	0
0.5	3100	1505	0	1241807	16	10581248	100	2	6200                              	43422	0	10581248	0
0.5	3100	1552	0	1259123	16	10581248	100	2	6200                              	60577	0	10581248	0
0.5	3100	1559	0	1263038	16	10581248	100	2	6200                              	55714	0	10581248	0
0.5	3100	1584	0	1270989	16	10581248	100	2	6200                              	49631	0	10581248	0
0.5	3100	1612	0	1282102	16	10581248	100	2	6200                              	42393	0	10581248	0
0.5	3100	1754	0	1337505	16	10581248	100	2	6200                              	49713	0	10581248	0
0.5	3100	1477	0	1230196	16	10581248	100	2	6200                              	51321	0	10581248	0
0.5	3100	1367	0	1188567	16	10581248	100	2	6200                              	51734	0	10581248	0
0.5	3100	1522	0	1247354	16	10581248	100	2	6200                              	56798	0	10581248	0
0.5	3100	1591	0	1274369	16	10581248	100	2	6200                              	40307	0	10581248	0
0.5	3100	1677	0	1307136	16	10581248	100	2	6200                              	40867	0	10581248	0
0.5	3100	1392	0	1197824	16	10581248	100	2	6200                              	36246	0	10581248	0
0.5	3100	1324	0	1170003	16	10581248	100	2	6200                              	40423	0	10581248	0
0.5	3100	1547	0	1257006	16	10581248	100	2	6200                              	41062	0	10581248	0
0.5	3100	1463	0	1225497	16	10581248	100	2	6200                              	41302	0	10581248	0
0.5	3100	1573	0	1267394	16	10581248	100	2	6200                              	41562	0	10581248	0
0.5	3100	1530	0	1250658	16	10581248	100	2	6200                              	46006	0	10581248	0
0.5	3100	1630	0	1289649	16	10581248	100	2	6200                              	54335	0	10581248	0
0.5	3100	1685	0	1310376	16	10581248	100	2	6200                              	48024	0	10581248	0
0.5	3100	1620	0	1286135	16	10581248	100	2	6200                              	45176	0	10581248	0
0.5	3100	1349	0	1181139	16	10581248	100	2	6200                              	44485	0	10581248	0
0.5	3100	1878	0	1386256	16	10581248	100	2	6200                              	47434	0	10581248	0
0.5	3100	1211	0	1127368	16	10581248	100	2	6200                              	51373	0	10581248	0
0.5	3100	1637	0	1292118	16	10581248	100	2	6200                              	57837	0	10581248	0
0.5	3100	1550	0	1259256	16	10581248	100	2	6200                              	42325	0	10581248	0
0.5	3100	1964	0	1418804	16	10581248	100	2	6200                              	60515	0	10581248	0
0.5	3100	1561	0	1263471	16	10581248	100	2	6200                              	59048	0	10581248	0
0.5	3100	1648	0	1296501	16	10581248	100	2	6200                              	42112	0	10581248	0
0.5	3100	1820	0	1363638	16	10581248	100	2	6200                              	47286	0	10581248	0
0.5	3100	1780	0	1347427	16	10581248	100	2	6200                              	38464	0	10581248	0
0.5	3100	1069	0	1072474	16	10581248	100	2	6200                              	47701	0	10581248	0
0.5	3100	1743	0	1333731	16	10581248	100	2	6200                              	50010	0	10581248	0
0.5	3100	1587	0	1273353	16	10581248	100	2	6200                              	46540	0	10581248	0
0.5	3100	1185	0	1117294	16	10581248	100	2	6200                              	35763	0	10581248	0
0.5	3100	1597	0	1277077	16	10581248	100	2	6200                              	43740	0	10581248	0
0.5	3100	1574	0	1268171	16	10581248	100	2	6200                              	50733	0	10581248	0
0.5	3100	1528	0	1250092	16	10581248	100	2	6200                              	42760	0	10581248	0
0.5	3100	1049	0	1065082	16	10581248	100	2	6200                              	41427	0	10581248	0
0.5	3100	1593	0	1275375	16	10581248	100	2	6200                              	52984	0	10581248	0
0.5	3100	1501	0	1239076	16	10581248	100	2	6200                              	40058	0	10581248	0
0.5	3100	1555	0	1260351	16	10581248	100	2	6200                              	38896	0	10581248	0
0.5	3100	1911	0	1398091	16	10581248	100	2	6200                              	42750	0	10581248	0
0.5	3100	1573	0	1267034	16	10581248	100	2	6200                              	45005	0	10581248	0
0.5	3100	1729	0	1328093	16	10581248	100	2	6200                              	38982	0	10581248	0
0.5	3100	1603	0	1279114	16	10581248	100	2	6200                              	42129	0	10581248	0
0.5	3100	1545	0	1256301	16	10581248	100	2	6200                              	42017	0	10581248	0
0.5	3100	1537	0	1253532	16	10581248	100	2	6200                              	44020	0	10581248	0
0.5	3100	1493	0	1237047	16	10581248	100	2	6200                              	53916	0	10581248	0
0.5	3100	1571	0	1266618	16	10581248	100	2	6200                              	57675	0	10581248	0
0.5	3100	1603	0	1278674	16	10581248	100	2	6200                              	52345	0	10581248	0
0.5	3100	1532	0	1251239	16	10581248	100	2	6200                              	49096	0	10581248	0
0.5	3100	1567	0	1265440	16	10581248	100	2	6200                              	42135	0	10581248	0
0.5	3100	1708	0	1319892	16	10581248	100	2	6200                              	46539	0	10581248	0
0.5	3100	1558	0	1262065	16	10581248	100	2	6200                              	35123	0	10581248	0
0.5	3100	1525	0	1249072	16	10581248	100	2	6200                              	43320	0	10581248	0
0.5	3100	1130	0	1096024	16	10581248	100	2	6200                              	48647	0	10581248	0
0.5	3100	1254	0	1143304	16	10581248	100	2	6200                              	48757	0	10581248	0
0.5	3100	1610	0	1282474	16	10581248	100	2	6200                              	47451	0	10581248	0
0.5	3100	1538	0	1254750	16	10581248	100	2	6200                              	38587	0	10581248	0
0.5	3100	1150	0	1104157	16	10581248	100	2	6200                              	40318	0	10581248	0
0.5	3100	1508	0	1242965	16	10581248	100	2	6200                              	46162	0	10581248	0
0.5	3100	1631	0	1289486	16	10581248	100	2	6200                              	43613	0	10581248	0
0.5	3100	1239	0	1138050	16	10581248	100	2	6200                              	46271	0	10581248	0
0.5	3100	1643	0	1294699	16	10581248	100	2	6200                              	46126	0	10581248	0
0.5	3100	1530	0	1250311	16	10581248	100	2	6200                              	59062	0	10581248	0
0.5	3100	1644	0	1295113	16	10581248	100	2	6200                              	55359	0	10581248	0
0.5	3100	1526	0	1248752	16	10581248	100	2	6200                              	43050	0	10581248	0
0.5	3100	1523	0	1248934	16	10581248	100	2	6200                              	41352	0	10581248	0
0.5	3100	1560	0	1262821	16	10581248	100	2	6200                              	58132	0	10581248	0
0.5	3100	1519	0	1246428	16	10581248	100	2	6200                              	37288	0	10581248	0
0.5	3100	1160	0	1107418	16	10581248	100	2	6200                              	52934	0	10581248	0
0.5	3100	1144	0	1101349	16	10581248	100	2	6200                              	41547	0	10581248	0
0.5	3100	1557	0	1261346	16	10581248	100	2	6200                              	45029	0	10581248	0
0.5	3100	2159	0	1494823	16	10581248	100	2	6200                              	39541	0	10581248	0
0.5	3100	1945	0	1411472	16	10581248	100	2	6200                              	39170	0	10581248	0
0.5	3100	1607	0	1280737	16	10581248	100	2	6200                              	47052	0	10581248	0
0.5	3100	1548	0	1257137	16	10581248	100	2	6200                              	41462	0	10581248	0
0.5	3100	1763	0	1340678	16	10581248	100	2	6200                              	57778	0	10581248	0
0.5	3100	1071	0	1072932	16	10581248	100	2	6200                              	40595	0	10581248	0
0.5	3100	1213	0	1128291	16	10581248	100	2	6200                              	60696	0	10581248	0
0.5	3100	1973	0	1422827	16	10581248	100	2	6200                              	46404	0	10581248	0
0.5	4100	1346	0	1346436	16	10581248	100	2	8200                              	34588	0	10581248	0
0.5	4100	1322	0	1334142	16	10581248	100	2	8200                              	37981	0	10581248	0
0.5	4100	1320	0	1333113	16	10581248	100	2	8200                              	35048	0	10581248	0
0.5	4100	1735	0	1546455	16	10581248	100	2	8200                              	46102	0	10581248	0
0.5	4100	1612	0	1483596	16	10581248	100	2	8200                              	55281	0	10581248	0
0.5	4100	1706	0	1530515	16	10581248	100	2	8200                              	46132	0	10581248	0
0.5	4100	1305	0	1326145	16	10581248	100	2	8200                              	37684	0	10581248	0
0.5	4100	942	0	1139319	16	10581248	100	2	8200                              	39249	0	10581248	0
0.5	4100	1340	0	1343820	16	10581248	100	2	8200                              	50260	0	10581248	0
0.5	4100	963	0	1150546	16	10581248	100	2	8200                              	33442	0	10581248	0
0.5	4100	1225	0	1284156	16	10581248	100	2	8200                              	36541	0	10581248	0
0.5	4100	1228	0	1285998	16	10581248	100	2	8200                              	39128	0	10581248	0
0.5	4100	1251	0	1297920	16	10581248	100	2	8200                              	46911	0	10581248	0
0.5	4100	1319	0	1333609	16	10581248	100	2	8200                              	43252	0	10581248	0
0.5	4100	990	0	1164636	16	10581248	100	2	8200                              	36844	0	10581248	0
0.5	4100	1311	0	1328045	16	10581248	100	2	8200                              	41743	0	10581248	0
0.5	4100	1312	0	1329729	16	10581248	100	2	8200                              	41453	0	10581248	0
0.5	4100	1515	0	1434113	16	10581248	100	2	8200                              	31482	0	10581248	0
0.5	4100	1290	0	1317423	16	10581248	100	2	8200                              	37875	0	10581248	0
0.5	4100	1373	0	1361097	16	10581248	100	2	8200                              	44143	0	10581248	0
0.5	4100	1231	0	1288717	16	10581248	100	2	8200                              	45345	0	10581248	0
0.5	4100	1497	0	1423207	16	10581248	100	2	8200                              	46508	0	10581248	0
0.5	4100	1259	0	1301021	16	10581248	100	2	8200                              	54281	0	10581248	0
0.5	4100	1349	0	1348522	16	10581248	100	2	8200                              	36465	0	10581248	0
0.5	4100	1320	0	1333877	16	10581248	100	2	8200                              	42788	0	10581248	0
0.5	4100	1318	0	1332780	16	10581248	100	2	8200                              	41518	0	10581248	0
0.5	4100	1367	0	1357927	16	10581248	100	2	8200                              	46639	0	10581248	0
0.5	4100	1311	0	1328333	16	10581248	100	2	8200                              	58813	0	10581248	0
0.5	4100	941	0	1139844	16	10581248	100	2	8200                              	37069	0	10581248	0
0.5	4100	1307	0	1325972	16	10581248	100	2	8200                              	53447	0	10581248	0
0.5	4100	1455	0	1403062	16	10581248	100	2	8200                              	38563	0	10581248	0
0.5	4100	1547	0	1448934	16	10581248	100	2	8200                              	40129	0	10581248	0
0.5	4100	1250	0	1298061	16	10581248	100	2	8200                              	43794	0	10581248	0
0.5	4100	1030	0	1184928	16	10581248	100	2	8200                              	51689	0	10581248	0
0.5	4100	1367	0	1356955	16	10581248	100	2	8200                              	44709	0	10581248	0
0.5	4100	994	0	1166300	16	10581248	100	2	8200                              	38832	0	10581248	0
0.5	4100	1307	0	1326780	16	10581248	100	2	8200                              	45439	0	10581248	0
0.5	4100	1190	0	1266433	16	10581248	100	2	8200                              	43848	0	10581248	0
0.5	4100	1339	0	1343195	16	10581248	100	2	8200                              	41690	0	10581248	0
0.5	4100	1208	0	1275906	16	10581248	100	2	8200                              	43045	0	10581248	0
0.5	4100	862	0	1098420	16	10581248	100	2	8200                              	47092	0	10581248	0
0.5	4100	1265	0	1306050	16	10581248	100	2	8200                              	45091	0	10581248	0
0.5	4100	1619	0	1486791	16	10581248	100	2	8200                              	34976	0	10581248	0
0.5	4100	1349	0	1347834	16	10581248	100	2	8200                              	37486	0	10581248	0
0.5	4100	1356	0	1352948	16	10581248	100	2	8200                              	56511	0	10581248	0
0.5	4100	1431	0	1389681	16	10581248	100	2	8200                              	38195	0	10581248	0
0.5	4100	1322	0	1334837	16	10581248	100	2	8200                              	44302	0	10581248	0
0.5	4100	1204	0	1274499	16	10581248	100	2	8200                              	50885	0	10581248	0
0.5	4100	1291	0	1318515	16	10581248	100	2	8200                              	36524	0	10581248	0
0.5	4100	1255	0	1300706	16	10581248	100	2	8200                              	41357	0	10581248	0
0.5	4100	1370	0	1359061	16	10581248	100	2	8200                              	49425	0	10581248	0
0.5	4100	1364	0	1355774	16	10581248	100	2	8200                              	50777	0	10581248	0
0.5	4100	1304	0	1324695	16	10581248	100	2	8200                              	39078	0	10581248	0
0.5	4100	1279	0	1312761	16	10581248	100	2	8200                              	31827	0	10581248	0
0.5	4100	1278	0	1312326	16	10581248	100	2	8200                              	42698	0	10581248	0
0.5	4100	1289	0	1317271	16	10581248	100	2	8200                              	38950	0	10581248	0
0.5	4100	1317	0	1332161	16	10581248	100	2	8200                              	41760	0	10581248	0
0.5	4100	1251	0	1297420	16	10581248	100	2	8200                              	38890	0	10581248	0
0.5	4100	1325	0	1335984	16	10581248	100	2	8200                              	38199	0	10581248	0
0.5	4100	1244	0	1295392	16	10581248	100	2	8200                              	37841	0	10581248	0
0.5	4100	893	0	1114899	16	10581248	100	2	8200                              	37189	0	10581248	0
0.5	4100	1272	0	1308542	16	10581248	100	2	8200                              	44577	0	10581248	0
0.5	4100	1387	0	1368196	16	10581248	100	2	8200                              	38243	0	10581248	0
0.5	4100	1254	0	1300578	16	10581248	100	2	8200                              	43378	0	10581248	0
0.5	4100	1174	0	1258951	16	10581248	100	2	8200                              	46373	0	10581248	0
0.5	4100	1270	0	1308242	16	10581248	100	2	8200                              	44354	0	10581248	0
0.5	4100	1315	0	1331423	16	10581248	100	2	8200                              	43370	0	10581248	0
0.5	4100	1887	0	1623889	16	10581248	100	2	8200                              	41524	0	10581248	0
0.5	4100	1063	0	1202660	16	10581248	100	2	8200                              	58450	0	10581248	0
0.5	4100	1350	0	1349227	16	10581248	100	2	8200                              	43020	0	10581248	0
0.5	4100	1393	0	1370759	16	10581248	100	2	8200                              	47248	0	10581248	0
0.5	4100	889	0	1111718	16	10581248	100	2	8200                              	59764	0	10581248	0
0.5	4100	1603	0	1477825	16	10581248	100	2	8200                              	53843	0	10581248	0
0.5	4100	1255	0	1300862	16	10581248	100	2	8200                              	39705	0	10581248	0
0.5	4100	1386	0	1367990	16	10581248	100	2	8200                              	30386	0	10581248	0
0.5	4100	1320	0	1333420	16	10581248	100	2	8200                              	42622	0	10581248	0
0.5	4100	1283	0	1313329	16	10581248	100	2	8200                              	42497	0	10581248	0
0.5	4100	1463	0	1406178	16	10581248	100	2	8200                              	46635	0	10581248	0
0.5	4100	1324	0	1335231	16	10581248	100	2	8200                              	41737	0	10581248	0
0.5	4100	1279	0	1312507	16	10581248	100	2	8200                              	41681	0	10581248	0
0.5	4100	1023	0	1181289	16	10581248	100	2	8200                              	52590	0	10581248	0
0.5	4100	1241	0	1292697	16	10581248	100	2	8200                              	39082	0	10581248	0
0.5	4100	1277	0	1310494	16	10581248	100	2	8200                              	42120	0	10581248	0
0.5	4100	1499	0	1424820	16	10581248	100	2	8200                              	43847	0	10581248	0
0.5	4100	1243	0	1294537	16	10581248	100	2	8200                              	35534	0	10581248	0
0.5	4100	1291	0	1318143	16	10581248	100	2	8200                              	35049	0	10581248	0
0.5	4100	1226	0	1285020	16	10581248	100	2	8200                              	45169	0	10581248	0
0.5	4100	1314	0	1331476	16	10581248	100	2	8200                              	44566	0	10581248	0
0.5	4100	1462	0	1405816	16	10581248	100	2	8200                              	56976	0	10581248	0
0.5	4100	1284	0	1315720	16	10581248	100	2	8200                              	39955	0	10581248	0
0.5	4100	1375	0	1361592	16	10581248	100	2	8200                              	42693	0	10581248	0
0.5	4100	1271	0	1307553	16	10581248	100	2	8200                              	36516	0	10581248	0
0.5	4100	1245	0	1294464	16	10581248	100	2	8200                              	49179	0	10581248	0
0.5	4100	1226	0	1285310	16	10581248	100	2	8200                              	59762	0	10581248	0
0.5	4100	1262	0	1302827	16	10581248	100	2	8200                              	39707	0	10581248	0
0.5	4100	1161	0	1252422	16	10581248	100	2	8200                              	36407	0	10581248	0
0.5	4100	1023	0	1181276	16	10581248	100	2	8200                              	35950	0	10581248	0
0.5	4100	1265	0	1306447	16	10581248	100	2	8200                              	44478	0	10581248	0
0.5	4100	1801	0	1579548	16	10581248	100	2	8200                              	59019	0	10581248	0
0.5	4100	1345	0	1346522	16	10581248	100	2	8200                              	41899	0	10581248	0
0.5	5100	856	0	1202201	16	10581248	100	2	10200                              	37727	0	10581248	0
0.5	5100	1303	0	1485861	16	10581248	100	2	10200                              	47896	0	10581248	0
0.5	5100	1079	0	1344278	16	10581248	100	2	10200                              	34213	0	10581248	0
0.5	5100	997	0	1291222	16	10581248	100	2	10200                              	39598	0	10581248	0
0.5	5100	1182	0	1408779	16	10581248	100	2	10200                              	37980	0	10581248	0
0.5	5100	1116	0	1368294	16	10581248	100	2	10200                              	43151	0	10581248	0
0.5	5100	908	0	1235757	16	10581248	100	2	10200                              	40187	0	10581248	0
0.5	5100	1083	0	1346377	16	10581248	100	2	10200                              	40055	0	10581248	0
0.5	5100	881	0	1216033	16	10581248	100	2	10200                              	36057	0	10581248	0
0.5	5100	1107	0	1362247	16	10581248	100	2	10200                              	44951	0	10581248	0
0.5	5100	1122	0	1372262	16	10581248	100	2	10200                              	53401	0	10581248	0
0.5	5100	1037	0	1317444	16	10581248	100	2	10200                              	41773	0	10581248	0
0.5	5100	1150	0	1386892	16	10581248	100	2	10200                              	41434	0	10581248	0
0.5	5100	762	0	1142768	16	10581248	100	2	10200                              	45184	0	10581248	0
0.5	5100	1030	0	1312480	16	10581248	100	2	10200                              	40846	0	10581248	0
0.5	5100	830	0	1184629	16	10581248	100	2	10200                              	35325	0	10581248	0
0.5	5100	829	0	1184669	16	10581248	100	2	10200                              	40609	0	10581248	0
0.5	5100	1220	0	1434086	16	10581248	100	2	10200                              	44567	0	10581248	0
0.5	5100	1386	0	1539704	16	10581248	100	2	10200                              	34240	0	10581248	0
0.5	5100	1160	0	1395389	16	10581248	100	2	10200                              	45273	0	10581248	0
0.5	5100	846	0	1195553	16	10581248	100	2	10200                              	51579	0	10581248	0
0.5	5100	1155	0	1391118	16	10581248	100	2	10200                              	39081	0	10581248	0
0.5	5100	1171	0	1402264	16	10581248	100	2	10200                              	40464	0	10581248	0
0.5	5100	1367	0	1527636	16	10581248	100	2	10200                              	54235	0	10581248	0
0.5	5100	908	0	1235392	16	10581248	100	2	10200                              	54129	0	10581248	0
0.5	5100	964	0	1271357	16	10581248	100	2	10200                              	48081	0	10581248	0
0.5	5100	872	0	1211916	16	10581248	100	2	10200                              	40036	0	10581248	0
0.5	5100	1066	0	1334668	16	10581248	100	2	10200                              	42390	0	10581248	0
0.5	5100	1199	0	1420008	16	10581248	100	2	10200                              	33714	0	10581248	0
0.5	5100	819	0	1178197	16	10581248	100	2	10200                              	53177	0	10581248	0
0.5	5100	1445	0	1576981	16	10581248	100	2	10200                              	39262	0	10581248	0
0.5	5100	1346	0	1515499	16	10581248	100	2	10200                              	42564	0	10581248	0
0.5	5100	1270	0	1465863	16	10581248	100	2	10200                              	41176	0	10581248	0
0.5	5100	1350	0	1516984	16	10581248	100	2	10200                              	56937	0	10581248	0
0.5	5100	1051	0	1325533	16	10581248	100	2	10200                              	38634	0	10581248	0
0.5	5100	892	0	1224303	16	10581248	100	2	10200                              	42517	0	10581248	0
0.5	5100	1448	0	1578776	16	10581248	100	2	10200                              	51387	0	10581248	0
0.5	5100	793	0	1160457	16	10581248	100	2	10200                              	49915	0	10581248	0
0.5	5100	1118	0	1368831	16	10581248	100	2	10200                              	36843	0	10581248	0
0.5	5100	913	0	1237060	16	10581248	100	2	10200                              	39754	0	10581248	0
0.5	5100	1070	0	1338707	16	10581248	100	2	10200                              	33963	0	10581248	0
0.5	5100	1057	0	1330766	16	10581248	100	2	10200                              	56152	0	10581248	0
0.5	5100	1058	0	1330611	16	10581248	100	2	10200                              	34318	0	10581248	0
0.5	5100	1112	0	1364404	16	10581248	100	2	10200                              	37424	0	10581248	0
0.5	5100	1120	0	1370946	16	10581248	100	2	10200                              	38519	0	10581248	0
0.5	5100	1134	0	1377818	16	10581248	100	2	10200                              	36851	0	10581248	0
0.5	5100	1103	0	1359007	16	10581248	100	2	10200                              	37587	0	10581248	0
0.5	5100	995	0	1289644	16	10581248	100	2	10200                              	54154	0	10581248	0
0.5	5100	879	0	1214554	16	10581248	100	2	10200                              	52940	0	10581248	0
0.5	5100	771	0	1147546	16	10581248	100	2	10200                              	40097	0	10581248	0
0.5	5100	1193	0	1416116	16	10581248	100	2	10200                              	47810	0	10581248	0
0.5	5100	1143	0	1385263	16	10581248	100	2	10200                              	34067	0	10581248	0
0.5	5100	795	0	1162987	16	10581248	100	2	10200                              	35002	0	10581248	0
0.5	5100	1133	0	1378138	16	10581248	100	2	10200                              	56406	0	10581248	0
0.5	5100	832	0	1186478	16	10581248	100	2	10200                              	35690	0	10581248	0
0.5	5100	1063	0	1332227	16	10581248	100	2	10200                              	36708	0	10581248	0
0.5	5100	770	0	1146362	16	10581248	100	2	10200                              	48311	0	10581248	0
0.5	5100	1052	0	1326897	16	10581248	100	2	10200                              	38514	0	10581248	0
0.5	5100	1125	0	1371623	16	10581248	100	2	10200                              	35761	0	10581248	0
0.5	5100	1047	0	1323540	16	10581248	100	2	10200                              	36294	0	10581248	0
0.5	5100	1127	0	1374355	16	10581248	100	2	10200                              	53461	0	10581248	0
0.5	5100	1103	0	1358215	16	10581248	100	2	10200                              	43467	0	10581248	0
0.5	5100	1118	0	1368141	16	10581248	100	2	10200                              	41413	0	10581248	0
0.5	5100	1110	0	1363670	16	10581248	100	2	10200                              	43630	0	10581248	0
0.5	5100	1144	0	1386185	16	10581248	100	2	10200                              	41938	0	10581248	0
0.5	5100	1101	0	1358490	16	10581248	100	2	10200                              	40655	0	10581248	0
0.5	5100	1039	0	1316983	16	10581248	100	2	10200                              	52062	0	10581248	0
0.5	5100	1052	0	1326421	16	10581248	100	2	10200                              	41730	0	10581248	0
0.5	5100	1023	0	1307950	16	10581248	100	2	10200                              	47118	0	10581248	0
0.5	5100	1096	0	1354591	16	10581248	100	2	10200                              	33168	0	10581248	0
0.5	5100	1142	0	1385524	16	10581248	100	2	10200                              	46300	0	10581248	0
0.5	5100	1463	0	1590022	16	10581248	100	2	10200                              	53784	0	10581248	0
0.5	5100	1121	0	1370511	16	10581248	100	2	10200                              	41751	0	10581248	0
0.5	5100	1090	0	1350439	16	10581248	100	2	10200                              	40409	0	10581248	0
0.5	5100	880	0	1216692	16	10581248	100	2	10200                              	47870	0	10581248	0
0.5	5100	818	0	1177535	16	10581248	100	2	10200                              	38300	0	10581248	0
0.5	5100	1040	0	1319493	16	10581248	100	2	10200                              	41054	0	10581248	0
0.5	5100	1016	0	1303301	16	10581248	100	2	10200                              	44777	0	10581248	0
0.5	5100	1113	0	1365478	16	10581248	100	2	10200                              	37161	0	10581248	0
0.5	5100	851	0	1197651	16	10581248	100	2	10200                              	39737	0	10581248	0
0.5	5100	891	0	1223277	16	10581248	100	2	10200                              	35235	0	10581248	0
0.5	5100	1045	0	1322137	16	10581248	100	2	10200                              	38955	0	10581248	0
0.5	5100	1075	0	1339874	16	10581248	100	2	10200                              	43929	0	10581248	0
0.5	5100	1126	0	1375293	16	10581248	100	2	10200                              	36646	0	10581248	0
0.5	5100	1197	0	1418700	16	10581248	100	2	10200                              	44504	0	10581248	0
0.5	5100	1086	0	1347438	16	10581248	100	2	10200                              	39852	0	10581248	0
0.5	5100	1088	0	1349587	16	10581248	100	2	10200                              	34134	0	10581248	0
0.5	5100	1102	0	1358451	16	10581248	100	2	10200                              	32109	0	10581248	0
0.5	5100	1146	0	1386648	16	10581248	100	2	10200                              	38570	0	10581248	0
0.5	5100	1053	0	1326415	16	10581248	100	2	10200                              	36744	0	10581248	0
0.5	5100	1087	0	1349247	16	10581248	100	2	10200                              	45417	0	10581248	0
0.5	5100	905	0	1233727	16	10581248	100	2	10200                              	33024	0	10581248	0
0.5	5100	1099	0	1356118	16	10581248	100	2	10200                              	36598	0	10581248	0
0.5	5100	1014	0	1303398	16	10581248	100	2	10200                              	56551	0	10581248	0
0.5	5100	1053	0	1327459	16	10581248	100	2	10200                              	46245	0	10581248	0
0.5	5100	785	0	1156749	16	10581248	100	2	10200                              	34276	0	10581248	0
0.5	5100	1148	0	1388732	16	10581248	100	2	10200                              	56104	0	10581248	0
0.5	5100	1121	0	1369563	16	10581248	100	2	10200                              	37349	0	10581248	0
0.5	5100	935	0	1252132	16	10581248	100	2	10200                              	36649	0	10581248	0
0.5	5100	1132	0	1377029	16	10581248	100	2	10200                              	42417	0	10581248	0
0.5	6100	933	0	1366708	16	10581248	100	2	12200                              	42987	0	10581248	0
0.5	6100	979	0	1400453	16	10581248	100	2	12200                              	41246	0	10581248	0
0.5	6100	938	0	1369143	16	10581248	100	2	12200                              	30952	0	10581248	0
0.5	6100	742	0	1221580	16	10581248	100	2	12200                              	43634	0	10581248	0
0.5	6100	1114	0	1505098	16	10581248	100	2	12200                              	34407	0	10581248	0
0.5	6100	1091	0	1487480	16	10581248	100	2	12200                              	51650	0	10581248	0
0.5	6100	1093	0	1489619	16	10581248	100	2	12200                              	41904	0	10581248	0
0.5	6100	1264	0	1619035	16	10581248	100	2	12200                              	47460	0	10581248	0
0.5	6100	932	0	1364863	16	10581248	100	2	12200                              	31749	0	10581248	0
0.5	6100	1029	0	1439630	16	10581248	100	2	12200                              	41162	0	10581248	0
0.5	6100	994	0	1412805	16	10581248	100	2	12200                              	32274	0	10581248	0
0.5	6100	1029	0	1438890	16	10581248	100	2	12200                              	49096	0	10581248	0
0.5	6100	975	0	1398785	16	10581248	100	2	12200                              	31498	0	10581248	0
0.5	6100	986	0	1407374	16	10581248	100	2	12200                              	30832	0	10581248	0
0.5	6100	943	0	1373459	16	10581248	100	2	12200                              	37901	0	10581248	0
0.5	6100	977	0	1400225	16	10581248	100	2	12200                              	37620	0	10581248	0
0.5	6100	944	0	1375139	16	10581248	100	2	12200                              	41554	0	10581248	0
0.5	6100	886	0	1330813	16	10581248	100	2	12200                              	39045	0	10581248	0
0.5	6100	982	0	1403308	16	10581248	100	2	12200                              	41095	0	10581248	0
0.5	6100	912	0	1349396	16	10581248	100	2	12200                              	47424	0	10581248	0
0.5	6100	808	0	1269753	16	10581248	100	2	12200                              	53352	0	10581248	0
0.5	6100	812	0	1274088	16	10581248	100	2	12200                              	37297	0	10581248	0
0.5	6100	964	0	1390978	16	10581248	100	2	12200                              	31649	0	10581248	0
0.5	6100	1430	0	1744684	16	10581248	100	2	12200                              	36595	0	10581248	0
0.5	6100	1066	0	1468163	16	10581248	100	2	12200                              	40297	0	10581248	0
0.5	6100	837	0	1294278	16	10581248	100	2	12200                              	42111	0	10581248	0
0.5	6100	1039	0	1447728	16	10581248	100	2	12200                              	38559	0	10581248	0
0.5	6100	978	0	1400318	16	10581248	100	2	12200                              	45508	0	10581248	0
0.5	6100	1076	0	1474395	16	10581248	100	2	12200                              	42673	0	10581248	0
0.5	6100	979	0	1400625	16	10581248	100	2	12200                              	31409	0	10581248	0
0.5	6100	779	0	1247506	16	10581248	100	2	12200                              	41928	0	10581248	0
0.5	6100	750	0	1227197	16	10581248	100	2	12200                              	36777	0	10581248	0
0.5	6100	1061	0	1463474	16	10581248	100	2	12200                              	42113	0	10581248	0
0.5	6100	1231	0	1595021	16	10581248	100	2	12200                              	46555	0	10581248	0
0.5	6100	954	0	1382810	16	10581248	100	2	12200                              	39783	0	10581248	0
0.5	6100	957	0	1385194	16	10581248	100	2	12200                              	30291	0	10581248	0
0.5	6100	949	0	1378268	16	10581248	100	2	12200                              	56268	0	10581248	0
0.5	6100	982	0	1403532	16	10581248	100	2	12200                              	34431	0	10581248	0
0.5	6100	917	0	1354857	16	10581248	100	2	12200                              	35216	0	10581248	0
0.5	6100	842	0	1296407	16	10581248	100	2	12200                              	42753	0	10581248	0
0.5	6100	1022	0	1433646	16	10581248	100	2	12200                              	34735	0	10581248	0
0.5	6100	1071	0	1473023	16	10581248	100	2	12200                              	53895	0	10581248	0
0.5	6100	944	0	1374869	16	10581248	100	2	12200                              	36220	0	10581248	0
0.5	6100	1127	0	1514285	16	10581248	100	2	12200                              	54428	0	10581248	0
0.5	6100	784	0	1251950	16	10581248	100	2	12200                              	44214	0	10581248	0
0.5	6100	1361	0	1693019	16	10581248	100	2	12200                              	39670	0	10581248	0
0.5	6100	958	0	1385861	16	10581248	100	2	12200                              	47221	0	10581248	0
0.5	6100	1099	0	1491835	16	10581248	100	2	12200                              	35534	0	10581248	0
0.5	6100	785	0	1252260	16	10581248	100	2	12200                              	45174	0	10581248	0
0.5	6100	950	0	1380433	16	10581248	100	2	12200                              	33862	0	10581248	0
0.5	6100	968	0	1392583	16	10581248	100	2	12200                              	31845	0	10581248	0
0.5	6100	1018	0	1430340	16	10581248	100	2	12200                              	33481	0	10581248	0
0.5	6100	1003	0	1419553	16	10581248	100	2	12200                              	41611	0	10581248	0
0.5	6100	988	0	1408445	16	10581248	100	2	12200                              	41698	0	10581248	0
0.5	6100	816	0	1276836	16	10581248	100	2	12200                              	41843	0	10581248	0
0.5	6100	1018	0	1431524	16	10581248	100	2	12200                              	37499	0	10581248	0
0.5	6100	1259	0	1613906	16	10581248	100	2	12200                              	59133	0	10581248	0
0.5	6100	1022	0	1433289	16	10581248	100	2	12200                              	33037	0	10581248	0
0.5	6100	1030	0	1439384	16	10581248	100	2	12200                              	51732	0	10581248	0
0.5	6100	966	0	1391829	16	10581248	100	2	12200                              	40102	0	10581248	0
0.5	6100	967	0	1392852	16	10581248	100	2	12200                              	45109	0	10581248	0
0.5	6100	972	0	1397043	16	10581248	100	2	12200                              	44718	0	10581248	0
0.5	6100	1060	0	1463144	16	10581248	100	2	12200                              	40634	0	10581248	0
0.5	6100	972	0	1395632	16	10581248	100	2	12200                              	35185	0	10581248	0
0.5	6100	992	0	1411803	16	10581248	100	2	12200                              	44378	0	10581248	0
0.5	6100	1125	0	1512720	16	10581248	100	2	12200                              	35788	0	10581248	0
0.5	6100	1021	0	1433080	16	10581248	100	2	12200                              	34447	0	10581248	0
0.5	6100	1020	0	1431716	16	10581248	100	2	12200                              	43860	0	10581248	0
0.5	6100	1000	0	1417892	16	10581248	100	2	12200                              	46631	0	10581248	0
0.5	6100	1182	0	1556426	16	10581248	100	2	12200                              	38926	0	10581248	0
0.5	6100	1033	0	1442673	16	10581248	100	2	12200                              	39977	0	10581248	0
0.5	6100	951	0	1378786	16	10581248	100	2	12200                              	38380	0	10581248	0
0.5	6100	1022	0	1433957	16	10581248	100	2	12200                              	35919	0	10581248	0
0.5	6100	985	0	1406214	16	10581248	100	2	12200                              	35444	0	10581248	0
0.5	6100	1250	0	1608595	16	10581248	100	2	12200                              	43890	0	10581248	0
0.5	6100	1321	0	1662004	16	10581248	100	2	12200                              	54291	0	10581248	0
0.5	6100	1044	0	1449946	16	10581248	100	2	12200                              	29025	0	10581248	0
0.5	6100	1026	0	1436746	16	10581248	100	2	12200                              	38342	0	10581248	0
0.5	6100	1008	0	1422903	16	10581248	100	2	12200                              	37264	0	10581248	0
0.5	6100	1005	0	1420888	16	10581248	100	2	12200                              	34844	0	10581248	0
0.5	6100	778	0	1246633	16	10581248	100	2	12200                              	37727	0	10581248	0
0.5	6100	932	0	1364955	16	10581248	100	2	12200                              	44030	0	10581248	0
0.5	6100	792	0	1258770	16	10581248	100	2	12200                              	35012	0	10581248	0
0.5	6100	851	0	1303496	16	10581248	100	2	12200                              	35199	0	10581248	0
0.5	6100	1069	0	1470134	16	10581248	100	2	12200                              	35390	0	10581248	0
0.5	6100	961	0	1388174	16	10581248	100	2	12200                              	34203	0	10581248	0
0.5	6100	1202	0	1570632	16	10581248	100	2	12200                              	40758	0	10581248	0
0.5	6100	1069	0	1469182	16	10581248	100	2	12200                              	53943	0	10581248	0
0.5	6100	1082	0	1480346	16	10581248	100	2	12200                              	41611	0	10581248	0
0.5	6100	950	0	1379903	16	10581248	100	2	12200                              	35267	0	10581248	0
0.5	6100	995	0	1413204	16	10581248	100	2	12200                              	43708	0	10581248	0
0.5	6100	858	0	1308864	16	10581248	100	2	12200                              	52179	0	10581248	0
0.5	6100	1227	0	1590638	16	10581248	100	2	12200                              	51329	0	10581248	0
0.5	6100	820	0	1280404	16	10581248	100	2	12200                              	36142	0	10581248	0
0.5	6100	1020	0	1433306	16	10581248	100	2	12200                              	39449	0	10581248	0
0.5	6100	992	0	1410993	16	10581248	100	2	12200                              	41704	0	10581248	0
0.5	6100	1025	0	1435374	16	10581248	100	2	12200                              	35214	0	10581248	0
0.5	6100	1078	0	1476378	16	10581248	100	2	12200                              	42466	0	10581248	0
0.5	6100	1162	0	1540785	16	10581248	100	2	12200                              	45883	0	10581248	0
0.5	6100	731	0	1212522	16	10581248	100	2	12200                              	42128	0	10581248	0
0.5	7100	874	0	1428748	16	10581248	100	2	14200                              	41970	0	10581248	0
0.5	7100	656	0	1234954	16	10581248	100	2	14200                              	40376	0	10581248	0
0.5	7100	737	0	1309072	16	10581248	100	2	14200                              	34756	0	10581248	0
0.5	7100	866	0	1421975	16	10581248	100	2	14200                              	37414	0	10581248	0
0.5	7100	867	0	1423478	16	10581248	100	2	14200                              	31977	0	10581248	0
0.5	7100	884	0	1437810	16	10581248	100	2	14200                              	37176	0	10581248	0
0.5	7100	889	0	1442059	16	10581248	100	2	14200                              	37684	0	10581248	0
0.5	7100	894	0	1447685	16	10581248	100	2	14200                              	39837	0	10581248	0
0.5	7100	724	0	1296184	16	10581248	100	2	14200                              	29586	0	10581248	0
0.5	7100	931	0	1479595	16	10581248	100	2	14200                              	41004	0	10581248	0
0.5	7100	996	0	1537640	16	10581248	100	2	14200                              	33501	0	10581248	0
0.5	7100	869	0	1425742	16	10581248	100	2	14200                              	29731	0	10581248	0
0.5	7100	909	0	1462351	16	10581248	100	2	14200                              	46236	0	10581248	0
0.5	7100	998	0	1538173	16	10581248	100	2	14200                              	40235	0	10581248	0
0.5	7100	936	0	1482513	16	10581248	100	2	14200                              	53016	0	10581248	0
0.5	7100	910	0	1459969	16	10581248	100	2	14200                              	52360	0	10581248	0
0.5	7100	1190	0	1708810	16	10581248	100	2	14200                              	33555	0	10581248	0
0.5	7100	864	0	1422365	16	10581248	100	2	14200                              	41030	0	10581248	0
0.5	7100	882	0	1435724	16	10581248	100	2	14200                              	37387	0	10581248	0
0.5	7100	976	0	1519400	16	10581248	100	2	14200                              	34104	0	10581248	0
0.5	7100	1177	0	1698657	16	10581248	100	2	14200                              	38228	0	10581248	0
0.5	7100	836	0	1394974	16	10581248	100	2	14200                              	38554	0	10581248	0
0.5	7100	871	0	1426663	16	10581248	100	2	14200                              	49980	0	10581248	0
0.5	7100	938	0	1484335	16	10581248	100	2	14200                              	52625	0	10581248	0
0.5	7100	1143	0	1667979	16	10581248	100	2	14200                              	40037	0	10581248	0
0.5	7100	912	0	1462318	16	10581248	100	2	14200                              	39177	0	10581248	0
0.5	7100	936	0	1482319	16	10581248	100	2	14200                              	29119	0	10581248	0
0.5	7100	832	0	1393241	16	10581248	100	2	14200                              	45839	0	10581248	0
0.5	7100	769	0	1337078	16	10581248	100	2	14200                              	36357	0	10581248	0
0.5	7100	915	0	1463985	16	10581248	100	2	14200                              	30266	0	10581248	0
0.5	7100	1169	0	1691040	16	10581248	100	2	14200                              	33938	0	10581248	0
0.5	7100	1041	0	1578063	16	10581248	100	2	14200                              	37779	0	10581248	0
0.5	7100	1170	0	1691886	16	10581248	100	2	14200                              	53544	0	10581248	0
0.5	7100	1044	0	1580093	16	10581248	100	2	14200                              	40300	0	10581248	0
0.5	7100	730	0	1302221	16	10581248	100	2	14200                              	41329	0	10581248	0
0.5	7100	939	0	1486369	16	10581248	100	2	14200                              	32849	0	10581248	0
0.5	7100	942	0	1489844	16	10581248	100	2	14200                              	40666	0	10581248	0
0.5	7100	780	0	1346289	16	10581248	100	2	14200                              	50293	0	10581248	0
0.5	7100	916	0	1465729	16	10581248	100	2	14200                              	35617	0	10581248	0
0.5	7100	835	0	1393239	16	10581248	100	2	14200                              	43171	0	10581248	0
0.5	7100	918	0	1469091	16	10581248	100	2	14200                              	38886	0	10581248	0
0.5	7100	966	0	1509549	16	10581248	100	2	14200                              	41327	0	10581248	0
0.5	7100	923	0	1472098	16	10581248	100	2	14200                              	39407	0	10581248	0
0.5	7100	856	0	1412815	16	10581248	100	2	14200                              	38577	0	10581248	0
0.5	7100	813	0	1373322	16	10581248	100	2	14200                              	40140	0	10581248	0
0.5	7100	1004	0	1543944	16	10581248	100	2	14200                              	38518	0	10581248	0
0.5	7100	1121	0	1647245	16	10581248	100	2	14200                              	40324	0	10581248	0
0.5	7100	693	0	1268795	16	10581248	100	2	14200                              	39582	0	10581248	0
0.5	7100	872	0	1429123	16	10581248	100	2	14200                              	35994	0	10581248	0
0.5	7100	738	0	1309961	16	10581248	100	2	14200                              	35488	0	10581248	0
0.5	7100	876	0	1431131	16	10581248	100	2	14200                              	33212	0	10581248	0
0.5	7100	739	0	1309524	16	10581248	100	2	14200                              	34905	0	10581248	0
0.5	7100	1082	0	1613797	16	10581248	100	2	14200                              	40562	0	10581248	0
0.5	7100	858	0	1414638	16	10581248	100	2	14200                              	45921	0	10581248	0
0.5	7100	834	0	1394000	16	10581248	100	2	14200                              	40760	0	10581248	0
0.5	7100	875	0	1430476	16	10581248	100	2	14200                              	32308	0	10581248	0
0.5	7100	937	0	1487089	16	10581248	100	2	14200                              	39290	0	10581248	0
0.5	7100	1152	0	1676329	16	10581248	100	2	14200                              	46350	0	10581248	0
0.5	7100	899	0	1452186	16	10581248	100	2	14200                              	42457	0	10581248	0
0.5	7100	872	0	1426732	16	10581248	100	2	14200                              	37641	0	10581248	0
0.5	7100	886	0	1440485	16	10581248	100	2	14200                              	41311	0	10581248	0
0.5	7100	867	0	1421493	16	10581248	100	2	14200                              	33715	0	10581248	0
0.5	7100	956	0	1502130	16	10581248	100	2	14200                              	46459	0	10581248	0
0.5	7100	904	0	1454683	16	10581248	100	2	14200                              	42534	0	10581248	0
0.5	7100	869	0	1424558	16	10581248	100	2	14200                              	44372	0	10581248	0
0.5	7100	851	0	1409010	16	10581248	100	2	14200                              	52325	0	10581248	0
0.5	7100	980	0	1522164	16	10581248	100	2	14200                              	39352	0	10581248	0
0.5	7100	1071	0	1604698	16	10581248	100	2	14200                              	37866	0	10581248	0
0.5	7100	878	0	1434218	16	10581248	100	2	14200                              	48695	0	10581248	0
0.5	7100	897	0	1450014	16	10581248	100	2	14200                              	37292	0	10581248	0
0.5	7100	957	0	1503293	16	10581248	100	2	14200                              	49073	0	10581248	0
0.5	7100	1120	0	1645585	16	10581248	100	2	14200                              	42004	0	10581248	0
0.5	7100	904	0	1457353	16	10581248	100	2	14200                              	41351	0	10581248	0
0.5	7100	1016	0	1555685	16	10581248	100	2	14200                              	32256	0	10581248	0
0.5	7100	881	0	1436549	16	10581248	100	2	14200                              	32974	0	10581248	0
0.5	7100	838	0	1398615	16	10581248	100	2	14200                              	33927	0	10581248	0
0.5	7100	895	0	1447350	16	10581248	100	2	14200                              	36117	0	10581248	0
0.5	7100	928	0	1476214	16	10581248	100	2	14200                              	43295	0	10581248	0
0.5	7100	871	0	1424959	16	10581248	100	2	14200                              	46005	0	10581248	0
0.5	7100	960	0	1506810	16	10581248	100	2	14200                              	33168	0	10581248	0
0.5	7100	660	0	1239217	16	10581248	100	2	14200                              	32109	0	10581248	0
0.5	7100	819	0	1382266	16	10581248	100	2	14200                              	37973	0	10581248	0
0.5	7100	1117	0	1645663	16	10581248	100	2	14200                              	39633	0	10581248	0
0.5	7100	733	0	1304150	16	10581248	100	2	14200                              	38595	0	10581248	0
0.5	7100	887	0	1440457	16	10581248	100	2	14200                              	43258	0	10581248	0
0.5	7100	967	0	1513359	16	10581248	100	2	14200                              	37269	0	10581248	0
0.5	7100	872	0	1425481	16	10581248	100	2	14200                              	36431	0	10581248	0
0.5	7100	1247	0	1760691	16	10581248	100	2	14200                              	42334	0	10581248	0
0.5	7100	929	0	1478345	16	10581248	100	2	14200                              	34819	0	10581248	0
0.5	7100	1177	0	1697755	16	10581248	100	2	14200                              	34488	0	10581248	0
0.5	7100	1031	0	1568651	16	10581248	100	2	14200                              	37780	0	10581248	0
0.5	7100	953	0	1500812	16	10581248	100	2	14200                              	35997	0	10581248	0
0.5	7100	709	0	1283068	16	10581248	100	2	14200                              	41926	0	10581248	0
0.5	7100	811	0	1373705	16	10581248	100	2	14200                              	45718	0	10581248	0
0.5	7100	975	0	1518600	16	10581248	100	2	14200                              	34453	0	10581248	0
0.5	7100	869	0	1425534	16	10581248	100	2	14200                              	38699	0	10581248	0
0.5	7100	784	0	1350647	16	10581248	100	2	14200                              	40269	0	10581248	0
0.5	7100	915	0	1466679	16	10581248	100	2	14200                              	39151	0	10581248	0
0.5	7100	845	0	1403164	16	10581248	100	2	14200                              	35676	0	10581248	0
0.5	7100	709	0	1281982	16	10581248	100	2	14200                              	40779	0	10581248	0
0.5	8100	798	0	1460836	16	10581248	100	2	16200                              	39667	0	10581248	0
0.5	8100	929	0	1593734	16	10581248	100	2	16200                              	34038	0	10581248	0
0.5	8100	1004	0	1670772	16	10581248	100	2	16200                              	31953	0	10581248	0
0.5	8100	827	0	1492254	16	10581248	100	2	16200                              	41828	0	10581248	0
0.5	8100	1015	0	1680473	16	10581248	100	2	16200                              	36906	0	10581248	0
0.5	8100	682	0	1344073	16	10581248	100	2	16200                              	29884	0	10581248	0
0.5	8100	824	0	1486982	16	10581248	100	2	16200                              	36001	0	10581248	0
0.5	8100	813	0	1475147	16	10581248	100	2	16200                              	32523	0	10581248	0
0.5	8100	778	0	1438808	16	10581248	100	2	16200                              	33442	0	10581248	0
0.5	8100	853	0	1515588	16	10581248	100	2	16200                              	40974	0	10581248	0
0.5	8100	933	0	1597142	16	10581248	100	2	16200                              	36208	0	10581248	0
0.5	8100	835	0	1497930	16	10581248	100	2	16200                              	34340	0	10581248	0
0.5	8100	788	0	1453643	16	10581248	100	2	16200                              	31771	0	10581248	0
0.5	8100	800	0	1461665	16	10581248	100	2	16200                              	29310	0	10581248	0
0.5	8100	890	0	1554141	16	10581248	100	2	16200                              	36289	0	10581248	0
0.5	8100	848	0	1510655	16	10581248	100	2	16200                              	50449	0	10581248	0
0.5	8100	788	0	1448991	16	10581248	100	2	16200                              	37925	0	10581248	0
0.5	8100	770	0	1433710	16	10581248	100	2	16200                              	45907	0	10581248	0
0.5	8100	915	0	1577530	16	10581248	100	2	16200                              	39318	0	10581248	0
0.5	8100	937	0	1602127	16	10581248	100	2	16200                              	33025	0	10581248	0
0.5	8100	796	0	1456772	16	10581248	100	2	16200                              	39177	0	10581248	0
0.5	8100	840	0	1502972	16	10581248	100	2	16200                              	54636	0	10581248	0
0.5	8100	880	0	1544811	16	10581248	100	2	16200                              	37336	0	10581248	0
0.5	8100	950	0	1615061	16	10581248	100	2	16200                              	36248	0	10581248	0
0.5	8100	877	0	1540130	16	10581248	100	2	16200                              	32703	0	10581248	0
0.5	8100	812	0	1475065	16	10581248	100	2	16200                              	29892	0	10581248	0
0.5	8100	891	0	1553479	16	10581248	100	2	16200                              	33489	0	10581248	0
0.5	8100	809	0	1471169	16	10581248	100	2	16200                              	45362	0	10581248	0
0.5	8100	829	0	1494198	16	10581248	100	2	16200                              	27048	0	10581248	0
0.5	8100	865	0	1528940	16	10581248	100	2	16200                              	32584	0	10581248	0
0.5	8100	664	0	1324348	16	10581248	100	2	16200                              	42152	0	10581248	0
0.5	8100	767	0	1430878	16	10581248	100	2	16200                              	29818	0	10581248	0
0.5	8100	884	0	1548261	16	10581248	100	2	16200                              	41997	0	10581248	0
0.5	8100	924	0	1588811	16	10581248	100	2	16200                              	42580	0	10581248	0
0.5	8100	822	0	1483810	16	10581248	100	2	16200                              	51420	0	10581248	0
0.5	8100	1142	0	1810426	16	10581248	100	2	16200                              	38570	0	10581248	0
0.5	8100	843	0	1506197	16	10581248	100	2	16200                              	32047	0	10581248	0
0.5	8100	673	0	1334881	16	10581248	100	2	16200                              	33012	0	10581248	0
0.5	8100	877	0	1540196	16	10581248	100	2	16200                              	39011	0	10581248	0
0.5	8100	828	0	1491604	16	10581248	100	2	16200                              	27639	0	10581248	0
0.5	8100	1097	0	1765746	16	10581248	100	2	16200                              	38669	0	10581248	0
0.5	8100	860	0	1522769	16	10581248	100	2	16200                              	47485	0	10581248	0
0.5	8100	838	0	1501407	16	10581248	100	2	16200                              	29789	0	10581248	0
0.5	8100	809	0	1470299	16	10581248	100	2	16200                              	34530	0	10581248	0
0.5	8100	913	0	1577177	16	10581248	100	2	16200                              	39501	0	10581248	0
0.5	8100	776	0	1438877	16	10581248	100	2	16200                              	48329	0	10581248	0
0.5	8100	861	0	1523616	16	10581248	100	2	16200                              	34774	0	10581248	0
0.5	8100	818	0	1481041	16	10581248	100	2	16200                              	32444	0	10581248	0
0.5	8100	668	0	1329981	16	10581248	100	2	16200                              	33885	0	10581248	0
0.5	8100	780	0	1443538	16	10581248	100	2	16200                              	41701	0	10581248	0
0.5	8100	797	0	1459175	16	10581248	100	2	16200                              	42812	0	10581248	0
0.5	8100	798	0	1460725	16	10581248	100	2	16200                              	31791	0	10581248	0
0.5	8100	829	0	1493731	16	10581248	100	2	16200                              	38457	0	10581248	0
0.5	8100	823	0	1486766	16	10581248	100	2	16200                              	38458	0	10581248	0
0.5	8100	774	0	1434491	16	10581248	100	2	16200                              	32321	0	10581248	0
0.5	8100	1162	0	1829802	16	10581248	100	2	16200                              	39191	0	10581248	0
0.5	8100	868	0	1530839	16	10581248	100	2	16200                              	32771	0	10581248	0
0.5	8100	896	0	1558077	16	10581248	100	2	16200                              	38547	0	10581248	0
0.5	8100	880	0	1542323	16	10581248	100	2	16200                              	38002	0	10581248	0
0.5	8100	844	0	1507710	16	10581248	100	2	16200                              	52695	0	10581248	0
0.5	8100	869	0	1533811	16	10581248	100	2	16200                              	31703	0	10581248	0
0.5	8100	897	0	1561024	16	10581248	100	2	16200                              	34887	0	10581248	0
0.5	8100	777	0	1438160	16	10581248	100	2	16200                              	34730	0	10581248	0
0.5	8100	743	0	1405999	16	10581248	100	2	16200                              	33022	0	10581248	0
0.5	8100	726	0	1387764	16	10581248	100	2	16200                              	31809	0	10581248	0
0.5	8100	792	0	1454778	16	10581248	100	2	16200                              	32391	0	10581248	0
0.5	8100	972	0	1637804	16	10581248	100	2	16200                              	37031	0	10581248	0
0.5	8100	830	0	1492082	16	10581248	100	2	16200                              	44624	0	10581248	0
0.5	8100	998	0	1663618	16	10581248	100	2	16200                              	32536	0	10581248	0
0.5	8100	696	0	1356034	16	10581248	100	2	16200                              	37702	0	10581248	0
0.5	8100	842	0	1505024	16	10581248	100	2	16200                              	39421	0	10581248	0
0.5	8100	716	0	1377171	16	10581248	100	2	16200                              	32640	0	10581248	0
0.5	8100	792	0	1455711	16	10581248	100	2	16200                              	37691	0	10581248	0
0.5	8100	807	0	1470270	16	10581248	100	2	16200                              	36565	0	10581248	0
0.5	8100	829	0	1491502	16	10581248	100	2	16200                              	49968	0	10581248	0
0.5	8100	866	0	1529857	16	10581248	100	2	16200                              	34011	0	10581248	0
0.5	8100	644	0	1306556	16	10581248	100	2	16200                              	47496	0	10581248	0
0.5	8100	902	0	1567019	16	10581248	100	2	16200                              	45484	0	10581248	0
0.5	8100	872	0	1534365	16	10581248	100	2	16200                              	35022	0	10581248	0
0.5	8100	844	0	1508046	16	10581248	100	2	16200                              	34578	0	10581248	0
0.5	8100	857	0	1519767	16	10581248	100	2	16200                              	38820	0	10581248	0
0.5	8100	752	0	1411277	16	10581248	100	2	16200                              	29932	0	10581248	0
0.5	8100	929	0	1596028	16	10581248	100	2	16200                              	33660	0	10581248	0
0.5	8100	1106	0	1770286	16	10581248	100	2	16200                              	32076	0	10581248	0
0.5	8100	832	0	1494102	16	10581248	100	2	16200                              	43349	0	10581248	0
0.5	8100	891	0	1553602	16	10581248	100	2	16200                              	38695	0	10581248	0
0.5	8100	820	0	1483573	16	10581248	100	2	16200                              	38435	0	10581248	0
0.5	8100	932	0	1597831	16	10581248	100	2	16200                              	47209	0	10581248	0
0.5	8100	785	0	1448252	16	10581248	100	2	16200                              	38405	0	10581248	0
0.5	8100	696	0	1358329	16	10581248	100	2	16200                              	35654	0	10581248	0
0.5	8100	795	0	1456731	16	10581248	100	2	16200                              	42203	0	10581248	0
0.5	8100	1000	0	1666173	16	10581248	100	2	16200                              	32331	0	10581248	0
0.5	8100	808	0	1469151	16	10581248	100	2	16200                              	34999	0	10581248	0
0.5	8100	712	0	1373360	16	10581248	100	2	16200                              	38449	0	10581248	0
0.5	8100	1068	0	1732955	16	10581248	100	2	16200                              	36774	0	10581248	0
0.5	8100	779	0	1440953	16	10581248	100	2	16200                              	33437	0	10581248	0
0.5	8100	841	0	1505374	16	10581248	100	2	16200                              	37777	0	10581248	0
0.5	8100	1136	0	1802861	16	10581248	100	2	16200                              	32890	0	10581248	0
0.5	8100	878	0	1540451	16	10581248	100	2	16200                              	36972	0	10581248	0
0.5	8100	886	0	1548776	16	10581248	100	2	16200                              	38812	0	10581248	0
0.5	9100	767	0	1525437	16	10581248	100	2	18200                              	26053	0	10581248	0
0.5	9100	780	0	1538516	16	10581248	100	2	18200                              	36740	0	10581248	0
0.5	9100	683	0	1428714	16	10581248	100	2	18200                              	31583	0	10581248	0
0.5	9100	745	0	1500537	16	10581248	100	2	18200                              	32758	0	10581248	0
0.5	9100	884	0	1657159	16	10581248	100	2	18200                              	28973	0	10581248	0
0.5	9100	1020	0	1810872	16	10581248	100	2	18200                              	33051	0	10581248	0
0.5	9100	883	0	1656275	16	10581248	100	2	18200                              	35531	0	10581248	0
0.5	9100	853	0	1620608	16	10581248	100	2	18200                              	36501	0	10581248	0
0.5	9100	829	0	1595270	16	10581248	100	2	18200                              	36338	0	10581248	0
0.5	9100	859	0	1629960	16	10581248	100	2	18200                              	36072	0	10581248	0
0.5	9100	817	0	1581996	16	10581248	100	2	18200                              	46262	0	10581248	0
0.5	9100	582	0	1314112	16	10581248	100	2	18200                              	36204	0	10581248	0
0.5	9100	736	0	1489134	16	10581248	100	2	18200                              	37953	0	10581248	0
0.5	9100	725	0	1473701	16	10581248	100	2	18200                              	46593	0	10581248	0
0.5	9100	593	0	1324984	16	10581248	100	2	18200                              	51146	0	10581248	0
0.5	9100	776	0	1534461	16	10581248	100	2	18200                              	32801	0	10581248	0
0.5	9100	760	0	1516090	16	10581248	100	2	18200                              	29243	0	10581248	0
0.5	9100	883	0	1656761	16	10581248	100	2	18200                              	37473	0	10581248	0
0.5	9100	578	0	1309056	16	10581248	100	2	18200                              	28156	0	10581248	0
0.5	9100	715	0	1466546	16	10581248	100	2	18200                              	49594	0	10581248	0
0.5	9100	765	0	1521782	16	10581248	100	2	18200                              	40383	0	10581248	0
0.5	9100	827	0	1592856	16	10581248	100	2	18200                              	48560	0	10581248	0
0.5	9100	781	0	1541314	16	10581248	100	2	18200                              	43832	0	10581248	0
0.5	9100	885	0	1658190	16	10581248	100	2	18200                              	52322	0	10581248	0
0.5	9100	799	0	1560716	16	10581248	100	2	18200                              	31479	0	10581248	0
0.5	9100	806	0	1566371	16	10581248	100	2	18200                              	30694	0	10581248	0
0.5	9100	996	0	1782697	16	10581248	100	2	18200                              	38269	0	10581248	0
0.5	9100	758	0	1512842	16	10581248	100	2	18200                              	32144	0	10581248	0
0.5	9100	968	0	1754574	16	10581248	100	2	18200                              	42437	0	10581248	0
0.5	9100	772	0	1529224	16	10581248	100	2	18200                              	42630	0	10581248	0
0.5	9100	703	0	1452287	16	10581248	100	2	18200                              	36744	0	10581248	0
0.5	9100	807	0	1568418	16	10581248	100	2	18200                              	45301	0	10581248	0
0.5	9100	896	0	1671383	16	10581248	100	2	18200                              	33450	0	10581248	0
0.5	9100	813	0	1577148	16	10581248	100	2	18200                              	35694	0	10581248	0
0.5	9100	765	0	1523079	16	10581248	100	2	18200                              	47931	0	10581248	0
0.5	9100	860	0	1632237	16	10581248	100	2	18200                              	43953	0	10581248	0
0.5	9100	615	0	1349986	16	10581248	100	2	18200                              	38850	0	10581248	0
0.5	9100	787	0	1547423	16	10581248	100	2	18200                              	34669	0	10581248	0
0.5	9100	825	0	1590480	16	10581248	100	2	18200                              	31116	0	10581248	0
0.5	9100	668	0	1411462	16	10581248	100	2	18200                              	38144	0	10581248	0
0.5	9100	711	0	1460873	16	10581248	100	2	18200                              	51482	0	10581248	0
0.5	9100	753	0	1505335	16	10581248	100	2	18200                              	27487	0	10581248	0
0.5	9100	761	0	1517146	16	10581248	100	2	18200                              	36540	0	10581248	0
0.5	9100	820	0	1584290	16	10581248	100	2	18200                              	37457	0	10581248	0
0.5	9100	1033	0	1825927	16	10581248	100	2	18200                              	37988	0	10581248	0
0.5	9100	723	0	1475151	16	10581248	100	2	18200                              	26003	0	10581248	0
0.5	9100	742	0	1494742	16	10581248	100	2	18200                              	39911	0	10581248	0
0.5	9100	715	0	1465378	16	10581248	100	2	18200                              	33376	0	10581248	0
0.5	9100	808	0	1571000	16	10581248	100	2	18200                              	32536	0	10581248	0
0.5	9100	823	0	1586935	16	10581248	100	2	18200                              	34683	0	10581248	0
0.5	9100	639	0	1376475	16	10581248	100	2	18200                              	33592	0	10581248	0
0.5	9100	1026	0	1818252	16	10581248	100	2	18200                              	45197	0	10581248	0
0.5	9100	784	0	1543289	16	10581248	100	2	18200                              	30479	0	10581248	0
0.5	9100	648	0	1388248	16	10581248	100	2	18200                              	32767	0	10581248	0
0.5	9100	634	0	1375079	16	10581248	100	2	18200                              	29042	0	10581248	0
0.5	9100	880	0	1652320	16	10581248	100	2	18200                              	35465	0	10581248	0
0.5	9100	662	0	1406791	16	10581248	100	2	18200                              	47060	0	10581248	0
0.5	9100	771	0	1525468	16	10581248	100	2	18200                              	41809	0	10581248	0
0.5	9100	708	0	1456170	16	10581248	100	2	18200                              	32066	0	10581248	0
0.5	9100	771	0	1529159	16	10581248	100	2	18200                              	30242	0	10581248	0
0.5	9100	863	0	1632483	16	10581248	100	2	18200                              	36197	0	10581248	0
0.5	9100	777	0	1534929	16	10581248	100	2	18200                              	41469	0	10581248	0
0.5	9100	810	0	1571695	16	10581248	100	2	18200                              	29569	0	10581248	0
0.5	9100	785	0	1541452	16	10581248	100	2	18200                              	40055	0	10581248	0
0.5	9100	653	0	1393863	16	10581248	100	2	18200                              	27147	0	10581248	0
0.5	9100	774	0	1531128	16	10581248	100	2	18200                              	38881	0	10581248	0
0.5	9100	768	0	1524757	16	10581248	100	2	18200                              	36354	0	10581248	0
0.5	9100	757	0	1513396	16	10581248	100	2	18200                              	38659	0	10581248	0
0.5	9100	731	0	1484279	16	10581248	100	2	18200                              	31844	0	10581248	0
0.5	9100	918	0	1696695	16	10581248	100	2	18200                              	32350	0	10581248	0
0.5	9100	843	0	1611535	16	10581248	100	2	18200                              	28090	0	10581248	0
0.5	9100	773	0	1530305	16	10581248	100	2	18200                              	39042	0	10581248	0
0.5	9100	973	0	1758868	16	10581248	100	2	18200                              	28782	0	10581248	0
0.5	9100	958	0	1740869	16	10581248	100	2	18200                              	36678	0	10581248	0
0.5	9100	854	0	1622203	16	10581248	100	2	18200                              	43351	0	10581248	0
0.5	9100	801	0	1562958	16	10581248	100	2	18200                              	38706	0	10581248	0
0.5	9100	793	0	1551772	16	10581248	100	2	18200                              	34891	0	10581248	0
0.5	9100	806	0	1567812	16	10581248	100	2	18200                              	35318	0	10581248	0
0.5	9100	568	0	1296769	16	10581248	100	2	18200                              	45176	0	10581248	0
0.5	9100	615	0	1351177	16	10581248	100	2	18200                              	31267	0	10581248	0
0.5	9100	613	0	1348652	16	10581248	100	2	18200                              	29413	0	10581248	0
0.5	9100	657	0	1397044	16	10581248	100	2	18200                              	37472	0	10581248	0
0.5	9100	781	0	1540805	16	10581248	100	2	18200                              	36775	0	10581248	0
0.5	9100	760	0	1516964	16	10581248	100	2	18200                              	31654	0	10581248	0
0.5	9100	824	0	1586575	16	10581248	100	2	18200                              	29750	0	10581248	0
0.5	9100	877	0	1649319	16	10581248	100	2	18200                              	29486	0	10581248	0
0.5	9100	721	0	1472185	16	10581248	100	2	18200                              	34193	0	10581248	0
0.5	9100	816	0	1580867	16	10581248	100	2	18200                              	42137	0	10581248	0
0.5	9100	1033	0	1827746	16	10581248	100	2	18200                              	45764	0	10581248	0
0.5	9100	962	0	1746159	16	10581248	100	2	18200                              	52414	0	10581248	0
0.5	9100	812	0	1573682	16	10581248	100	2	18200                              	30840	0	10581248	0
0.5	9100	817	0	1579779	16	10581248	100	2	18200                              	49093	0	10581248	0
0.5	9100	752	0	1508239	16	10581248	100	2	18200                              	37257	0	10581248	0
0.5	9100	754	0	1509736	16	10581248	100	2	18200                              	36235	0	10581248	0
0.5	9100	946	0	1729402	16	10581248	100	2	18200                              	46004	0	10581248	0
0.5	9100	803	0	1566606	16	10581248	100	2	18200                              	47686	0	10581248	0
0.5	9100	737	0	1488676	16	10581248	100	2	18200                              	30210	0	10581248	0
0.5	9100	876	0	1647485	16	10581248	100	2	18200                              	43406	0	10581248	0
0.5	9100	988	0	1775009	16	10581248	100	2	18200                              	33041	0	10581248	0
0.5	9100	839	0	1608686	16	10581248	100	2	18200                              	27555	0	10581248	0
