#using seed 0.045685
# Work:9321255, depth:282845, work/p+depth:355667.3046875
#PROCESSORS: 128, RUNS: 100
#prb	R-l	ISR	ESR	runTime	processors    	work	taskThreshold	lGranularity	rGranularity	IDATAT	EDATAT	W0	W1
0.5	100	138275	0	288799	128	9321255	100	2	200                              	50559	0	9321255	0
0.5	100	136936	0	286678	128	9321255	100	2	200                              	50559	0	9321255	0
0.5	100	137173	0	287055	128	9321255	100	2	200                              	50559	0	9321255	0
0.5	100	139131	0	290125	128	9321255	100	2	200                              	50559	0	9321255	0
0.5	100	137830	0	288078	128	9321255	100	2	200                              	50559	0	9321255	0
0.5	100	137317	0	287278	128	9321255	100	2	200                              	50559	0	9321255	0
0.5	100	138332	0	288851	128	9321255	100	2	200                              	50559	0	9321255	0
0.5	100	138058	0	288428	128	9321255	100	2	200                              	50559	0	9321255	0
0.5	100	138699	0	289432	128	9321255	100	2	200                              	50559	0	9321255	0
0.5	100	136967	0	286730	128	9321255	100	2	200                              	50559	0	9321255	0
0.5	100	137324	0	287281	128	9321255	100	2	200                              	50559	0	9321255	0
0.5	100	137608	0	287745	128	9321255	100	2	200                              	50559	0	9321255	0
0.5	100	137237	0	287167	128	9321255	100	2	200                              	50559	0	9321255	0
0.5	100	138355	0	288894	128	9321255	100	2	200                              	50559	0	9321255	0
0.5	100	138324	0	288834	128	9321255	100	2	200                              	50559	0	9321255	0
0.5	100	137627	0	287780	128	9321255	100	2	200                              	50559	0	9321255	0
0.5	100	138885	0	289740	128	9321255	100	2	200                              	50559	0	9321255	0
0.5	100	137747	0	287959	128	9321255	100	2	200                              	50559	0	9321255	0
0.5	100	138137	0	288575	128	9321255	100	2	200                              	50559	0	9321255	0
0.5	100	137579	0	287678	128	9321255	100	2	200                              	50559	0	9321255	0
0.5	100	137375	0	287376	128	9321255	100	2	200                              	50559	0	9321255	0
0.5	100	137831	0	288078	128	9321255	100	2	200                              	50559	0	9321255	0
0.5	100	137587	0	287692	128	9321255	100	2	200                              	50559	0	9321255	0
0.5	100	137452	0	287483	128	9321255	100	2	200                              	50559	0	9321255	0
0.5	100	137201	0	287109	128	9321255	100	2	200                              	50559	0	9321255	0
0.5	100	137443	0	287478	128	9321255	100	2	200                              	50559	0	9321255	0
0.5	100	137895	0	288200	128	9321255	100	2	200                              	50559	0	9321255	0
0.5	100	137239	0	287173	128	9321255	100	2	200                              	50559	0	9321255	0
0.5	100	137463	0	287507	128	9321255	100	2	200                              	50559	0	9321255	0
0.5	100	137703	0	287878	128	9321255	100	2	200                              	50559	0	9321255	0
0.5	100	137834	0	288078	128	9321255	100	2	200                              	50559	0	9321255	0
0.5	100	136934	0	286678	128	9321255	100	2	200                              	50559	0	9321255	0
0.5	100	137053	0	286845	128	9321255	100	2	200                              	50559	0	9321255	0
0.5	100	137846	0	288101	128	9321255	100	2	200                              	50559	0	9321255	0
0.5	100	138945	0	289819	128	9321255	100	2	200                              	50559	0	9321255	0
0.5	100	139388	0	290518	128	9321255	100	2	200                              	50559	0	9321255	0
0.5	100	137880	0	288176	128	9321255	100	2	200                              	50559	0	9321255	0
0.5	100	138472	0	289078	128	9321255	100	2	200                              	50559	0	9321255	0
0.5	100	137725	0	287925	128	9321255	100	2	200                              	50559	0	9321255	0
0.5	100	138131	0	288554	128	9321255	100	2	200                              	50559	0	9321255	0
0.5	100	137330	0	287292	128	9321255	100	2	200                              	50559	0	9321255	0
0.5	100	138710	0	289450	128	9321255	100	2	200                              	50559	0	9321255	0
0.5	100	138739	0	289507	128	9321255	100	2	200                              	50559	0	9321255	0
0.5	100	137246	0	287180	128	9321255	100	2	200                              	50559	0	9321255	0
0.5	100	137364	0	287352	128	9321255	100	2	200                              	50559	0	9321255	0
0.5	100	137064	0	286885	128	9321255	100	2	200                              	50559	0	9321255	0
0.5	100	137742	0	287957	128	9321255	100	2	200                              	50559	0	9321255	0
0.5	100	138472	0	289078	128	9321255	100	2	200                              	50559	0	9321255	0
0.5	100	137859	0	288127	128	9321255	100	2	200                              	50559	0	9321255	0
0.5	100	138472	0	289078	128	9321255	100	2	200                              	50559	0	9321255	0
0.5	100	139106	0	290078	128	9321255	100	2	200                              	50559	0	9321255	0
0.5	100	136888	0	286605	128	9321255	100	2	200                              	50559	0	9321255	0
0.5	100	137573	0	287670	128	9321255	100	2	200                              	50559	0	9321255	0
0.5	100	137685	0	287843	128	9321255	100	2	200                              	50559	0	9321255	0
0.5	100	137451	0	287481	128	9321255	100	2	200                              	50559	0	9321255	0
0.5	100	137096	0	286937	128	9321255	100	2	200                              	50559	0	9321255	0
0.5	100	137547	0	287627	128	9321255	100	2	200                              	50559	0	9321255	0
0.5	100	138118	0	288528	128	9321255	100	2	200                              	50559	0	9321255	0
0.5	100	137969	0	288287	128	9321255	100	2	200                              	50559	0	9321255	0
0.5	100	136983	0	286770	128	9321255	100	2	200                              	50559	0	9321255	0
0.5	100	138307	0	288822	128	9321255	100	2	200                              	50559	0	9321255	0
0.5	100	138024	0	288398	128	9321255	100	2	200                              	50559	0	9321255	0
0.5	100	137359	0	287349	128	9321255	100	2	200                              	50559	0	9321255	0
0.5	100	138599	0	289284	128	9321255	100	2	200                              	50559	0	9321255	0
0.5	100	137225	0	287141	128	9321255	100	2	200                              	50559	0	9321255	0
0.5	100	137209	0	287115	128	9321255	100	2	200                              	50559	0	9321255	0
0.5	100	137702	0	287878	128	9321255	100	2	200                              	50559	0	9321255	0
0.5	100	137222	0	287133	128	9321255	100	2	200                              	50559	0	9321255	0
0.5	100	137688	0	287854	128	9321255	100	2	200                              	50559	0	9321255	0
0.5	100	137605	0	287738	128	9321255	100	2	200                              	50559	0	9321255	0
0.5	100	137187	0	287078	128	9321255	100	2	200                              	50559	0	9321255	0
0.5	100	137027	0	286822	128	9321255	100	2	200                              	50559	0	9321255	0
0.5	100	138344	0	288878	128	9321255	100	2	200                              	50559	0	9321255	0
0.5	100	137944	0	288250	128	9321255	100	2	200                              	50559	0	9321255	0
0.5	100	137019	0	286809	128	9321255	100	2	200                              	50559	0	9321255	0
0.5	100	137157	0	287013	128	9321255	100	2	200                              	50559	0	9321255	0
0.5	100	137835	0	288096	128	9321255	100	2	200                              	50559	0	9321255	0
0.5	100	137447	0	287478	128	9321255	100	2	200                              	50559	0	9321255	0
0.5	100	138447	0	289029	128	9321255	100	2	200                              	50559	0	9321255	0
0.5	100	138100	0	288507	128	9321255	100	2	200                              	50559	0	9321255	0
0.5	100	137065	0	286878	128	9321255	100	2	200                              	50559	0	9321255	0
0.5	100	138513	0	289159	128	9321255	100	2	200                              	50559	0	9321255	0
0.5	100	137708	0	287893	128	9321255	100	2	200                              	50559	0	9321255	0
0.5	100	137080	0	286916	128	9321255	100	2	200                              	50559	0	9321255	0
0.5	100	137977	0	288316	128	9321255	100	2	200                              	50559	0	9321255	0
0.5	100	138733	0	289485	128	9321255	100	2	200                              	50559	0	9321255	0
0.5	100	137686	0	287843	128	9321255	100	2	200                              	50559	0	9321255	0
0.5	100	137220	0	287132	128	9321255	100	2	200                              	50559	0	9321255	0
0.5	100	136970	0	286744	128	9321255	100	2	200                              	50559	0	9321255	0
0.5	100	137327	0	287299	128	9321255	100	2	200                              	50559	0	9321255	0
0.5	100	138766	0	289554	128	9321255	100	2	200                              	50559	0	9321255	0
0.5	100	137497	0	287579	128	9321255	100	2	200                              	50559	0	9321255	0
0.5	100	136987	0	286777	128	9321255	100	2	200                              	50559	0	9321255	0
0.5	100	137832	0	288073	128	9321255	100	2	200                              	50559	0	9321255	0
0.5	100	137975	0	288299	128	9321255	100	2	200                              	50559	0	9321255	0
0.5	100	137050	0	286841	128	9321255	100	2	200                              	50559	0	9321255	0
0.5	100	136850	0	286557	128	9321255	100	2	200                              	50559	0	9321255	0
0.5	100	136939	0	286678	128	9321255	100	2	200                              	50559	0	9321255	0
0.5	100	138530	0	289189	128	9321255	100	2	200                              	50559	0	9321255	0
0.5	100	138085	0	288478	128	9321255	100	2	200                              	50559	0	9321255	0
0.5	1100	17743	0	376531	128	9321255	100	2	2200                              	50559	0	9321255	0
0.5	1100	17727	0	376345	128	9321255	100	2	2200                              	50559	0	9321255	0
0.5	1100	18373	0	387454	128	9321255	100	2	2200                              	50559	0	9321255	0
0.5	1100	17856	0	378497	128	9321255	100	2	2200                              	50559	0	9321255	0
0.5	1100	16626	0	357346	128	9321255	100	2	2200                              	50559	0	9321255	0
0.5	1100	17480	0	372039	128	9321255	100	2	2200                              	50559	0	9321255	0
0.5	1100	18029	0	381560	128	9321255	100	2	2200                              	50422	0	9321255	0
0.5	1100	17392	0	370548	128	9321255	100	2	2200                              	48425	0	9321255	0
0.5	1100	17951	0	380418	128	9321255	100	2	2200                              	50294	0	9321255	0
0.5	1100	16798	0	360543	128	9321255	100	2	2200                              	50559	0	9321255	0
0.5	1100	18789	0	394511	128	9321255	100	2	2200                              	50559	0	9321255	0
0.5	1100	17668	0	375301	128	9321255	100	2	2200                              	50559	0	9321255	0
0.5	1100	17421	0	371127	128	9321255	100	2	2200                              	50431	0	9321255	0
0.5	1100	20220	0	419250	128	9321255	100	2	2200                              	50431	0	9321255	0
0.5	1100	17726	0	376222	128	9321255	100	2	2200                              	50428	0	9321255	0
0.5	1100	18006	0	381121	128	9321255	100	2	2200                              	48286	0	9321255	0
0.5	1100	17795	0	377681	128	9321255	100	2	2200                              	50559	0	9321255	0
0.5	1100	17361	0	369996	128	9321255	100	2	2200                              	50559	0	9321255	0
0.5	1100	17668	0	375319	128	9321255	100	2	2200                              	50431	0	9321255	0
0.5	1100	17272	0	368538	128	9321255	100	2	2200                              	50559	0	9321255	0
0.5	1100	17870	0	378741	128	9321255	100	2	2200                              	50559	0	9321255	0
0.5	1100	17354	0	369891	128	9321255	100	2	2200                              	50559	0	9321255	0
0.5	1100	18448	0	389066	128	9321255	100	2	2200                              	50422	0	9321255	0
0.5	1100	17387	0	370440	128	9321255	100	2	2200                              	50559	0	9321255	0
0.5	1100	18068	0	382457	128	9321255	100	2	2200                              	50417	0	9321255	0
0.5	1100	18146	0	383489	128	9321255	100	2	2200                              	50422	0	9321255	0
0.5	1100	17422	0	371124	128	9321255	100	2	2200                              	50559	0	9321255	0
0.5	1100	18393	0	387736	128	9321255	100	2	2200                              	50431	0	9321255	0
0.5	1100	17183	0	367273	128	9321255	100	2	2200                              	50559	0	9321255	0
0.5	1100	17593	0	374050	128	9321255	100	2	2200                              	50422	0	9321255	0
0.5	1100	18283	0	385863	128	9321255	100	2	2200                              	50559	0	9321255	0
0.5	1100	19329	0	403952	128	9321255	100	2	2200                              	50431	0	9321255	0
0.5	1100	17423	0	371332	128	9321255	100	2	2200                              	50428	0	9321255	0
0.5	1100	17483	0	372095	128	9321255	100	2	2200                              	50559	0	9321255	0
0.5	1100	17922	0	379690	128	9321255	100	2	2200                              	50559	0	9321255	0
0.5	1100	18262	0	385489	128	9321255	100	2	2200                              	50426	0	9321255	0
0.5	1100	17400	0	370644	128	9321255	100	2	2200                              	50559	0	9321255	0
0.5	1100	17492	0	372240	128	9321255	100	2	2200                              	50559	0	9321255	0
0.5	1100	18649	0	392107	128	9321255	100	2	2200                              	50431	0	9321255	0
0.5	1100	17030	0	364503	128	9321255	100	2	2200                              	50431	0	9321255	0
0.5	1100	17280	0	368744	128	9321255	100	2	2200                              	50559	0	9321255	0
0.5	1100	17314	0	369569	128	9321255	100	2	2200                              	50559	0	9321255	0
0.5	1100	17160	0	366681	128	9321255	100	2	2200                              	50559	0	9321255	0
0.5	1100	16868	0	361568	128	9321255	100	2	2200                              	50559	0	9321255	0
0.5	1100	17681	0	375720	128	9321255	100	2	2200                              	50559	0	9321255	0
0.5	1100	17477	0	371941	128	9321255	100	2	2200                              	50422	0	9321255	0
0.5	1100	18464	0	389239	128	9321255	100	2	2200                              	50422	0	9321255	0
0.5	1100	17384	0	370335	128	9321255	100	2	2200                              	50431	0	9321255	0
0.5	1100	17571	0	373991	128	9321255	100	2	2200                              	48297	0	9321255	0
0.5	1100	16909	0	362356	128	9321255	100	2	2200                              	50559	0	9321255	0
0.5	1100	17750	0	376736	128	9321255	100	2	2200                              	50559	0	9321255	0
0.5	1100	17465	0	371811	128	9321255	100	2	2200                              	50559	0	9321255	0
0.5	1100	17521	0	372760	128	9321255	100	2	2200                              	50559	0	9321255	0
0.5	1100	17875	0	378858	128	9321255	100	2	2200                              	50289	0	9321255	0
0.5	1100	17651	0	375133	128	9321255	100	2	2200                              	50291	0	9321255	0
0.5	1100	18187	0	384417	128	9321255	100	2	2200                              	50559	0	9321255	0
0.5	1100	18673	0	392544	128	9321255	100	2	2200                              	50294	0	9321255	0
0.5	1100	18153	0	383558	128	9321255	100	2	2200                              	48425	0	9321255	0
0.5	1100	17409	0	371003	128	9321255	100	2	2200                              	50559	0	9321255	0
0.5	1100	16886	0	361819	128	9321255	100	2	2200                              	50559	0	9321255	0
0.5	1100	18085	0	382671	128	9321255	100	2	2200                              	50428	0	9321255	0
0.5	1100	16993	0	363695	128	9321255	100	2	2200                              	50559	0	9321255	0
0.5	1100	18057	0	382124	128	9321255	100	2	2200                              	50559	0	9321255	0
0.5	1100	18369	0	387400	128	9321255	100	2	2200                              	50431	0	9321255	0
0.5	1100	17239	0	367865	128	9321255	100	2	2200                              	50559	0	9321255	0
0.5	1100	18255	0	385451	128	9321255	100	2	2200                              	50559	0	9321255	0
0.5	1100	18122	0	383091	128	9321255	100	2	2200                              	48425	0	9321255	0
0.5	1100	17175	0	367059	128	9321255	100	2	2200                              	48290	0	9321255	0
0.5	1100	17798	0	377730	128	9321255	100	2	2200                              	50559	0	9321255	0
0.5	1100	16465	0	354662	128	9321255	100	2	2200                              	50559	0	9321255	0
0.5	1100	18011	0	381269	128	9321255	100	2	2200                              	50559	0	9321255	0
0.5	1100	18390	0	387736	128	9321255	100	2	2200                              	50413	0	9321255	0
0.5	1100	17515	0	372751	128	9321255	100	2	2200                              	50559	0	9321255	0
0.5	1100	16396	0	353536	128	9321255	100	2	2200                              	50559	0	9321255	0
0.5	1100	17547	0	373381	128	9321255	100	2	2200                              	50422	0	9321255	0
0.5	1100	17517	0	372646	128	9321255	100	2	2200                              	50559	0	9321255	0
0.5	1100	18019	0	381275	128	9321255	100	2	2200                              	50559	0	9321255	0
0.5	1100	18160	0	383856	128	9321255	100	2	2200                              	50559	0	9321255	0
0.5	1100	17132	0	366075	128	9321255	100	2	2200                              	50427	0	9321255	0
0.5	1100	18157	0	383760	128	9321255	100	2	2200                              	48288	0	9321255	0
0.5	1100	17873	0	378862	128	9321255	100	2	2200                              	50559	0	9321255	0
0.5	1100	16791	0	360509	128	9321255	100	2	2200                              	50559	0	9321255	0
0.5	1100	17011	0	364110	128	9321255	100	2	2200                              	50422	0	9321255	0
0.5	1100	18260	0	385451	128	9321255	100	2	2200                              	50431	0	9321255	0
0.5	1100	18930	0	397111	128	9321255	100	2	2200                              	50421	0	9321255	0
0.5	1100	16988	0	363636	128	9321255	100	2	2200                              	50559	0	9321255	0
0.5	1100	18573	0	390961	128	9321255	100	2	2200                              	50294	0	9321255	0
0.5	1100	17553	0	373538	128	9321255	100	2	2200                              	50559	0	9321255	0
0.5	1100	17266	0	368463	128	9321255	100	2	2200                              	50433	0	9321255	0
0.5	1100	19221	0	402129	128	9321255	100	2	2200                              	48425	0	9321255	0
0.5	1100	17032	0	364541	128	9321255	100	2	2200                              	50559	0	9321255	0
0.5	1100	17215	0	367470	128	9321255	100	2	2200                              	50559	0	9321255	0
0.5	1100	17510	0	372507	128	9321255	100	2	2200                              	50559	0	9321255	0
0.5	1100	16843	0	361075	128	9321255	100	2	2200                              	50422	0	9321255	0
0.5	1100	17443	0	371646	128	9321255	100	2	2200                              	50432	0	9321255	0
0.5	1100	17340	0	369711	128	9321255	100	2	2200                              	48425	0	9321255	0
0.5	1100	17874	0	378882	128	9321255	100	2	2200                              	50431	0	9321255	0
0.5	1100	18014	0	381260	128	9321255	100	2	2200                              	50559	0	9321255	0
0.5	1100	17915	0	379651	128	9321255	100	2	2200                              	48297	0	9321255	0
0.5	1100	17562	0	373673	128	9321255	100	2	2200                              	50559	0	9321255	0
0.5	2100	13222	0	504281	128	9321255	100	2	4200                              	47228	0	9321255	0
0.5	2100	11218	0	438931	128	9321255	100	2	4200                              	49748	0	9321255	0
0.5	2100	11657	0	453154	128	9321255	100	2	4200                              	47760	0	9321255	0
0.5	2100	11435	0	445441	128	9321255	100	2	4200                              	48025	0	9321255	0
0.5	2100	11603	0	451680	128	9321255	100	2	4200                              	47631	0	9321255	0
0.5	2100	12169	0	470044	128	9321255	100	2	4200                              	49102	0	9321255	0
0.5	2100	11961	0	463070	128	9321255	100	2	4200                              	47748	0	9321255	0
0.5	2100	12276	0	473715	128	9321255	100	2	4200                              	49622	0	9321255	0
0.5	2100	12102	0	467912	128	9321255	100	2	4200                              	49352	0	9321255	0
0.5	2100	11845	0	459464	128	9321255	100	2	4200                              	47219	0	9321255	0
0.5	2100	12093	0	467560	128	9321255	100	2	4200                              	47473	0	9321255	0
0.5	2100	11208	0	438484	128	9321255	100	2	4200                              	47213	0	9321255	0
0.5	2100	12020	0	465280	128	9321255	100	2	4200                              	47230	0	9321255	0
0.5	2100	14306	0	540251	128	9321255	100	2	4200                              	47351	0	9321255	0
0.5	2100	11493	0	448163	128	9321255	100	2	4200                              	49040	0	9321255	0
0.5	2100	11994	0	464506	128	9321255	100	2	4200                              	49774	0	9321255	0
0.5	2100	12337	0	475364	128	9321255	100	2	4200                              	47740	0	9321255	0
0.5	2100	11912	0	461644	128	9321255	100	2	4200                              	47121	0	9321255	0
0.5	2100	11661	0	453244	128	9321255	100	2	4200                              	49900	0	9321255	0
0.5	2100	12977	0	496398	128	9321255	100	2	4200                              	47297	0	9321255	0
0.5	2100	12677	0	486795	128	9321255	100	2	4200                              	47329	0	9321255	0
0.5	2100	13742	0	521411	128	9321255	100	2	4200                              	49767	0	9321255	0
0.5	2100	12328	0	474674	128	9321255	100	2	4200                              	49578	0	9321255	0
0.5	2100	12649	0	485749	128	9321255	100	2	4200                              	49428	0	9321255	0
0.5	2100	12073	0	466494	128	9321255	100	2	4200                              	49876	0	9321255	0
0.5	2100	12585	0	483039	128	9321255	100	2	4200                              	49602	0	9321255	0
0.5	2100	11850	0	459610	128	9321255	100	2	4200                              	47594	0	9321255	0
0.5	2100	11836	0	458953	128	9321255	100	2	4200                              	47614	0	9321255	0
0.5	2100	13560	0	515796	128	9321255	100	2	4200                              	47189	0	9321255	0
0.5	2100	12637	0	485458	128	9321255	100	2	4200                              	49889	0	9321255	0
0.5	2100	12349	0	475753	128	9321255	100	2	4200                              	46677	0	9321255	0
0.5	2100	12669	0	486507	128	9321255	100	2	4200                              	47754	0	9321255	0
0.5	2100	12849	0	491960	128	9321255	100	2	4200                              	46963	0	9321255	0
0.5	2100	12865	0	492857	128	9321255	100	2	4200                              	49168	0	9321255	0
0.5	2100	12801	0	490964	128	9321255	100	2	4200                              	47312	0	9321255	0
0.5	2100	11382	0	444349	128	9321255	100	2	4200                              	49880	0	9321255	0
0.5	2100	11275	0	440782	128	9321255	100	2	4200                              	49696	0	9321255	0
0.5	2100	12200	0	470595	128	9321255	100	2	4200                              	49294	0	9321255	0
0.5	2100	12641	0	485599	128	9321255	100	2	4200                              	49618	0	9321255	0
0.5	2100	11243	0	439681	128	9321255	100	2	4200                              	47507	0	9321255	0
0.5	2100	12262	0	473218	128	9321255	100	2	4200                              	49487	0	9321255	0
0.5	2100	11911	0	461844	128	9321255	100	2	4200                              	47210	0	9321255	0
0.5	2100	11970	0	463639	128	9321255	100	2	4200                              	47457	0	9321255	0
0.5	2100	12406	0	477840	128	9321255	100	2	4200                              	49501	0	9321255	0
0.5	2100	11271	0	440725	128	9321255	100	2	4200                              	49042	0	9321255	0
0.5	2100	12580	0	483157	128	9321255	100	2	4200                              	49369	0	9321255	0
0.5	2100	11906	0	461448	128	9321255	100	2	4200                              	49623	0	9321255	0
0.5	2100	12223	0	471862	128	9321255	100	2	4200                              	47763	0	9321255	0
0.5	2100	11581	0	450643	128	9321255	100	2	4200                              	47173	0	9321255	0
0.5	2100	12206	0	470903	128	9321255	100	2	4200                              	47759	0	9321255	0
0.5	2100	13498	0	513358	128	9321255	100	2	4200                              	46998	0	9321255	0
0.5	2100	11792	0	457560	128	9321255	100	2	4200                              	49748	0	9321255	0
0.5	2100	12586	0	483345	128	9321255	100	2	4200                              	47349	0	9321255	0
0.5	2100	11897	0	461245	128	9321255	100	2	4200                              	46691	0	9321255	0
0.5	2100	11563	0	449681	128	9321255	100	2	4200                              	47490	0	9321255	0
0.5	2100	11785	0	457582	128	9321255	100	2	4200                              	49484	0	9321255	0
0.5	2100	12587	0	483284	128	9321255	100	2	4200                              	47033	0	9321255	0
0.5	2100	12880	0	493450	128	9321255	100	2	4200                              	49885	0	9321255	0
0.5	2100	13064	0	499440	128	9321255	100	2	4200                              	47368	0	9321255	0
0.5	2100	12253	0	472975	128	9321255	100	2	4200                              	46930	0	9321255	0
0.5	2100	12386	0	477245	128	9321255	100	2	4200                              	47217	0	9321255	0
0.5	2100	11146	0	436611	128	9321255	100	2	4200                              	50162	0	9321255	0
0.5	2100	11696	0	454341	128	9321255	100	2	4200                              	47623	0	9321255	0
0.5	2100	12339	0	475580	128	9321255	100	2	4200                              	47515	0	9321255	0
0.5	2100	12204	0	470986	128	9321255	100	2	4200                              	46960	0	9321255	0
0.5	2100	12299	0	474442	128	9321255	100	2	4200                              	49901	0	9321255	0
0.5	2100	11390	0	444583	128	9321255	100	2	4200                              	50029	0	9321255	0
0.5	2100	10804	0	425137	128	9321255	100	2	4200                              	49879	0	9321255	0
0.5	2100	12240	0	472310	128	9321255	100	2	4200                              	49056	0	9321255	0
0.5	2100	11773	0	457023	128	9321255	100	2	4200                              	47333	0	9321255	0
0.5	2100	11663	0	453538	128	9321255	100	2	4200                              	49184	0	9321255	0
0.5	2100	11317	0	441760	128	9321255	100	2	4200                              	49452	0	9321255	0
0.5	2100	11879	0	460633	128	9321255	100	2	4200                              	49779	0	9321255	0
0.5	2100	11518	0	448707	128	9321255	100	2	4200                              	49368	0	9321255	0
0.5	2100	11956	0	462837	128	9321255	100	2	4200                              	49207	0	9321255	0
0.5	2100	12748	0	489024	128	9321255	100	2	4200                              	46664	0	9321255	0
0.5	2100	11781	0	457343	128	9321255	100	2	4200                              	47465	0	9321255	0
0.5	2100	13056	0	499128	128	9321255	100	2	4200                              	47466	0	9321255	0
0.5	2100	11229	0	439430	128	9321255	100	2	4200                              	47356	0	9321255	0
0.5	2100	12276	0	473543	128	9321255	100	2	4200                              	47344	0	9321255	0
0.5	2100	12336	0	475159	128	9321255	100	2	4200                              	47746	0	9321255	0
0.5	2100	12117	0	468484	128	9321255	100	2	4200                              	47606	0	9321255	0
0.5	2100	13065	0	499563	128	9321255	100	2	4200                              	46734	0	9321255	0
0.5	2100	12467	0	479699	128	9321255	100	2	4200                              	47883	0	9321255	0
0.5	2100	12228	0	471862	128	9321255	100	2	4200                              	46929	0	9321255	0
0.5	2100	11691	0	453850	128	9321255	100	2	4200                              	49880	0	9321255	0
0.5	2100	12528	0	481961	128	9321255	100	2	4200                              	49473	0	9321255	0
0.5	2100	12006	0	464831	128	9321255	100	2	4200                              	47357	0	9321255	0
0.5	2100	11059	0	433425	128	9321255	100	2	4200                              	47478	0	9321255	0
0.5	2100	11733	0	456005	128	9321255	100	2	4200                              	47471	0	9321255	0
0.5	2100	12129	0	468749	128	9321255	100	2	4200                              	47371	0	9321255	0
0.5	2100	11718	0	455197	128	9321255	100	2	4200                              	49493	0	9321255	0
0.5	2100	12046	0	466185	128	9321255	100	2	4200                              	47889	0	9321255	0
0.5	2100	11361	0	443674	128	9321255	100	2	4200                              	49867	0	9321255	0
0.5	2100	11858	0	459914	128	9321255	100	2	4200                              	49888	0	9321255	0
0.5	2100	11354	0	443374	128	9321255	100	2	4200                              	47888	0	9321255	0
0.5	2100	12850	0	492113	128	9321255	100	2	4200                              	49355	0	9321255	0
0.5	2100	12402	0	477862	128	9321255	100	2	4200                              	49477	0	9321255	0
0.5	2100	11980	0	463827	128	9321255	100	2	4200                              	47295	0	9321255	0
0.5	2100	12157	0	469770	128	9321255	100	2	4200                              	47312	0	9321255	0
0.5	3100	9652	0	537139	128	9321255	100	2	6200                              	46683	0	9321255	0
0.5	3100	9745	0	541358	128	9321255	100	2	6200                              	45213	0	9321255	0
0.5	3100	9252	0	517691	128	9321255	100	2	6200                              	49203	0	9321255	0
0.5	3100	9395	0	525141	128	9321255	100	2	6200                              	47992	0	9321255	0
0.5	3100	9489	0	529095	128	9321255	100	2	6200                              	45662	0	9321255	0
0.5	3100	9390	0	524247	128	9321255	100	2	6200                              	45339	0	9321255	0
0.5	3100	9603	0	534557	128	9321255	100	2	6200                              	47719	0	9321255	0
0.5	3100	10645	0	584844	128	9321255	100	2	6200                              	44929	0	9321255	0
0.5	3100	9237	0	516594	128	9321255	100	2	6200                              	45796	0	9321255	0
0.5	3100	10038	0	555976	128	9321255	100	2	6200                              	46102	0	9321255	0
0.5	3100	9988	0	553266	128	9321255	100	2	6200                              	46979	0	9321255	0
0.5	3100	11012	0	602772	128	9321255	100	2	6200                              	45796	0	9321255	0
0.5	3100	10428	0	575130	128	9321255	100	2	6200                              	45476	0	9321255	0
0.5	3100	9896	0	548764	128	9321255	100	2	6200                              	45318	0	9321255	0
0.5	3100	9783	0	543628	128	9321255	100	2	6200                              	45878	0	9321255	0
0.5	3100	9188	0	514604	128	9321255	100	2	6200                              	45944	0	9321255	0
0.5	3100	9622	0	535382	128	9321255	100	2	6200                              	45852	0	9321255	0
0.5	3100	9102	0	510582	128	9321255	100	2	6200                              	46506	0	9321255	0
0.5	3100	10016	0	554564	128	9321255	100	2	6200                              	45716	0	9321255	0
0.5	3100	9402	0	525019	128	9321255	100	2	6200                              	45851	0	9321255	0
0.5	3100	10029	0	555599	128	9321255	100	2	6200                              	45833	0	9321255	0
0.5	3100	10131	0	559966	128	9321255	100	2	6200                              	45628	0	9321255	0
0.5	3100	9248	0	517324	128	9321255	100	2	6200                              	46032	0	9321255	0
0.5	3100	9650	0	536828	128	9321255	100	2	6200                              	46322	0	9321255	0
0.5	3100	9337	0	521568	128	9321255	100	2	6200                              	45782	0	9321255	0
0.5	3100	9262	0	518286	128	9321255	100	2	6200                              	48336	0	9321255	0
0.5	3100	10018	0	554524	128	9321255	100	2	6200                              	45707	0	9321255	0
0.5	3100	9591	0	534193	128	9321255	100	2	6200                              	46240	0	9321255	0
0.5	3100	10160	0	561557	128	9321255	100	2	6200                              	46346	0	9321255	0
0.5	3100	11440	0	623696	128	9321255	100	2	6200                              	45495	0	9321255	0
0.5	3100	10004	0	553844	128	9321255	100	2	6200                              	45305	0	9321255	0
0.5	3100	9553	0	533077	128	9321255	100	2	6200                              	46181	0	9321255	0
0.5	3100	10022	0	554987	128	9321255	100	2	6200                              	45738	0	9321255	0
0.5	3100	9516	0	530507	128	9321255	100	2	6200                              	46637	0	9321255	0
0.5	3100	9256	0	517721	128	9321255	100	2	6200                              	48754	0	9321255	0
0.5	3100	10048	0	556967	128	9321255	100	2	6200                              	45553	0	9321255	0
0.5	3100	9275	0	519181	128	9321255	100	2	6200                              	45662	0	9321255	0
0.5	3100	9489	0	529044	128	9321255	100	2	6200                              	47967	0	9321255	0
0.5	3100	9636	0	536586	128	9321255	100	2	6200                              	45667	0	9321255	0
0.5	3100	9421	0	526741	128	9321255	100	2	6200                              	46426	0	9321255	0
0.5	3100	10737	0	589539	128	9321255	100	2	6200                              	46054	0	9321255	0
0.5	3100	9347	0	522174	128	9321255	100	2	6200                              	43987	0	9321255	0
0.5	3100	10685	0	588033	128	9321255	100	2	6200                              	45823	0	9321255	0
0.5	3100	10143	0	560724	128	9321255	100	2	6200                              	48209	0	9321255	0
0.5	3100	10009	0	553766	128	9321255	100	2	6200                              	46015	0	9321255	0
0.5	3100	10303	0	569123	128	9321255	100	2	6200                              	45675	0	9321255	0
0.5	3100	9395	0	524989	128	9321255	100	2	6200                              	46491	0	9321255	0
0.5	3100	10442	0	576292	128	9321255	100	2	6200                              	45573	0	9321255	0
0.5	3100	9637	0	536001	128	9321255	100	2	6200                              	45233	0	9321255	0
0.5	3100	9783	0	543641	128	9321255	100	2	6200                              	45809	0	9321255	0
0.5	3100	10029	0	555309	128	9321255	100	2	6200                              	45512	0	9321255	0
0.5	3100	10231	0	565196	128	9321255	100	2	6200                              	45755	0	9321255	0
0.5	3100	9492	0	528966	128	9321255	100	2	6200                              	46347	0	9321255	0
0.5	3100	10748	0	590248	128	9321255	100	2	6200                              	45530	0	9321255	0
0.5	3100	9194	0	514958	128	9321255	100	2	6200                              	45525	0	9321255	0
0.5	3100	9014	0	506073	128	9321255	100	2	6200                              	46119	0	9321255	0
0.5	3100	9127	0	511671	128	9321255	100	2	6200                              	45623	0	9321255	0
0.5	3100	9200	0	515136	128	9321255	100	2	6200                              	46474	0	9321255	0
0.5	3100	10191	0	564109	128	9321255	100	2	6200                              	46177	0	9321255	0
0.5	3100	8979	0	504442	128	9321255	100	2	6200                              	46463	0	9321255	0
0.5	3100	9667	0	538884	128	9321255	100	2	6200                              	45459	0	9321255	0
0.5	3100	9893	0	548844	128	9321255	100	2	6200                              	45483	0	9321255	0
0.5	3100	9384	0	523948	128	9321255	100	2	6200                              	47899	0	9321255	0
0.5	3100	9413	0	526290	128	9321255	100	2	6200                              	47439	0	9321255	0
0.5	3100	9498	0	529693	128	9321255	100	2	6200                              	46805	0	9321255	0
0.5	3100	9536	0	532012	128	9321255	100	2	6200                              	46031	0	9321255	0
0.5	3100	9121	0	511083	128	9321255	100	2	6200                              	46395	0	9321255	0
0.5	3100	9890	0	548430	128	9321255	100	2	6200                              	44424	0	9321255	0
0.5	3100	10909	0	597775	128	9321255	100	2	6200                              	44030	0	9321255	0
0.5	3100	9547	0	532961	128	9321255	100	2	6200                              	45983	0	9321255	0
0.5	3100	9666	0	538226	128	9321255	100	2	6200                              	45677	0	9321255	0
0.5	3100	10606	0	582884	128	9321255	100	2	6200                              	45434	0	9321255	0
0.5	3100	10544	0	580545	128	9321255	100	2	6200                              	48629	0	9321255	0
0.5	3100	9513	0	530637	128	9321255	100	2	6200                              	45955	0	9321255	0
0.5	3100	10301	0	569050	128	9321255	100	2	6200                              	44310	0	9321255	0
0.5	3100	9122	0	511124	128	9321255	100	2	6200                              	46441	0	9321255	0
0.5	3100	9294	0	520190	128	9321255	100	2	6200                              	48344	0	9321255	0
0.5	3100	9783	0	543251	128	9321255	100	2	6200                              	46419	0	9321255	0
0.5	3100	10774	0	591182	128	9321255	100	2	6200                              	45991	0	9321255	0
0.5	3100	10136	0	560120	128	9321255	100	2	6200                              	45730	0	9321255	0
0.5	3100	9879	0	547566	128	9321255	100	2	6200                              	45777	0	9321255	0
0.5	3100	9536	0	532259	128	9321255	100	2	6200                              	45979	0	9321255	0
0.5	3100	10039	0	556631	128	9321255	100	2	6200                              	45791	0	9321255	0
0.5	3100	9904	0	549445	128	9321255	100	2	6200                              	47089	0	9321255	0
0.5	3100	9216	0	515718	128	9321255	100	2	6200                              	48480	0	9321255	0
0.5	3100	10055	0	557418	128	9321255	100	2	6200                              	46600	0	9321255	0
0.5	3100	9871	0	547489	128	9321255	100	2	6200                              	45254	0	9321255	0
0.5	3100	9197	0	515169	128	9321255	100	2	6200                              	45630	0	9321255	0
0.5	3100	10153	0	561177	128	9321255	100	2	6200                              	45885	0	9321255	0
0.5	3100	9774	0	543008	128	9321255	100	2	6200                              	46179	0	9321255	0
0.5	3100	9884	0	548101	128	9321255	100	2	6200                              	46258	0	9321255	0
0.5	3100	9805	0	545278	128	9321255	100	2	6200                              	45897	0	9321255	0
0.5	3100	10436	0	575794	128	9321255	100	2	6200                              	45196	0	9321255	0
0.5	3100	10420	0	574190	128	9321255	100	2	6200                              	46040	0	9321255	0
0.5	3100	9754	0	541501	128	9321255	100	2	6200                              	45830	0	9321255	0
0.5	3100	10406	0	573635	128	9321255	100	2	6200                              	45902	0	9321255	0
0.5	3100	9525	0	531246	128	9321255	100	2	6200                              	45693	0	9321255	0
0.5	3100	10040	0	556882	128	9321255	100	2	6200                              	45629	0	9321255	0
0.5	3100	10554	0	581277	128	9321255	100	2	6200                              	48160	0	9321255	0
0.5	3100	9586	0	533959	128	9321255	100	2	6200                              	46509	0	9321255	0
0.5	4100	8944	0	641233	128	9321255	100	2	8200                              	42970	0	9321255	0
0.5	4100	8722	0	627154	128	9321255	100	2	8200                              	44464	0	9321255	0
0.5	4100	9505	0	678451	128	9321255	100	2	8200                              	44557	0	9321255	0
0.5	4100	7971	0	579564	128	9321255	100	2	8200                              	45821	0	9321255	0
0.5	4100	8471	0	610850	128	9321255	100	2	8200                              	44753	0	9321255	0
0.5	4100	9658	0	688364	128	9321255	100	2	8200                              	43037	0	9321255	0
0.5	4100	8312	0	601097	128	9321255	100	2	8200                              	43764	0	9321255	0
0.5	4100	9276	0	663619	128	9321255	100	2	8200                              	44342	0	9321255	0
0.5	4100	8483	0	611681	128	9321255	100	2	8200                              	43900	0	9321255	0
0.5	4100	8242	0	597293	128	9321255	100	2	8200                              	44394	0	9321255	0
0.5	4100	8870	0	637267	128	9321255	100	2	8200                              	44168	0	9321255	0
0.5	4100	9070	0	649348	128	9321255	100	2	8200                              	44774	0	9321255	0
0.5	4100	8706	0	626244	128	9321255	100	2	8200                              	43259	0	9321255	0
0.5	4100	8873	0	637451	128	9321255	100	2	8200                              	44211	0	9321255	0
0.5	4100	9383	0	669235	128	9321255	100	2	8200                              	44549	0	9321255	0
0.5	4100	8415	0	606968	128	9321255	100	2	8200                              	44624	0	9321255	0
0.5	4100	8874	0	637216	128	9321255	100	2	8200                              	43042	0	9321255	0
0.5	4100	8482	0	612467	128	9321255	100	2	8200                              	43753	0	9321255	0
0.5	4100	9008	0	646696	128	9321255	100	2	8200                              	43754	0	9321255	0
0.5	4100	8814	0	632864	128	9321255	100	2	8200                              	44360	0	9321255	0
0.5	4100	8822	0	633499	128	9321255	100	2	8200                              	43364	0	9321255	0
0.5	4100	8676	0	623206	128	9321255	100	2	8200                              	44597	0	9321255	0
0.5	4100	7981	0	580293	128	9321255	100	2	8200                              	44537	0	9321255	0
0.5	4100	8086	0	586366	128	9321255	100	2	8200                              	44535	0	9321255	0
0.5	4100	8106	0	588251	128	9321255	100	2	8200                              	44577	0	9321255	0
0.5	4100	9371	0	668464	128	9321255	100	2	8200                              	43605	0	9321255	0
0.5	4100	9125	0	653515	128	9321255	100	2	8200                              	43305	0	9321255	0
0.5	4100	8487	0	613090	128	9321255	100	2	8200                              	44022	0	9321255	0
0.5	4100	9021	0	647628	128	9321255	100	2	8200                              	45001	0	9321255	0
0.5	4100	8244	0	597853	128	9321255	100	2	8200                              	43743	0	9321255	0
0.5	4100	8606	0	619666	128	9321255	100	2	8200                              	44540	0	9321255	0
0.5	4100	8816	0	633429	128	9321255	100	2	8200                              	44225	0	9321255	0
0.5	4100	8726	0	627334	128	9321255	100	2	8200                              	45264	0	9321255	0
0.5	4100	8185	0	592951	128	9321255	100	2	8200                              	44384	0	9321255	0
0.5	4100	7992	0	581640	128	9321255	100	2	8200                              	42675	0	9321255	0
0.5	4100	9211	0	658694	128	9321255	100	2	8200                              	43224	0	9321255	0
0.5	4100	8737	0	628569	128	9321255	100	2	8200                              	44683	0	9321255	0
0.5	4100	8486	0	612862	128	9321255	100	2	8200                              	44769	0	9321255	0
0.5	4100	8966	0	643154	128	9321255	100	2	8200                              	44771	0	9321255	0
0.5	4100	8740	0	628081	128	9321255	100	2	8200                              	45202	0	9321255	0
0.5	4100	8228	0	596632	128	9321255	100	2	8200                              	44283	0	9321255	0
0.5	4100	8361	0	604317	128	9321255	100	2	8200                              	44677	0	9321255	0
0.5	4100	8376	0	606561	128	9321255	100	2	8200                              	46395	0	9321255	0
0.5	4100	8673	0	623383	128	9321255	100	2	8200                              	44004	0	9321255	0
0.5	4100	8867	0	637048	128	9321255	100	2	8200                              	44424	0	9321255	0
0.5	4100	8503	0	614495	128	9321255	100	2	8200                              	44283	0	9321255	0
0.5	4100	7914	0	574798	128	9321255	100	2	8200                              	44784	0	9321255	0
0.5	4100	9111	0	652681	128	9321255	100	2	8200                              	44551	0	9321255	0
0.5	4100	9069	0	649049	128	9321255	100	2	8200                              	44281	0	9321255	0
0.5	4100	8199	0	594030	128	9321255	100	2	8200                              	44500	0	9321255	0
0.5	4100	8461	0	610389	128	9321255	100	2	8200                              	43316	0	9321255	0
0.5	4100	9710	0	690541	128	9321255	100	2	8200                              	42095	0	9321255	0
0.5	4100	8563	0	617165	128	9321255	100	2	8200                              	44010	0	9321255	0
0.5	4100	8097	0	587079	128	9321255	100	2	8200                              	44775	0	9321255	0
0.5	4100	8737	0	627773	128	9321255	100	2	8200                              	45528	0	9321255	0
0.5	4100	8806	0	632024	128	9321255	100	2	8200                              	44528	0	9321255	0
0.5	4100	10396	0	734109	128	9321255	100	2	8200                              	43669	0	9321255	0
0.5	4100	8363	0	604632	128	9321255	100	2	8200                              	43565	0	9321255	0
0.5	4100	8232	0	596451	128	9321255	100	2	8200                              	45536	0	9321255	0
0.5	4100	8250	0	598339	128	9321255	100	2	8200                              	44406	0	9321255	0
0.5	4100	8628	0	622469	128	9321255	100	2	8200                              	41712	0	9321255	0
0.5	4100	8692	0	625251	128	9321255	100	2	8200                              	44688	0	9321255	0
0.5	4100	8359	0	604496	128	9321255	100	2	8200                              	43457	0	9321255	0
0.5	4100	8716	0	626957	128	9321255	100	2	8200                              	43740	0	9321255	0
0.5	4100	8097	0	587049	128	9321255	100	2	8200                              	44691	0	9321255	0
0.5	4100	9202	0	657888	128	9321255	100	2	8200                              	43783	0	9321255	0
0.5	4100	9057	0	647920	128	9321255	100	2	8200                              	44419	0	9321255	0
0.5	4100	8106	0	588529	128	9321255	100	2	8200                              	44050	0	9321255	0
0.5	4100	9066	0	648575	128	9321255	100	2	8200                              	44107	0	9321255	0
0.5	4100	8479	0	611625	128	9321255	100	2	8200                              	45399	0	9321255	0
0.5	4100	9459	0	674068	128	9321255	100	2	8200                              	43007	0	9321255	0
0.5	4100	10482	0	739101	128	9321255	100	2	8200                              	42538	0	9321255	0
0.5	4100	7970	0	578924	128	9321255	100	2	8200                              	45218	0	9321255	0
0.5	4100	8750	0	630874	128	9321255	100	2	8200                              	44367	0	9321255	0
0.5	4100	8734	0	628291	128	9321255	100	2	8200                              	43793	0	9321255	0
0.5	4100	7834	0	570222	128	9321255	100	2	8200                              	44684	0	9321255	0
0.5	4100	8955	0	642806	128	9321255	100	2	8200                              	44446	0	9321255	0
0.5	4100	9751	0	692861	128	9321255	100	2	8200                              	40920	0	9321255	0
0.5	4100	8992	0	644524	128	9321255	100	2	8200                              	43917	0	9321255	0
0.5	4100	8216	0	594813	128	9321255	100	2	8200                              	44011	0	9321255	0
0.5	4100	7968	0	578799	128	9321255	100	2	8200                              	45487	0	9321255	0
0.5	4100	8379	0	606426	128	9321255	100	2	8200                              	44107	0	9321255	0
0.5	4100	8222	0	595003	128	9321255	100	2	8200                              	44053	0	9321255	0
0.5	4100	9127	0	654049	128	9321255	100	2	8200                              	43184	0	9321255	0
0.5	4100	8561	0	616614	128	9321255	100	2	8200                              	44381	0	9321255	0
0.5	4100	8040	0	583284	128	9321255	100	2	8200                              	45090	0	9321255	0
0.5	4100	8309	0	600396	128	9321255	100	2	8200                              	44764	0	9321255	0
0.5	4100	9062	0	648492	128	9321255	100	2	8200                              	44182	0	9321255	0
0.5	4100	8487	0	612493	128	9321255	100	2	8200                              	42937	0	9321255	0
0.5	4100	9009	0	647083	128	9321255	100	2	8200                              	43433	0	9321255	0
0.5	4100	8490	0	612860	128	9321255	100	2	8200                              	44406	0	9321255	0
0.5	4100	8606	0	619684	128	9321255	100	2	8200                              	45177	0	9321255	0
0.5	4100	8570	0	617639	128	9321255	100	2	8200                              	43696	0	9321255	0
0.5	4100	9875	0	700886	128	9321255	100	2	8200                              	44956	0	9321255	0
0.5	4100	8289	0	598861	128	9321255	100	2	8200                              	44625	0	9321255	0
0.5	4100	9020	0	647323	128	9321255	100	2	8200                              	44817	0	9321255	0
0.5	4100	8729	0	627444	128	9321255	100	2	8200                              	43672	0	9321255	0
0.5	4100	8691	0	624534	128	9321255	100	2	8200                              	41138	0	9321255	0
0.5	4100	9513	0	678514	128	9321255	100	2	8200                              	44040	0	9321255	0
0.5	4100	8559	0	616088	128	9321255	100	2	8200                              	42682	0	9321255	0
0.5	5100	7366	0	653681	128	9321255	100	2	10200                              	41989	0	9321255	0
0.5	5100	7912	0	697498	128	9321255	100	2	10200                              	43199	0	9321255	0
0.5	5100	7757	0	684661	128	9321255	100	2	10200                              	39741	0	9321255	0
0.5	5100	8257	0	724364	128	9321255	100	2	10200                              	42812	0	9321255	0
0.5	5100	8529	0	746430	128	9321255	100	2	10200                              	42717	0	9321255	0
0.5	5100	7113	0	633492	128	9321255	100	2	10200                              	42118	0	9321255	0
0.5	5100	9104	0	794796	128	9321255	100	2	10200                              	42064	0	9321255	0
0.5	5100	7753	0	683499	128	9321255	100	2	10200                              	41249	0	9321255	0
0.5	5100	7912	0	697097	128	9321255	100	2	10200                              	43164	0	9321255	0
0.5	5100	8857	0	774913	128	9321255	100	2	10200                              	42147	0	9321255	0
0.5	5100	7557	0	671244	128	9321255	100	2	10200                              	43022	0	9321255	0
0.5	5100	6905	0	617987	128	9321255	100	2	10200                              	43644	0	9321255	0
0.5	5100	7901	0	696240	128	9321255	100	2	10200                              	41658	0	9321255	0
0.5	5100	8479	0	744455	128	9321255	100	2	10200                              	41707	0	9321255	0
0.5	5100	7406	0	657469	128	9321255	100	2	10200                              	40873	0	9321255	0
0.5	5100	7559	0	671165	128	9321255	100	2	10200                              	42233	0	9321255	0
0.5	5100	7808	0	691212	128	9321255	100	2	10200                              	42116	0	9321255	0
0.5	5100	8002	0	704044	128	9321255	100	2	10200                              	41549	0	9321255	0
0.5	5100	8446	0	741440	128	9321255	100	2	10200                              	42517	0	9321255	0
0.5	5100	8526	0	745724	128	9321255	100	2	10200                              	40363	0	9321255	0
0.5	5100	8580	0	752691	128	9321255	100	2	10200                              	42470	0	9321255	0
0.5	5100	7419	0	659467	128	9321255	100	2	10200                              	43085	0	9321255	0
0.5	5100	7138	0	635207	128	9321255	100	2	10200                              	42534	0	9321255	0
0.5	5100	8149	0	716051	128	9321255	100	2	10200                              	42211	0	9321255	0
0.5	5100	8152	0	716136	128	9321255	100	2	10200                              	43071	0	9321255	0
0.5	5100	8266	0	725198	128	9321255	100	2	10200                              	42076	0	9321255	0
0.5	5100	7754	0	684787	128	9321255	100	2	10200                              	39922	0	9321255	0
0.5	5100	7554	0	671361	128	9321255	100	2	10200                              	43720	0	9321255	0
0.5	5100	7419	0	659346	128	9321255	100	2	10200                              	43511	0	9321255	0
0.5	5100	7246	0	643786	128	9321255	100	2	10200                              	42626	0	9321255	0
0.5	5100	8395	0	735272	128	9321255	100	2	10200                              	42907	0	9321255	0
0.5	5100	7666	0	678700	128	9321255	100	2	10200                              	41968	0	9321255	0
0.5	5100	7780	0	686417	128	9321255	100	2	10200                              	42794	0	9321255	0
0.5	5100	7763	0	684868	128	9321255	100	2	10200                              	42064	0	9321255	0
0.5	5100	7781	0	686985	128	9321255	100	2	10200                              	42264	0	9321255	0
0.5	5100	7272	0	645878	128	9321255	100	2	10200                              	42502	0	9321255	0
0.5	5100	7999	0	703868	128	9321255	100	2	10200                              	43291	0	9321255	0
0.5	5100	7491	0	663382	128	9321255	100	2	10200                              	42537	0	9321255	0
0.5	5100	7506	0	665062	128	9321255	100	2	10200                              	42875	0	9321255	0
0.5	5100	7234	0	642845	128	9321255	100	2	10200                              	41810	0	9321255	0
0.5	5100	7780	0	686744	128	9321255	100	2	10200                              	42547	0	9321255	0
0.5	5100	8140	0	714924	128	9321255	100	2	10200                              	43295	0	9321255	0
0.5	5100	7445	0	662453	128	9321255	100	2	10200                              	41638	0	9321255	0
0.5	5100	8038	0	707431	128	9321255	100	2	10200                              	39153	0	9321255	0
0.5	5100	8179	0	719759	128	9321255	100	2	10200                              	42984	0	9321255	0
0.5	5100	8008	0	704724	128	9321255	100	2	10200                              	43259	0	9321255	0
0.5	5100	8062	0	710977	128	9321255	100	2	10200                              	42351	0	9321255	0
0.5	5100	8040	0	707677	128	9321255	100	2	10200                              	42227	0	9321255	0
0.5	5100	7401	0	656522	128	9321255	100	2	10200                              	42621	0	9321255	0
0.5	5100	7552	0	670340	128	9321255	100	2	10200                              	43326	0	9321255	0
0.5	5100	7619	0	673582	128	9321255	100	2	10200                              	41186	0	9321255	0
0.5	5100	8260	0	724578	128	9321255	100	2	10200                              	42210	0	9321255	0
0.5	5100	8901	0	775511	128	9321255	100	2	10200                              	38546	0	9321255	0
0.5	5100	8132	0	714379	128	9321255	100	2	10200                              	41412	0	9321255	0
0.5	5100	7512	0	665185	128	9321255	100	2	10200                              	41604	0	9321255	0
0.5	5100	7641	0	675665	128	9321255	100	2	10200                              	42294	0	9321255	0
0.5	5100	7182	0	641458	128	9321255	100	2	10200                              	42690	0	9321255	0
0.5	5100	7895	0	695736	128	9321255	100	2	10200                              	42508	0	9321255	0
0.5	5100	7946	0	702418	128	9321255	100	2	10200                              	42353	0	9321255	0
0.5	5100	7126	0	634280	128	9321255	100	2	10200                              	41857	0	9321255	0
0.5	5100	7272	0	646397	128	9321255	100	2	10200                              	42856	0	9321255	0
0.5	5100	7637	0	675262	128	9321255	100	2	10200                              	41362	0	9321255	0
0.5	5100	8220	0	724017	128	9321255	100	2	10200                              	40365	0	9321255	0
0.5	5100	7389	0	655373	128	9321255	100	2	10200                              	43405	0	9321255	0
0.5	5100	7873	0	693844	128	9321255	100	2	10200                              	43018	0	9321255	0
0.5	5100	7761	0	684858	128	9321255	100	2	10200                              	39461	0	9321255	0
0.5	5100	7162	0	638670	128	9321255	100	2	10200                              	43094	0	9321255	0
0.5	5100	7381	0	654862	128	9321255	100	2	10200                              	42787	0	9321255	0
0.5	5100	7940	0	701971	128	9321255	100	2	10200                              	41696	0	9321255	0
0.5	5100	7407	0	657665	128	9321255	100	2	10200                              	42424	0	9321255	0
0.5	5100	7921	0	699393	128	9321255	100	2	10200                              	42585	0	9321255	0
0.5	5100	7364	0	653182	128	9321255	100	2	10200                              	42100	0	9321255	0
0.5	5100	8039	0	706871	128	9321255	100	2	10200                              	42512	0	9321255	0
0.5	5100	8148	0	716051	128	9321255	100	2	10200                              	40326	0	9321255	0
0.5	5100	7241	0	643598	128	9321255	100	2	10200                              	41671	0	9321255	0
0.5	5100	8045	0	708476	128	9321255	100	2	10200                              	40897	0	9321255	0
0.5	5100	8040	0	707431	128	9321255	100	2	10200                              	42265	0	9321255	0
0.5	5100	8139	0	714791	128	9321255	100	2	10200                              	41792	0	9321255	0
0.5	5100	7437	0	662130	128	9321255	100	2	10200                              	43596	0	9321255	0
0.5	5100	7382	0	654851	128	9321255	100	2	10200                              	41901	0	9321255	0
0.5	5100	8342	0	734030	128	9321255	100	2	10200                              	43387	0	9321255	0
0.5	5100	7766	0	685512	128	9321255	100	2	10200                              	41787	0	9321255	0
0.5	5100	7393	0	655910	128	9321255	100	2	10200                              	42307	0	9321255	0
0.5	5100	7538	0	668354	128	9321255	100	2	10200                              	41841	0	9321255	0
0.5	5100	7453	0	662818	128	9321255	100	2	10200                              	43380	0	9321255	0
0.5	5100	8781	0	766263	128	9321255	100	2	10200                              	42735	0	9321255	0
0.5	5100	8393	0	734945	128	9321255	100	2	10200                              	41685	0	9321255	0
0.5	5100	8695	0	761084	128	9321255	100	2	10200                              	41177	0	9321255	0
0.5	5100	7751	0	683782	128	9321255	100	2	10200                              	42098	0	9321255	0
0.5	5100	8214	0	723780	128	9321255	100	2	10200                              	39592	0	9321255	0
0.5	5100	6894	0	617228	128	9321255	100	2	10200                              	43958	0	9321255	0
0.5	5100	7291	0	649241	128	9321255	100	2	10200                              	43124	0	9321255	0
0.5	5100	7764	0	685451	128	9321255	100	2	10200                              	42658	0	9321255	0
0.5	5100	7356	0	652878	128	9321255	100	2	10200                              	39549	0	9321255	0
0.5	5100	7637	0	675143	128	9321255	100	2	10200                              	43352	0	9321255	0
0.5	5100	7666	0	678480	128	9321255	100	2	10200                              	43014	0	9321255	0
0.5	5100	7658	0	676706	128	9321255	100	2	10200                              	42244	0	9321255	0
0.5	5100	8549	0	748166	128	9321255	100	2	10200                              	41862	0	9321255	0
0.5	5100	7366	0	653182	128	9321255	100	2	10200                              	42766	0	9321255	0
0.5	5100	7769	0	685584	128	9321255	100	2	10200                              	43180	0	9321255	0
0.5	6100	7836	0	814375	128	9321255	100	2	12200                              	41057	0	9321255	0
0.5	6100	6659	0	701602	128	9321255	100	2	12200                              	42022	0	9321255	0
0.5	6100	7066	0	740582	128	9321255	100	2	12200                              	39159	0	9321255	0
0.5	6100	7423	0	773798	128	9321255	100	2	12200                              	35238	0	9321255	0
0.5	6100	7213	0	755714	128	9321255	100	2	12200                              	40777	0	9321255	0
0.5	6100	7335	0	766651	128	9321255	100	2	12200                              	38088	0	9321255	0
0.5	6100	7254	0	756572	128	9321255	100	2	12200                              	39502	0	9321255	0
0.5	6100	8565	0	882193	128	9321255	100	2	12200                              	40482	0	9321255	0
0.5	6100	6749	0	708660	128	9321255	100	2	12200                              	41265	0	9321255	0
0.5	6100	7414	0	772589	128	9321255	100	2	12200                              	41269	0	9321255	0
0.5	6100	7413	0	772025	128	9321255	100	2	12200                              	38131	0	9321255	0
0.5	6100	7460	0	778746	128	9321255	100	2	12200                              	40437	0	9321255	0
0.5	6100	6428	0	680007	128	9321255	100	2	12200                              	42179	0	9321255	0
0.5	6100	7015	0	734818	128	9321255	100	2	12200                              	42147	0	9321255	0
0.5	6100	7677	0	797653	128	9321255	100	2	12200                              	40198	0	9321255	0
0.5	6100	7441	0	776757	128	9321255	100	2	12200                              	40450	0	9321255	0
0.5	6100	7654	0	794766	128	9321255	100	2	12200                              	40780	0	9321255	0
0.5	6100	7029	0	735827	128	9321255	100	2	12200                              	39283	0	9321255	0
0.5	6100	7149	0	747188	128	9321255	100	2	12200                              	41619	0	9321255	0
0.5	6100	6802	0	715613	128	9321255	100	2	12200                              	41395	0	9321255	0
0.5	6100	7296	0	761757	128	9321255	100	2	12200                              	38626	0	9321255	0
0.5	6100	7425	0	774754	128	9321255	100	2	12200                              	37579	0	9321255	0
0.5	6100	7405	0	771918	128	9321255	100	2	12200                              	40469	0	9321255	0
0.5	6100	6784	0	713148	128	9321255	100	2	12200                              	41149	0	9321255	0
0.5	6100	7192	0	753011	128	9321255	100	2	12200                              	38926	0	9321255	0
0.5	6100	7080	0	743441	128	9321255	100	2	12200                              	38563	0	9321255	0
0.5	6100	6933	0	728166	128	9321255	100	2	12200                              	41554	0	9321255	0
0.5	6100	6821	0	717681	128	9321255	100	2	12200                              	40253	0	9321255	0
0.5	6100	6309	0	668444	128	9321255	100	2	12200                              	39969	0	9321255	0
0.5	6100	6631	0	697540	128	9321255	100	2	12200                              	41485	0	9321255	0
0.5	6100	6903	0	724676	128	9321255	100	2	12200                              	41635	0	9321255	0
0.5	6100	7453	0	777724	128	9321255	100	2	12200                              	39928	0	9321255	0
0.5	6100	7424	0	774084	128	9321255	100	2	12200                              	41423	0	9321255	0
0.5	6100	7558	0	788161	128	9321255	100	2	12200                              	40767	0	9321255	0
0.5	6100	7205	0	753849	128	9321255	100	2	12200                              	41585	0	9321255	0
0.5	6100	7761	0	805421	128	9321255	100	2	12200                              	40070	0	9321255	0
0.5	6100	6821	0	717862	128	9321255	100	2	12200                              	40968	0	9321255	0
0.5	6100	7457	0	777429	128	9321255	100	2	12200                              	39705	0	9321255	0
0.5	6100	7158	0	748333	128	9321255	100	2	12200                              	40513	0	9321255	0
0.5	6100	7423	0	774932	128	9321255	100	2	12200                              	41434	0	9321255	0
0.5	6100	6655	0	700502	128	9321255	100	2	12200                              	42254	0	9321255	0
0.5	6100	6425	0	679444	128	9321255	100	2	12200                              	40860	0	9321255	0
0.5	6100	7163	0	748619	128	9321255	100	2	12200                              	40952	0	9321255	0
0.5	6100	7270	0	759317	128	9321255	100	2	12200                              	40431	0	9321255	0
0.5	6100	7588	0	791051	128	9321255	100	2	12200                              	37122	0	9321255	0
0.5	6100	7394	0	769814	128	9321255	100	2	12200                              	40795	0	9321255	0
0.5	6100	6940	0	728626	128	9321255	100	2	12200                              	40675	0	9321255	0
0.5	6100	7424	0	774899	128	9321255	100	2	12200                              	39975	0	9321255	0
0.5	6100	7406	0	771792	128	9321255	100	2	12200                              	41709	0	9321255	0
0.5	6100	6963	0	731619	128	9321255	100	2	12200                              	41362	0	9321255	0
0.5	6100	6875	0	720435	128	9321255	100	2	12200                              	41993	0	9321255	0
0.5	6100	7460	0	779007	128	9321255	100	2	12200                              	37481	0	9321255	0
0.5	6100	7840	0	815451	128	9321255	100	2	12200                              	38450	0	9321255	0
0.5	6100	7701	0	801157	128	9321255	100	2	12200                              	37918	0	9321255	0
0.5	6100	7044	0	738910	128	9321255	100	2	12200                              	40727	0	9321255	0
0.5	6100	6700	0	705662	128	9321255	100	2	12200                              	41901	0	9321255	0
0.5	6100	8193	0	848268	128	9321255	100	2	12200                              	40984	0	9321255	0
0.5	6100	7134	0	745290	128	9321255	100	2	12200                              	39637	0	9321255	0
0.5	6100	7594	0	791963	128	9321255	100	2	12200                              	39115	0	9321255	0
0.5	6100	7321	0	764982	128	9321255	100	2	12200                              	41047	0	9321255	0
0.5	6100	6818	0	717264	128	9321255	100	2	12200                              	40820	0	9321255	0
0.5	6100	7071	0	740582	128	9321255	100	2	12200                              	41159	0	9321255	0
0.5	6100	7046	0	738992	128	9321255	100	2	12200                              	41969	0	9321255	0
0.5	6100	7342	0	766662	128	9321255	100	2	12200                              	40963	0	9321255	0
0.5	6100	7334	0	767546	128	9321255	100	2	12200                              	37709	0	9321255	0
0.5	6100	7088	0	742939	128	9321255	100	2	12200                              	41413	0	9321255	0
0.5	6100	6570	0	694061	128	9321255	100	2	12200                              	40673	0	9321255	0
0.5	6100	7599	0	792153	128	9321255	100	2	12200                              	39788	0	9321255	0
0.5	6100	6624	0	696526	128	9321255	100	2	12200                              	39658	0	9321255	0
0.5	6100	6900	0	723521	128	9321255	100	2	12200                              	41343	0	9321255	0
0.5	6100	7415	0	772749	128	9321255	100	2	12200                              	41174	0	9321255	0
0.5	6100	6510	0	686194	128	9321255	100	2	12200                              	41762	0	9321255	0
0.5	6100	6914	0	726161	128	9321255	100	2	12200                              	41362	0	9321255	0
0.5	6100	8564	0	882318	128	9321255	100	2	12200                              	40550	0	9321255	0
0.5	6100	6392	0	675596	128	9321255	100	2	12200                              	42184	0	9321255	0
0.5	6100	7512	0	781302	128	9321255	100	2	12200                              	41221	0	9321255	0
0.5	6100	7675	0	797182	128	9321255	100	2	12200                              	40957	0	9321255	0
0.5	6100	7325	0	765110	128	9321255	100	2	12200                              	40714	0	9321255	0
0.5	6100	6683	0	703844	128	9321255	100	2	12200                              	41772	0	9321255	0
0.5	6100	7426	0	774258	128	9321255	100	2	12200                              	40761	0	9321255	0
0.5	6100	8056	0	833899	128	9321255	100	2	12200                              	36733	0	9321255	0
0.5	6100	7209	0	754451	128	9321255	100	2	12200                              	41524	0	9321255	0
0.5	6100	6419	0	678948	128	9321255	100	2	12200                              	41710	0	9321255	0
0.5	6100	7294	0	762123	128	9321255	100	2	12200                              	39246	0	9321255	0
0.5	6100	7433	0	774629	128	9321255	100	2	12200                              	40616	0	9321255	0
0.5	6100	7191	0	752809	128	9321255	100	2	12200                              	42103	0	9321255	0
0.5	6100	6772	0	711439	128	9321255	100	2	12200                              	41860	0	9321255	0
0.5	6100	7835	0	814611	128	9321255	100	2	12200                              	39299	0	9321255	0
0.5	6100	7561	0	787547	128	9321255	100	2	12200                              	39602	0	9321255	0
0.5	6100	6703	0	706634	128	9321255	100	2	12200                              	41716	0	9321255	0
0.5	6100	7034	0	736423	128	9321255	100	2	12200                              	40377	0	9321255	0
0.5	6100	6558	0	692324	128	9321255	100	2	12200                              	41536	0	9321255	0
0.5	6100	7160	0	748661	128	9321255	100	2	12200                              	40852	0	9321255	0
0.5	6100	7004	0	732653	128	9321255	100	2	12200                              	38768	0	9321255	0
0.5	6100	6820	0	716724	128	9321255	100	2	12200                              	41660	0	9321255	0
0.5	6100	7197	0	752782	128	9321255	100	2	12200                              	42150	0	9321255	0
0.5	6100	6917	0	726755	128	9321255	100	2	12200                              	41009	0	9321255	0
0.5	6100	7043	0	737928	128	9321255	100	2	12200                              	41737	0	9321255	0
0.5	6100	7199	0	753324	128	9321255	100	2	12200                              	38687	0	9321255	0
0.5	6100	6939	0	728166	128	9321255	100	2	12200                              	41451	0	9321255	0
0.5	7100	6265	0	759182	128	9321255	100	2	14200                              	39877	0	9321255	0
0.5	7100	6551	0	794398	128	9321255	100	2	14200                              	38125	0	9321255	0
0.5	7100	7522	0	899845	128	9321255	100	2	14200                              	36685	0	9321255	0
0.5	7100	6643	0	801644	128	9321255	100	2	14200                              	40328	0	9321255	0
0.5	7100	6483	0	784241	128	9321255	100	2	14200                              	35814	0	9321255	0
0.5	7100	6129	0	744844	128	9321255	100	2	14200                              	36500	0	9321255	0
0.5	7100	6038	0	736548	128	9321255	100	2	14200                              	40801	0	9321255	0
0.5	7100	6680	0	807926	128	9321255	100	2	14200                              	40262	0	9321255	0
0.5	7100	6542	0	792725	128	9321255	100	2	14200                              	39928	0	9321255	0
0.5	7100	6164	0	750811	128	9321255	100	2	14200                              	39527	0	9321255	0
0.5	7100	6797	0	821707	128	9321255	100	2	14200                              	38877	0	9321255	0
0.5	7100	6208	0	754079	128	9321255	100	2	14200                              	40047	0	9321255	0
0.5	7100	6275	0	761991	128	9321255	100	2	14200                              	39770	0	9321255	0
0.5	7100	6598	0	797534	128	9321255	100	2	14200                              	39528	0	9321255	0
0.5	7100	6300	0	766496	128	9321255	100	2	14200                              	38935	0	9321255	0
0.5	7100	6277	0	762665	128	9321255	100	2	14200                              	37505	0	9321255	0
0.5	7100	6390	0	773382	128	9321255	100	2	14200                              	35128	0	9321255	0
0.5	7100	7170	0	861611	128	9321255	100	2	14200                              	39319	0	9321255	0
0.5	7100	6931	0	836223	128	9321255	100	2	14200                              	38380	0	9321255	0
0.5	7100	6895	0	829679	128	9321255	100	2	14200                              	37518	0	9321255	0
0.5	7100	6723	0	810776	128	9321255	100	2	14200                              	35969	0	9321255	0
0.5	7100	6414	0	778762	128	9321255	100	2	14200                              	37847	0	9321255	0
0.5	7100	6500	0	785906	128	9321255	100	2	14200                              	38984	0	9321255	0
0.5	7100	7023	0	844244	128	9321255	100	2	14200                              	40442	0	9321255	0
0.5	7100	6135	0	745467	128	9321255	100	2	14200                              	40079	0	9321255	0
0.5	7100	7031	0	844382	128	9321255	100	2	14200                              	34538	0	9321255	0
0.5	7100	6782	0	818438	128	9321255	100	2	14200                              	38754	0	9321255	0
0.5	7100	6395	0	774823	128	9321255	100	2	14200                              	40759	0	9321255	0
0.5	7100	6423	0	779391	128	9321255	100	2	14200                              	37084	0	9321255	0
0.5	7100	6977	0	837941	128	9321255	100	2	14200                              	37220	0	9321255	0
0.5	7100	6553	0	794075	128	9321255	100	2	14200                              	38733	0	9321255	0
0.5	7100	6771	0	815925	128	9321255	100	2	14200                              	36577	0	9321255	0
0.5	7100	7104	0	852068	128	9321255	100	2	14200                              	38450	0	9321255	0
0.5	7100	6774	0	816524	128	9321255	100	2	14200                              	39030	0	9321255	0
0.5	7100	6999	0	841903	128	9321255	100	2	14200                              	37497	0	9321255	0
0.5	7100	7678	0	916860	128	9321255	100	2	14200                              	36289	0	9321255	0
0.5	7100	6153	0	749720	128	9321255	100	2	14200                              	40872	0	9321255	0
0.5	7100	6389	0	773924	128	9321255	100	2	14200                              	39443	0	9321255	0
0.5	7100	6338	0	767703	128	9321255	100	2	14200                              	38887	0	9321255	0
0.5	7100	7122	0	855093	128	9321255	100	2	14200                              	38533	0	9321255	0
0.5	7100	6208	0	752706	128	9321255	100	2	14200                              	40112	0	9321255	0
0.5	7100	6939	0	836957	128	9321255	100	2	14200                              	38046	0	9321255	0
0.5	7100	6517	0	787444	128	9321255	100	2	14200                              	41267	0	9321255	0
0.5	7100	6391	0	773924	128	9321255	100	2	14200                              	40453	0	9321255	0
0.5	7100	7069	0	851968	128	9321255	100	2	14200                              	38233	0	9321255	0
0.5	7100	6377	0	772698	128	9321255	100	2	14200                              	38375	0	9321255	0
0.5	7100	7052	0	849001	128	9321255	100	2	14200                              	38699	0	9321255	0
0.5	7100	7033	0	844382	128	9321255	100	2	14200                              	35726	0	9321255	0
0.5	7100	6781	0	817464	128	9321255	100	2	14200                              	38425	0	9321255	0
0.5	7100	6222	0	754757	128	9321255	100	2	14200                              	39783	0	9321255	0
0.5	7100	6643	0	801644	128	9321255	100	2	14200                              	39588	0	9321255	0
0.5	7100	6526	0	789251	128	9321255	100	2	14200                              	37239	0	9321255	0
0.5	7100	6902	0	830182	128	9321255	100	2	14200                              	39479	0	9321255	0
0.5	7100	6332	0	767288	128	9321255	100	2	14200                              	39144	0	9321255	0
0.5	7100	6920	0	834317	128	9321255	100	2	14200                              	39039	0	9321255	0
0.5	7100	7670	0	915924	128	9321255	100	2	14200                              	34988	0	9321255	0
0.5	7100	6663	0	805189	128	9321255	100	2	14200                              	38458	0	9321255	0
0.5	7100	6038	0	737061	128	9321255	100	2	14200                              	40142	0	9321255	0
0.5	7100	6165	0	751741	128	9321255	100	2	14200                              	37647	0	9321255	0
0.5	7100	6498	0	786083	128	9321255	100	2	14200                              	40739	0	9321255	0
0.5	7100	8642	0	1022951	128	9321255	100	2	14200                              	33025	0	9321255	0
0.5	7100	6923	0	834270	128	9321255	100	2	14200                              	39971	0	9321255	0
0.5	7100	7134	0	856409	128	9321255	100	2	14200                              	40629	0	9321255	0
0.5	7100	6401	0	776534	128	9321255	100	2	14200                              	36450	0	9321255	0
0.5	7100	6778	0	815982	128	9321255	100	2	14200                              	39538	0	9321255	0
0.5	7100	6623	0	800029	128	9321255	100	2	14200                              	38876	0	9321255	0
0.5	7100	7829	0	935845	128	9321255	100	2	14200                              	35108	0	9321255	0
0.5	7100	7031	0	844808	128	9321255	100	2	14200                              	38680	0	9321255	0
0.5	7100	7232	0	866742	128	9321255	100	2	14200                              	38050	0	9321255	0
0.5	7100	6207	0	753343	128	9321255	100	2	14200                              	40322	0	9321255	0
0.5	7100	6391	0	773803	128	9321255	100	2	14200                              	34633	0	9321255	0
0.5	7100	6369	0	771333	128	9321255	100	2	14200                              	38839	0	9321255	0
0.5	7100	7245	0	869072	128	9321255	100	2	14200                              	39393	0	9321255	0
0.5	7100	6913	0	832864	128	9321255	100	2	14200                              	39626	0	9321255	0
0.5	7100	7692	0	919871	128	9321255	100	2	14200                              	39260	0	9321255	0
0.5	7100	6743	0	813321	128	9321255	100	2	14200                              	39385	0	9321255	0
0.5	7100	6617	0	798869	128	9321255	100	2	14200                              	39844	0	9321255	0
0.5	7100	6661	0	804964	128	9321255	100	2	14200                              	37485	0	9321255	0
0.5	7100	7438	0	891952	128	9321255	100	2	14200                              	39210	0	9321255	0
0.5	7100	6405	0	775686	128	9321255	100	2	14200                              	40269	0	9321255	0
0.5	7100	7159	0	858594	128	9321255	100	2	14200                              	38614	0	9321255	0
0.5	7100	5784	0	709065	128	9321255	100	2	14200                              	41736	0	9321255	0
0.5	7100	6168	0	751261	128	9321255	100	2	14200                              	38658	0	9321255	0
0.5	7100	7120	0	854177	128	9321255	100	2	14200                              	38230	0	9321255	0
0.5	7100	6802	0	822491	128	9321255	100	2	14200                              	36480	0	9321255	0
0.5	7100	6930	0	836276	128	9321255	100	2	14200                              	39428	0	9321255	0
0.5	7100	6135	0	745524	128	9321255	100	2	14200                              	38572	0	9321255	0
0.5	7100	6359	0	770469	128	9321255	100	2	14200                              	35499	0	9321255	0
0.5	7100	6912	0	831851	128	9321255	100	2	14200                              	38919	0	9321255	0
0.5	7100	6397	0	773924	128	9321255	100	2	14200                              	40316	0	9321255	0
0.5	7100	7151	0	858251	128	9321255	100	2	14200                              	37590	0	9321255	0
0.5	7100	6679	0	808098	128	9321255	100	2	14200                              	40351	0	9321255	0
0.5	7100	7928	0	943782	128	9321255	100	2	14200                              	33871	0	9321255	0
0.5	7100	6976	0	838018	128	9321255	100	2	14200                              	40448	0	9321255	0
0.5	7100	7161	0	859124	128	9321255	100	2	14200                              	41277	0	9321255	0
0.5	7100	7293	0	874451	128	9321255	100	2	14200                              	37847	0	9321255	0
0.5	7100	6776	0	816826	128	9321255	100	2	14200                              	38766	0	9321255	0
0.5	7100	6530	0	790528	128	9321255	100	2	14200                              	38147	0	9321255	0
0.5	7100	6403	0	777361	128	9321255	100	2	14200                              	35494	0	9321255	0
0.5	7100	7539	0	900777	128	9321255	100	2	14200                              	37674	0	9321255	0
0.5	8100	6550	0	891858	128	9321255	100	2	16200                              	38013	0	9321255	0
0.5	8100	6342	0	867247	128	9321255	100	2	16200                              	38320	0	9321255	0
0.5	8100	6237	0	853974	128	9321255	100	2	16200                              	34454	0	9321255	0
0.5	8100	5864	0	808975	128	9321255	100	2	16200                              	39264	0	9321255	0
0.5	8100	6686	0	909084	128	9321255	100	2	16200                              	37186	0	9321255	0
0.5	8100	6456	0	881051	128	9321255	100	2	16200                              	37238	0	9321255	0
0.5	8100	6319	0	863753	128	9321255	100	2	16200                              	35941	0	9321255	0
0.5	8100	6574	0	895999	128	9321255	100	2	16200                              	38087	0	9321255	0
0.5	8100	6184	0	846766	128	9321255	100	2	16200                              	38269	0	9321255	0
0.5	8100	6582	0	898267	128	9321255	100	2	16200                              	37983	0	9321255	0
0.5	8100	6455	0	881051	128	9321255	100	2	16200                              	36481	0	9321255	0
0.5	8100	6578	0	895723	128	9321255	100	2	16200                              	36448	0	9321255	0
0.5	8100	6452	0	880332	128	9321255	100	2	16200                              	40171	0	9321255	0
0.5	8100	6318	0	863182	128	9321255	100	2	16200                              	38760	0	9321255	0
0.5	8100	5735	0	793215	128	9321255	100	2	16200                              	36981	0	9321255	0
0.5	8100	6351	0	868681	128	9321255	100	2	16200                              	40132	0	9321255	0
0.5	8100	6432	0	876980	128	9321255	100	2	16200                              	36366	0	9321255	0
0.5	8100	6192	0	846982	128	9321255	100	2	16200                              	38065	0	9321255	0
0.5	8100	5728	0	791421	128	9321255	100	2	16200                              	39482	0	9321255	0
0.5	8100	6506	0	890428	128	9321255	100	2	16200                              	35125	0	9321255	0
0.5	8100	5945	0	816384	128	9321255	100	2	16200                              	39171	0	9321255	0
0.5	8100	6374	0	871763	128	9321255	100	2	16200                              	37402	0	9321255	0
0.5	8100	6425	0	875667	128	9321255	100	2	16200                              	36868	0	9321255	0
0.5	8100	6627	0	904050	128	9321255	100	2	16200                              	37663	0	9321255	0
0.5	8100	5993	0	823964	128	9321255	100	2	16200                              	36330	0	9321255	0
0.5	8100	5938	0	815124	128	9321255	100	2	16200                              	37687	0	9321255	0
0.5	8100	5996	0	825370	128	9321255	100	2	16200                              	39859	0	9321255	0
0.5	8100	6580	0	896124	128	9321255	100	2	16200                              	38624	0	9321255	0
0.5	8100	6506	0	889391	128	9321255	100	2	16200                              	39333	0	9321255	0
0.5	8100	6554	0	892527	128	9321255	100	2	16200                              	36890	0	9321255	0
0.5	8100	6838	0	929651	128	9321255	100	2	16200                              	39153	0	9321255	0
0.5	8100	6618	0	902574	128	9321255	100	2	16200                              	34910	0	9321255	0
0.5	8100	6626	0	905127	128	9321255	100	2	16200                              	39248	0	9321255	0
0.5	8100	6881	0	937034	128	9321255	100	2	16200                              	37727	0	9321255	0
0.5	8100	6804	0	923961	128	9321255	100	2	16200                              	36454	0	9321255	0
0.5	8100	7073	0	958700	128	9321255	100	2	16200                              	36636	0	9321255	0
0.5	8100	6114	0	839792	128	9321255	100	2	16200                              	36601	0	9321255	0
0.5	8100	6583	0	897262	128	9321255	100	2	16200                              	39579	0	9321255	0
0.5	8100	6759	0	922001	128	9321255	100	2	16200                              	36862	0	9321255	0
0.5	8100	6066	0	830782	128	9321255	100	2	16200                              	39485	0	9321255	0
0.5	8100	5942	0	815971	128	9321255	100	2	16200                              	38311	0	9321255	0
0.5	8100	6495	0	888086	128	9321255	100	2	16200                              	36308	0	9321255	0
0.5	8100	7324	0	990365	128	9321255	100	2	16200                              	36983	0	9321255	0
0.5	8100	5983	0	822357	128	9321255	100	2	16200                              	38876	0	9321255	0
0.5	8100	6305	0	861141	128	9321255	100	2	16200                              	38438	0	9321255	0
0.5	8100	6578	0	897251	128	9321255	100	2	16200                              	37407	0	9321255	0
0.5	8100	6716	0	915286	128	9321255	100	2	16200                              	36469	0	9321255	0
0.5	8100	5848	0	804783	128	9321255	100	2	16200                              	37012	0	9321255	0
0.5	8100	5980	0	822999	128	9321255	100	2	16200                              	39150	0	9321255	0
0.5	8100	6213	0	851261	128	9321255	100	2	16200                              	38247	0	9321255	0
0.5	8100	7601	0	1025690	128	9321255	100	2	16200                              	35352	0	9321255	0
0.5	8100	6327	0	864862	128	9321255	100	2	16200                              	39422	0	9321255	0
0.5	8100	7015	0	954754	128	9321255	100	2	16200                              	36377	0	9321255	0
0.5	8100	6629	0	904545	128	9321255	100	2	16200                              	37654	0	9321255	0
0.5	8100	5975	0	822818	128	9321255	100	2	16200                              	38300	0	9321255	0
0.5	8100	6081	0	834619	128	9321255	100	2	16200                              	38943	0	9321255	0
0.5	8100	5863	0	809163	128	9321255	100	2	16200                              	38673	0	9321255	0
0.5	8100	5817	0	800062	128	9321255	100	2	16200                              	38439	0	9321255	0
0.5	8100	6083	0	834762	128	9321255	100	2	16200                              	36846	0	9321255	0
0.5	8100	6161	0	843375	128	9321255	100	2	16200                              	38854	0	9321255	0
0.5	8100	6834	0	929471	128	9321255	100	2	16200                              	38889	0	9321255	0
0.5	8100	6760	0	922570	128	9321255	100	2	16200                              	37240	0	9321255	0
0.5	8100	6320	0	863724	128	9321255	100	2	16200                              	37940	0	9321255	0
0.5	8100	6682	0	910085	128	9321255	100	2	16200                              	37594	0	9321255	0
0.5	8100	6966	0	945851	128	9321255	100	2	16200                              	38664	0	9321255	0
0.5	8100	6509	0	890850	128	9321255	100	2	16200                              	36268	0	9321255	0
0.5	8100	7836	0	1056014	128	9321255	100	2	16200                              	36722	0	9321255	0
0.5	8100	6743	0	918811	128	9321255	100	2	16200                              	37460	0	9321255	0
0.5	8100	6354	0	869161	128	9321255	100	2	16200                              	37935	0	9321255	0
0.5	8100	6322	0	864851	128	9321255	100	2	16200                              	37968	0	9321255	0
0.5	8100	6232	0	853922	128	9321255	100	2	16200                              	37382	0	9321255	0
0.5	8100	6111	0	838557	128	9321255	100	2	16200                              	35654	0	9321255	0
0.5	8100	6333	0	866196	128	9321255	100	2	16200                              	38254	0	9321255	0
0.5	8100	7142	0	970522	128	9321255	100	2	16200                              	35131	0	9321255	0
0.5	8100	6705	0	913451	128	9321255	100	2	16200                              	36818	0	9321255	0
0.5	8100	6102	0	836532	128	9321255	100	2	16200                              	39269	0	9321255	0
0.5	8100	7268	0	987164	128	9321255	100	2	16200                              	37100	0	9321255	0
0.5	8100	5776	0	793965	128	9321255	100	2	16200                              	38954	0	9321255	0
0.5	8100	7108	0	964357	128	9321255	100	2	16200                              	37057	0	9321255	0
0.5	8100	6447	0	879924	128	9321255	100	2	16200                              	35620	0	9321255	0
0.5	8100	6450	0	879671	128	9321255	100	2	16200                              	39456	0	9321255	0
0.5	8100	6443	0	879166	128	9321255	100	2	16200                              	36434	0	9321255	0
0.5	8100	5807	0	799346	128	9321255	100	2	16200                              	36565	0	9321255	0
0.5	8100	6420	0	875675	128	9321255	100	2	16200                              	38609	0	9321255	0
0.5	8100	5859	0	806760	128	9321255	100	2	16200                              	37999	0	9321255	0
0.5	8100	6194	0	847042	128	9321255	100	2	16200                              	39031	0	9321255	0
0.5	8100	6705	0	911782	128	9321255	100	2	16200                              	33830	0	9321255	0
0.5	8100	6611	0	901341	128	9321255	100	2	16200                              	38954	0	9321255	0
0.5	8100	6179	0	844279	128	9321255	100	2	16200                              	37132	0	9321255	0
0.5	8100	6607	0	901300	128	9321255	100	2	16200                              	36266	0	9321255	0
0.5	8100	6860	0	933480	128	9321255	100	2	16200                              	38293	0	9321255	0
0.5	8100	6198	0	848651	128	9321255	100	2	16200                              	39174	0	9321255	0
0.5	8100	6573	0	895582	128	9321255	100	2	16200                              	35062	0	9321255	0
0.5	8100	6171	0	844618	128	9321255	100	2	16200                              	39804	0	9321255	0
0.5	8100	7380	0	998433	128	9321255	100	2	16200                              	37632	0	9321255	0
0.5	8100	6554	0	891329	128	9321255	100	2	16200                              	37150	0	9321255	0
0.5	8100	6750	0	919606	128	9321255	100	2	16200                              	37959	0	9321255	0
0.5	8100	6354	0	868316	128	9321255	100	2	16200                              	34958	0	9321255	0
0.5	8100	7524	0	1018600	128	9321255	100	2	16200                              	35413	0	9321255	0
0.5	8100	6578	0	896532	128	9321255	100	2	16200                              	39214	0	9321255	0
0.5	9100	5738	0	877851	128	9321255	100	2	18200                              	36692	0	9321255	0
0.5	9100	5626	0	861741	128	9321255	100	2	18200                              	34608	0	9321255	0
0.5	9100	6119	0	930782	128	9321255	100	2	18200                              	36213	0	9321255	0
0.5	9100	6107	0	930038	128	9321255	100	2	18200                              	37129	0	9321255	0
0.5	9100	6150	0	937553	128	9321255	100	2	18200                              	34887	0	9321255	0
0.5	9100	6387	0	969741	128	9321255	100	2	18200                              	35317	0	9321255	0
0.5	9100	5733	0	876724	128	9321255	100	2	18200                              	33976	0	9321255	0
0.5	9100	6500	0	985382	128	9321255	100	2	18200                              	35150	0	9321255	0
0.5	9100	6302	0	963713	128	9321255	100	2	18200                              	36715	0	9321255	0
0.5	9100	5983	0	912444	128	9321255	100	2	18200                              	35986	0	9321255	0
0.5	9100	6137	0	934458	128	9321255	100	2	18200                              	33026	0	9321255	0
0.5	9100	5912	0	907757	128	9321255	100	2	18200                              	37600	0	9321255	0
0.5	9100	6770	0	1023451	128	9321255	100	2	18200                              	36195	0	9321255	0
0.5	9100	5737	0	876724	128	9321255	100	2	18200                              	31620	0	9321255	0
0.5	9100	5911	0	907729	128	9321255	100	2	18200                              	36666	0	9321255	0
0.5	9100	5871	0	896661	128	9321255	100	2	18200                              	34127	0	9321255	0
0.5	9100	5892	0	901377	128	9321255	100	2	18200                              	34662	0	9321255	0
0.5	9100	5893	0	900157	128	9321255	100	2	18200                              	36365	0	9321255	0
0.5	9100	5757	0	881234	128	9321255	100	2	18200                              	37933	0	9321255	0
0.5	9100	5992	0	913602	128	9321255	100	2	18200                              	35098	0	9321255	0
0.5	9100	5996	0	914251	128	9321255	100	2	18200                              	29910	0	9321255	0
0.5	9100	5898	0	901364	128	9321255	100	2	18200                              	34689	0	9321255	0
0.5	9100	5992	0	912444	128	9321255	100	2	18200                              	34419	0	9321255	0
0.5	9100	6366	0	966445	128	9321255	100	2	18200                              	34599	0	9321255	0
0.5	9100	5766	0	882839	128	9321255	100	2	18200                              	30749	0	9321255	0
0.5	9100	5600	0	857982	128	9321255	100	2	18200                              	36028	0	9321255	0
0.5	9100	5971	0	910912	128	9321255	100	2	18200                              	35124	0	9321255	0
0.5	9100	6255	0	950911	128	9321255	100	2	18200                              	34485	0	9321255	0
0.5	9100	6622	0	1003475	128	9321255	100	2	18200                              	35766	0	9321255	0
0.5	9100	5526	0	851033	128	9321255	100	2	18200                              	31380	0	9321255	0
0.5	9100	6155	0	939306	128	9321255	100	2	18200                              	31116	0	9321255	0
0.5	9100	5347	0	822124	128	9321255	100	2	18200                              	37724	0	9321255	0
0.5	9100	5527	0	851868	128	9321255	100	2	18200                              	36074	0	9321255	0
0.5	9100	6167	0	941151	128	9321255	100	2	18200                              	34460	0	9321255	0
0.5	9100	6115	0	931760	128	9321255	100	2	18200                              	36405	0	9321255	0
0.5	9100	6421	0	977653	128	9321255	100	2	18200                              	31731	0	9321255	0
0.5	9100	6392	0	970941	128	9321255	100	2	18200                              	35921	0	9321255	0
0.5	9100	6125	0	931324	128	9321255	100	2	18200                              	35874	0	9321255	0
0.5	9100	6147	0	937340	128	9321255	100	2	18200                              	37274	0	9321255	0
0.5	9100	6122	0	932451	128	9321255	100	2	18200                              	36680	0	9321255	0
0.5	9100	6245	0	949083	128	9321255	100	2	18200                              	38926	0	9321255	0
0.5	9100	6141	0	936557	128	9321255	100	2	18200                              	33066	0	9321255	0
0.5	9100	5474	0	840324	128	9321255	100	2	18200                              	36752	0	9321255	0
0.5	9100	6270	0	953648	128	9321255	100	2	18200                              	35772	0	9321255	0
0.5	9100	5739	0	877747	128	9321255	100	2	18200                              	37322	0	9321255	0
0.5	9100	7042	0	1064270	128	9321255	100	2	18200                              	31727	0	9321255	0
0.5	9100	5990	0	913124	128	9321255	100	2	18200                              	32534	0	9321255	0
0.5	9100	6387	0	969255	128	9321255	100	2	18200                              	31260	0	9321255	0
0.5	9100	6662	0	1010520	128	9321255	100	2	18200                              	31349	0	9321255	0
0.5	9100	6270	0	953943	128	9321255	100	2	18200                              	36404	0	9321255	0
0.5	9100	5653	0	868543	128	9321255	100	2	18200                              	33728	0	9321255	0
0.5	9100	6112	0	930782	128	9321255	100	2	18200                              	34087	0	9321255	0
0.5	9100	5858	0	894244	128	9321255	100	2	18200                              	33796	0	9321255	0
0.5	9100	6252	0	950600	128	9321255	100	2	18200                              	36112	0	9321255	0
0.5	9100	6670	0	1011426	128	9321255	100	2	18200                              	34599	0	9321255	0
0.5	9100	5784	0	889908	128	9321255	100	2	18200                              	33391	0	9321255	0
0.5	9100	6253	0	950651	128	9321255	100	2	18200                              	36871	0	9321255	0
0.5	9100	5613	0	859651	128	9321255	100	2	18200                              	34338	0	9321255	0
0.5	9100	5641	0	864920	128	9321255	100	2	18200                              	33724	0	9321255	0
0.5	9100	6506	0	987664	128	9321255	100	2	18200                              	34005	0	9321255	0
0.5	9100	6416	0	976782	128	9321255	100	2	18200                              	36359	0	9321255	0
0.5	9100	6518	0	987815	128	9321255	100	2	18200                              	32308	0	9321255	0
0.5	9100	6251	0	949524	128	9321255	100	2	18200                              	37195	0	9321255	0
0.5	9100	5984	0	912444	128	9321255	100	2	18200                              	33782	0	9321255	0
0.5	9100	6733	0	1019771	128	9321255	100	2	18200                              	36229	0	9321255	0
0.5	9100	6641	0	1005861	128	9321255	100	2	18200                              	35668	0	9321255	0
0.5	9100	6381	0	968851	128	9321255	100	2	18200                              	34576	0	9321255	0
0.5	9100	6026	0	919520	128	9321255	100	2	18200                              	36470	0	9321255	0
0.5	9100	6115	0	931324	128	9321255	100	2	18200                              	35034	0	9321255	0
0.5	9100	5757	0	880891	128	9321255	100	2	18200                              	34825	0	9321255	0
0.5	9100	6794	0	1028849	128	9321255	100	2	18200                              	35787	0	9321255	0
0.5	9100	6423	0	978696	128	9321255	100	2	18200                              	36400	0	9321255	0
0.5	9100	5894	0	901320	128	9321255	100	2	18200                              	35103	0	9321255	0
0.5	9100	6140	0	934541	128	9321255	100	2	18200                              	34489	0	9321255	0
0.5	9100	6140	0	934541	128	9321255	100	2	18200                              	36787	0	9321255	0
0.5	9100	6771	0	1024339	128	9321255	100	2	18200                              	33449	0	9321255	0
0.5	9100	5400	0	833527	128	9321255	100	2	18200                              	38861	0	9321255	0
0.5	9100	6150	0	937171	128	9321255	100	2	18200                              	34604	0	9321255	0
0.5	9100	5635	0	863883	128	9321255	100	2	18200                              	34492	0	9321255	0
0.5	9100	5766	0	881957	128	9321255	100	2	18200                              	34681	0	9321255	0
0.5	9100	6013	0	916858	128	9321255	100	2	18200                              	35638	0	9321255	0
0.5	9100	6517	0	988206	128	9321255	100	2	18200                              	38443	0	9321255	0
0.5	9100	6536	0	992246	128	9321255	100	2	18200                              	34962	0	9321255	0
0.5	9100	5530	0	853692	128	9321255	100	2	18200                              	35138	0	9321255	0
0.5	9100	6864	0	1038287	128	9321255	100	2	18200                              	31853	0	9321255	0
0.5	9100	6173	0	945750	128	9321255	100	2	18200                              	35730	0	9321255	0
0.5	9100	6506	0	987051	128	9321255	100	2	18200                              	35435	0	9321255	0
0.5	9100	6245	0	949524	128	9321255	100	2	18200                              	36458	0	9321255	0
0.5	9100	6525	0	990388	128	9321255	100	2	18200                              	36957	0	9321255	0
0.5	9100	6274	0	953426	128	9321255	100	2	18200                              	36263	0	9321255	0
0.5	9100	6262	0	951759	128	9321255	100	2	18200                              	36746	0	9321255	0
0.5	9100	6114	0	930644	128	9321255	100	2	18200                              	35601	0	9321255	0
0.5	9100	6517	0	988526	128	9321255	100	2	18200                              	38030	0	9321255	0
0.5	9100	6255	0	950651	128	9321255	100	2	18200                              	33215	0	9321255	0
0.5	9100	6640	0	1005471	128	9321255	100	2	18200                              	37825	0	9321255	0
0.5	9100	5764	0	882068	128	9321255	100	2	18200                              	37097	0	9321255	0
0.5	9100	6297	0	961290	128	9321255	100	2	18200                              	34899	0	9321255	0
0.5	9100	6240	0	948844	128	9321255	100	2	18200                              	33577	0	9321255	0
0.5	9100	6655	0	1009182	128	9321255	100	2	18200                              	36376	0	9321255	0
0.5	9100	5869	0	896607	128	9321255	100	2	18200                              	38751	0	9321255	0
