#using seed 0.044627
# Work:10159328, depth:444825, work/p+depth:1714741.0
#PROCESSORS: 8, RUNS: 100
#prb	R-l	ISR	ESR	runTime	processors    	work	taskThreshold	lGranularity	rGranularity	IDATAT	EDATAT	W0	W1
0.5	100	5766	0	1413955	8	10159328	100	2	200                              	37067	0	10159328	0
0.5	100	6173	0	1424145	8	10159328	100	2	200                              	41311	0	10159328	0
0.5	100	5636	0	1410713	8	10159328	100	2	200                              	37560	0	10159328	0
0.5	100	5360	0	1403805	8	10159328	100	2	200                              	32611	0	10159328	0
0.5	100	5102	0	1397356	8	10159328	100	2	200                              	41621	0	10159328	0
0.5	100	6603	0	1434890	8	10159328	100	2	200                              	30307	0	10159328	0
0.5	100	7895	0	1467168	8	10159328	100	2	200                              	42044	0	10159328	0
0.5	100	4939	0	1393252	8	10159328	100	2	200                              	36991	0	10159328	0
0.5	100	6072	0	1421616	8	10159328	100	2	200                              	35494	0	10159328	0
0.5	100	5355	0	1403692	8	10159328	100	2	200                              	38680	0	10159328	0
0.5	100	5627	0	1410481	8	10159328	100	2	200                              	40202	0	10159328	0
0.5	100	5524	0	1407903	8	10159328	100	2	200                              	33368	0	10159328	0
0.5	100	5132	0	1398111	8	10159328	100	2	200                              	45499	0	10159328	0
0.5	100	4943	0	1393360	8	10159328	100	2	200                              	30705	0	10159328	0
0.5	100	5450	0	1406026	8	10159328	100	2	200                              	33005	0	10159328	0
0.5	100	5708	0	1412490	8	10159328	100	2	200                              	43117	0	10159328	0
0.5	100	5920	0	1417794	8	10159328	100	2	200                              	40345	0	10159328	0
0.5	100	5492	0	1407106	8	10159328	100	2	200                              	40211	0	10159328	0
0.5	100	5056	0	1396198	8	10159328	100	2	200                              	35093	0	10159328	0
0.5	100	6846	0	1440988	8	10159328	100	2	200                              	30451	0	10159328	0
0.5	100	5565	0	1408960	8	10159328	100	2	200                              	36797	0	10159328	0
0.5	100	5403	0	1404865	8	10159328	100	2	200                              	39901	0	10159328	0
0.5	100	5354	0	1403623	8	10159328	100	2	200                              	32439	0	10159328	0
0.5	100	5600	0	1409763	8	10159328	100	2	200                              	38992	0	10159328	0
0.5	100	5516	0	1407719	8	10159328	100	2	200                              	32913	0	10159328	0
0.5	100	5631	0	1410566	8	10159328	100	2	200                              	50179	0	10159328	0
0.5	100	5586	0	1409461	8	10159328	100	2	200                              	36950	0	10159328	0
0.5	100	5346	0	1403442	8	10159328	100	2	200                              	31927	0	10159328	0
0.5	100	5189	0	1399534	8	10159328	100	2	200                              	38244	0	10159328	0
0.5	100	5597	0	1409745	8	10159328	100	2	200                              	37731	0	10159328	0
0.5	100	5339	0	1403269	8	10159328	100	2	200                              	29141	0	10159328	0
0.5	100	5533	0	1408150	8	10159328	100	2	200                              	35361	0	10159328	0
0.5	100	5924	0	1417913	8	10159328	100	2	200                              	33131	0	10159328	0
0.5	100	5109	0	1397559	8	10159328	100	2	200                              	39151	0	10159328	0
0.5	100	5854	0	1416110	8	10159328	100	2	200                              	49183	0	10159328	0
0.5	100	5385	0	1404446	8	10159328	100	2	200                              	40554	0	10159328	0
0.5	100	6508	0	1432526	8	10159328	100	2	200                              	35482	0	10159328	0
0.5	100	4704	0	1387454	8	10159328	100	2	200                              	30036	0	10159328	0
0.5	100	5534	0	1408144	8	10159328	100	2	200                              	32307	0	10159328	0
0.5	100	6294	0	1427150	8	10159328	100	2	200                              	29658	0	10159328	0
0.5	100	5390	0	1404566	8	10159328	100	2	200                              	38090	0	10159328	0
0.5	100	5565	0	1408929	8	10159328	100	2	200                              	41240	0	10159328	0
0.5	100	5798	0	1414748	8	10159328	100	2	200                              	29740	0	10159328	0
0.5	100	5876	0	1416685	8	10159328	100	2	200                              	40323	0	10159328	0
0.5	100	4906	0	1392454	8	10159328	100	2	200                              	34504	0	10159328	0
0.5	100	7636	0	1460692	8	10159328	100	2	200                              	35395	0	10159328	0
0.5	100	5778	0	1414272	8	10159328	100	2	200                              	35706	0	10159328	0
0.5	100	5464	0	1406414	8	10159328	100	2	200                              	40402	0	10159328	0
0.5	100	5279	0	1401786	8	10159328	100	2	200                              	37678	0	10159328	0
0.5	100	5207	0	1399956	8	10159328	100	2	200                              	26795	0	10159328	0
0.5	100	5146	0	1398465	8	10159328	100	2	200                              	36007	0	10159328	0
0.5	100	5190	0	1399558	8	10159328	100	2	200                              	37147	0	10159328	0
0.5	100	5207	0	1399979	8	10159328	100	2	200                              	37840	0	10159328	0
0.5	100	6542	0	1433377	8	10159328	100	2	200                              	37258	0	10159328	0
0.5	100	5144	0	1398405	8	10159328	100	2	200                              	41295	0	10159328	0
0.5	100	5177	0	1399199	8	10159328	100	2	200                              	31555	0	10159328	0
0.5	100	5123	0	1397902	8	10159328	100	2	200                              	36090	0	10159328	0
0.5	100	6321	0	1427829	8	10159328	100	2	200                              	40894	0	10159328	0
0.5	100	4979	0	1394286	8	10159328	100	2	200                              	36239	0	10159328	0
0.5	100	5110	0	1397522	8	10159328	100	2	200                              	32463	0	10159328	0
0.5	100	5347	0	1403504	8	10159328	100	2	200                              	40913	0	10159328	0
0.5	100	7410	0	1455078	8	10159328	100	2	200                              	44112	0	10159328	0
0.5	100	5644	0	1410895	8	10159328	100	2	200                              	37820	0	10159328	0
0.5	100	6438	0	1430749	8	10159328	100	2	200                              	32929	0	10159328	0
0.5	100	4966	0	1393972	8	10159328	100	2	200                              	44265	0	10159328	0
0.5	100	5578	0	1409233	8	10159328	100	2	200                              	34803	0	10159328	0
0.5	100	5039	0	1395765	8	10159328	100	2	200                              	41444	0	10159328	0
0.5	100	5854	0	1416141	8	10159328	100	2	200                              	39842	0	10159328	0
0.5	100	5480	0	1406776	8	10159328	100	2	200                              	41575	0	10159328	0
0.5	100	6379	0	1429286	8	10159328	100	2	200                              	39650	0	10159328	0
0.5	100	5616	0	1410179	8	10159328	100	2	200                              	40547	0	10159328	0
0.5	100	5567	0	1408925	8	10159328	100	2	200                              	33466	0	10159328	0
0.5	100	5189	0	1399528	8	10159328	100	2	200                              	47521	0	10159328	0
0.5	100	5521	0	1407825	8	10159328	100	2	200                              	36981	0	10159328	0
0.5	100	5540	0	1408310	8	10159328	100	2	200                              	31435	0	10159328	0
0.5	100	5988	0	1419503	8	10159328	100	2	200                              	38972	0	10159328	0
0.5	100	6429	0	1430547	8	10159328	100	2	200                              	35137	0	10159328	0
0.5	100	5224	0	1400414	8	10159328	100	2	200                              	40735	0	10159328	0
0.5	100	5139	0	1398267	8	10159328	100	2	200                              	30075	0	10159328	0
0.5	100	5324	0	1402874	8	10159328	100	2	200                              	30850	0	10159328	0
0.5	100	6240	0	1425796	8	10159328	100	2	200                              	46677	0	10159328	0
0.5	100	5466	0	1406454	8	10159328	100	2	200                              	40626	0	10159328	0
0.5	100	5450	0	1406059	8	10159328	100	2	200                              	45619	0	10159328	0
0.5	100	5764	0	1413921	8	10159328	100	2	200                              	47886	0	10159328	0
0.5	100	8541	0	1483350	8	10159328	100	2	200                              	38426	0	10159328	0
0.5	100	5636	0	1410710	8	10159328	100	2	200                              	33237	0	10159328	0
0.5	100	6664	0	1436364	8	10159328	100	2	200                              	44109	0	10159328	0
0.5	100	4892	0	1392121	8	10159328	100	2	200                              	42039	0	10159328	0
0.5	100	5468	0	1406503	8	10159328	100	2	200                              	36095	0	10159328	0
0.5	100	5436	0	1405709	8	10159328	100	2	200                              	38568	0	10159328	0
0.5	100	5810	0	1415095	8	10159328	100	2	200                              	33729	0	10159328	0
0.5	100	5213	0	1400116	8	10159328	100	2	200                              	31949	0	10159328	0
0.5	100	5402	0	1404806	8	10159328	100	2	200                              	48020	0	10159328	0
0.5	100	5221	0	1400342	8	10159328	100	2	200                              	28526	0	10159328	0
0.5	100	5525	0	1407950	8	10159328	100	2	200                              	37739	0	10159328	0
0.5	100	5556	0	1408734	8	10159328	100	2	200                              	25773	0	10159328	0
0.5	100	4934	0	1393154	8	10159328	100	2	200                              	32798	0	10159328	0
0.5	100	5508	0	1407466	8	10159328	100	2	200                              	27638	0	10159328	0
0.5	100	5810	0	1415031	8	10159328	100	2	200                              	38688	0	10159328	0
0.5	100	6123	0	1422898	8	10159328	100	2	200                              	35094	0	10159328	0
0.5	1100	935	0	1525638	8	10159328	100	2	2200                              	42170	0	10159328	0
0.5	1100	844	0	1500902	8	10159328	100	2	2200                              	32246	0	10159328	0
0.5	1100	960	0	1532729	8	10159328	100	2	2200                              	36148	0	10159328	0
0.5	1100	999	0	1543587	8	10159328	100	2	2200                              	44339	0	10159328	0
0.5	1100	774	0	1481467	8	10159328	100	2	2200                              	27027	0	10159328	0
0.5	1100	958	0	1532188	8	10159328	100	2	2200                              	35253	0	10159328	0
0.5	1100	1059	0	1559732	8	10159328	100	2	2200                              	29170	0	10159328	0
0.5	1100	598	0	1432971	8	10159328	100	2	2200                              	18175	0	10159328	0
0.5	1100	796	0	1487608	8	10159328	100	2	2200                              	32497	0	10159328	0
0.5	1100	788	0	1485368	8	10159328	100	2	2200                              	32934	0	10159328	0
0.5	1100	896	0	1515010	8	10159328	100	2	2200                              	43886	0	10159328	0
0.5	1100	796	0	1487801	8	10159328	100	2	2200                              	25625	0	10159328	0
0.5	1100	728	0	1468647	8	10159328	100	2	2200                              	33588	0	10159328	0
0.5	1100	893	0	1514223	8	10159328	100	2	2200                              	33081	0	10159328	0
0.5	1100	819	0	1493976	8	10159328	100	2	2200                              	24494	0	10159328	0
0.5	1100	758	0	1477184	8	10159328	100	2	2200                              	26286	0	10159328	0
0.5	1100	808	0	1490784	8	10159328	100	2	2200                              	33578	0	10159328	0
0.5	1100	915	0	1520040	8	10159328	100	2	2200                              	39808	0	10159328	0
0.5	1100	678	0	1455176	8	10159328	100	2	2200                              	26784	0	10159328	0
0.5	1100	718	0	1466245	8	10159328	100	2	2200                              	35993	0	10159328	0
0.5	1100	875	0	1509659	8	10159328	100	2	2200                              	26993	0	10159328	0
0.5	1100	887	0	1512714	8	10159328	100	2	2200                              	33288	0	10159328	0
0.5	1100	927	0	1523498	8	10159328	100	2	2200                              	25962	0	10159328	0
0.5	1100	641	0	1444744	8	10159328	100	2	2200                              	18787	0	10159328	0
0.5	1100	789	0	1485830	8	10159328	100	2	2200                              	25546	0	10159328	0
0.5	1100	824	0	1495048	8	10159328	100	2	2200                              	32873	0	10159328	0
0.5	1100	966	0	1534192	8	10159328	100	2	2200                              	37321	0	10159328	0
0.5	1100	909	0	1518722	8	10159328	100	2	2200                              	44254	0	10159328	0
0.5	1100	832	0	1497481	8	10159328	100	2	2200                              	36649	0	10159328	0
0.5	1100	639	0	1444526	8	10159328	100	2	2200                              	21757	0	10159328	0
0.5	1100	764	0	1478862	8	10159328	100	2	2200                              	22807	0	10159328	0
0.5	1100	924	0	1522374	8	10159328	100	2	2200                              	33927	0	10159328	0
0.5	1100	702	0	1461930	8	10159328	100	2	2200                              	42727	0	10159328	0
0.5	1100	1026	0	1550838	8	10159328	100	2	2200                              	41499	0	10159328	0
0.5	1100	767	0	1479500	8	10159328	100	2	2200                              	30924	0	10159328	0
0.5	1100	836	0	1498559	8	10159328	100	2	2200                              	33445	0	10159328	0
0.5	1100	802	0	1489460	8	10159328	100	2	2200                              	32105	0	10159328	0
0.5	1100	606	0	1435454	8	10159328	100	2	2200                              	20374	0	10159328	0
0.5	1100	730	0	1469238	8	10159328	100	2	2200                              	31024	0	10159328	0
0.5	1100	785	0	1484505	8	10159328	100	2	2200                              	42238	0	10159328	0
0.5	1100	978	0	1537577	8	10159328	100	2	2200                              	28104	0	10159328	0
0.5	1100	945	0	1528164	8	10159328	100	2	2200                              	45442	0	10159328	0
0.5	1100	861	0	1505178	8	10159328	100	2	2200                              	32829	0	10159328	0
0.5	1100	709	0	1463839	8	10159328	100	2	2200                              	41099	0	10159328	0
0.5	1100	666	0	1451755	8	10159328	100	2	2200                              	23536	0	10159328	0
0.5	1100	799	0	1487934	8	10159328	100	2	2200                              	47330	0	10159328	0
0.5	1100	958	0	1532408	8	10159328	100	2	2200                              	34130	0	10159328	0
0.5	1100	881	0	1510666	8	10159328	100	2	2200                              	43550	0	10159328	0
0.5	1100	932	0	1524676	8	10159328	100	2	2200                              	37108	0	10159328	0
0.5	1100	1019	0	1548752	8	10159328	100	2	2200                              	37652	0	10159328	0
0.5	1100	759	0	1477417	8	10159328	100	2	2200                              	26443	0	10159328	0
0.5	1100	845	0	1500933	8	10159328	100	2	2200                              	31991	0	10159328	0
0.5	1100	834	0	1497693	8	10159328	100	2	2200                              	29653	0	10159328	0
0.5	1100	844	0	1501008	8	10159328	100	2	2200                              	35300	0	10159328	0
0.5	1100	899	0	1516016	8	10159328	100	2	2200                              	29538	0	10159328	0
0.5	1100	850	0	1502438	8	10159328	100	2	2200                              	40080	0	10159328	0
0.5	1100	570	0	1425337	8	10159328	100	2	2200                              	18027	0	10159328	0
0.5	1100	834	0	1498301	8	10159328	100	2	2200                              	39022	0	10159328	0
0.5	1100	825	0	1495432	8	10159328	100	2	2200                              	28603	0	10159328	0
0.5	1100	912	0	1519417	8	10159328	100	2	2200                              	42596	0	10159328	0
0.5	1100	829	0	1496649	8	10159328	100	2	2200                              	30885	0	10159328	0
0.5	1100	902	0	1516838	8	10159328	100	2	2200                              	22884	0	10159328	0
0.5	1100	708	0	1463170	8	10159328	100	2	2200                              	30069	0	10159328	0
0.5	1100	645	0	1446369	8	10159328	100	2	2200                              	25233	0	10159328	0
0.5	1100	895	0	1514497	8	10159328	100	2	2200                              	34528	0	10159328	0
0.5	1100	905	0	1517566	8	10159328	100	2	2200                              	37744	0	10159328	0
0.5	1100	971	0	1536083	8	10159328	100	2	2200                              	33710	0	10159328	0
0.5	1100	641	0	1444534	8	10159328	100	2	2200                              	21240	0	10159328	0
0.5	1100	811	0	1491671	8	10159328	100	2	2200                              	28115	0	10159328	0
0.5	1100	807	0	1490682	8	10159328	100	2	2200                              	27488	0	10159328	0
0.5	1100	777	0	1482289	8	10159328	100	2	2200                              	40043	0	10159328	0
0.5	1100	629	0	1441358	8	10159328	100	2	2200                              	23141	0	10159328	0
0.5	1100	932	0	1524985	8	10159328	100	2	2200                              	34474	0	10159328	0
0.5	1100	938	0	1526423	8	10159328	100	2	2200                              	29378	0	10159328	0
0.5	1100	1108	0	1573139	8	10159328	100	2	2200                              	33906	0	10159328	0
0.5	1100	878	0	1509972	8	10159328	100	2	2200                              	38250	0	10159328	0
0.5	1100	1030	0	1551813	8	10159328	100	2	2200                              	24671	0	10159328	0
0.5	1100	853	0	1503430	8	10159328	100	2	2200                              	35870	0	10159328	0
0.5	1100	648	0	1446487	8	10159328	100	2	2200                              	24354	0	10159328	0
0.5	1100	920	0	1521583	8	10159328	100	2	2200                              	29196	0	10159328	0
0.5	1100	871	0	1508274	8	10159328	100	2	2200                              	30050	0	10159328	0
0.5	1100	780	0	1483388	8	10159328	100	2	2200                              	36853	0	10159328	0
0.5	1100	993	0	1541860	8	10159328	100	2	2200                              	35471	0	10159328	0
0.5	1100	990	0	1541130	8	10159328	100	2	2200                              	28391	0	10159328	0
0.5	1100	930	0	1524141	8	10159328	100	2	2200                              	37902	0	10159328	0
0.5	1100	756	0	1476276	8	10159328	100	2	2200                              	29699	0	10159328	0
0.5	1100	925	0	1523242	8	10159328	100	2	2200                              	34426	0	10159328	0
0.5	1100	740	0	1472660	8	10159328	100	2	2200                              	33134	0	10159328	0
0.5	1100	843	0	1500667	8	10159328	100	2	2200                              	36899	0	10159328	0
0.5	1100	756	0	1477116	8	10159328	100	2	2200                              	27310	0	10159328	0
0.5	1100	860	0	1505066	8	10159328	100	2	2200                              	32444	0	10159328	0
0.5	1100	817	0	1493354	8	10159328	100	2	2200                              	46210	0	10159328	0
0.5	1100	1011	0	1547031	8	10159328	100	2	2200                              	38517	0	10159328	0
0.5	1100	1119	0	1576643	8	10159328	100	2	2200                              	34093	0	10159328	0
0.5	1100	721	0	1467417	8	10159328	100	2	2200                              	19518	0	10159328	0
0.5	1100	707	0	1463276	8	10159328	100	2	2200                              	29526	0	10159328	0
0.5	1100	871	0	1508325	8	10159328	100	2	2200                              	36049	0	10159328	0
0.5	1100	799	0	1488598	8	10159328	100	2	2200                              	26830	0	10159328	0
0.5	1100	908	0	1518255	8	10159328	100	2	2200                              	35482	0	10159328	0
0.5	1100	648	0	1446713	8	10159328	100	2	2200                              	21381	0	10159328	0
0.5	2100	437	0	1497115	8	10159328	100	2	4200                              	22547	0	10159328	0
0.5	2100	628	0	1596879	8	10159328	100	2	4200                              	20431	0	10159328	0
0.5	2100	668	0	1618074	8	10159328	100	2	4200                              	27970	0	10159328	0
0.5	2100	589	0	1576828	8	10159328	100	2	4200                              	24313	0	10159328	0
0.5	2100	484	0	1521432	8	10159328	100	2	4200                              	28846	0	10159328	0
0.5	2100	551	0	1556341	8	10159328	100	2	4200                              	33385	0	10159328	0
0.5	2100	531	0	1546543	8	10159328	100	2	4200                              	36998	0	10159328	0
0.5	2100	528	0	1544910	8	10159328	100	2	4200                              	27630	0	10159328	0
0.5	2100	580	0	1571756	8	10159328	100	2	4200                              	22458	0	10159328	0
0.5	2100	654	0	1611059	8	10159328	100	2	4200                              	33798	0	10159328	0
0.5	2100	617	0	1591200	8	10159328	100	2	4200                              	33441	0	10159328	0
0.5	2100	553	0	1558205	8	10159328	100	2	4200                              	33144	0	10159328	0
0.5	2100	454	0	1506032	8	10159328	100	2	4200                              	22902	0	10159328	0
0.5	2100	569	0	1566003	8	10159328	100	2	4200                              	38588	0	10159328	0
0.5	2100	614	0	1589615	8	10159328	100	2	4200                              	31987	0	10159328	0
0.5	2100	579	0	1571819	8	10159328	100	2	4200                              	44712	0	10159328	0
0.5	2100	659	0	1612600	8	10159328	100	2	4200                              	36601	0	10159328	0
0.5	2100	596	0	1580636	8	10159328	100	2	4200                              	34695	0	10159328	0
0.5	2100	527	0	1544090	8	10159328	100	2	4200                              	27511	0	10159328	0
0.5	2100	633	0	1600120	8	10159328	100	2	4200                              	29438	0	10159328	0
0.5	2100	523	0	1541837	8	10159328	100	2	4200                              	25736	0	10159328	0
0.5	2100	640	0	1603797	8	10159328	100	2	4200                              	33655	0	10159328	0
0.5	2100	611	0	1588640	8	10159328	100	2	4200                              	34467	0	10159328	0
0.5	2100	512	0	1536243	8	10159328	100	2	4200                              	40394	0	10159328	0
0.5	2100	652	0	1610412	8	10159328	100	2	4200                              	34795	0	10159328	0
0.5	2100	542	0	1551260	8	10159328	100	2	4200                              	23669	0	10159328	0
0.5	2100	557	0	1559476	8	10159328	100	2	4200                              	38257	0	10159328	0
0.5	2100	512	0	1536316	8	10159328	100	2	4200                              	26227	0	10159328	0
0.5	2100	655	0	1611235	8	10159328	100	2	4200                              	35299	0	10159328	0
0.5	2100	499	0	1530144	8	10159328	100	2	4200                              	23141	0	10159328	0
0.5	2100	538	0	1549722	8	10159328	100	2	4200                              	31592	0	10159328	0
0.5	2100	646	0	1606902	8	10159328	100	2	4200                              	31726	0	10159328	0
0.5	2100	657	0	1611829	8	10159328	100	2	4200                              	32461	0	10159328	0
0.5	2100	507	0	1533497	8	10159328	100	2	4200                              	33211	0	10159328	0
0.5	2100	568	0	1565730	8	10159328	100	2	4200                              	29956	0	10159328	0
0.5	2100	608	0	1586660	8	10159328	100	2	4200                              	25727	0	10159328	0
0.5	2100	556	0	1559282	8	10159328	100	2	4200                              	34353	0	10159328	0
0.5	2100	399	0	1476700	8	10159328	100	2	4200                              	19630	0	10159328	0
0.5	2100	531	0	1547345	8	10159328	100	2	4200                              	26012	0	10159328	0
0.5	2100	614	0	1590475	8	10159328	100	2	4200                              	27777	0	10159328	0
0.5	2100	519	0	1540526	8	10159328	100	2	4200                              	23920	0	10159328	0
0.5	2100	540	0	1551320	8	10159328	100	2	4200                              	34549	0	10159328	0
0.5	2100	622	0	1594453	8	10159328	100	2	4200                              	35232	0	10159328	0
0.5	2100	617	0	1591211	8	10159328	100	2	4200                              	25192	0	10159328	0
0.5	2100	554	0	1559025	8	10159328	100	2	4200                              	34035	0	10159328	0
0.5	2100	593	0	1578447	8	10159328	100	2	4200                              	28250	0	10159328	0
0.5	2100	563	0	1563059	8	10159328	100	2	4200                              	34164	0	10159328	0
0.5	2100	607	0	1586078	8	10159328	100	2	4200                              	26235	0	10159328	0
0.5	2100	576	0	1569978	8	10159328	100	2	4200                              	25451	0	10159328	0
0.5	2100	549	0	1556045	8	10159328	100	2	4200                              	32462	0	10159328	0
0.5	2100	526	0	1544017	8	10159328	100	2	4200                              	22763	0	10159328	0
0.5	2100	537	0	1549668	8	10159328	100	2	4200                              	40366	0	10159328	0
0.5	2100	528	0	1545140	8	10159328	100	2	4200                              	25286	0	10159328	0
0.5	2100	533	0	1547949	8	10159328	100	2	4200                              	31789	0	10159328	0
0.5	2100	608	0	1586781	8	10159328	100	2	4200                              	28742	0	10159328	0
0.5	2100	552	0	1557463	8	10159328	100	2	4200                              	35692	0	10159328	0
0.5	2100	455	0	1506684	8	10159328	100	2	4200                              	22697	0	10159328	0
0.5	2100	555	0	1558376	8	10159328	100	2	4200                              	35748	0	10159328	0
0.5	2100	536	0	1549633	8	10159328	100	2	4200                              	30152	0	10159328	0
0.5	2100	608	0	1586898	8	10159328	100	2	4200                              	26589	0	10159328	0
0.5	2100	546	0	1554283	8	10159328	100	2	4200                              	36605	0	10159328	0
0.5	2100	483	0	1520623	8	10159328	100	2	4200                              	30527	0	10159328	0
0.5	2100	572	0	1568361	8	10159328	100	2	4200                              	34179	0	10159328	0
0.5	2100	665	0	1615780	8	10159328	100	2	4200                              	30827	0	10159328	0
0.5	2100	518	0	1540021	8	10159328	100	2	4200                              	42534	0	10159328	0
0.5	2100	622	0	1594010	8	10159328	100	2	4200                              	38362	0	10159328	0
0.5	2100	546	0	1554344	8	10159328	100	2	4200                              	24470	0	10159328	0
0.5	2100	570	0	1566332	8	10159328	100	2	4200                              	24243	0	10159328	0
0.5	2100	579	0	1571498	8	10159328	100	2	4200                              	30119	0	10159328	0
0.5	2100	566	0	1564299	8	10159328	100	2	4200                              	32701	0	10159328	0
0.5	2100	560	0	1561569	8	10159328	100	2	4200                              	36425	0	10159328	0
0.5	2100	695	0	1632584	8	10159328	100	2	4200                              	27417	0	10159328	0
0.5	2100	564	0	1563208	8	10159328	100	2	4200                              	32934	0	10159328	0
0.5	2100	570	0	1567050	8	10159328	100	2	4200                              	43435	0	10159328	0
0.5	2100	477	0	1517555	8	10159328	100	2	4200                              	24987	0	10159328	0
0.5	2100	670	0	1619305	8	10159328	100	2	4200                              	36800	0	10159328	0
0.5	2100	607	0	1585770	8	10159328	100	2	4200                              	27422	0	10159328	0
0.5	2100	541	0	1551368	8	10159328	100	2	4200                              	34177	0	10159328	0
0.5	2100	730	0	1650802	8	10159328	100	2	4200                              	32410	0	10159328	0
0.5	2100	534	0	1547907	8	10159328	100	2	4200                              	27937	0	10159328	0
0.5	2100	607	0	1586122	8	10159328	100	2	4200                              	35907	0	10159328	0
0.5	2100	622	0	1593474	8	10159328	100	2	4200                              	33332	0	10159328	0
0.5	2100	546	0	1554027	8	10159328	100	2	4200                              	34462	0	10159328	0
0.5	2100	530	0	1545734	8	10159328	100	2	4200                              	31041	0	10159328	0
0.5	2100	397	0	1476333	8	10159328	100	2	4200                              	20715	0	10159328	0
0.5	2100	490	0	1524713	8	10159328	100	2	4200                              	22289	0	10159328	0
0.5	2100	670	0	1619149	8	10159328	100	2	4200                              	28032	0	10159328	0
0.5	2100	620	0	1592229	8	10159328	100	2	4200                              	26633	0	10159328	0
0.5	2100	704	0	1637759	8	10159328	100	2	4200                              	32192	0	10159328	0
0.5	2100	606	0	1586059	8	10159328	100	2	4200                              	30679	0	10159328	0
0.5	2100	713	0	1641477	8	10159328	100	2	4200                              	29293	0	10159328	0
0.5	2100	600	0	1582910	8	10159328	100	2	4200                              	31806	0	10159328	0
0.5	2100	531	0	1545770	8	10159328	100	2	4200                              	35043	0	10159328	0
0.5	2100	462	0	1510142	8	10159328	100	2	4200                              	25538	0	10159328	0
0.5	2100	662	0	1614752	8	10159328	100	2	4200                              	40002	0	10159328	0
0.5	2100	559	0	1560938	8	10159328	100	2	4200                              	33005	0	10159328	0
0.5	2100	475	0	1516517	8	10159328	100	2	4200                              	32748	0	10159328	0
0.5	2100	533	0	1547403	8	10159328	100	2	4200                              	28325	0	10159328	0
0.5	2100	648	0	1607616	8	10159328	100	2	4200                              	33839	0	10159328	0
0.5	2100	592	0	1578223	8	10159328	100	2	4200                              	42671	0	10159328	0
0.5	3100	478	0	1636489	8	10159328	100	2	6200                              	26158	0	10159328	0
0.5	3100	467	0	1629281	8	10159328	100	2	6200                              	32771	0	10159328	0
0.5	3100	386	0	1565807	8	10159328	100	2	6200                              	23300	0	10159328	0
0.5	3100	467	0	1627252	8	10159328	100	2	6200                              	26998	0	10159328	0
0.5	3100	339	0	1528957	8	10159328	100	2	6200                              	19542	0	10159328	0
0.5	3100	421	0	1591898	8	10159328	100	2	6200                              	32883	0	10159328	0
0.5	3100	333	0	1524601	8	10159328	100	2	6200                              	21152	0	10159328	0
0.5	3100	460	0	1621984	8	10159328	100	2	6200                              	32654	0	10159328	0
0.5	3100	422	0	1592309	8	10159328	100	2	6200                              	29776	0	10159328	0
0.5	3100	447	0	1611971	8	10159328	100	2	6200                              	33939	0	10159328	0
0.5	3100	453	0	1617504	8	10159328	100	2	6200                              	27405	0	10159328	0
0.5	3100	534	0	1679971	8	10159328	100	2	6200                              	24234	0	10159328	0
0.5	3100	493	0	1648443	8	10159328	100	2	6200                              	22814	0	10159328	0
0.5	3100	423	0	1594077	8	10159328	100	2	6200                              	33630	0	10159328	0
0.5	3100	412	0	1586589	8	10159328	100	2	6200                              	30093	0	10159328	0
0.5	3100	447	0	1613033	8	10159328	100	2	6200                              	31210	0	10159328	0
0.5	3100	513	0	1664322	8	10159328	100	2	6200                              	25280	0	10159328	0
0.5	3100	410	0	1583751	8	10159328	100	2	6200                              	22594	0	10159328	0
0.5	3100	542	0	1687093	8	10159328	100	2	6200                              	25980	0	10159328	0
0.5	3100	479	0	1638172	8	10159328	100	2	6200                              	39115	0	10159328	0
0.5	3100	414	0	1587821	8	10159328	100	2	6200                              	32473	0	10159328	0
0.5	3100	328	0	1521181	8	10159328	100	2	6200                              	17019	0	10159328	0
0.5	3100	478	0	1638271	8	10159328	100	2	6200                              	26236	0	10159328	0
0.5	3100	509	0	1661818	8	10159328	100	2	6200                              	33767	0	10159328	0
0.5	3100	472	0	1632347	8	10159328	100	2	6200                              	32842	0	10159328	0
0.5	3100	532	0	1678522	8	10159328	100	2	6200                              	27907	0	10159328	0
0.5	3100	424	0	1595131	8	10159328	100	2	6200                              	33248	0	10159328	0
0.5	3100	459	0	1621611	8	10159328	100	2	6200                              	37291	0	10159328	0
0.5	3100	511	0	1662166	8	10159328	100	2	6200                              	41131	0	10159328	0
0.5	3100	557	0	1699202	8	10159328	100	2	6200                              	28398	0	10159328	0
0.5	3100	499	0	1652829	8	10159328	100	2	6200                              	32481	0	10159328	0
0.5	3100	513	0	1663357	8	10159328	100	2	6200                              	26759	0	10159328	0
0.5	3100	574	0	1710893	8	10159328	100	2	6200                              	31686	0	10159328	0
0.5	3100	528	0	1675027	8	10159328	100	2	6200                              	33999	0	10159328	0
0.5	3100	518	0	1669284	8	10159328	100	2	6200                              	33747	0	10159328	0
0.5	3100	452	0	1615724	8	10159328	100	2	6200                              	32399	0	10159328	0
0.5	3100	440	0	1607697	8	10159328	100	2	6200                              	32231	0	10159328	0
0.5	3100	373	0	1554683	8	10159328	100	2	6200                              	16458	0	10159328	0
0.5	3100	426	0	1596437	8	10159328	100	2	6200                              	28677	0	10159328	0
0.5	3100	460	0	1623901	8	10159328	100	2	6200                              	33713	0	10159328	0
0.5	3100	494	0	1648937	8	10159328	100	2	6200                              	31536	0	10159328	0
0.5	3100	421	0	1593066	8	10159328	100	2	6200                              	23189	0	10159328	0
0.5	3100	476	0	1635401	8	10159328	100	2	6200                              	33216	0	10159328	0
0.5	3100	489	0	1645631	8	10159328	100	2	6200                              	24015	0	10159328	0
0.5	3100	487	0	1644589	8	10159328	100	2	6200                              	22164	0	10159328	0
0.5	3100	478	0	1637457	8	10159328	100	2	6200                              	29376	0	10159328	0
0.5	3100	443	0	1609307	8	10159328	100	2	6200                              	28169	0	10159328	0
0.5	3100	442	0	1608622	8	10159328	100	2	6200                              	33597	0	10159328	0
0.5	3100	327	0	1519453	8	10159328	100	2	6200                              	17951	0	10159328	0
0.5	3100	448	0	1613692	8	10159328	100	2	6200                              	20105	0	10159328	0
0.5	3100	468	0	1628998	8	10159328	100	2	6200                              	26627	0	10159328	0
0.5	3100	453	0	1617741	8	10159328	100	2	6200                              	25444	0	10159328	0
0.5	3100	478	0	1637544	8	10159328	100	2	6200                              	33552	0	10159328	0
0.5	3100	380	0	1560734	8	10159328	100	2	6200                              	16675	0	10159328	0
0.5	3100	367	0	1549711	8	10159328	100	2	6200                              	18763	0	10159328	0
0.5	3100	482	0	1639889	8	10159328	100	2	6200                              	26781	0	10159328	0
0.5	3100	428	0	1598172	8	10159328	100	2	6200                              	23017	0	10159328	0
0.5	3100	426	0	1596898	8	10159328	100	2	6200                              	28189	0	10159328	0
0.5	3100	532	0	1678633	8	10159328	100	2	6200                              	23196	0	10159328	0
0.5	3100	524	0	1671684	8	10159328	100	2	6200                              	24394	0	10159328	0
0.5	3100	441	0	1607972	8	10159328	100	2	6200                              	25041	0	10159328	0
0.5	3100	549	0	1692051	8	10159328	100	2	6200                              	37666	0	10159328	0
0.5	3100	600	0	1731015	8	10159328	100	2	6200                              	34403	0	10159328	0
0.5	3100	502	0	1655194	8	10159328	100	2	6200                              	22837	0	10159328	0
0.5	3100	426	0	1597207	8	10159328	100	2	6200                              	30844	0	10159328	0
0.5	3100	477	0	1636304	8	10159328	100	2	6200                              	34846	0	10159328	0
0.5	3100	457	0	1620680	8	10159328	100	2	6200                              	31876	0	10159328	0
0.5	3100	508	0	1659138	8	10159328	100	2	6200                              	29774	0	10159328	0
0.5	3100	455	0	1619822	8	10159328	100	2	6200                              	35506	0	10159328	0
0.5	3100	419	0	1591593	8	10159328	100	2	6200                              	23187	0	10159328	0
0.5	3100	482	0	1639178	8	10159328	100	2	6200                              	39809	0	10159328	0
0.5	3100	585	0	1720662	8	10159328	100	2	6200                              	42616	0	10159328	0
0.5	3100	525	0	1674275	8	10159328	100	2	6200                              	29808	0	10159328	0
0.5	3100	438	0	1605080	8	10159328	100	2	6200                              	34004	0	10159328	0
0.5	3100	435	0	1603037	8	10159328	100	2	6200                              	28960	0	10159328	0
0.5	3100	441	0	1608707	8	10159328	100	2	6200                              	37809	0	10159328	0
0.5	3100	434	0	1602738	8	10159328	100	2	6200                              	24214	0	10159328	0
0.5	3100	457	0	1619985	8	10159328	100	2	6200                              	34213	0	10159328	0
0.5	3100	463	0	1623896	8	10159328	100	2	6200                              	25646	0	10159328	0
0.5	3100	426	0	1596266	8	10159328	100	2	6200                              	34482	0	10159328	0
0.5	3100	443	0	1609224	8	10159328	100	2	6200                              	24791	0	10159328	0
0.5	3100	494	0	1648792	8	10159328	100	2	6200                              	36393	0	10159328	0
0.5	3100	454	0	1618059	8	10159328	100	2	6200                              	27197	0	10159328	0
0.5	3100	452	0	1616278	8	10159328	100	2	6200                              	22401	0	10159328	0
0.5	3100	492	0	1646243	8	10159328	100	2	6200                              	28898	0	10159328	0
0.5	3100	431	0	1599747	8	10159328	100	2	6200                              	21267	0	10159328	0
0.5	3100	406	0	1582002	8	10159328	100	2	6200                              	36436	0	10159328	0
0.5	3100	445	0	1611300	8	10159328	100	2	6200                              	45436	0	10159328	0
0.5	3100	474	0	1634263	8	10159328	100	2	6200                              	24948	0	10159328	0
0.5	3100	435	0	1604505	8	10159328	100	2	6200                              	24612	0	10159328	0
0.5	3100	437	0	1605442	8	10159328	100	2	6200                              	34903	0	10159328	0
0.5	3100	470	0	1630728	8	10159328	100	2	6200                              	27313	0	10159328	0
0.5	3100	509	0	1660393	8	10159328	100	2	6200                              	34966	0	10159328	0
0.5	3100	426	0	1595958	8	10159328	100	2	6200                              	20438	0	10159328	0
0.5	3100	373	0	1555373	8	10159328	100	2	6200                              	24256	0	10159328	0
0.5	3100	481	0	1638996	8	10159328	100	2	6200                              	30183	0	10159328	0
0.5	3100	345	0	1534195	8	10159328	100	2	6200                              	21239	0	10159328	0
0.5	3100	509	0	1660162	8	10159328	100	2	6200                              	26856	0	10159328	0
0.5	3100	398	0	1574308	8	10159328	100	2	6200                              	25200	0	10159328	0
0.5	3100	430	0	1599063	8	10159328	100	2	6200                              	27433	0	10159328	0
0.5	4100	408	0	1684089	8	10159328	100	2	8200                              	29128	0	10159328	0
0.5	4100	456	0	1732639	8	10159328	100	2	8200                              	26536	0	10159328	0
0.5	4100	386	0	1661901	8	10159328	100	2	8200                              	19127	0	10159328	0
0.5	4100	410	0	1685494	8	10159328	100	2	8200                              	25666	0	10159328	0
0.5	4100	463	0	1739563	8	10159328	100	2	8200                              	28108	0	10159328	0
0.5	4100	474	0	1750677	8	10159328	100	2	8200                              	34102	0	10159328	0
0.5	4100	407	0	1682248	8	10159328	100	2	8200                              	32702	0	10159328	0
0.5	4100	410	0	1685546	8	10159328	100	2	8200                              	43206	0	10159328	0
0.5	4100	365	0	1639966	8	10159328	100	2	8200                              	23423	0	10159328	0
0.5	4100	383	0	1656223	8	10159328	100	2	8200                              	28113	0	10159328	0
0.5	4100	428	0	1704369	8	10159328	100	2	8200                              	30999	0	10159328	0
0.5	4100	451	0	1727861	8	10159328	100	2	8200                              	40765	0	10159328	0
0.5	4100	365	0	1638198	8	10159328	100	2	8200                              	23190	0	10159328	0
0.5	4100	420	0	1694882	8	10159328	100	2	8200                              	26141	0	10159328	0
0.5	4100	383	0	1657519	8	10159328	100	2	8200                              	24074	0	10159328	0
0.5	4100	446	0	1723092	8	10159328	100	2	8200                              	33256	0	10159328	0
0.5	4100	392	0	1666166	8	10159328	100	2	8200                              	30640	0	10159328	0
0.5	4100	488	0	1765956	8	10159328	100	2	8200                              	32244	0	10159328	0
0.5	4100	352	0	1626328	8	10159328	100	2	8200                              	30756	0	10159328	0
0.5	4100	404	0	1678542	8	10159328	100	2	8200                              	29215	0	10159328	0
0.5	4100	415	0	1690487	8	10159328	100	2	8200                              	32635	0	10159328	0
0.5	4100	406	0	1682163	8	10159328	100	2	8200                              	34381	0	10159328	0
0.5	4100	351	0	1624911	8	10159328	100	2	8200                              	23911	0	10159328	0
0.5	4100	398	0	1672976	8	10159328	100	2	8200                              	26234	0	10159328	0
0.5	4100	289	0	1560875	8	10159328	100	2	8200                              	18567	0	10159328	0
0.5	4100	370	0	1645365	8	10159328	100	2	8200                              	26929	0	10159328	0
0.5	4100	394	0	1669560	8	10159328	100	2	8200                              	28957	0	10159328	0
0.5	4100	461	0	1736292	8	10159328	100	2	8200                              	34167	0	10159328	0
0.5	4100	428	0	1704005	8	10159328	100	2	8200                              	27629	0	10159328	0
0.5	4100	426	0	1700381	8	10159328	100	2	8200                              	30478	0	10159328	0
0.5	4100	407	0	1682737	8	10159328	100	2	8200                              	30938	0	10159328	0
0.5	4100	351	0	1623330	8	10159328	100	2	8200                              	43063	0	10159328	0
0.5	4100	395	0	1671093	8	10159328	100	2	8200                              	20024	0	10159328	0
0.5	4100	401	0	1675953	8	10159328	100	2	8200                              	28779	0	10159328	0
0.5	4100	408	0	1683543	8	10159328	100	2	8200                              	33854	0	10159328	0
0.5	4100	418	0	1693552	8	10159328	100	2	8200                              	23413	0	10159328	0
0.5	4100	387	0	1661984	8	10159328	100	2	8200                              	32057	0	10159328	0
0.5	4100	339	0	1612336	8	10159328	100	2	8200                              	36215	0	10159328	0
0.5	4100	360	0	1634333	8	10159328	100	2	8200                              	26663	0	10159328	0
0.5	4100	386	0	1660361	8	10159328	100	2	8200                              	32001	0	10159328	0
0.5	4100	447	0	1722559	8	10159328	100	2	8200                              	27385	0	10159328	0
0.5	4100	458	0	1733941	8	10159328	100	2	8200                              	32713	0	10159328	0
0.5	4100	419	0	1694315	8	10159328	100	2	8200                              	32798	0	10159328	0
0.5	4100	432	0	1709021	8	10159328	100	2	8200                              	41233	0	10159328	0
0.5	4100	366	0	1640291	8	10159328	100	2	8200                              	31522	0	10159328	0
0.5	4100	410	0	1685731	8	10159328	100	2	8200                              	32234	0	10159328	0
0.5	4100	373	0	1646926	8	10159328	100	2	8200                              	24436	0	10159328	0
0.5	4100	375	0	1649568	8	10159328	100	2	8200                              	24960	0	10159328	0
0.5	4100	336	0	1610210	8	10159328	100	2	8200                              	27103	0	10159328	0
0.5	4100	398	0	1673608	8	10159328	100	2	8200                              	33282	0	10159328	0
0.5	4100	398	0	1674209	8	10159328	100	2	8200                              	40146	0	10159328	0
0.5	4100	480	0	1757263	8	10159328	100	2	8200                              	22860	0	10159328	0
0.5	4100	403	0	1676959	8	10159328	100	2	8200                              	22749	0	10159328	0
0.5	4100	406	0	1680967	8	10159328	100	2	8200                              	24054	0	10159328	0
0.5	4100	383	0	1658154	8	10159328	100	2	8200                              	33222	0	10159328	0
0.5	4100	351	0	1624654	8	10159328	100	2	8200                              	22114	0	10159328	0
0.5	4100	446	0	1723106	8	10159328	100	2	8200                              	24881	0	10159328	0
0.5	4100	470	0	1748626	8	10159328	100	2	8200                              	41798	0	10159328	0
0.5	4100	459	0	1735712	8	10159328	100	2	8200                              	33601	0	10159328	0
0.5	4100	451	0	1725973	8	10159328	100	2	8200                              	32220	0	10159328	0
0.5	4100	363	0	1637691	8	10159328	100	2	8200                              	21453	0	10159328	0
0.5	4100	383	0	1658848	8	10159328	100	2	8200                              	22377	0	10159328	0
0.5	4100	356	0	1630974	8	10159328	100	2	8200                              	25452	0	10159328	0
0.5	4100	417	0	1693284	8	10159328	100	2	8200                              	24812	0	10159328	0
0.5	4100	420	0	1695898	8	10159328	100	2	8200                              	32077	0	10159328	0
0.5	4100	393	0	1668814	8	10159328	100	2	8200                              	29066	0	10159328	0
0.5	4100	384	0	1659403	8	10159328	100	2	8200                              	23406	0	10159328	0
0.5	4100	373	0	1648401	8	10159328	100	2	8200                              	30552	0	10159328	0
0.5	4100	414	0	1688781	8	10159328	100	2	8200                              	30901	0	10159328	0
0.5	4100	441	0	1718310	8	10159328	100	2	8200                              	24878	0	10159328	0
0.5	4100	388	0	1661825	8	10159328	100	2	8200                              	29108	0	10159328	0
0.5	4100	421	0	1696244	8	10159328	100	2	8200                              	42113	0	10159328	0
0.5	4100	385	0	1659013	8	10159328	100	2	8200                              	25395	0	10159328	0
0.5	4100	392	0	1666964	8	10159328	100	2	8200                              	23434	0	10159328	0
0.5	4100	346	0	1620035	8	10159328	100	2	8200                              	25369	0	10159328	0
0.5	4100	387	0	1661181	8	10159328	100	2	8200                              	42405	0	10159328	0
0.5	4100	362	0	1637015	8	10159328	100	2	8200                              	34803	0	10159328	0
0.5	4100	453	0	1727361	8	10159328	100	2	8200                              	23955	0	10159328	0
0.5	4100	304	0	1577026	8	10159328	100	2	8200                              	19658	0	10159328	0
0.5	4100	331	0	1603808	8	10159328	100	2	8200                              	30490	0	10159328	0
0.5	4100	405	0	1680168	8	10159328	100	2	8200                              	23466	0	10159328	0
0.5	4100	373	0	1647954	8	10159328	100	2	8200                              	29054	0	10159328	0
0.5	4100	388	0	1663269	8	10159328	100	2	8200                              	27761	0	10159328	0
0.5	4100	394	0	1669581	8	10159328	100	2	8200                              	37745	0	10159328	0
0.5	4100	363	0	1636546	8	10159328	100	2	8200                              	27131	0	10159328	0
0.5	4100	349	0	1622374	8	10159328	100	2	8200                              	26100	0	10159328	0
0.5	4100	396	0	1671720	8	10159328	100	2	8200                              	20887	0	10159328	0
0.5	4100	393	0	1667138	8	10159328	100	2	8200                              	26814	0	10159328	0
0.5	4100	365	0	1639828	8	10159328	100	2	8200                              	22903	0	10159328	0
0.5	4100	463	0	1738938	8	10159328	100	2	8200                              	29678	0	10159328	0
0.5	4100	466	0	1743523	8	10159328	100	2	8200                              	43626	0	10159328	0
0.5	4100	451	0	1727614	8	10159328	100	2	8200                              	36090	0	10159328	0
0.5	4100	414	0	1689315	8	10159328	100	2	8200                              	20479	0	10159328	0
0.5	4100	404	0	1679275	8	10159328	100	2	8200                              	28491	0	10159328	0
0.5	4100	433	0	1709045	8	10159328	100	2	8200                              	32430	0	10159328	0
0.5	4100	305	0	1577625	8	10159328	100	2	8200                              	18820	0	10159328	0
0.5	4100	397	0	1671263	8	10159328	100	2	8200                              	25908	0	10159328	0
0.5	4100	354	0	1626742	8	10159328	100	2	8200                              	25986	0	10159328	0
0.5	4100	419	0	1695075	8	10159328	100	2	8200                              	22178	0	10159328	0
0.5	4100	366	0	1640682	8	10159328	100	2	8200                              	25111	0	10159328	0
0.5	5100	368	0	1732731	8	10159328	100	2	10200                              	34708	0	10159328	0
0.5	5100	379	0	1747310	8	10159328	100	2	10200                              	33969	0	10159328	0
0.5	5100	344	0	1703577	8	10159328	100	2	10200                              	28860	0	10159328	0
0.5	5100	380	0	1748882	8	10159328	100	2	10200                              	42555	0	10159328	0
0.5	5100	398	0	1771362	8	10159328	100	2	10200                              	25423	0	10159328	0
0.5	5100	393	0	1765093	8	10159328	100	2	10200                              	31669	0	10159328	0
0.5	5100	425	0	1804341	8	10159328	100	2	10200                              	31241	0	10159328	0
0.5	5100	379	0	1746338	8	10159328	100	2	10200                              	42888	0	10159328	0
0.5	5100	380	0	1749933	8	10159328	100	2	10200                              	34895	0	10159328	0
0.5	5100	314	0	1663756	8	10159328	100	2	10200                              	28562	0	10159328	0
0.5	5100	370	0	1733984	8	10159328	100	2	10200                              	30477	0	10159328	0
0.5	5100	413	0	1792004	8	10159328	100	2	10200                              	30395	0	10159328	0
0.5	5100	330	0	1685148	8	10159328	100	2	10200                              	31221	0	10159328	0
0.5	5100	327	0	1680151	8	10159328	100	2	10200                              	30940	0	10159328	0
0.5	5100	260	0	1596526	8	10159328	100	2	10200                              	19831	0	10159328	0
0.5	5100	350	0	1709585	8	10159328	100	2	10200                              	25432	0	10159328	0
0.5	5100	372	0	1739692	8	10159328	100	2	10200                              	31434	0	10159328	0
0.5	5100	408	0	1785218	8	10159328	100	2	10200                              	32829	0	10159328	0
0.5	5100	416	0	1795811	8	10159328	100	2	10200                              	41691	0	10159328	0
0.5	5100	367	0	1731457	8	10159328	100	2	10200                              	22737	0	10159328	0
0.5	5100	355	0	1717891	8	10159328	100	2	10200                              	22160	0	10159328	0
0.5	5100	350	0	1711601	8	10159328	100	2	10200                              	30986	0	10159328	0
0.5	5100	269	0	1609116	8	10159328	100	2	10200                              	24545	0	10159328	0
0.5	5100	344	0	1702552	8	10159328	100	2	10200                              	21452	0	10159328	0
0.5	5100	425	0	1804680	8	10159328	100	2	10200                              	37821	0	10159328	0
0.5	5100	396	0	1770101	8	10159328	100	2	10200                              	34083	0	10159328	0
0.5	5100	345	0	1704559	8	10159328	100	2	10200                              	24663	0	10159328	0
0.5	5100	358	0	1718631	8	10159328	100	2	10200                              	34060	0	10159328	0
0.5	5100	234	0	1564447	8	10159328	100	2	10200                              	17350	0	10159328	0
0.5	5100	319	0	1669551	8	10159328	100	2	10200                              	30171	0	10159328	0
0.5	5100	393	0	1765044	8	10159328	100	2	10200                              	24550	0	10159328	0
0.5	5100	345	0	1703054	8	10159328	100	2	10200                              	23777	0	10159328	0
0.5	5100	392	0	1765157	8	10159328	100	2	10200                              	32034	0	10159328	0
0.5	5100	379	0	1747457	8	10159328	100	2	10200                              	29986	0	10159328	0
0.5	5100	355	0	1716405	8	10159328	100	2	10200                              	33385	0	10159328	0
0.5	5100	314	0	1664656	8	10159328	100	2	10200                              	21059	0	10159328	0
0.5	5100	329	0	1684229	8	10159328	100	2	10200                              	23890	0	10159328	0
0.5	5100	261	0	1598164	8	10159328	100	2	10200                              	21998	0	10159328	0
0.5	5100	296	0	1641113	8	10159328	100	2	10200                              	33040	0	10159328	0
0.5	5100	432	0	1815310	8	10159328	100	2	10200                              	23124	0	10159328	0
0.5	5100	363	0	1725943	8	10159328	100	2	10200                              	25081	0	10159328	0
0.5	5100	412	0	1787654	8	10159328	100	2	10200                              	38717	0	10159328	0
0.5	5100	331	0	1686481	8	10159328	100	2	10200                              	28274	0	10159328	0
0.5	5100	397	0	1768099	8	10159328	100	2	10200                              	32673	0	10159328	0
0.5	5100	374	0	1740704	8	10159328	100	2	10200                              	37122	0	10159328	0
0.5	5100	356	0	1718846	8	10159328	100	2	10200                              	31471	0	10159328	0
0.5	5100	413	0	1790720	8	10159328	100	2	10200                              	36705	0	10159328	0
0.5	5100	352	0	1711366	8	10159328	100	2	10200                              	22951	0	10159328	0
0.5	5100	372	0	1738107	8	10159328	100	2	10200                              	39327	0	10159328	0
0.5	5100	346	0	1706387	8	10159328	100	2	10200                              	28184	0	10159328	0
0.5	5100	364	0	1728345	8	10159328	100	2	10200                              	29726	0	10159328	0
0.5	5100	296	0	1641852	8	10159328	100	2	10200                              	25771	0	10159328	0
0.5	5100	255	0	1589268	8	10159328	100	2	10200                              	13758	0	10159328	0
0.5	5100	382	0	1753289	8	10159328	100	2	10200                              	24347	0	10159328	0
0.5	5100	379	0	1745665	8	10159328	100	2	10200                              	29675	0	10159328	0
0.5	5100	307	0	1655582	8	10159328	100	2	10200                              	19861	0	10159328	0
0.5	5100	375	0	1743202	8	10159328	100	2	10200                              	28810	0	10159328	0
0.5	5100	388	0	1758879	8	10159328	100	2	10200                              	23143	0	10159328	0
0.5	5100	380	0	1747295	8	10159328	100	2	10200                              	28721	0	10159328	0
0.5	5100	370	0	1737070	8	10159328	100	2	10200                              	19929	0	10159328	0
0.5	5100	368	0	1735916	8	10159328	100	2	10200                              	29399	0	10159328	0
0.5	5100	344	0	1704825	8	10159328	100	2	10200                              	33728	0	10159328	0
0.5	5100	396	0	1768115	8	10159328	100	2	10200                              	25506	0	10159328	0
0.5	5100	380	0	1747739	8	10159328	100	2	10200                              	40326	0	10159328	0
0.5	5100	282	0	1624686	8	10159328	100	2	10200                              	23330	0	10159328	0
0.5	5100	383	0	1752997	8	10159328	100	2	10200                              	32264	0	10159328	0
0.5	5100	256	0	1591221	8	10159328	100	2	10200                              	21190	0	10159328	0
0.5	5100	322	0	1671939	8	10159328	100	2	10200                              	29129	0	10159328	0
0.5	5100	332	0	1687024	8	10159328	100	2	10200                              	21936	0	10159328	0
0.5	5100	278	0	1618307	8	10159328	100	2	10200                              	17349	0	10159328	0
0.5	5100	368	0	1733709	8	10159328	100	2	10200                              	39484	0	10159328	0
0.5	5100	291	0	1635926	8	10159328	100	2	10200                              	26860	0	10159328	0
0.5	5100	327	0	1680280	8	10159328	100	2	10200                              	23379	0	10159328	0
0.5	5100	346	0	1706284	8	10159328	100	2	10200                              	26048	0	10159328	0
0.5	5100	308	0	1656274	8	10159328	100	2	10200                              	29481	0	10159328	0
0.5	5100	353	0	1713350	8	10159328	100	2	10200                              	26392	0	10159328	0
0.5	5100	402	0	1776085	8	10159328	100	2	10200                              	26648	0	10159328	0
0.5	5100	412	0	1789754	8	10159328	100	2	10200                              	19091	0	10159328	0
0.5	5100	360	0	1724484	8	10159328	100	2	10200                              	30074	0	10159328	0
0.5	5100	368	0	1734133	8	10159328	100	2	10200                              	43928	0	10159328	0
0.5	5100	339	0	1697801	8	10159328	100	2	10200                              	31585	0	10159328	0
0.5	5100	334	0	1689279	8	10159328	100	2	10200                              	25402	0	10159328	0
0.5	5100	252	0	1585230	8	10159328	100	2	10200                              	22836	0	10159328	0
0.5	5100	323	0	1676068	8	10159328	100	2	10200                              	26176	0	10159328	0
0.5	5100	408	0	1784104	8	10159328	100	2	10200                              	30857	0	10159328	0
0.5	5100	304	0	1651044	8	10159328	100	2	10200                              	28033	0	10159328	0
0.5	5100	267	0	1603275	8	10159328	100	2	10200                              	19442	0	10159328	0
0.5	5100	306	0	1653147	8	10159328	100	2	10200                              	21777	0	10159328	0
0.5	5100	367	0	1732798	8	10159328	100	2	10200                              	29822	0	10159328	0
0.5	5100	296	0	1642732	8	10159328	100	2	10200                              	32941	0	10159328	0
0.5	5100	379	0	1747405	8	10159328	100	2	10200                              	23456	0	10159328	0
0.5	5100	332	0	1686213	8	10159328	100	2	10200                              	26604	0	10159328	0
0.5	5100	354	0	1714281	8	10159328	100	2	10200                              	31160	0	10159328	0
0.5	5100	303	0	1651111	8	10159328	100	2	10200                              	19830	0	10159328	0
0.5	5100	326	0	1678751	8	10159328	100	2	10200                              	29976	0	10159328	0
0.5	5100	314	0	1664801	8	10159328	100	2	10200                              	38730	0	10159328	0
0.5	5100	355	0	1717324	8	10159328	100	2	10200                              	32069	0	10159328	0
0.5	5100	353	0	1713764	8	10159328	100	2	10200                              	32880	0	10159328	0
0.5	5100	322	0	1675211	8	10159328	100	2	10200                              	29924	0	10159328	0
0.5	5100	303	0	1650489	8	10159328	100	2	10200                              	23682	0	10159328	0
0.5	6100	405	0	1881380	8	10159328	100	2	12200                              	19943	0	10159328	0
0.5	6100	290	0	1704152	8	10159328	100	2	12200                              	19603	0	10159328	0
0.5	6100	352	0	1798520	8	10159328	100	2	12200                              	29953	0	10159328	0
0.5	6100	279	0	1686686	8	10159328	100	2	12200                              	32456	0	10159328	0
0.5	6100	363	0	1817589	8	10159328	100	2	12200                              	27210	0	10159328	0
0.5	6100	343	0	1786559	8	10159328	100	2	12200                              	22402	0	10159328	0
0.5	6100	355	0	1805572	8	10159328	100	2	12200                              	30505	0	10159328	0
0.5	6100	361	0	1814812	8	10159328	100	2	12200                              	23773	0	10159328	0
0.5	6100	372	0	1830867	8	10159328	100	2	12200                              	33596	0	10159328	0
0.5	6100	323	0	1754394	8	10159328	100	2	12200                              	22901	0	10159328	0
0.5	6100	257	0	1653535	8	10159328	100	2	12200                              	29770	0	10159328	0
0.5	6100	414	0	1895795	8	10159328	100	2	12200                              	32970	0	10159328	0
0.5	6100	361	0	1813380	8	10159328	100	2	12200                              	43789	0	10159328	0
0.5	6100	314	0	1741182	8	10159328	100	2	12200                              	21940	0	10159328	0
0.5	6100	354	0	1802525	8	10159328	100	2	12200                              	23599	0	10159328	0
0.5	6100	349	0	1795331	8	10159328	100	2	12200                              	27339	0	10159328	0
0.5	6100	293	0	1709443	8	10159328	100	2	12200                              	17267	0	10159328	0
0.5	6100	290	0	1706090	8	10159328	100	2	12200                              	28548	0	10159328	0
0.5	6100	335	0	1772295	8	10159328	100	2	12200                              	26443	0	10159328	0
0.5	6100	304	0	1728134	8	10159328	100	2	12200                              	30146	0	10159328	0
0.5	6100	280	0	1689398	8	10159328	100	2	12200                              	28359	0	10159328	0
0.5	6100	257	0	1653776	8	10159328	100	2	12200                              	26365	0	10159328	0
0.5	6100	288	0	1701149	8	10159328	100	2	12200                              	20169	0	10159328	0
0.5	6100	363	0	1816109	8	10159328	100	2	12200                              	31490	0	10159328	0
0.5	6100	367	0	1822587	8	10159328	100	2	12200                              	31295	0	10159328	0
0.5	6100	351	0	1798473	8	10159328	100	2	12200                              	30012	0	10159328	0
0.5	6100	426	0	1914404	8	10159328	100	2	12200                              	33539	0	10159328	0
0.5	6100	342	0	1785748	8	10159328	100	2	12200                              	31313	0	10159328	0
0.5	6100	275	0	1683355	8	10159328	100	2	12200                              	24014	0	10159328	0
0.5	6100	361	0	1812441	8	10159328	100	2	12200                              	26062	0	10159328	0
0.5	6100	323	0	1754394	8	10159328	100	2	12200                              	36473	0	10159328	0
0.5	6100	343	0	1786275	8	10159328	100	2	12200                              	28104	0	10159328	0
0.5	6100	295	0	1712189	8	10159328	100	2	12200                              	18390	0	10159328	0
0.5	6100	324	0	1757390	8	10159328	100	2	12200                              	25538	0	10159328	0
0.5	6100	363	0	1817506	8	10159328	100	2	12200                              	28370	0	10159328	0
0.5	6100	361	0	1813611	8	10159328	100	2	12200                              	32492	0	10159328	0
0.5	6100	363	0	1815508	8	10159328	100	2	12200                              	23611	0	10159328	0
0.5	6100	371	0	1829263	8	10159328	100	2	12200                              	30868	0	10159328	0
0.5	6100	384	0	1849440	8	10159328	100	2	12200                              	29322	0	10159328	0
0.5	6100	400	0	1873973	8	10159328	100	2	12200                              	27783	0	10159328	0
0.5	6100	421	0	1905376	8	10159328	100	2	12200                              	41193	0	10159328	0
0.5	6100	432	0	1921626	8	10159328	100	2	12200                              	23281	0	10159328	0
0.5	6100	292	0	1709000	8	10159328	100	2	12200                              	31621	0	10159328	0
0.5	6100	313	0	1741136	8	10159328	100	2	12200                              	39975	0	10159328	0
0.5	6100	317	0	1745897	8	10159328	100	2	12200                              	27465	0	10159328	0
0.5	6100	294	0	1712083	8	10159328	100	2	12200                              	29560	0	10159328	0
0.5	6100	347	0	1791732	8	10159328	100	2	12200                              	21816	0	10159328	0
0.5	6100	366	0	1820671	8	10159328	100	2	12200                              	25484	0	10159328	0
0.5	6100	314	0	1740788	8	10159328	100	2	12200                              	29875	0	10159328	0
0.5	6100	376	0	1836950	8	10159328	100	2	12200                              	35279	0	10159328	0
0.5	6100	339	0	1779814	8	10159328	100	2	12200                              	27352	0	10159328	0
0.5	6100	325	0	1758640	8	10159328	100	2	12200                              	29181	0	10159328	0
0.5	6100	371	0	1826402	8	10159328	100	2	12200                              	22260	0	10159328	0
0.5	6100	316	0	1744681	8	10159328	100	2	12200                              	30334	0	10159328	0
0.5	6100	372	0	1830363	8	10159328	100	2	12200                              	28553	0	10159328	0
0.5	6100	385	0	1849510	8	10159328	100	2	12200                              	28867	0	10159328	0
0.5	6100	292	0	1708898	8	10159328	100	2	12200                              	27210	0	10159328	0
0.5	6100	356	0	1803366	8	10159328	100	2	12200                              	26422	0	10159328	0
0.5	6100	287	0	1699586	8	10159328	100	2	12200                              	18999	0	10159328	0
0.5	6100	365	0	1819382	8	10159328	100	2	12200                              	33522	0	10159328	0
0.5	6100	375	0	1834899	8	10159328	100	2	12200                              	26165	0	10159328	0
0.5	6100	346	0	1792678	8	10159328	100	2	12200                              	32455	0	10159328	0
0.5	6100	323	0	1756065	8	10159328	100	2	12200                              	30234	0	10159328	0
0.5	6100	355	0	1805086	8	10159328	100	2	12200                              	26326	0	10159328	0
0.5	6100	321	0	1753951	8	10159328	100	2	12200                              	35068	0	10159328	0
0.5	6100	334	0	1771199	8	10159328	100	2	12200                              	24692	0	10159328	0
0.5	6100	330	0	1765091	8	10159328	100	2	12200                              	29959	0	10159328	0
0.5	6100	316	0	1746213	8	10159328	100	2	12200                              	29344	0	10159328	0
0.5	6100	293	0	1710460	8	10159328	100	2	12200                              	22203	0	10159328	0
0.5	6100	354	0	1802343	8	10159328	100	2	12200                              	33348	0	10159328	0
0.5	6100	382	0	1845133	8	10159328	100	2	12200                              	27846	0	10159328	0
0.5	6100	234	0	1619612	8	10159328	100	2	12200                              	18219	0	10159328	0
0.5	6100	346	0	1790863	8	10159328	100	2	12200                              	27397	0	10159328	0
0.5	6100	382	0	1846528	8	10159328	100	2	12200                              	31678	0	10159328	0
0.5	6100	307	0	1728277	8	10159328	100	2	12200                              	26432	0	10159328	0
0.5	6100	430	0	1919240	8	10159328	100	2	12200                              	22908	0	10159328	0
0.5	6100	257	0	1656874	8	10159328	100	2	12200                              	16936	0	10159328	0
0.5	6100	357	0	1807973	8	10159328	100	2	12200                              	23802	0	10159328	0
0.5	6100	292	0	1709847	8	10159328	100	2	12200                              	21885	0	10159328	0
0.5	6100	334	0	1770479	8	10159328	100	2	12200                              	28807	0	10159328	0
0.5	6100	318	0	1746810	8	10159328	100	2	12200                              	35874	0	10159328	0
0.5	6100	340	0	1781794	8	10159328	100	2	12200                              	33095	0	10159328	0
0.5	6100	286	0	1702196	8	10159328	100	2	12200                              	29928	0	10159328	0
0.5	6100	311	0	1738517	8	10159328	100	2	12200                              	30320	0	10159328	0
0.5	6100	359	0	1809840	8	10159328	100	2	12200                              	24356	0	10159328	0
0.5	6100	288	0	1699815	8	10159328	100	2	12200                              	19496	0	10159328	0
0.5	6100	348	0	1794170	8	10159328	100	2	12200                              	30526	0	10159328	0
0.5	6100	331	0	1766781	8	10159328	100	2	12200                              	20981	0	10159328	0
0.5	6100	299	0	1718486	8	10159328	100	2	12200                              	26991	0	10159328	0
0.5	6100	319	0	1750202	8	10159328	100	2	12200                              	23389	0	10159328	0
0.5	6100	329	0	1766571	8	10159328	100	2	12200                              	19415	0	10159328	0
0.5	6100	326	0	1759662	8	10159328	100	2	12200                              	28744	0	10159328	0
0.5	6100	370	0	1827831	8	10159328	100	2	12200                              	29969	0	10159328	0
0.5	6100	308	0	1732552	8	10159328	100	2	12200                              	31905	0	10159328	0
0.5	6100	325	0	1759328	8	10159328	100	2	12200                              	34116	0	10159328	0
0.5	6100	303	0	1726420	8	10159328	100	2	12200                              	24245	0	10159328	0
0.5	6100	384	0	1848392	8	10159328	100	2	12200                              	32682	0	10159328	0
0.5	6100	341	0	1784408	8	10159328	100	2	12200                              	29585	0	10159328	0
0.5	6100	289	0	1703004	8	10159328	100	2	12200                              	20078	0	10159328	0
0.5	6100	388	0	1854695	8	10159328	100	2	12200                              	32293	0	10159328	0
0.5	7100	293	0	1782552	8	10159328	100	2	14200                              	26923	0	10159328	0
0.5	7100	310	0	1812153	8	10159328	100	2	14200                              	28768	0	10159328	0
0.5	7100	234	0	1676723	8	10159328	100	2	14200                              	18066	0	10159328	0
0.5	7100	320	0	1831162	8	10159328	100	2	14200                              	30870	0	10159328	0
0.5	7100	306	0	1802684	8	10159328	100	2	14200                              	22643	0	10159328	0
0.5	7100	306	0	1803874	8	10159328	100	2	14200                              	19697	0	10159328	0
0.5	7100	232	0	1672500	8	10159328	100	2	14200                              	16632	0	10159328	0
0.5	7100	232	0	1675078	8	10159328	100	2	14200                              	17790	0	10159328	0
0.5	7100	250	0	1706429	8	10159328	100	2	14200                              	20769	0	10159328	0
0.5	7100	349	0	1881078	8	10159328	100	2	14200                              	25962	0	10159328	0
0.5	7100	285	0	1770071	8	10159328	100	2	14200                              	29868	0	10159328	0
0.5	7100	277	0	1752391	8	10159328	100	2	14200                              	28635	0	10159328	0
0.5	7100	289	0	1774925	8	10159328	100	2	14200                              	30244	0	10159328	0
0.5	7100	267	0	1736156	8	10159328	100	2	14200                              	21140	0	10159328	0
0.5	7100	285	0	1767886	8	10159328	100	2	14200                              	23754	0	10159328	0
0.5	7100	276	0	1749615	8	10159328	100	2	14200                              	24642	0	10159328	0
0.5	7100	387	0	1949527	8	10159328	100	2	14200                              	36984	0	10159328	0
0.5	7100	329	0	1841735	8	10159328	100	2	14200                              	28634	0	10159328	0
0.5	7100	300	0	1795897	8	10159328	100	2	14200                              	28980	0	10159328	0
0.5	7100	314	0	1821924	8	10159328	100	2	14200                              	39542	0	10159328	0
0.5	7100	351	0	1885789	8	10159328	100	2	14200                              	29545	0	10159328	0
0.5	7100	291	0	1777264	8	10159328	100	2	14200                              	21027	0	10159328	0
0.5	7100	332	0	1851439	8	10159328	100	2	14200                              	36669	0	10159328	0
0.5	7100	282	0	1760191	8	10159328	100	2	14200                              	30215	0	10159328	0
0.5	7100	284	0	1766593	8	10159328	100	2	14200                              	17992	0	10159328	0
0.5	7100	307	0	1807189	8	10159328	100	2	14200                              	28182	0	10159328	0
0.5	7100	291	0	1775737	8	10159328	100	2	14200                              	32325	0	10159328	0
0.5	7100	267	0	1735951	8	10159328	100	2	14200                              	28842	0	10159328	0
0.5	7100	375	0	1925991	8	10159328	100	2	14200                              	30165	0	10159328	0
0.5	7100	299	0	1793921	8	10159328	100	2	14200                              	22024	0	10159328	0
0.5	7100	288	0	1770042	8	10159328	100	2	14200                              	20715	0	10159328	0
0.5	7100	313	0	1816115	8	10159328	100	2	14200                              	21690	0	10159328	0
0.5	7100	268	0	1738532	8	10159328	100	2	14200                              	26756	0	10159328	0
0.5	7100	352	0	1888412	8	10159328	100	2	14200                              	30423	0	10159328	0
0.5	7100	322	0	1834337	8	10159328	100	2	14200                              	23459	0	10159328	0
0.5	7100	322	0	1831739	8	10159328	100	2	14200                              	25582	0	10159328	0
0.5	7100	313	0	1817011	8	10159328	100	2	14200                              	30870	0	10159328	0
0.5	7100	326	0	1841402	8	10159328	100	2	14200                              	22440	0	10159328	0
0.5	7100	276	0	1751614	8	10159328	100	2	14200                              	20147	0	10159328	0
0.5	7100	288	0	1771575	8	10159328	100	2	14200                              	21468	0	10159328	0
0.5	7100	278	0	1752007	8	10159328	100	2	14200                              	16575	0	10159328	0
0.5	7100	277	0	1754300	8	10159328	100	2	14200                              	21622	0	10159328	0
0.5	7100	253	0	1710124	8	10159328	100	2	14200                              	23527	0	10159328	0
0.5	7100	305	0	1803318	8	10159328	100	2	14200                              	29211	0	10159328	0
0.5	7100	301	0	1796322	8	10159328	100	2	14200                              	27545	0	10159328	0
0.5	7100	252	0	1708757	8	10159328	100	2	14200                              	19369	0	10159328	0
0.5	7100	305	0	1802731	8	10159328	100	2	14200                              	22524	0	10159328	0
0.5	7100	197	0	1610579	8	10159328	100	2	14200                              	16452	0	10159328	0
0.5	7100	321	0	1831319	8	10159328	100	2	14200                              	24493	0	10159328	0
0.5	7100	323	0	1833459	8	10159328	100	2	14200                              	31994	0	10159328	0
0.5	7100	378	0	1930676	8	10159328	100	2	14200                              	25405	0	10159328	0
0.5	7100	290	0	1776074	8	10159328	100	2	14200                              	26932	0	10159328	0
0.5	7100	267	0	1736919	8	10159328	100	2	14200                              	20198	0	10159328	0
0.5	7100	268	0	1736999	8	10159328	100	2	14200                              	24338	0	10159328	0
0.5	7100	262	0	1730106	8	10159328	100	2	14200                              	27923	0	10159328	0
0.5	7100	271	0	1742259	8	10159328	100	2	14200                              	22830	0	10159328	0
0.5	7100	258	0	1719039	8	10159328	100	2	14200                              	18719	0	10159328	0
0.5	7100	367	0	1913320	8	10159328	100	2	14200                              	23399	0	10159328	0
0.5	7100	347	0	1878216	8	10159328	100	2	14200                              	32501	0	10159328	0
0.5	7100	331	0	1848063	8	10159328	100	2	14200                              	31716	0	10159328	0
0.5	7100	307	0	1806893	8	10159328	100	2	14200                              	26742	0	10159328	0
0.5	7100	400	0	1972095	8	10159328	100	2	14200                              	28905	0	10159328	0
0.5	7100	316	0	1824603	8	10159328	100	2	14200                              	20732	0	10159328	0
0.5	7100	327	0	1841138	8	10159328	100	2	14200                              	20960	0	10159328	0
0.5	7100	311	0	1815222	8	10159328	100	2	14200                              	20770	0	10159328	0
0.5	7100	357	0	1893325	8	10159328	100	2	14200                              	31603	0	10159328	0
0.5	7100	311	0	1813088	8	10159328	100	2	14200                              	22739	0	10159328	0
0.5	7100	353	0	1888967	8	10159328	100	2	14200                              	33966	0	10159328	0
0.5	7100	269	0	1739300	8	10159328	100	2	14200                              	19763	0	10159328	0
0.5	7100	278	0	1755996	8	10159328	100	2	14200                              	25950	0	10159328	0
0.5	7100	344	0	1873518	8	10159328	100	2	14200                              	30419	0	10159328	0
0.5	7100	303	0	1798102	8	10159328	100	2	14200                              	21253	0	10159328	0
0.5	7100	355	0	1893350	8	10159328	100	2	14200                              	32568	0	10159328	0
0.5	7100	341	0	1866342	8	10159328	100	2	14200                              	31931	0	10159328	0
0.5	7100	290	0	1776704	8	10159328	100	2	14200                              	28423	0	10159328	0
0.5	7100	346	0	1877508	8	10159328	100	2	14200                              	34212	0	10159328	0
0.5	7100	345	0	1874874	8	10159328	100	2	14200                              	32094	0	10159328	0
0.5	7100	353	0	1889225	8	10159328	100	2	14200                              	21676	0	10159328	0
0.5	7100	297	0	1788662	8	10159328	100	2	14200                              	30804	0	10159328	0
0.5	7100	321	0	1832081	8	10159328	100	2	14200                              	19867	0	10159328	0
0.5	7100	274	0	1747980	8	10159328	100	2	14200                              	20539	0	10159328	0
0.5	7100	315	0	1822341	8	10159328	100	2	14200                              	25781	0	10159328	0
0.5	7100	336	0	1861081	8	10159328	100	2	14200                              	28068	0	10159328	0
0.5	7100	345	0	1871495	8	10159328	100	2	14200                              	34512	0	10159328	0
0.5	7100	239	0	1687022	8	10159328	100	2	14200                              	18299	0	10159328	0
0.5	7100	324	0	1838248	8	10159328	100	2	14200                              	31518	0	10159328	0
0.5	7100	312	0	1817726	8	10159328	100	2	14200                              	29204	0	10159328	0
0.5	7100	308	0	1809494	8	10159328	100	2	14200                              	30110	0	10159328	0
0.5	7100	310	0	1812574	8	10159328	100	2	14200                              	24479	0	10159328	0
0.5	7100	269	0	1737497	8	10159328	100	2	14200                              	20073	0	10159328	0
0.5	7100	259	0	1720553	8	10159328	100	2	14200                              	22218	0	10159328	0
0.5	7100	294	0	1781754	8	10159328	100	2	14200                              	27664	0	10159328	0
0.5	7100	362	0	1903379	8	10159328	100	2	14200                              	30028	0	10159328	0
0.5	7100	317	0	1824041	8	10159328	100	2	14200                              	25204	0	10159328	0
0.5	7100	322	0	1833889	8	10159328	100	2	14200                              	20437	0	10159328	0
0.5	7100	306	0	1804098	8	10159328	100	2	14200                              	21259	0	10159328	0
0.5	7100	273	0	1747350	8	10159328	100	2	14200                              	26517	0	10159328	0
0.5	7100	314	0	1821006	8	10159328	100	2	14200                              	22357	0	10159328	0
0.5	7100	275	0	1750981	8	10159328	100	2	14200                              	21929	0	10159328	0
0.5	7100	284	0	1766161	8	10159328	100	2	14200                              	25421	0	10159328	0
0.5	8100	201	0	1667738	8	10159328	100	2	16200                              	16808	0	10159328	0
0.5	8100	265	0	1797238	8	10159328	100	2	16200                              	25975	0	10159328	0
0.5	8100	269	0	1809291	8	10159328	100	2	16200                              	27941	0	10159328	0
0.5	8100	262	0	1792345	8	10159328	100	2	16200                              	30444	0	10159328	0
0.5	8100	365	0	1999461	8	10159328	100	2	16200                              	30402	0	10159328	0
0.5	8100	269	0	1807824	8	10159328	100	2	16200                              	21781	0	10159328	0
0.5	8100	275	0	1817596	8	10159328	100	2	16200                              	17928	0	10159328	0
0.5	8100	314	0	1896144	8	10159328	100	2	16200                              	28936	0	10159328	0
0.5	8100	321	0	1912750	8	10159328	100	2	16200                              	18254	0	10159328	0
0.5	8100	280	0	1824046	8	10159328	100	2	16200                              	18889	0	10159328	0
0.5	8100	255	0	1777929	8	10159328	100	2	16200                              	28733	0	10159328	0
0.5	8100	327	0	1921689	8	10159328	100	2	16200                              	32082	0	10159328	0
0.5	8100	207	0	1680944	8	10159328	100	2	16200                              	17828	0	10159328	0
0.5	8100	175	0	1616263	8	10159328	100	2	16200                              	12084	0	10159328	0
0.5	8100	218	0	1702464	8	10159328	100	2	16200                              	20661	0	10159328	0
0.5	8100	332	0	1934515	8	10159328	100	2	16200                              	29991	0	10159328	0
0.5	8100	316	0	1899237	8	10159328	100	2	16200                              	39972	0	10159328	0
0.5	8100	263	0	1792778	8	10159328	100	2	16200                              	35497	0	10159328	0
0.5	8100	269	0	1806017	8	10159328	100	2	16200                              	28637	0	10159328	0
0.5	8100	254	0	1773612	8	10159328	100	2	16200                              	19727	0	10159328	0
0.5	8100	327	0	1923178	8	10159328	100	2	16200                              	29723	0	10159328	0
0.5	8100	257	0	1782247	8	10159328	100	2	16200                              	27307	0	10159328	0
0.5	8100	286	0	1839665	8	10159328	100	2	16200                              	22553	0	10159328	0
0.5	8100	222	0	1708034	8	10159328	100	2	16200                              	18469	0	10159328	0
0.5	8100	299	0	1866251	8	10159328	100	2	16200                              	20345	0	10159328	0
0.5	8100	192	0	1650419	8	10159328	100	2	16200                              	14938	0	10159328	0
0.5	8100	284	0	1835412	8	10159328	100	2	16200                              	24642	0	10159328	0
0.5	8100	314	0	1895971	8	10159328	100	2	16200                              	19447	0	10159328	0
0.5	8100	319	0	1907449	8	10159328	100	2	16200                              	29730	0	10159328	0
0.5	8100	335	0	1938539	8	10159328	100	2	16200                              	25808	0	10159328	0
0.5	8100	292	0	1851274	8	10159328	100	2	16200                              	28805	0	10159328	0
0.5	8100	314	0	1897486	8	10159328	100	2	16200                              	21244	0	10159328	0
0.5	8100	267	0	1802014	8	10159328	100	2	16200                              	27214	0	10159328	0
0.5	8100	301	0	1869549	8	10159328	100	2	16200                              	30120	0	10159328	0
0.5	8100	342	0	1955187	8	10159328	100	2	16200                              	22722	0	10159328	0
0.5	8100	209	0	1680014	8	10159328	100	2	16200                              	15123	0	10159328	0
0.5	8100	269	0	1805144	8	10159328	100	2	16200                              	30636	0	10159328	0
0.5	8100	306	0	1880749	8	10159328	100	2	16200                              	19127	0	10159328	0
0.5	8100	315	0	1900020	8	10159328	100	2	16200                              	23710	0	10159328	0
0.5	8100	310	0	1888595	8	10159328	100	2	16200                              	27250	0	10159328	0
0.5	8100	223	0	1714277	8	10159328	100	2	16200                              	15900	0	10159328	0
0.5	8100	337	0	1945690	8	10159328	100	2	16200                              	23082	0	10159328	0
0.5	8100	253	0	1775121	8	10159328	100	2	16200                              	17969	0	10159328	0
0.5	8100	348	0	1964736	8	10159328	100	2	16200                              	31891	0	10159328	0
0.5	8100	298	0	1866047	8	10159328	100	2	16200                              	30574	0	10159328	0
0.5	8100	287	0	1841465	8	10159328	100	2	16200                              	25799	0	10159328	0
0.5	8100	343	0	1958020	8	10159328	100	2	16200                              	22052	0	10159328	0
0.5	8100	326	0	1921091	8	10159328	100	2	16200                              	28269	0	10159328	0
0.5	8100	256	0	1780899	8	10159328	100	2	16200                              	31154	0	10159328	0
0.5	8100	314	0	1898888	8	10159328	100	2	16200                              	20731	0	10159328	0
0.5	8100	325	0	1920055	8	10159328	100	2	16200                              	27302	0	10159328	0
0.5	8100	252	0	1772820	8	10159328	100	2	16200                              	26964	0	10159328	0
0.5	8100	332	0	1931113	8	10159328	100	2	16200                              	26303	0	10159328	0
0.5	8100	300	0	1870348	8	10159328	100	2	16200                              	21479	0	10159328	0
0.5	8100	362	0	1997261	8	10159328	100	2	16200                              	31322	0	10159328	0
0.5	8100	272	0	1811759	8	10159328	100	2	16200                              	35659	0	10159328	0
0.5	8100	284	0	1836817	8	10159328	100	2	16200                              	22916	0	10159328	0
0.5	8100	297	0	1864524	8	10159328	100	2	16200                              	30853	0	10159328	0
0.5	8100	292	0	1852305	8	10159328	100	2	16200                              	20572	0	10159328	0
0.5	8100	245	0	1760563	8	10159328	100	2	16200                              	21527	0	10159328	0
0.5	8100	294	0	1859186	8	10159328	100	2	16200                              	32365	0	10159328	0
0.5	8100	318	0	1904697	8	10159328	100	2	16200                              	21220	0	10159328	0
0.5	8100	291	0	1849649	8	10159328	100	2	16200                              	29303	0	10159328	0
0.5	8100	198	0	1661828	8	10159328	100	2	16200                              	15985	0	10159328	0
0.5	8100	293	0	1855303	8	10159328	100	2	16200                              	26081	0	10159328	0
0.5	8100	314	0	1896963	8	10159328	100	2	16200                              	28122	0	10159328	0
0.5	8100	308	0	1883980	8	10159328	100	2	16200                              	29771	0	10159328	0
0.5	8100	261	0	1787824	8	10159328	100	2	16200                              	18515	0	10159328	0
0.5	8100	286	0	1837559	8	10159328	100	2	16200                              	22825	0	10159328	0
0.5	8100	266	0	1796996	8	10159328	100	2	16200                              	26271	0	10159328	0
0.5	8100	354	0	1976599	8	10159328	100	2	16200                              	40861	0	10159328	0
0.5	8100	267	0	1803715	8	10159328	100	2	16200                              	20996	0	10159328	0
0.5	8100	259	0	1786033	8	10159328	100	2	16200                              	19333	0	10159328	0
0.5	8100	272	0	1811901	8	10159328	100	2	16200                              	34747	0	10159328	0
0.5	8100	327	0	1924935	8	10159328	100	2	16200                              	29212	0	10159328	0
0.5	8100	333	0	1935482	8	10159328	100	2	16200                              	24963	0	10159328	0
0.5	8100	209	0	1682764	8	10159328	100	2	16200                              	12510	0	10159328	0
0.5	8100	306	0	1881830	8	10159328	100	2	16200                              	22477	0	10159328	0
0.5	8100	232	0	1732674	8	10159328	100	2	16200                              	17584	0	10159328	0
0.5	8100	333	0	1935799	8	10159328	100	2	16200                              	28502	0	10159328	0
0.5	8100	237	0	1740906	8	10159328	100	2	16200                              	15855	0	10159328	0
0.5	8100	276	0	1820038	8	10159328	100	2	16200                              	19900	0	10159328	0
0.5	8100	232	0	1729860	8	10159328	100	2	16200                              	27982	0	10159328	0
0.5	8100	267	0	1804146	8	10159328	100	2	16200                              	20490	0	10159328	0
0.5	8100	254	0	1772471	8	10159328	100	2	16200                              	29217	0	10159328	0
0.5	8100	196	0	1659407	8	10159328	100	2	16200                              	17450	0	10159328	0
0.5	8100	264	0	1795051	8	10159328	100	2	16200                              	28287	0	10159328	0
0.5	8100	288	0	1844051	8	10159328	100	2	16200                              	36456	0	10159328	0
0.5	8100	321	0	1913484	8	10159328	100	2	16200                              	30117	0	10159328	0
0.5	8100	257	0	1782115	8	10159328	100	2	16200                              	36744	0	10159328	0
0.5	8100	360	0	1990259	8	10159328	100	2	16200                              	23821	0	10159328	0
0.5	8100	353	0	1975337	8	10159328	100	2	16200                              	29335	0	10159328	0
0.5	8100	299	0	1865455	8	10159328	100	2	16200                              	29719	0	10159328	0
0.5	8100	270	0	1804073	8	10159328	100	2	16200                              	29346	0	10159328	0
0.5	8100	330	0	1931257	8	10159328	100	2	16200                              	23421	0	10159328	0
0.5	8100	286	0	1842612	8	10159328	100	2	16200                              	27702	0	10159328	0
0.5	8100	304	0	1877175	8	10159328	100	2	16200                              	18497	0	10159328	0
0.5	8100	323	0	1913742	8	10159328	100	2	16200                              	32019	0	10159328	0
0.5	8100	285	0	1839512	8	10159328	100	2	16200                              	21017	0	10159328	0
0.5	8100	282	0	1833273	8	10159328	100	2	16200                              	30485	0	10159328	0
0.5	9100	244	0	1814763	8	10159328	100	2	18200                              	17975	0	10159328	0
0.5	9100	294	0	1929407	8	10159328	100	2	18200                              	36614	0	10159328	0
0.5	9100	287	0	1913558	8	10159328	100	2	18200                              	20753	0	10159328	0
0.5	9100	289	0	1918448	8	10159328	100	2	18200                              	25372	0	10159328	0
0.5	9100	258	0	1848707	8	10159328	100	2	18200                              	21719	0	10159328	0
0.5	9100	285	0	1906434	8	10159328	100	2	18200                              	29789	0	10159328	0
0.5	9100	255	0	1839951	8	10159328	100	2	18200                              	27306	0	10159328	0
0.5	9100	321	0	1990209	8	10159328	100	2	18200                              	28482	0	10159328	0
0.5	9100	268	0	1868487	8	10159328	100	2	18200                              	28816	0	10159328	0
0.5	9100	273	0	1880049	8	10159328	100	2	18200                              	27657	0	10159328	0
0.5	9100	228	0	1776984	8	10159328	100	2	18200                              	21262	0	10159328	0
0.5	9100	325	0	1996007	8	10159328	100	2	18200                              	28688	0	10159328	0
0.5	9100	348	0	2052648	8	10159328	100	2	18200                              	27157	0	10159328	0
0.5	9100	279	0	1891059	8	10159328	100	2	18200                              	28241	0	10159328	0
0.5	9100	304	0	1950965	8	10159328	100	2	18200                              	25414	0	10159328	0
0.5	9100	274	0	1884930	8	10159328	100	2	18200                              	25410	0	10159328	0
0.5	9100	324	0	1995563	8	10159328	100	2	18200                              	21141	0	10159328	0
0.5	9100	293	0	1926661	8	10159328	100	2	18200                              	20518	0	10159328	0
0.5	9100	412	0	2194697	8	10159328	100	2	18200                              	32753	0	10159328	0
0.5	9100	248	0	1825498	8	10159328	100	2	18200                              	25054	0	10159328	0
0.5	9100	313	0	1970823	8	10159328	100	2	18200                              	21080	0	10159328	0
0.5	9100	280	0	1898121	8	10159328	100	2	18200                              	24230	0	10159328	0
0.5	9100	267	0	1867077	8	10159328	100	2	18200                              	28797	0	10159328	0
0.5	9100	283	0	1903478	8	10159328	100	2	18200                              	30305	0	10159328	0
0.5	9100	256	0	1839026	8	10159328	100	2	18200                              	21603	0	10159328	0
0.5	9100	274	0	1881792	8	10159328	100	2	18200                              	20949	0	10159328	0
0.5	9100	316	0	1977267	8	10159328	100	2	18200                              	25983	0	10159328	0
0.5	9100	313	0	1970707	8	10159328	100	2	18200                              	33577	0	10159328	0
0.5	9100	231	0	1788113	8	10159328	100	2	18200                              	20544	0	10159328	0
0.5	9100	280	0	1896930	8	10159328	100	2	18200                              	17633	0	10159328	0
0.5	9100	268	0	1869727	8	10159328	100	2	18200                              	27291	0	10159328	0
0.5	9100	293	0	1926931	8	10159328	100	2	18200                              	21151	0	10159328	0
0.5	9100	308	0	1960339	8	10159328	100	2	18200                              	26844	0	10159328	0
0.5	9100	238	0	1799595	8	10159328	100	2	18200                              	31472	0	10159328	0
0.5	9100	302	0	1945090	8	10159328	100	2	18200                              	32202	0	10159328	0
0.5	9100	261	0	1853313	8	10159328	100	2	18200                              	28700	0	10159328	0
0.5	9100	294	0	1928511	8	10159328	100	2	18200                              	32769	0	10159328	0
0.5	9100	289	0	1917779	8	10159328	100	2	18200                              	32344	0	10159328	0
0.5	9100	331	0	2014804	8	10159328	100	2	18200                              	18567	0	10159328	0
0.5	9100	268	0	1868766	8	10159328	100	2	18200                              	21129	0	10159328	0
0.5	9100	290	0	1921649	8	10159328	100	2	18200                              	34262	0	10159328	0
0.5	9100	282	0	1901068	8	10159328	100	2	18200                              	27059	0	10159328	0
0.5	9100	301	0	1949452	8	10159328	100	2	18200                              	28558	0	10159328	0
0.5	9100	202	0	1718599	8	10159328	100	2	18200                              	16142	0	10159328	0
0.5	9100	260	0	1850193	8	10159328	100	2	18200                              	18649	0	10159328	0
0.5	9100	201	0	1716247	8	10159328	100	2	18200                              	15853	0	10159328	0
0.5	9100	273	0	1877611	8	10159328	100	2	18200                              	37477	0	10159328	0
0.5	9100	290	0	1918197	8	10159328	100	2	18200                              	30594	0	10159328	0
0.5	9100	267	0	1868874	8	10159328	100	2	18200                              	28062	0	10159328	0
0.5	9100	259	0	1848151	8	10159328	100	2	18200                              	27819	0	10159328	0
0.5	9100	313	0	1971451	8	10159328	100	2	18200                              	34138	0	10159328	0
0.5	9100	278	0	1890166	8	10159328	100	2	18200                              	30462	0	10159328	0
0.5	9100	282	0	1901349	8	10159328	100	2	18200                              	30462	0	10159328	0
0.5	9100	262	0	1853774	8	10159328	100	2	18200                              	27233	0	10159328	0
0.5	9100	261	0	1852687	8	10159328	100	2	18200                              	18612	0	10159328	0
0.5	9100	284	0	1904996	8	10159328	100	2	18200                              	19852	0	10159328	0
0.5	9100	311	0	1969795	8	10159328	100	2	18200                              	30629	0	10159328	0
0.5	9100	300	0	1942807	8	10159328	100	2	18200                              	22447	0	10159328	0
0.5	9100	291	0	1921036	8	10159328	100	2	18200                              	18022	0	10159328	0
0.5	9100	266	0	1864147	8	10159328	100	2	18200                              	19183	0	10159328	0
0.5	9100	252	0	1832522	8	10159328	100	2	18200                              	29943	0	10159328	0
0.5	9100	271	0	1877560	8	10159328	100	2	18200                              	22318	0	10159328	0
0.5	9100	234	0	1791553	8	10159328	100	2	18200                              	26503	0	10159328	0
0.5	9100	283	0	1903276	8	10159328	100	2	18200                              	28277	0	10159328	0
0.5	9100	237	0	1800765	8	10159328	100	2	18200                              	33673	0	10159328	0
0.5	9100	327	0	2003319	8	10159328	100	2	18200                              	37822	0	10159328	0
0.5	9100	254	0	1835876	8	10159328	100	2	18200                              	26141	0	10159328	0
0.5	9100	238	0	1801270	8	10159328	100	2	18200                              	17529	0	10159328	0
0.5	9100	270	0	1871540	8	10159328	100	2	18200                              	21080	0	10159328	0
0.5	9100	314	0	1972303	8	10159328	100	2	18200                              	31494	0	10159328	0
0.5	9100	314	0	1973655	8	10159328	100	2	18200                              	31438	0	10159328	0
0.5	9100	269	0	1870915	8	10159328	100	2	18200                              	17202	0	10159328	0
0.5	9100	205	0	1723289	8	10159328	100	2	18200                              	20673	0	10159328	0
0.5	9100	268	0	1869613	8	10159328	100	2	18200                              	18212	0	10159328	0
0.5	9100	302	0	1950652	8	10159328	100	2	18200                              	28315	0	10159328	0
0.5	9100	197	0	1708562	8	10159328	100	2	18200                              	14796	0	10159328	0
0.5	9100	248	0	1824113	8	10159328	100	2	18200                              	19790	0	10159328	0
0.5	9100	304	0	1949742	8	10159328	100	2	18200                              	30211	0	10159328	0
0.5	9100	249	0	1825991	8	10159328	100	2	18200                              	27523	0	10159328	0
0.5	9100	305	0	1955065	8	10159328	100	2	18200                              	31411	0	10159328	0
0.5	9100	334	0	2023013	8	10159328	100	2	18200                              	15600	0	10159328	0
0.5	9100	179	0	1668624	8	10159328	100	2	18200                              	16681	0	10159328	0
0.5	9100	261	0	1851029	8	10159328	100	2	18200                              	19189	0	10159328	0
0.5	9100	239	0	1803589	8	10159328	100	2	18200                              	19957	0	10159328	0
0.5	9100	265	0	1861254	8	10159328	100	2	18200                              	25787	0	10159328	0
0.5	9100	258	0	1843301	8	10159328	100	2	18200                              	28907	0	10159328	0
0.5	9100	277	0	1887997	8	10159328	100	2	18200                              	24639	0	10159328	0
0.5	9100	228	0	1778921	8	10159328	100	2	18200                              	33485	0	10159328	0
0.5	9100	288	0	1915230	8	10159328	100	2	18200                              	35869	0	10159328	0
0.5	9100	270	0	1874449	8	10159328	100	2	18200                              	22557	0	10159328	0
0.5	9100	250	0	1829381	8	10159328	100	2	18200                              	21310	0	10159328	0
0.5	9100	324	0	1995230	8	10159328	100	2	18200                              	20018	0	10159328	0
0.5	9100	269	0	1872584	8	10159328	100	2	18200                              	28596	0	10159328	0
0.5	9100	284	0	1908087	8	10159328	100	2	18200                              	28875	0	10159328	0
0.5	9100	305	0	1956503	8	10159328	100	2	18200                              	20624	0	10159328	0
0.5	9100	279	0	1892471	8	10159328	100	2	18200                              	28179	0	10159328	0
0.5	9100	346	0	2049337	8	10159328	100	2	18200                              	19443	0	10159328	0
0.5	9100	265	0	1862580	8	10159328	100	2	18200                              	22827	0	10159328	0
0.5	9100	334	0	2018673	8	10159328	100	2	18200                              	20593	0	10159328	0
0.5	9100	266	0	1862698	8	10159328	100	2	18200                              	29280	0	10159328	0
