#using seed 0.047506
# Work:10088973, depth:432675, work/p+depth:747955.40625
#PROCESSORS: 32, RUNS: 100
#prb	R-l	ISR	ESR	runTime	processors    	work	taskThreshold	lGranularity	rGranularity	IDATAT	EDATAT	W0	W1
0.5	100	37283	0	548196	32	10088973	100	2	200                              	118099	0	10088973	0
0.5	100	36934	0	546020	32	10088973	100	2	200                              	119096	0	10088973	0
0.5	100	43069	0	584367	32	10088973	100	2	200                              	120398	0	10088973	0
0.5	100	35785	0	538814	32	10088973	100	2	200                              	120307	0	10088973	0
0.5	100	43231	0	585368	32	10088973	100	2	200                              	120464	0	10088973	0
0.5	100	36410	0	542731	32	10088973	100	2	200                              	120451	0	10088973	0
0.5	100	39988	0	565109	32	10088973	100	2	200                              	119670	0	10088973	0
0.5	100	37280	0	548186	32	10088973	100	2	200                              	121031	0	10088973	0
0.5	100	36986	0	546330	32	10088973	100	2	200                              	120262	0	10088973	0
0.5	100	37157	0	547384	32	10088973	100	2	200                              	114311	0	10088973	0
0.5	100	33200	0	522679	32	10088973	100	2	200                              	120696	0	10088973	0
0.5	100	37321	0	548437	32	10088973	100	2	200                              	120076	0	10088973	0
0.5	100	41664	0	575591	32	10088973	100	2	200                              	120358	0	10088973	0
0.5	100	40710	0	569621	32	10088973	100	2	200                              	120609	0	10088973	0
0.5	100	37389	0	548846	32	10088973	100	2	200                              	120591	0	10088973	0
0.5	100	36317	0	542164	32	10088973	100	2	200                              	120197	0	10088973	0
0.5	100	37853	0	551752	32	10088973	100	2	200                              	120621	0	10088973	0
0.5	100	39371	0	561241	32	10088973	100	2	200                              	119397	0	10088973	0
0.5	100	36454	0	543033	32	10088973	100	2	200                              	120829	0	10088973	0
0.5	100	41166	0	572459	32	10088973	100	2	200                              	120355	0	10088973	0
0.5	100	35630	0	537855	32	10088973	100	2	200                              	119255	0	10088973	0
0.5	100	36273	0	541871	32	10088973	100	2	200                              	119609	0	10088973	0
0.5	100	41860	0	576809	32	10088973	100	2	200                              	117548	0	10088973	0
0.5	100	36992	0	546369	32	10088973	100	2	200                              	119547	0	10088973	0
0.5	100	41041	0	571680	32	10088973	100	2	200                              	120897	0	10088973	0
0.5	100	36246	0	541709	32	10088973	100	2	200                              	120413	0	10088973	0
0.5	100	43281	0	585705	32	10088973	100	2	200                              	121196	0	10088973	0
0.5	100	32121	0	515922	32	10088973	100	2	200                              	121643	0	10088973	0
0.5	100	38253	0	554254	32	10088973	100	2	200                              	120553	0	10088973	0
0.5	100	33588	0	525118	32	10088973	100	2	200                              	117192	0	10088973	0
0.5	100	35703	0	538324	32	10088973	100	2	200                              	120383	0	10088973	0
0.5	100	34497	0	530805	32	10088973	100	2	200                              	114042	0	10088973	0
0.5	100	36585	0	543823	32	10088973	100	2	200                              	120770	0	10088973	0
0.5	100	33319	0	523418	32	10088973	100	2	200                              	119676	0	10088973	0
0.5	100	34556	0	531160	32	10088973	100	2	200                              	118634	0	10088973	0
0.5	100	43079	0	584417	32	10088973	100	2	200                              	120620	0	10088973	0
0.5	100	35573	0	537506	32	10088973	100	2	200                              	120497	0	10088973	0
0.5	100	37865	0	551825	32	10088973	100	2	200                              	118884	0	10088973	0
0.5	100	37733	0	551001	32	10088973	100	2	200                              	120133	0	10088973	0
0.5	100	34877	0	533166	32	10088973	100	2	200                              	120078	0	10088973	0
0.5	100	37388	0	548860	32	10088973	100	2	200                              	121300	0	10088973	0
0.5	100	32564	0	518691	32	10088973	100	2	200                              	118813	0	10088973	0
0.5	100	43368	0	586218	32	10088973	100	2	200                              	117418	0	10088973	0
0.5	100	37262	0	548069	32	10088973	100	2	200                              	120404	0	10088973	0
0.5	100	35175	0	535017	32	10088973	100	2	200                              	120958	0	10088973	0
0.5	100	38407	0	555217	32	10088973	100	2	200                              	114253	0	10088973	0
0.5	100	37747	0	551097	32	10088973	100	2	200                              	117252	0	10088973	0
0.5	100	32774	0	520013	32	10088973	100	2	200                              	120831	0	10088973	0
0.5	100	38354	0	554894	32	10088973	100	2	200                              	120219	0	10088973	0
0.5	100	37553	0	549895	32	10088973	100	2	200                              	117092	0	10088973	0
0.5	100	37636	0	550385	32	10088973	100	2	200                              	120227	0	10088973	0
0.5	100	35741	0	538563	32	10088973	100	2	200                              	120046	0	10088973	0
0.5	100	36152	0	541107	32	10088973	100	2	200                              	119191	0	10088973	0
0.5	100	41455	0	574274	32	10088973	100	2	200                              	119577	0	10088973	0
0.5	100	42873	0	583143	32	10088973	100	2	200                              	120098	0	10088973	0
0.5	100	34422	0	530316	32	10088973	100	2	200                              	120224	0	10088973	0
0.5	100	38718	0	557169	32	10088973	100	2	200                              	121251	0	10088973	0
0.5	100	43452	0	586746	32	10088973	100	2	200                              	115353	0	10088973	0
0.5	100	36261	0	541808	32	10088973	100	2	200                              	112341	0	10088973	0
0.5	100	35709	0	538361	32	10088973	100	2	200                              	117345	0	10088973	0
0.5	100	35564	0	537441	32	10088973	100	2	200                              	120658	0	10088973	0
0.5	100	44110	0	590846	32	10088973	100	2	200                              	121364	0	10088973	0
0.5	100	35646	0	537958	32	10088973	100	2	200                              	120416	0	10088973	0
0.5	100	34779	0	532539	32	10088973	100	2	200                              	120621	0	10088973	0
0.5	100	43314	0	585897	32	10088973	100	2	200                              	120181	0	10088973	0
0.5	100	34163	0	528718	32	10088973	100	2	200                              	120894	0	10088973	0
0.5	100	33881	0	526948	32	10088973	100	2	200                              	120906	0	10088973	0
0.5	100	33133	0	522256	32	10088973	100	2	200                              	119020	0	10088973	0
0.5	100	36653	0	544270	32	10088973	100	2	200                              	119764	0	10088973	0
0.5	100	32870	0	520616	32	10088973	100	2	200                              	121554	0	10088973	0
0.5	100	34933	0	533513	32	10088973	100	2	200                              	120139	0	10088973	0
0.5	100	36367	0	542459	32	10088973	100	2	200                              	121531	0	10088973	0
0.5	100	38310	0	554616	32	10088973	100	2	200                              	117746	0	10088973	0
0.5	100	37795	0	551383	32	10088973	100	2	200                              	117771	0	10088973	0
0.5	100	35362	0	536186	32	10088973	100	2	200                              	117737	0	10088973	0
0.5	100	38156	0	553665	32	10088973	100	2	200                              	119999	0	10088973	0
0.5	100	41734	0	576005	32	10088973	100	2	200                              	119950	0	10088973	0
0.5	100	33634	0	525375	32	10088973	100	2	200                              	116404	0	10088973	0
0.5	100	34498	0	530800	32	10088973	100	2	200                              	119643	0	10088973	0
0.5	100	36546	0	543606	32	10088973	100	2	200                              	111553	0	10088973	0
0.5	100	37422	0	549061	32	10088973	100	2	200                              	121061	0	10088973	0
0.5	100	43485	0	586959	32	10088973	100	2	200                              	119303	0	10088973	0
0.5	100	43677	0	588162	32	10088973	100	2	200                              	121326	0	10088973	0
0.5	100	34504	0	530824	32	10088973	100	2	200                              	120345	0	10088973	0
0.5	100	38760	0	557419	32	10088973	100	2	200                              	120171	0	10088973	0
0.5	100	36303	0	542073	32	10088973	100	2	200                              	120144	0	10088973	0
0.5	100	37412	0	549022	32	10088973	100	2	200                              	119920	0	10088973	0
0.5	100	33776	0	526268	32	10088973	100	2	200                              	120269	0	10088973	0
0.5	100	33251	0	523006	32	10088973	100	2	200                              	111277	0	10088973	0
0.5	100	41357	0	573651	32	10088973	100	2	200                              	121244	0	10088973	0
0.5	100	36211	0	541509	32	10088973	100	2	200                              	120516	0	10088973	0
0.5	100	35321	0	535948	32	10088973	100	2	200                              	119425	0	10088973	0
0.5	100	36994	0	546376	32	10088973	100	2	200                              	120803	0	10088973	0
0.5	100	33437	0	524153	32	10088973	100	2	200                              	115117	0	10088973	0
0.5	100	35039	0	534174	32	10088973	100	2	200                              	121711	0	10088973	0
0.5	100	33703	0	525812	32	10088973	100	2	200                              	119578	0	10088973	0
0.5	100	41024	0	571580	32	10088973	100	2	200                              	121110	0	10088973	0
0.5	100	41255	0	573014	32	10088973	100	2	200                              	121032	0	10088973	0
0.5	100	33361	0	523689	32	10088973	100	2	200                              	120546	0	10088973	0
0.5	100	38442	0	555433	32	10088973	100	2	200                              	117364	0	10088973	0
0.5	1100	4878	0	649616	32	10088973	100	2	2200                              	118994	0	10088973	0
0.5	1100	4724	0	639137	32	10088973	100	2	2200                              	120148	0	10088973	0
0.5	1100	5170	0	669604	32	10088973	100	2	2200                              	114323	0	10088973	0
0.5	1100	4620	0	631718	32	10088973	100	2	2200                              	119624	0	10088973	0
0.5	1100	5205	0	671953	32	10088973	100	2	2200                              	120414	0	10088973	0
0.5	1100	4861	0	648091	32	10088973	100	2	2200                              	118078	0	10088973	0
0.5	1100	4289	0	609079	32	10088973	100	2	2200                              	113442	0	10088973	0
0.5	1100	4366	0	614445	32	10088973	100	2	2200                              	119415	0	10088973	0
0.5	1100	4173	0	601029	32	10088973	100	2	2200                              	111774	0	10088973	0
0.5	1100	5689	0	705318	32	10088973	100	2	2200                              	119982	0	10088973	0
0.5	1100	4875	0	649443	32	10088973	100	2	2200                              	119594	0	10088973	0
0.5	1100	4823	0	645670	32	10088973	100	2	2200                              	119602	0	10088973	0
0.5	1100	4490	0	622722	32	10088973	100	2	2200                              	113085	0	10088973	0
0.5	1100	5462	0	689752	32	10088973	100	2	2200                              	118272	0	10088973	0
0.5	1100	5384	0	684146	32	10088973	100	2	2200                              	119291	0	10088973	0
0.5	1100	4057	0	593064	32	10088973	100	2	2200                              	119261	0	10088973	0
0.5	1100	5256	0	675515	32	10088973	100	2	2200                              	115092	0	10088973	0
0.5	1100	4689	0	636515	32	10088973	100	2	2200                              	119717	0	10088973	0
0.5	1100	4852	0	647869	32	10088973	100	2	2200                              	119915	0	10088973	0
0.5	1100	5245	0	674752	32	10088973	100	2	2200                              	118778	0	10088973	0
0.5	1100	4783	0	642828	32	10088973	100	2	2200                              	118811	0	10088973	0
0.5	1100	4643	0	633464	32	10088973	100	2	2200                              	119027	0	10088973	0
0.5	1100	4469	0	621224	32	10088973	100	2	2200                              	120567	0	10088973	0
0.5	1100	4807	0	644772	32	10088973	100	2	2200                              	119521	0	10088973	0
0.5	1100	6174	0	738765	32	10088973	100	2	2200                              	119686	0	10088973	0
0.5	1100	4480	0	622321	32	10088973	100	2	2200                              	118907	0	10088973	0
0.5	1100	4462	0	620921	32	10088973	100	2	2200                              	118963	0	10088973	0
0.5	1100	4908	0	651525	32	10088973	100	2	2200                              	119531	0	10088973	0
0.5	1100	5082	0	663632	32	10088973	100	2	2200                              	120064	0	10088973	0
0.5	1100	4772	0	641948	32	10088973	100	2	2200                              	120435	0	10088973	0
0.5	1100	4474	0	621850	32	10088973	100	2	2200                              	116382	0	10088973	0
0.5	1100	4673	0	635524	32	10088973	100	2	2200                              	119323	0	10088973	0
0.5	1100	4433	0	618982	32	10088973	100	2	2200                              	119372	0	10088973	0
0.5	1100	4466	0	621164	32	10088973	100	2	2200                              	119829	0	10088973	0
0.5	1100	5141	0	667454	32	10088973	100	2	2200                              	114216	0	10088973	0
0.5	1100	4668	0	635161	32	10088973	100	2	2200                              	116028	0	10088973	0
0.5	1100	4525	0	625256	32	10088973	100	2	2200                              	119220	0	10088973	0
0.5	1100	4658	0	634388	32	10088973	100	2	2200                              	119019	0	10088973	0
0.5	1100	4403	0	616826	32	10088973	100	2	2200                              	113900	0	10088973	0
0.5	1100	4701	0	637380	32	10088973	100	2	2200                              	118589	0	10088973	0
0.5	1100	4066	0	593578	32	10088973	100	2	2200                              	118994	0	10088973	0
0.5	1100	4959	0	655078	32	10088973	100	2	2200                              	113389	0	10088973	0
0.5	1100	4905	0	651414	32	10088973	100	2	2200                              	118681	0	10088973	0
0.5	1100	5055	0	661729	32	10088973	100	2	2200                              	119487	0	10088973	0
0.5	1100	4538	0	626121	32	10088973	100	2	2200                              	119988	0	10088973	0
0.5	1100	5931	0	721918	32	10088973	100	2	2200                              	117290	0	10088973	0
0.5	1100	4458	0	620612	32	10088973	100	2	2200                              	118120	0	10088973	0
0.5	1100	4973	0	656194	32	10088973	100	2	2200                              	112084	0	10088973	0
0.5	1100	5195	0	671376	32	10088973	100	2	2200                              	111209	0	10088973	0
0.5	1100	4540	0	626314	32	10088973	100	2	2200                              	113518	0	10088973	0
0.5	1100	4869	0	648875	32	10088973	100	2	2200                              	112876	0	10088973	0
0.5	1100	5141	0	667535	32	10088973	100	2	2200                              	119057	0	10088973	0
0.5	1100	4792	0	643489	32	10088973	100	2	2200                              	118554	0	10088973	0
0.5	1100	5018	0	659007	32	10088973	100	2	2200                              	113147	0	10088973	0
0.5	1100	4398	0	616461	32	10088973	100	2	2200                              	111472	0	10088973	0
0.5	1100	4431	0	618860	32	10088973	100	2	2200                              	112476	0	10088973	0
0.5	1100	5588	0	698348	32	10088973	100	2	2200                              	120712	0	10088973	0
0.5	1100	5587	0	698300	32	10088973	100	2	2200                              	119312	0	10088973	0
0.5	1100	4673	0	635302	32	10088973	100	2	2200                              	111935	0	10088973	0
0.5	1100	4542	0	626373	32	10088973	100	2	2200                              	119009	0	10088973	0
0.5	1100	5164	0	669295	32	10088973	100	2	2200                              	118742	0	10088973	0
0.5	1100	4911	0	651578	32	10088973	100	2	2200                              	117936	0	10088973	0
0.5	1100	5123	0	666315	32	10088973	100	2	2200                              	117974	0	10088973	0
0.5	1100	4678	0	635689	32	10088973	100	2	2200                              	119705	0	10088973	0
0.5	1100	5298	0	678539	32	10088973	100	2	2200                              	119203	0	10088973	0
0.5	1100	5230	0	673732	32	10088973	100	2	2200                              	117501	0	10088973	0
0.5	1100	4651	0	633628	32	10088973	100	2	2200                              	117633	0	10088973	0
0.5	1100	5256	0	675568	32	10088973	100	2	2200                              	113484	0	10088973	0
0.5	1100	4465	0	621304	32	10088973	100	2	2200                              	119813	0	10088973	0
0.5	1100	4569	0	628019	32	10088973	100	2	2200                              	119582	0	10088973	0
0.5	1100	4348	0	613085	32	10088973	100	2	2200                              	110386	0	10088973	0
0.5	1100	4458	0	620816	32	10088973	100	2	2200                              	118696	0	10088973	0
0.5	1100	5025	0	659518	32	10088973	100	2	2200                              	118951	0	10088973	0
0.5	1100	4647	0	633799	32	10088973	100	2	2200                              	119810	0	10088973	0
0.5	1100	4451	0	620134	32	10088973	100	2	2200                              	111845	0	10088973	0
0.5	1100	4421	0	617960	32	10088973	100	2	2200                              	119097	0	10088973	0
0.5	1100	4898	0	650907	32	10088973	100	2	2200                              	116570	0	10088973	0
0.5	1100	4618	0	631692	32	10088973	100	2	2200                              	117791	0	10088973	0
0.5	1100	4416	0	617717	32	10088973	100	2	2200                              	118998	0	10088973	0
0.5	1100	4847	0	647388	32	10088973	100	2	2200                              	116174	0	10088973	0
0.5	1100	4834	0	646368	32	10088973	100	2	2200                              	119604	0	10088973	0
0.5	1100	4667	0	635074	32	10088973	100	2	2200                              	113676	0	10088973	0
0.5	1100	4567	0	628083	32	10088973	100	2	2200                              	117142	0	10088973	0
0.5	1100	4584	0	629316	32	10088973	100	2	2200                              	112845	0	10088973	0
0.5	1100	4883	0	649713	32	10088973	100	2	2200                              	114258	0	10088973	0
0.5	1100	4764	0	641859	32	10088973	100	2	2200                              	118117	0	10088973	0
0.5	1100	4617	0	631521	32	10088973	100	2	2200                              	118534	0	10088973	0
0.5	1100	4858	0	648012	32	10088973	100	2	2200                              	119177	0	10088973	0
0.5	1100	4782	0	642772	32	10088973	100	2	2200                              	112454	0	10088973	0
0.5	1100	5095	0	664271	32	10088973	100	2	2200                              	119808	0	10088973	0
0.5	1100	5118	0	665950	32	10088973	100	2	2200                              	118129	0	10088973	0
0.5	1100	4368	0	614473	32	10088973	100	2	2200                              	113115	0	10088973	0
0.5	1100	4539	0	626197	32	10088973	100	2	2200                              	111952	0	10088973	0
0.5	1100	4763	0	641659	32	10088973	100	2	2200                              	120140	0	10088973	0
0.5	1100	4941	0	653935	32	10088973	100	2	2200                              	118238	0	10088973	0
0.5	1100	5330	0	680511	32	10088973	100	2	2200                              	116882	0	10088973	0
0.5	1100	5411	0	686152	32	10088973	100	2	2200                              	118636	0	10088973	0
0.5	1100	4476	0	621758	32	10088973	100	2	2200                              	119649	0	10088973	0
0.5	1100	4782	0	643053	32	10088973	100	2	2200                              	119907	0	10088973	0
0.5	1100	5005	0	658102	32	10088973	100	2	2200                              	117218	0	10088973	0
0.5	2100	3186	0	731379	32	10088973	100	2	4200                              	118049	0	10088973	0
0.5	2100	3232	0	736911	32	10088973	100	2	4200                              	118783	0	10088973	0
0.5	2100	3175	0	729760	32	10088973	100	2	4200                              	110805	0	10088973	0
0.5	2100	3433	0	763075	32	10088973	100	2	4200                              	115582	0	10088973	0
0.5	2100	2956	0	700934	32	10088973	100	2	4200                              	117684	0	10088973	0
0.5	2100	3014	0	709020	32	10088973	100	2	4200                              	118333	0	10088973	0
0.5	2100	3221	0	735597	32	10088973	100	2	4200                              	116386	0	10088973	0
0.5	2100	3077	0	717228	32	10088973	100	2	4200                              	114426	0	10088973	0
0.5	2100	2759	0	675150	32	10088973	100	2	4200                              	114016	0	10088973	0
0.5	2100	3262	0	741474	32	10088973	100	2	4200                              	116922	0	10088973	0
0.5	2100	3843	0	817758	32	10088973	100	2	4200                              	116847	0	10088973	0
0.5	2100	2712	0	669066	32	10088973	100	2	4200                              	109200	0	10088973	0
0.5	2100	3757	0	806340	32	10088973	100	2	4200                              	116178	0	10088973	0
0.5	2100	2975	0	703552	32	10088973	100	2	4200                              	117524	0	10088973	0
0.5	2100	2885	0	691925	32	10088973	100	2	4200                              	117688	0	10088973	0
0.5	2100	3031	0	711176	32	10088973	100	2	4200                              	117919	0	10088973	0
0.5	2100	3090	0	718682	32	10088973	100	2	4200                              	116956	0	10088973	0
0.5	2100	3560	0	780407	32	10088973	100	2	4200                              	115770	0	10088973	0
0.5	2100	3308	0	747649	32	10088973	100	2	4200                              	117708	0	10088973	0
0.5	2100	2982	0	704298	32	10088973	100	2	4200                              	117970	0	10088973	0
0.5	2100	3280	0	743612	32	10088973	100	2	4200                              	116904	0	10088973	0
0.5	2100	3042	0	712204	32	10088973	100	2	4200                              	116774	0	10088973	0
0.5	2100	2870	0	689575	32	10088973	100	2	4200                              	116455	0	10088973	0
0.5	2100	2912	0	695756	32	10088973	100	2	4200                              	112479	0	10088973	0
0.5	2100	3107	0	721130	32	10088973	100	2	4200                              	109462	0	10088973	0
0.5	2100	3237	0	738216	32	10088973	100	2	4200                              	116533	0	10088973	0
0.5	2100	2964	0	702409	32	10088973	100	2	4200                              	110925	0	10088973	0
0.5	2100	2923	0	696714	32	10088973	100	2	4200                              	115592	0	10088973	0
0.5	2100	3433	0	763770	32	10088973	100	2	4200                              	117345	0	10088973	0
0.5	2100	3035	0	711585	32	10088973	100	2	4200                              	109269	0	10088973	0
0.5	2100	2959	0	701235	32	10088973	100	2	4200                              	116940	0	10088973	0
0.5	2100	3559	0	780190	32	10088973	100	2	4200                              	119000	0	10088973	0
0.5	2100	3131	0	724199	32	10088973	100	2	4200                              	110787	0	10088973	0
0.5	2100	3347	0	752836	32	10088973	100	2	4200                              	118580	0	10088973	0
0.5	2100	2940	0	699001	32	10088973	100	2	4200                              	117103	0	10088973	0
0.5	2100	3286	0	744138	32	10088973	100	2	4200                              	114782	0	10088973	0
0.5	2100	3413	0	760721	32	10088973	100	2	4200                              	116217	0	10088973	0
0.5	2100	3472	0	768812	32	10088973	100	2	4200                              	116354	0	10088973	0
0.5	2100	3366	0	754934	32	10088973	100	2	4200                              	119542	0	10088973	0
0.5	2100	2977	0	704018	32	10088973	100	2	4200                              	118446	0	10088973	0
0.5	2100	3008	0	708086	32	10088973	100	2	4200                              	117582	0	10088973	0
0.5	2100	3033	0	711385	32	10088973	100	2	4200                              	118043	0	10088973	0
0.5	2100	2671	0	663756	32	10088973	100	2	4200                              	110632	0	10088973	0
0.5	2100	3325	0	749389	32	10088973	100	2	4200                              	118982	0	10088973	0
0.5	2100	2786	0	678710	32	10088973	100	2	4200                              	115903	0	10088973	0
0.5	2100	3044	0	712419	32	10088973	100	2	4200                              	109672	0	10088973	0
0.5	2100	3144	0	725900	32	10088973	100	2	4200                              	119370	0	10088973	0
0.5	2100	3325	0	749836	32	10088973	100	2	4200                              	118580	0	10088973	0
0.5	2100	2874	0	690361	32	10088973	100	2	4200                              	118150	0	10088973	0
0.5	2100	2925	0	697277	32	10088973	100	2	4200                              	111258	0	10088973	0
0.5	2100	3239	0	738535	32	10088973	100	2	4200                              	118303	0	10088973	0
0.5	2100	3079	0	717033	32	10088973	100	2	4200                              	117210	0	10088973	0
0.5	2100	3448	0	765593	32	10088973	100	2	4200                              	114590	0	10088973	0
0.5	2100	2967	0	702715	32	10088973	100	2	4200                              	116128	0	10088973	0
0.5	2100	2948	0	700062	32	10088973	100	2	4200                              	117298	0	10088973	0
0.5	2100	3557	0	780016	32	10088973	100	2	4200                              	115001	0	10088973	0
0.5	2100	3008	0	708021	32	10088973	100	2	4200                              	112976	0	10088973	0
0.5	2100	3115	0	721936	32	10088973	100	2	4200                              	109610	0	10088973	0
0.5	2100	2975	0	703835	32	10088973	100	2	4200                              	117391	0	10088973	0
0.5	2100	3034	0	710977	32	10088973	100	2	4200                              	117109	0	10088973	0
0.5	2100	2898	0	693310	32	10088973	100	2	4200                              	116992	0	10088973	0
0.5	2100	3070	0	715909	32	10088973	100	2	4200                              	118551	0	10088973	0
0.5	2100	3178	0	730790	32	10088973	100	2	4200                              	115950	0	10088973	0
0.5	2100	3275	0	743443	32	10088973	100	2	4200                              	118160	0	10088973	0
0.5	2100	3179	0	730199	32	10088973	100	2	4200                              	118490	0	10088973	0
0.5	2100	3098	0	719594	32	10088973	100	2	4200                              	111153	0	10088973	0
0.5	2100	3233	0	737001	32	10088973	100	2	4200                              	117428	0	10088973	0
0.5	2100	3144	0	725736	32	10088973	100	2	4200                              	109945	0	10088973	0
0.5	2100	3413	0	761299	32	10088973	100	2	4200                              	116908	0	10088973	0
0.5	2100	3263	0	741573	32	10088973	100	2	4200                              	118086	0	10088973	0
0.5	2100	3014	0	708549	32	10088973	100	2	4200                              	117898	0	10088973	0
0.5	2100	3235	0	737728	32	10088973	100	2	4200                              	117940	0	10088973	0
0.5	2100	3157	0	727656	32	10088973	100	2	4200                              	117587	0	10088973	0
0.5	2100	3618	0	787723	32	10088973	100	2	4200                              	119217	0	10088973	0
0.5	2100	3542	0	777941	32	10088973	100	2	4200                              	117370	0	10088973	0
0.5	2100	3792	0	810902	32	10088973	100	2	4200                              	115330	0	10088973	0
0.5	2100	2876	0	690931	32	10088973	100	2	4200                              	111984	0	10088973	0
0.5	2100	2912	0	695615	32	10088973	100	2	4200                              	110241	0	10088973	0
0.5	2100	3181	0	730564	32	10088973	100	2	4200                              	110930	0	10088973	0
0.5	2100	3203	0	733643	32	10088973	100	2	4200                              	110867	0	10088973	0
0.5	2100	3108	0	720954	32	10088973	100	2	4200                              	115211	0	10088973	0
0.5	2100	2884	0	691400	32	10088973	100	2	4200                              	115460	0	10088973	0
0.5	2100	3337	0	750931	32	10088973	100	2	4200                              	119485	0	10088973	0
0.5	2100	3206	0	734106	32	10088973	100	2	4200                              	116062	0	10088973	0
0.5	2100	2965	0	702178	32	10088973	100	2	4200                              	110993	0	10088973	0
0.5	2100	3166	0	728369	32	10088973	100	2	4200                              	118084	0	10088973	0
0.5	2100	2940	0	698966	32	10088973	100	2	4200                              	108669	0	10088973	0
0.5	2100	3169	0	728987	32	10088973	100	2	4200                              	117502	0	10088973	0
0.5	2100	3361	0	754124	32	10088973	100	2	4200                              	116896	0	10088973	0
0.5	2100	2858	0	688173	32	10088973	100	2	4200                              	115935	0	10088973	0
0.5	2100	2909	0	695273	32	10088973	100	2	4200                              	116783	0	10088973	0
0.5	2100	3539	0	777858	32	10088973	100	2	4200                              	111490	0	10088973	0
0.5	2100	3108	0	720873	32	10088973	100	2	4200                              	117682	0	10088973	0
0.5	2100	3197	0	733161	32	10088973	100	2	4200                              	117737	0	10088973	0
0.5	2100	3674	0	795200	32	10088973	100	2	4200                              	117485	0	10088973	0
0.5	2100	3268	0	742117	32	10088973	100	2	4200                              	117457	0	10088973	0
0.5	2100	3360	0	754337	32	10088973	100	2	4200                              	117780	0	10088973	0
0.5	2100	3434	0	763944	32	10088973	100	2	4200                              	118631	0	10088973	0
0.5	2100	3097	0	719843	32	10088973	100	2	4200                              	117753	0	10088973	0
0.5	2100	3290	0	744581	32	10088973	100	2	4200                              	116750	0	10088973	0
0.5	3100	2437	0	783489	32	10088973	100	2	6200                              	115739	0	10088973	0
0.5	3100	2479	0	792519	32	10088973	100	2	6200                              	109058	0	10088973	0
0.5	3100	2654	0	826560	32	10088973	100	2	6200                              	114973	0	10088973	0
0.5	3100	2576	0	811234	32	10088973	100	2	6200                              	110138	0	10088973	0
0.5	3100	2682	0	831412	32	10088973	100	2	6200                              	113015	0	10088973	0
0.5	3100	2781	0	850929	32	10088973	100	2	6200                              	115891	0	10088973	0
0.5	3100	2540	0	804333	32	10088973	100	2	6200                              	115343	0	10088973	0
0.5	3100	2562	0	808535	32	10088973	100	2	6200                              	115001	0	10088973	0
0.5	3100	2495	0	795774	32	10088973	100	2	6200                              	116414	0	10088973	0
0.5	3100	2494	0	795064	32	10088973	100	2	6200                              	114935	0	10088973	0
0.5	3100	2410	0	779324	32	10088973	100	2	6200                              	111422	0	10088973	0
0.5	3100	2390	0	775370	32	10088973	100	2	6200                              	115519	0	10088973	0
0.5	3100	2590	0	813746	32	10088973	100	2	6200                              	113970	0	10088973	0
0.5	3100	2466	0	789413	32	10088973	100	2	6200                              	115491	0	10088973	0
0.5	3100	2307	0	759769	32	10088973	100	2	6200                              	115485	0	10088973	0
0.5	3100	2447	0	786394	32	10088973	100	2	6200                              	113689	0	10088973	0
0.5	3100	2901	0	874427	32	10088973	100	2	6200                              	114640	0	10088973	0
0.5	3100	2579	0	812197	32	10088973	100	2	6200                              	116009	0	10088973	0
0.5	3100	2508	0	798090	32	10088973	100	2	6200                              	106933	0	10088973	0
0.5	3100	2869	0	867808	32	10088973	100	2	6200                              	113745	0	10088973	0
0.5	3100	2829	0	860421	32	10088973	100	2	6200                              	114591	0	10088973	0
0.5	3100	2981	0	890021	32	10088973	100	2	6200                              	117120	0	10088973	0
0.5	3100	2594	0	814605	32	10088973	100	2	6200                              	115270	0	10088973	0
0.5	3100	2572	0	810437	32	10088973	100	2	6200                              	114738	0	10088973	0
0.5	3100	2259	0	750125	32	10088973	100	2	6200                              	115276	0	10088973	0
0.5	3100	2461	0	788436	32	10088973	100	2	6200                              	115077	0	10088973	0
0.5	3100	2200	0	738570	32	10088973	100	2	6200                              	108160	0	10088973	0
0.5	3100	2746	0	844750	32	10088973	100	2	6200                              	116981	0	10088973	0
0.5	3100	2710	0	837038	32	10088973	100	2	6200                              	116009	0	10088973	0
0.5	3100	2321	0	761888	32	10088973	100	2	6200                              	116432	0	10088973	0
0.5	3100	2642	0	824164	32	10088973	100	2	6200                              	108592	0	10088973	0
0.5	3100	2440	0	784533	32	10088973	100	2	6200                              	112871	0	10088973	0
0.5	3100	2668	0	829355	32	10088973	100	2	6200                              	114605	0	10088973	0
0.5	3100	2623	0	819689	32	10088973	100	2	6200                              	115216	0	10088973	0
0.5	3100	2649	0	825511	32	10088973	100	2	6200                              	116489	0	10088973	0
0.5	3100	2367	0	770588	32	10088973	100	2	6200                              	113841	0	10088973	0
0.5	3100	2539	0	804170	32	10088973	100	2	6200                              	110052	0	10088973	0
0.5	3100	2624	0	820716	32	10088973	100	2	6200                              	115762	0	10088973	0
0.5	3100	2588	0	812969	32	10088973	100	2	6200                              	115804	0	10088973	0
0.5	3100	2350	0	767246	32	10088973	100	2	6200                              	115674	0	10088973	0
0.5	3100	2545	0	805326	32	10088973	100	2	6200                              	116034	0	10088973	0
0.5	3100	2717	0	838203	32	10088973	100	2	6200                              	110339	0	10088973	0
0.5	3100	2508	0	798087	32	10088973	100	2	6200                              	116797	0	10088973	0
0.5	3100	2552	0	806727	32	10088973	100	2	6200                              	110115	0	10088973	0
0.5	3100	2770	0	848696	32	10088973	100	2	6200                              	109636	0	10088973	0
0.5	3100	2302	0	757543	32	10088973	100	2	6200                              	108309	0	10088973	0
0.5	3100	2604	0	816543	32	10088973	100	2	6200                              	110427	0	10088973	0
0.5	3100	2389	0	774694	32	10088973	100	2	6200                              	107157	0	10088973	0
0.5	3100	2490	0	793916	32	10088973	100	2	6200                              	115181	0	10088973	0
0.5	3100	2429	0	782566	32	10088973	100	2	6200                              	113215	0	10088973	0
0.5	3100	2354	0	768858	32	10088973	100	2	6200                              	114852	0	10088973	0
0.5	3100	2480	0	792669	32	10088973	100	2	6200                              	115618	0	10088973	0
0.5	3100	2525	0	801294	32	10088973	100	2	6200                              	109753	0	10088973	0
0.5	3100	2464	0	789432	32	10088973	100	2	6200                              	111059	0	10088973	0
0.5	3100	2353	0	768254	32	10088973	100	2	6200                              	113503	0	10088973	0
0.5	3100	2486	0	793929	32	10088973	100	2	6200                              	116887	0	10088973	0
0.5	3100	2735	0	841704	32	10088973	100	2	6200                              	114398	0	10088973	0
0.5	3100	2491	0	795044	32	10088973	100	2	6200                              	114549	0	10088973	0
0.5	3100	2473	0	791278	32	10088973	100	2	6200                              	108400	0	10088973	0
0.5	3100	2449	0	787104	32	10088973	100	2	6200                              	115580	0	10088973	0
0.5	3100	2636	0	822603	32	10088973	100	2	6200                              	109370	0	10088973	0
0.5	3100	2296	0	757020	32	10088973	100	2	6200                              	115804	0	10088973	0
0.5	3100	2347	0	766690	32	10088973	100	2	6200                              	114771	0	10088973	0
0.5	3100	2458	0	788219	32	10088973	100	2	6200                              	113627	0	10088973	0
0.5	3100	2279	0	753160	32	10088973	100	2	6200                              	117165	0	10088973	0
0.5	3100	2541	0	804305	32	10088973	100	2	6200                              	109089	0	10088973	0
0.5	3100	2647	0	825641	32	10088973	100	2	6200                              	114410	0	10088973	0
0.5	3100	2585	0	812596	32	10088973	100	2	6200                              	116151	0	10088973	0
0.5	3100	2640	0	823838	32	10088973	100	2	6200                              	117012	0	10088973	0
0.5	3100	2549	0	805534	32	10088973	100	2	6200                              	109663	0	10088973	0
0.5	3100	2521	0	800886	32	10088973	100	2	6200                              	116153	0	10088973	0
0.5	3100	2254	0	748120	32	10088973	100	2	6200                              	111211	0	10088973	0
0.5	3100	2764	0	847431	32	10088973	100	2	6200                              	116715	0	10088973	0
0.5	3100	2745	0	844036	32	10088973	100	2	6200                              	116256	0	10088973	0
0.5	3100	2380	0	772804	32	10088973	100	2	6200                              	108129	0	10088973	0
0.5	3100	2326	0	762429	32	10088973	100	2	6200                              	109989	0	10088973	0
0.5	3100	2537	0	803791	32	10088973	100	2	6200                              	115197	0	10088973	0
0.5	3100	2239	0	745653	32	10088973	100	2	6200                              	112777	0	10088973	0
0.5	3100	2509	0	797684	32	10088973	100	2	6200                              	113202	0	10088973	0
0.5	3100	2406	0	777591	32	10088973	100	2	6200                              	107767	0	10088973	0
0.5	3100	2683	0	832143	32	10088973	100	2	6200                              	116163	0	10088973	0
0.5	3100	2496	0	795248	32	10088973	100	2	6200                              	115101	0	10088973	0
0.5	3100	2470	0	790454	32	10088973	100	2	6200                              	115984	0	10088973	0
0.5	3100	2155	0	729121	32	10088973	100	2	6200                              	112701	0	10088973	0
0.5	3100	2374	0	772300	32	10088973	100	2	6200                              	113899	0	10088973	0
0.5	3100	2373	0	771449	32	10088973	100	2	6200                              	115408	0	10088973	0
0.5	3100	2237	0	744910	32	10088973	100	2	6200                              	106797	0	10088973	0
0.5	3100	2318	0	760964	32	10088973	100	2	6200                              	116316	0	10088973	0
0.5	3100	2885	0	871194	32	10088973	100	2	6200                              	116543	0	10088973	0
0.5	3100	2715	0	838430	32	10088973	100	2	6200                              	116644	0	10088973	0
0.5	3100	2623	0	820100	32	10088973	100	2	6200                              	116402	0	10088973	0
0.5	3100	2579	0	812193	32	10088973	100	2	6200                              	115325	0	10088973	0
0.5	3100	2179	0	734506	32	10088973	100	2	6200                              	116425	0	10088973	0
0.5	3100	2628	0	821135	32	10088973	100	2	6200                              	115234	0	10088973	0
0.5	3100	2491	0	794273	32	10088973	100	2	6200                              	116623	0	10088973	0
0.5	3100	2623	0	820387	32	10088973	100	2	6200                              	110264	0	10088973	0
0.5	3100	2498	0	796123	32	10088973	100	2	6200                              	107802	0	10088973	0
0.5	3100	2538	0	804395	32	10088973	100	2	6200                              	109347	0	10088973	0
0.5	3100	2601	0	815823	32	10088973	100	2	6200                              	115675	0	10088973	0
0.5	3100	2394	0	776054	32	10088973	100	2	6200                              	110226	0	10088973	0
0.5	4100	2279	0	895380	32	10088973	100	2	8200                              	110527	0	10088973	0
0.5	4100	2504	0	952867	32	10088973	100	2	8200                              	107036	0	10088973	0
0.5	4100	2356	0	914909	32	10088973	100	2	8200                              	114567	0	10088973	0
0.5	4100	2359	0	915342	32	10088973	100	2	8200                              	106206	0	10088973	0
0.5	4100	1948	0	810381	32	10088973	100	2	8200                              	113944	0	10088973	0
0.5	4100	2291	0	898369	32	10088973	100	2	8200                              	107957	0	10088973	0
0.5	4100	2397	0	925060	32	10088973	100	2	8200                              	115192	0	10088973	0
0.5	4100	2173	0	868096	32	10088973	100	2	8200                              	114084	0	10088973	0
0.5	4100	2206	0	875903	32	10088973	100	2	8200                              	108796	0	10088973	0
0.5	4100	2345	0	912147	32	10088973	100	2	8200                              	114678	0	10088973	0
0.5	4100	2088	0	845837	32	10088973	100	2	8200                              	114554	0	10088973	0
0.5	4100	2406	0	928027	32	10088973	100	2	8200                              	112205	0	10088973	0
0.5	4100	2023	0	829321	32	10088973	100	2	8200                              	113374	0	10088973	0
0.5	4100	2083	0	844964	32	10088973	100	2	8200                              	107621	0	10088973	0
0.5	4100	2033	0	832205	32	10088973	100	2	8200                              	108583	0	10088973	0
0.5	4100	2157	0	864559	32	10088973	100	2	8200                              	114257	0	10088973	0
0.5	4100	2392	0	924535	32	10088973	100	2	8200                              	112617	0	10088973	0
0.5	4100	2025	0	830006	32	10088973	100	2	8200                              	113776	0	10088973	0
0.5	4100	2143	0	859547	32	10088973	100	2	8200                              	113663	0	10088973	0
0.5	4100	1999	0	823089	32	10088973	100	2	8200                              	108662	0	10088973	0
0.5	4100	2162	0	865165	32	10088973	100	2	8200                              	111380	0	10088973	0
0.5	4100	2487	0	948329	32	10088973	100	2	8200                              	109770	0	10088973	0
0.5	4100	1941	0	808718	32	10088973	100	2	8200                              	112879	0	10088973	0
0.5	4100	2493	0	949343	32	10088973	100	2	8200                              	114280	0	10088973	0
0.5	4100	2214	0	877962	32	10088973	100	2	8200                              	111908	0	10088973	0
0.5	4100	2223	0	880966	32	10088973	100	2	8200                              	107476	0	10088973	0
0.5	4100	2265	0	891659	32	10088973	100	2	8200                              	108110	0	10088973	0
0.5	4100	2346	0	912195	32	10088973	100	2	8200                              	116008	0	10088973	0
0.5	4100	2184	0	870810	32	10088973	100	2	8200                              	113626	0	10088973	0
0.5	4100	2117	0	853737	32	10088973	100	2	8200                              	105996	0	10088973	0
0.5	4100	2345	0	912663	32	10088973	100	2	8200                              	111233	0	10088973	0
0.5	4100	2546	0	963243	32	10088973	100	2	8200                              	114307	0	10088973	0
0.5	4100	2058	0	838212	32	10088973	100	2	8200                              	109158	0	10088973	0
0.5	4100	2236	0	885056	32	10088973	100	2	8200                              	109634	0	10088973	0
0.5	4100	2210	0	877604	32	10088973	100	2	8200                              	112706	0	10088973	0
0.5	4100	2428	0	933482	32	10088973	100	2	8200                              	115048	0	10088973	0
0.5	4100	2302	0	900693	32	10088973	100	2	8200                              	112555	0	10088973	0
0.5	4100	2122	0	854538	32	10088973	100	2	8200                              	107467	0	10088973	0
0.5	4100	2092	0	846723	32	10088973	100	2	8200                              	114481	0	10088973	0
0.5	4100	1918	0	802652	32	10088973	100	2	8200                              	114688	0	10088973	0
0.5	4100	2340	0	911245	32	10088973	100	2	8200                              	112877	0	10088973	0
0.5	4100	2233	0	882738	32	10088973	100	2	8200                              	107199	0	10088973	0
0.5	4100	2343	0	911534	32	10088973	100	2	8200                              	112277	0	10088973	0
0.5	4100	2087	0	846416	32	10088973	100	2	8200                              	113746	0	10088973	0
0.5	4100	2111	0	852132	32	10088973	100	2	8200                              	113897	0	10088973	0
0.5	4100	2071	0	841999	32	10088973	100	2	8200                              	112114	0	10088973	0
0.5	4100	2304	0	901542	32	10088973	100	2	8200                              	111260	0	10088973	0
0.5	4100	2213	0	878173	32	10088973	100	2	8200                              	109147	0	10088973	0
0.5	4100	2127	0	855911	32	10088973	100	2	8200                              	112926	0	10088973	0
0.5	4100	2357	0	914592	32	10088973	100	2	8200                              	112135	0	10088973	0
0.5	4100	2134	0	857469	32	10088973	100	2	8200                              	112230	0	10088973	0
0.5	4100	2245	0	886134	32	10088973	100	2	8200                              	112398	0	10088973	0
0.5	4100	2398	0	925954	32	10088973	100	2	8200                              	112199	0	10088973	0
0.5	4100	2211	0	877602	32	10088973	100	2	8200                              	105725	0	10088973	0
0.5	4100	2254	0	889390	32	10088973	100	2	8200                              	115007	0	10088973	0
0.5	4100	2228	0	881982	32	10088973	100	2	8200                              	112466	0	10088973	0
0.5	4100	2100	0	849501	32	10088973	100	2	8200                              	106942	0	10088973	0
0.5	4100	2108	0	850892	32	10088973	100	2	8200                              	112358	0	10088973	0
0.5	4100	2277	0	894634	32	10088973	100	2	8200                              	113861	0	10088973	0
0.5	4100	2552	0	965969	32	10088973	100	2	8200                              	111314	0	10088973	0
0.5	4100	2318	0	904617	32	10088973	100	2	8200                              	115312	0	10088973	0
0.5	4100	2316	0	904270	32	10088973	100	2	8200                              	114257	0	10088973	0
0.5	4100	2156	0	863199	32	10088973	100	2	8200                              	110925	0	10088973	0
0.5	4100	2339	0	910679	32	10088973	100	2	8200                              	113808	0	10088973	0
0.5	4100	2135	0	858104	32	10088973	100	2	8200                              	113575	0	10088973	0
0.5	4100	1926	0	805156	32	10088973	100	2	8200                              	113343	0	10088973	0
0.5	4100	2078	0	843522	32	10088973	100	2	8200                              	105022	0	10088973	0
0.5	4100	2147	0	861819	32	10088973	100	2	8200                              	110899	0	10088973	0
0.5	4100	2346	0	912157	32	10088973	100	2	8200                              	113226	0	10088973	0
0.5	4100	2015	0	828271	32	10088973	100	2	8200                              	108206	0	10088973	0
0.5	4100	2256	0	889814	32	10088973	100	2	8200                              	113264	0	10088973	0
0.5	4100	2056	0	838025	32	10088973	100	2	8200                              	113210	0	10088973	0
0.5	4100	2053	0	837380	32	10088973	100	2	8200                              	109002	0	10088973	0
0.5	4100	2262	0	890466	32	10088973	100	2	8200                              	109279	0	10088973	0
0.5	4100	2423	0	931846	32	10088973	100	2	8200                              	114292	0	10088973	0
0.5	4100	2393	0	924875	32	10088973	100	2	8200                              	112667	0	10088973	0
0.5	4100	2065	0	840480	32	10088973	100	2	8200                              	105059	0	10088973	0
0.5	4100	1968	0	815447	32	10088973	100	2	8200                              	106509	0	10088973	0
0.5	4100	2434	0	934491	32	10088973	100	2	8200                              	113220	0	10088973	0
0.5	4100	2325	0	907149	32	10088973	100	2	8200                              	108177	0	10088973	0
0.5	4100	2043	0	834262	32	10088973	100	2	8200                              	114060	0	10088973	0
0.5	4100	2254	0	888874	32	10088973	100	2	8200                              	113313	0	10088973	0
0.5	4100	2002	0	823397	32	10088973	100	2	8200                              	105654	0	10088973	0
0.5	4100	2412	0	929498	32	10088973	100	2	8200                              	110978	0	10088973	0
0.5	4100	2166	0	865864	32	10088973	100	2	8200                              	113327	0	10088973	0
0.5	4100	2469	0	943553	32	10088973	100	2	8200                              	110816	0	10088973	0
0.5	4100	2253	0	888233	32	10088973	100	2	8200                              	110708	0	10088973	0
0.5	4100	2183	0	870439	32	10088973	100	2	8200                              	112254	0	10088973	0
0.5	4100	2021	0	828096	32	10088973	100	2	8200                              	113574	0	10088973	0
0.5	4100	2148	0	862274	32	10088973	100	2	8200                              	112505	0	10088973	0
0.5	4100	1972	0	816192	32	10088973	100	2	8200                              	113127	0	10088973	0
0.5	4100	2242	0	885790	32	10088973	100	2	8200                              	112215	0	10088973	0
0.5	4100	2089	0	846245	32	10088973	100	2	8200                              	114563	0	10088973	0
0.5	4100	1994	0	821910	32	10088973	100	2	8200                              	111119	0	10088973	0
0.5	4100	2441	0	937021	32	10088973	100	2	8200                              	112384	0	10088973	0
0.5	4100	2237	0	884454	32	10088973	100	2	8200                              	111941	0	10088973	0
0.5	4100	2164	0	865041	32	10088973	100	2	8200                              	113202	0	10088973	0
0.5	4100	1885	0	794836	32	10088973	100	2	8200                              	116020	0	10088973	0
0.5	4100	2136	0	858934	32	10088973	100	2	8200                              	112154	0	10088973	0
0.5	4100	2236	0	883860	32	10088973	100	2	8200                              	115375	0	10088973	0
0.5	5100	1875	0	907692	32	10088973	100	2	10200                              	112224	0	10088973	0
0.5	5100	1741	0	865257	32	10088973	100	2	10200                              	108710	0	10088973	0
0.5	5100	1751	0	868234	32	10088973	100	2	10200                              	106549	0	10088973	0
0.5	5100	1934	0	925818	32	10088973	100	2	10200                              	105025	0	10088973	0
0.5	5100	1913	0	919254	32	10088973	100	2	10200                              	112400	0	10088973	0
0.5	5100	2043	0	961028	32	10088973	100	2	10200                              	112986	0	10088973	0
0.5	5100	1732	0	862367	32	10088973	100	2	10200                              	113428	0	10088973	0
0.5	5100	1955	0	933097	32	10088973	100	2	10200                              	111705	0	10088973	0
0.5	5100	1986	0	943179	32	10088973	100	2	10200                              	111903	0	10088973	0
0.5	5100	1968	0	937388	32	10088973	100	2	10200                              	110955	0	10088973	0
0.5	5100	1824	0	891040	32	10088973	100	2	10200                              	104398	0	10088973	0
0.5	5100	1829	0	892988	32	10088973	100	2	10200                              	113683	0	10088973	0
0.5	5100	2054	0	965117	32	10088973	100	2	10200                              	110249	0	10088973	0
0.5	5100	1806	0	886449	32	10088973	100	2	10200                              	105710	0	10088973	0
0.5	5100	1839	0	896045	32	10088973	100	2	10200                              	111518	0	10088973	0
0.5	5100	1864	0	903698	32	10088973	100	2	10200                              	104075	0	10088973	0
0.5	5100	1837	0	894704	32	10088973	100	2	10200                              	111000	0	10088973	0
0.5	5100	1960	0	934931	32	10088973	100	2	10200                              	112820	0	10088973	0
0.5	5100	2054	0	963996	32	10088973	100	2	10200                              	114291	0	10088973	0
0.5	5100	1913	0	919959	32	10088973	100	2	10200                              	106930	0	10088973	0
0.5	5100	1977	0	939850	32	10088973	100	2	10200                              	111160	0	10088973	0
0.5	5100	1956	0	933044	32	10088973	100	2	10200                              	108325	0	10088973	0
0.5	5100	1989	0	944219	32	10088973	100	2	10200                              	113398	0	10088973	0
0.5	5100	1776	0	876482	32	10088973	100	2	10200                              	105573	0	10088973	0
0.5	5100	1842	0	896927	32	10088973	100	2	10200                              	112387	0	10088973	0
0.5	5100	1961	0	935038	32	10088973	100	2	10200                              	109037	0	10088973	0
0.5	5100	2008	0	950027	32	10088973	100	2	10200                              	108625	0	10088973	0
0.5	5100	1911	0	919797	32	10088973	100	2	10200                              	103950	0	10088973	0
0.5	5100	2011	0	949919	32	10088973	100	2	10200                              	105061	0	10088973	0
0.5	5100	2086	0	974780	32	10088973	100	2	10200                              	110415	0	10088973	0
0.5	5100	1787	0	880017	32	10088973	100	2	10200                              	111219	0	10088973	0
0.5	5100	1849	0	899650	32	10088973	100	2	10200                              	111095	0	10088973	0
0.5	5100	1758	0	870781	32	10088973	100	2	10200                              	110302	0	10088973	0
0.5	5100	1777	0	876427	32	10088973	100	2	10200                              	111165	0	10088973	0
0.5	5100	2115	0	985167	32	10088973	100	2	10200                              	113874	0	10088973	0
0.5	5100	1827	0	892098	32	10088973	100	2	10200                              	111935	0	10088973	0
0.5	5100	2177	0	1004097	32	10088973	100	2	10200                              	104408	0	10088973	0
0.5	5100	1860	0	903459	32	10088973	100	2	10200                              	112962	0	10088973	0
0.5	5100	1886	0	910280	32	10088973	100	2	10200                              	111524	0	10088973	0
0.5	5100	1986	0	942280	32	10088973	100	2	10200                              	112815	0	10088973	0
0.5	5100	1779	0	877218	32	10088973	100	2	10200                              	112763	0	10088973	0
0.5	5100	2240	0	1023935	32	10088973	100	2	10200                              	110326	0	10088973	0
0.5	5100	1856	0	901697	32	10088973	100	2	10200                              	106980	0	10088973	0
0.5	5100	2176	0	1003254	32	10088973	100	2	10200                              	109331	0	10088973	0
0.5	5100	1721	0	858773	32	10088973	100	2	10200                              	104670	0	10088973	0
0.5	5100	2001	0	947536	32	10088973	100	2	10200                              	111579	0	10088973	0
0.5	5100	2081	0	972607	32	10088973	100	2	10200                              	111598	0	10088973	0
0.5	5100	1661	0	840131	32	10088973	100	2	10200                              	108758	0	10088973	0
0.5	5100	1835	0	894855	32	10088973	100	2	10200                              	106130	0	10088973	0
0.5	5100	2028	0	956611	32	10088973	100	2	10200                              	109207	0	10088973	0
0.5	5100	1652	0	835992	32	10088973	100	2	10200                              	113759	0	10088973	0
0.5	5100	1978	0	940493	32	10088973	100	2	10200                              	110091	0	10088973	0
0.5	5100	1979	0	940513	32	10088973	100	2	10200                              	113058	0	10088973	0
0.5	5100	1913	0	919172	32	10088973	100	2	10200                              	105916	0	10088973	0
0.5	5100	1913	0	919766	32	10088973	100	2	10200                              	110823	0	10088973	0
0.5	5100	2045	0	961916	32	10088973	100	2	10200                              	111550	0	10088973	0
0.5	5100	2362	0	1063653	32	10088973	100	2	10200                              	111089	0	10088973	0
0.5	5100	1928	0	924590	32	10088973	100	2	10200                              	113182	0	10088973	0
0.5	5100	1878	0	908621	32	10088973	100	2	10200                              	108175	0	10088973	0
0.5	5100	1873	0	906436	32	10088973	100	2	10200                              	113259	0	10088973	0
0.5	5100	1884	0	911033	32	10088973	100	2	10200                              	112960	0	10088973	0
0.5	5100	1838	0	896927	32	10088973	100	2	10200                              	111147	0	10088973	0
0.5	5100	2188	0	1007262	32	10088973	100	2	10200                              	109921	0	10088973	0
0.5	5100	2028	0	956517	32	10088973	100	2	10200                              	112485	0	10088973	0
0.5	5100	1947	0	931342	32	10088973	100	2	10200                              	105773	0	10088973	0
0.5	5100	1782	0	878246	32	10088973	100	2	10200                              	112680	0	10088973	0
0.5	5100	1862	0	903333	32	10088973	100	2	10200                              	104849	0	10088973	0
0.5	5100	1901	0	916011	32	10088973	100	2	10200                              	112160	0	10088973	0
0.5	5100	1849	0	899546	32	10088973	100	2	10200                              	111055	0	10088973	0
0.5	5100	1898	0	915030	32	10088973	100	2	10200                              	105234	0	10088973	0
0.5	5100	1819	0	889904	32	10088973	100	2	10200                              	113507	0	10088973	0
0.5	5100	2152	0	995442	32	10088973	100	2	10200                              	111442	0	10088973	0
0.5	5100	1797	0	883249	32	10088973	100	2	10200                              	112157	0	10088973	0
0.5	5100	1771	0	875444	32	10088973	100	2	10200                              	105089	0	10088973	0
0.5	5100	1946	0	929179	32	10088973	100	2	10200                              	105748	0	10088973	0
0.5	5100	2072	0	971026	32	10088973	100	2	10200                              	111122	0	10088973	0
0.5	5100	2059	0	966200	32	10088973	100	2	10200                              	106098	0	10088973	0
0.5	5100	2024	0	955597	32	10088973	100	2	10200                              	104731	0	10088973	0
0.5	5100	1777	0	876254	32	10088973	100	2	10200                              	108828	0	10088973	0
0.5	5100	1817	0	889468	32	10088973	100	2	10200                              	112328	0	10088973	0
0.5	5100	1900	0	916324	32	10088973	100	2	10200                              	112109	0	10088973	0
0.5	5100	1924	0	923561	32	10088973	100	2	10200                              	111601	0	10088973	0
0.5	5100	1903	0	916725	32	10088973	100	2	10200                              	103958	0	10088973	0
0.5	5100	2272	0	1033793	32	10088973	100	2	10200                              	113864	0	10088973	0
0.5	5100	2187	0	1006867	32	10088973	100	2	10200                              	112552	0	10088973	0
0.5	5100	2235	0	1022423	32	10088973	100	2	10200                              	111665	0	10088973	0
0.5	5100	1905	0	917241	32	10088973	100	2	10200                              	103464	0	10088973	0
0.5	5100	1863	0	904265	32	10088973	100	2	10200                              	107967	0	10088973	0
0.5	5100	1836	0	895248	32	10088973	100	2	10200                              	109768	0	10088973	0
0.5	5100	2036	0	959695	32	10088973	100	2	10200                              	112090	0	10088973	0
0.5	5100	2144	0	993741	32	10088973	100	2	10200                              	112327	0	10088973	0
0.5	5100	1962	0	934702	32	10088973	100	2	10200                              	112394	0	10088973	0
0.5	5100	1880	0	908908	32	10088973	100	2	10200                              	112475	0	10088973	0
0.5	5100	1926	0	924453	32	10088973	100	2	10200                              	112876	0	10088973	0
0.5	5100	1768	0	872637	32	10088973	100	2	10200                              	106152	0	10088973	0
0.5	5100	1772	0	874032	32	10088973	100	2	10200                              	105461	0	10088973	0
0.5	5100	2174	0	1003157	32	10088973	100	2	10200                              	109512	0	10088973	0
0.5	5100	2050	0	963835	32	10088973	100	2	10200                              	110164	0	10088973	0
0.5	5100	1825	0	892888	32	10088973	100	2	10200                              	110762	0	10088973	0
0.5	5100	1970	0	937090	32	10088973	100	2	10200                              	107923	0	10088973	0
0.5	6100	1516	0	886931	32	10088973	100	2	12200                              	111808	0	10088973	0
0.5	6100	1676	0	945836	32	10088973	100	2	12200                              	109760	0	10088973	0
0.5	6100	1675	0	947168	32	10088973	100	2	12200                              	104061	0	10088973	0
0.5	6100	1745	0	974068	32	10088973	100	2	12200                              	108019	0	10088973	0
0.5	6100	1718	0	963751	32	10088973	100	2	12200                              	103339	0	10088973	0
0.5	6100	1918	0	1041055	32	10088973	100	2	12200                              	108260	0	10088973	0
0.5	6100	1943	0	1049704	32	10088973	100	2	12200                              	106065	0	10088973	0
0.5	6100	1814	0	1000656	32	10088973	100	2	12200                              	110489	0	10088973	0
0.5	6100	2009	0	1074616	32	10088973	100	2	12200                              	109477	0	10088973	0
0.5	6100	1653	0	940066	32	10088973	100	2	12200                              	110883	0	10088973	0
0.5	6100	1736	0	970560	32	10088973	100	2	12200                              	101584	0	10088973	0
0.5	6100	1727	0	967151	32	10088973	100	2	12200                              	109690	0	10088973	0
0.5	6100	1610	0	923404	32	10088973	100	2	12200                              	108572	0	10088973	0
0.5	6100	1768	0	982791	32	10088973	100	2	12200                              	112403	0	10088973	0
0.5	6100	1817	0	1001458	32	10088973	100	2	12200                              	106178	0	10088973	0
0.5	6100	1654	0	939721	32	10088973	100	2	12200                              	108791	0	10088973	0
0.5	6100	2001	0	1071241	32	10088973	100	2	12200                              	103313	0	10088973	0
0.5	6100	1609	0	923128	32	10088973	100	2	12200                              	111585	0	10088973	0
0.5	6100	1914	0	1039441	32	10088973	100	2	12200                              	111848	0	10088973	0
0.5	6100	1564	0	906610	32	10088973	100	2	12200                              	108025	0	10088973	0
0.5	6100	1705	0	959296	32	10088973	100	2	12200                              	106101	0	10088973	0
0.5	6100	1622	0	928033	32	10088973	100	2	12200                              	109742	0	10088973	0
0.5	6100	1683	0	950564	32	10088973	100	2	12200                              	112423	0	10088973	0
0.5	6100	1871	0	1021821	32	10088973	100	2	12200                              	108720	0	10088973	0
0.5	6100	1909	0	1036981	32	10088973	100	2	12200                              	109819	0	10088973	0
0.5	6100	1768	0	982407	32	10088973	100	2	12200                              	109006	0	10088973	0
0.5	6100	1804	0	996697	32	10088973	100	2	12200                              	111199	0	10088973	0
0.5	6100	1875	0	1023404	32	10088973	100	2	12200                              	110898	0	10088973	0
0.5	6100	1895	0	1032412	32	10088973	100	2	12200                              	109900	0	10088973	0
0.5	6100	1825	0	1005342	32	10088973	100	2	12200                              	100899	0	10088973	0
0.5	6100	1753	0	978442	32	10088973	100	2	12200                              	105815	0	10088973	0
0.5	6100	1731	0	969653	32	10088973	100	2	12200                              	107324	0	10088973	0
0.5	6100	1742	0	972266	32	10088973	100	2	12200                              	109754	0	10088973	0
0.5	6100	1606	0	922469	32	10088973	100	2	12200                              	105653	0	10088973	0
0.5	6100	1745	0	975719	32	10088973	100	2	12200                              	109926	0	10088973	0
0.5	6100	1642	0	935213	32	10088973	100	2	12200                              	110024	0	10088973	0
0.5	6100	1720	0	964117	32	10088973	100	2	12200                              	104181	0	10088973	0
0.5	6100	1674	0	947014	32	10088973	100	2	12200                              	111022	0	10088973	0
0.5	6100	1839	0	1009698	32	10088973	100	2	12200                              	109807	0	10088973	0
0.5	6100	1621	0	928097	32	10088973	100	2	12200                              	106264	0	10088973	0
0.5	6100	1818	0	1002593	32	10088973	100	2	12200                              	110737	0	10088973	0
0.5	6100	1657	0	940595	32	10088973	100	2	12200                              	109767	0	10088973	0
0.5	6100	1750	0	976995	32	10088973	100	2	12200                              	108718	0	10088973	0
0.5	6100	1721	0	964397	32	10088973	100	2	12200                              	106081	0	10088973	0
0.5	6100	1569	0	907140	32	10088973	100	2	12200                              	110643	0	10088973	0
0.5	6100	1905	0	1035496	32	10088973	100	2	12200                              	107997	0	10088973	0
0.5	6100	1682	0	950243	32	10088973	100	2	12200                              	108836	0	10088973	0
0.5	6100	1705	0	958702	32	10088973	100	2	12200                              	110407	0	10088973	0
0.5	6100	1810	0	998579	32	10088973	100	2	12200                              	108338	0	10088973	0
0.5	6100	1652	0	938546	32	10088973	100	2	12200                              	110110	0	10088973	0
0.5	6100	1916	0	1040505	32	10088973	100	2	12200                              	109882	0	10088973	0
0.5	6100	1897	0	1031913	32	10088973	100	2	12200                              	110384	0	10088973	0
0.5	6100	1806	0	997607	32	10088973	100	2	12200                              	109051	0	10088973	0
0.5	6100	1581	0	911892	32	10088973	100	2	12200                              	107472	0	10088973	0
0.5	6100	1720	0	965537	32	10088973	100	2	12200                              	103288	0	10088973	0
0.5	6100	1808	0	996854	32	10088973	100	2	12200                              	110656	0	10088973	0
0.5	6100	1881	0	1025525	32	10088973	100	2	12200                              	108580	0	10088973	0
0.5	6100	1602	0	920509	32	10088973	100	2	12200                              	109770	0	10088973	0
0.5	6100	1727	0	967135	32	10088973	100	2	12200                              	110126	0	10088973	0
0.5	6100	1650	0	939365	32	10088973	100	2	12200                              	103365	0	10088973	0
0.5	6100	1638	0	934569	32	10088973	100	2	12200                              	110828	0	10088973	0
0.5	6100	1791	0	992415	32	10088973	100	2	12200                              	110212	0	10088973	0
0.5	6100	1964	0	1057613	32	10088973	100	2	12200                              	108400	0	10088973	0
0.5	6100	1965	0	1058602	32	10088973	100	2	12200                              	109301	0	10088973	0
0.5	6100	1690	0	953645	32	10088973	100	2	12200                              	109642	0	10088973	0
0.5	6100	1809	0	998563	32	10088973	100	2	12200                              	111013	0	10088973	0
0.5	6100	1636	0	932455	32	10088973	100	2	12200                              	104790	0	10088973	0
0.5	6100	1723	0	966383	32	10088973	100	2	12200                              	105000	0	10088973	0
0.5	6100	1997	0	1070597	32	10088973	100	2	12200                              	109014	0	10088973	0
0.5	6100	1662	0	941504	32	10088973	100	2	12200                              	108967	0	10088973	0
0.5	6100	2007	0	1073916	32	10088973	100	2	12200                              	109918	0	10088973	0
0.5	6100	2063	0	1096553	32	10088973	100	2	12200                              	113018	0	10088973	0
0.5	6100	1744	0	973007	32	10088973	100	2	12200                              	103383	0	10088973	0
0.5	6100	1699	0	955988	32	10088973	100	2	12200                              	103147	0	10088973	0
0.5	6100	1738	0	971696	32	10088973	100	2	12200                              	109879	0	10088973	0
0.5	6100	1863	0	1019089	32	10088973	100	2	12200                              	103221	0	10088973	0
0.5	6100	1867	0	1020587	32	10088973	100	2	12200                              	105106	0	10088973	0
0.5	6100	1765	0	981553	32	10088973	100	2	12200                              	110114	0	10088973	0
0.5	6100	1771	0	983568	32	10088973	100	2	12200                              	105090	0	10088973	0
0.5	6100	1730	0	967672	32	10088973	100	2	12200                              	106661	0	10088973	0
0.5	6100	1638	0	933258	32	10088973	100	2	12200                              	113165	0	10088973	0
0.5	6100	1713	0	961941	32	10088973	100	2	12200                              	107801	0	10088973	0
0.5	6100	1898	0	1032809	32	10088973	100	2	12200                              	107459	0	10088973	0
0.5	6100	1642	0	933858	32	10088973	100	2	12200                              	108267	0	10088973	0
0.5	6100	1937	0	1047991	32	10088973	100	2	12200                              	111035	0	10088973	0
0.5	6100	1894	0	1030269	32	10088973	100	2	12200                              	109287	0	10088973	0
0.5	6100	1944	0	1050996	32	10088973	100	2	12200                              	110428	0	10088973	0
0.5	6100	1778	0	986894	32	10088973	100	2	12200                              	111192	0	10088973	0
0.5	6100	1794	0	993565	32	10088973	100	2	12200                              	106266	0	10088973	0
0.5	6100	1709	0	961231	32	10088973	100	2	12200                              	106842	0	10088973	0
0.5	6100	1795	0	992971	32	10088973	100	2	12200                              	110847	0	10088973	0
0.5	6100	1776	0	985551	32	10088973	100	2	12200                              	107689	0	10088973	0
0.5	6100	1601	0	919595	32	10088973	100	2	12200                              	110626	0	10088973	0
0.5	6100	2066	0	1097400	32	10088973	100	2	12200                              	110303	0	10088973	0
0.5	6100	1596	0	916647	32	10088973	100	2	12200                              	106944	0	10088973	0
0.5	6100	1772	0	984679	32	10088973	100	2	12200                              	102660	0	10088973	0
0.5	6100	1675	0	948172	32	10088973	100	2	12200                              	110219	0	10088973	0
0.5	6100	1734	0	969124	32	10088973	100	2	12200                              	109272	0	10088973	0
0.5	6100	1688	0	952022	32	10088973	100	2	12200                              	101311	0	10088973	0
0.5	6100	1676	0	947842	32	10088973	100	2	12200                              	101384	0	10088973	0
0.5	7100	1708	0	1066976	32	10088973	100	2	14200                              	108919	0	10088973	0
0.5	7100	1591	0	1013678	32	10088973	100	2	14200                              	109870	0	10088973	0
0.5	7100	1899	0	1151449	32	10088973	100	2	14200                              	98256	0	10088973	0
0.5	7100	1381	0	922166	32	10088973	100	2	14200                              	100334	0	10088973	0
0.5	7100	1683	0	1052380	32	10088973	100	2	14200                              	107874	0	10088973	0
0.5	7100	1838	0	1123622	32	10088973	100	2	14200                              	106780	0	10088973	0
0.5	7100	1582	0	1009624	32	10088973	100	2	14200                              	106839	0	10088973	0
0.5	7100	1492	0	971070	32	10088973	100	2	14200                              	110738	0	10088973	0
0.5	7100	1542	0	993386	32	10088973	100	2	14200                              	101811	0	10088973	0
0.5	7100	1775	0	1095170	32	10088973	100	2	14200                              	108671	0	10088973	0
0.5	7100	1878	0	1141614	32	10088973	100	2	14200                              	109652	0	10088973	0
0.5	7100	1722	0	1072526	32	10088973	100	2	14200                              	109092	0	10088973	0
0.5	7100	1671	0	1050196	32	10088973	100	2	14200                              	107298	0	10088973	0
0.5	7100	1567	0	1002991	32	10088973	100	2	14200                              	107856	0	10088973	0
0.5	7100	1761	0	1089552	32	10088973	100	2	14200                              	105204	0	10088973	0
0.5	7100	1557	0	999084	32	10088973	100	2	14200                              	104829	0	10088973	0
0.5	7100	1402	0	929841	32	10088973	100	2	14200                              	108507	0	10088973	0
0.5	7100	1702	0	1062540	32	10088973	100	2	14200                              	108395	0	10088973	0
0.5	7100	1651	0	1040008	32	10088973	100	2	14200                              	108417	0	10088973	0
0.5	7100	1599	0	1017974	32	10088973	100	2	14200                              	103565	0	10088973	0
0.5	7100	1780	0	1097710	32	10088973	100	2	14200                              	107304	0	10088973	0
0.5	7100	1587	0	1012115	32	10088973	100	2	14200                              	111249	0	10088973	0
0.5	7100	1488	0	968110	32	10088973	100	2	14200                              	101546	0	10088973	0
0.5	7100	1513	0	980359	32	10088973	100	2	14200                              	109542	0	10088973	0
0.5	7100	1472	0	960740	32	10088973	100	2	14200                              	106643	0	10088973	0
0.5	7100	1617	0	1025731	32	10088973	100	2	14200                              	104170	0	10088973	0
0.5	7100	1808	0	1111130	32	10088973	100	2	14200                              	107001	0	10088973	0
0.5	7100	1676	0	1052740	32	10088973	100	2	14200                              	101910	0	10088973	0
0.5	7100	1463	0	957186	32	10088973	100	2	14200                              	107462	0	10088973	0
0.5	7100	1722	0	1072932	32	10088973	100	2	14200                              	103229	0	10088973	0
0.5	7100	1643	0	1036727	32	10088973	100	2	14200                              	109298	0	10088973	0
0.5	7100	1605	0	1020630	32	10088973	100	2	14200                              	107357	0	10088973	0
0.5	7100	1637	0	1035201	32	10088973	100	2	14200                              	103942	0	10088973	0
0.5	7100	1678	0	1053397	32	10088973	100	2	14200                              	107855	0	10088973	0
0.5	7100	1653	0	1040400	32	10088973	100	2	14200                              	111132	0	10088973	0
0.5	7100	2047	0	1216657	32	10088973	100	2	14200                              	109887	0	10088973	0
0.5	7100	1564	0	1002912	32	10088973	100	2	14200                              	109655	0	10088973	0
0.5	7100	1644	0	1036589	32	10088973	100	2	14200                              	106710	0	10088973	0
0.5	7100	1503	0	975970	32	10088973	100	2	14200                              	106243	0	10088973	0
0.5	7100	1537	0	990491	32	10088973	100	2	14200                              	100297	0	10088973	0
0.5	7100	1764	0	1091047	32	10088973	100	2	14200                              	107140	0	10088973	0
0.5	7100	1630	0	1031295	32	10088973	100	2	14200                              	108333	0	10088973	0
0.5	7100	1598	0	1015933	32	10088973	100	2	14200                              	108590	0	10088973	0
0.5	7100	1720	0	1071283	32	10088973	100	2	14200                              	109045	0	10088973	0
0.5	7100	1968	0	1181997	32	10088973	100	2	14200                              	110562	0	10088973	0
0.5	7100	1704	0	1063327	32	10088973	100	2	14200                              	108805	0	10088973	0
0.5	7100	1623	0	1027808	32	10088973	100	2	14200                              	107376	0	10088973	0
0.5	7100	1554	0	997902	32	10088973	100	2	14200                              	108628	0	10088973	0
0.5	7100	1777	0	1097410	32	10088973	100	2	14200                              	106535	0	10088973	0
0.5	7100	1570	0	1004130	32	10088973	100	2	14200                              	108489	0	10088973	0
0.5	7100	1481	0	964058	32	10088973	100	2	14200                              	110207	0	10088973	0
0.5	7100	1588	0	1013089	32	10088973	100	2	14200                              	107369	0	10088973	0
0.5	7100	1568	0	1004236	32	10088973	100	2	14200                              	100207	0	10088973	0
0.5	7100	1648	0	1037954	32	10088973	100	2	14200                              	108904	0	10088973	0
0.5	7100	1772	0	1093668	32	10088973	100	2	14200                              	107968	0	10088973	0
0.5	7100	1613	0	1023671	32	10088973	100	2	14200                              	110599	0	10088973	0
0.5	7100	1774	0	1094987	32	10088973	100	2	14200                              	107301	0	10088973	0
0.5	7100	1797	0	1106457	32	10088973	100	2	14200                              	107563	0	10088973	0
0.5	7100	1770	0	1093205	32	10088973	100	2	14200                              	108903	0	10088973	0
0.5	7100	1673	0	1050393	32	10088973	100	2	14200                              	109276	0	10088973	0
0.5	7100	1523	0	983245	32	10088973	100	2	14200                              	105930	0	10088973	0
0.5	7100	1526	0	986010	32	10088973	100	2	14200                              	109569	0	10088973	0
0.5	7100	1567	0	1003799	32	10088973	100	2	14200                              	106574	0	10088973	0
0.5	7100	1668	0	1048136	32	10088973	100	2	14200                              	109620	0	10088973	0
0.5	7100	1626	0	1029194	32	10088973	100	2	14200                              	107700	0	10088973	0
0.5	7100	1561	0	1001078	32	10088973	100	2	14200                              	106682	0	10088973	0
0.5	7100	1379	0	919311	32	10088973	100	2	14200                              	103769	0	10088973	0
0.5	7100	1786	0	1101242	32	10088973	100	2	14200                              	103782	0	10088973	0
0.5	7100	1440	0	947899	32	10088973	100	2	14200                              	111024	0	10088973	0
0.5	7100	1451	0	951969	32	10088973	100	2	14200                              	105060	0	10088973	0
0.5	7100	1861	0	1134551	32	10088973	100	2	14200                              	108341	0	10088973	0
0.5	7100	1776	0	1096063	32	10088973	100	2	14200                              	109581	0	10088973	0
0.5	7100	1687	0	1055004	32	10088973	100	2	14200                              	105547	0	10088973	0
0.5	7100	1777	0	1096425	32	10088973	100	2	14200                              	111333	0	10088973	0
0.5	7100	1526	0	985215	32	10088973	100	2	14200                              	101176	0	10088973	0
0.5	7100	1921	0	1158995	32	10088973	100	2	14200                              	103137	0	10088973	0
0.5	7100	1672	0	1051374	32	10088973	100	2	14200                              	107588	0	10088973	0
0.5	7100	1680	0	1054446	32	10088973	100	2	14200                              	108334	0	10088973	0
0.5	7100	1689	0	1058072	32	10088973	100	2	14200                              	109212	0	10088973	0
0.5	7100	1817	0	1113403	32	10088973	100	2	14200                              	103442	0	10088973	0
0.5	7100	1843	0	1124297	32	10088973	100	2	14200                              	108514	0	10088973	0
0.5	7100	1472	0	960191	32	10088973	100	2	14200                              	108185	0	10088973	0
0.5	7100	2077	0	1229529	32	10088973	100	2	14200                              	108218	0	10088973	0
0.5	7100	1805	0	1108334	32	10088973	100	2	14200                              	107747	0	10088973	0
0.5	7100	1595	0	1015040	32	10088973	100	2	14200                              	107853	0	10088973	0
0.5	7100	1652	0	1040511	32	10088973	100	2	14200                              	106060	0	10088973	0
0.5	7100	1610	0	1021165	32	10088973	100	2	14200                              	109687	0	10088973	0
0.5	7100	1511	0	978356	32	10088973	100	2	14200                              	105047	0	10088973	0
0.5	7100	1532	0	987316	32	10088973	100	2	14200                              	107600	0	10088973	0
0.5	7100	1696	0	1060720	32	10088973	100	2	14200                              	109689	0	10088973	0
0.5	7100	1602	0	1019715	32	10088973	100	2	14200                              	103890	0	10088973	0
0.5	7100	1789	0	1101096	32	10088973	100	2	14200                              	108371	0	10088973	0
0.5	7100	1675	0	1051309	32	10088973	100	2	14200                              	104014	0	10088973	0
0.5	7100	1623	0	1028137	32	10088973	100	2	14200                              	109360	0	10088973	0
0.5	7100	1797	0	1104974	32	10088973	100	2	14200                              	107376	0	10088973	0
0.5	7100	1502	0	974798	32	10088973	100	2	14200                              	102923	0	10088973	0
0.5	7100	1680	0	1052515	32	10088973	100	2	14200                              	108483	0	10088973	0
0.5	7100	1811	0	1112077	32	10088973	100	2	14200                              	101582	0	10088973	0
0.5	7100	1649	0	1039843	32	10088973	100	2	14200                              	109489	0	10088973	0
0.5	7100	1757	0	1086653	32	10088973	100	2	14200                              	102074	0	10088973	0
0.5	8100	1524	0	1077801	32	10088973	100	2	16200                              	108117	0	10088973	0
0.5	8100	1372	0	1000731	32	10088973	100	2	16200                              	106687	0	10088973	0
0.5	8100	1676	0	1156007	32	10088973	100	2	16200                              	106492	0	10088973	0
0.5	8100	1682	0	1159456	32	10088973	100	2	16200                              	98661	0	10088973	0
0.5	8100	1467	0	1049375	32	10088973	100	2	16200                              	101142	0	10088973	0
0.5	8100	1508	0	1070754	32	10088973	100	2	16200                              	100101	0	10088973	0
0.5	8100	1603	0	1119231	32	10088973	100	2	16200                              	107069	0	10088973	0
0.5	8100	1426	0	1029023	32	10088973	100	2	16200                              	107138	0	10088973	0
0.5	8100	1729	0	1181947	32	10088973	100	2	16200                              	104858	0	10088973	0
0.5	8100	1561	0	1096245	32	10088973	100	2	16200                              	108206	0	10088973	0
0.5	8100	1441	0	1038466	32	10088973	100	2	16200                              	106283	0	10088973	0
0.5	8100	1419	0	1024185	32	10088973	100	2	16200                              	107808	0	10088973	0
0.5	8100	1604	0	1118328	32	10088973	100	2	16200                              	109024	0	10088973	0
0.5	8100	1780	0	1208401	32	10088973	100	2	16200                              	107107	0	10088973	0
0.5	8100	1555	0	1093903	32	10088973	100	2	16200                              	107113	0	10088973	0
0.5	8100	1520	0	1077353	32	10088973	100	2	16200                              	106009	0	10088973	0
0.5	8100	1346	0	988419	32	10088973	100	2	16200                              	102469	0	10088973	0
0.5	8100	1664	0	1149691	32	10088973	100	2	16200                              	105490	0	10088973	0
0.5	8100	1367	0	999541	32	10088973	100	2	16200                              	101739	0	10088973	0
0.5	8100	1552	0	1091685	32	10088973	100	2	16200                              	102015	0	10088973	0
0.5	8100	1519	0	1076002	32	10088973	100	2	16200                              	105412	0	10088973	0
0.5	8100	1659	0	1146928	32	10088973	100	2	16200                              	97534	0	10088973	0
0.5	8100	1471	0	1051204	32	10088973	100	2	16200                              	106774	0	10088973	0
0.5	8100	1497	0	1064163	32	10088973	100	2	16200                              	105819	0	10088973	0
0.5	8100	1651	0	1141880	32	10088973	100	2	16200                              	105408	0	10088973	0
0.5	8100	1349	0	988605	32	10088973	100	2	16200                              	109793	0	10088973	0
0.5	8100	1506	0	1070234	32	10088973	100	2	16200                              	109156	0	10088973	0
0.5	8100	1461	0	1046316	32	10088973	100	2	16200                              	108123	0	10088973	0
0.5	8100	1518	0	1074668	32	10088973	100	2	16200                              	107234	0	10088973	0
0.5	8100	1536	0	1085079	32	10088973	100	2	16200                              	108379	0	10088973	0
0.5	8100	1519	0	1076013	32	10088973	100	2	16200                              	107884	0	10088973	0
0.5	8100	1445	0	1039494	32	10088973	100	2	16200                              	103593	0	10088973	0
0.5	8100	1397	0	1015249	32	10088973	100	2	16200                              	105263	0	10088973	0
0.5	8100	1487	0	1058398	32	10088973	100	2	16200                              	108004	0	10088973	0
0.5	8100	1771	0	1202694	32	10088973	100	2	16200                              	107503	0	10088973	0
0.5	8100	1479	0	1054439	32	10088973	100	2	16200                              	101205	0	10088973	0
0.5	8100	1738	0	1187780	32	10088973	100	2	16200                              	110194	0	10088973	0
0.5	8100	1529	0	1081045	32	10088973	100	2	16200                              	106802	0	10088973	0
0.5	8100	1447	0	1038489	32	10088973	100	2	16200                              	107956	0	10088973	0
0.5	8100	1433	0	1031475	32	10088973	100	2	16200                              	107145	0	10088973	0
0.5	8100	1680	0	1157027	32	10088973	100	2	16200                              	109257	0	10088973	0
0.5	8100	1526	0	1079449	32	10088973	100	2	16200                              	99804	0	10088973	0
0.5	8100	1548	0	1090812	32	10088973	100	2	16200                              	104614	0	10088973	0
0.5	8100	1457	0	1046255	32	10088973	100	2	16200                              	103911	0	10088973	0
0.5	8100	1542	0	1087707	32	10088973	100	2	16200                              	107672	0	10088973	0
0.5	8100	1613	0	1123823	32	10088973	100	2	16200                              	99428	0	10088973	0
0.5	8100	1653	0	1143376	32	10088973	100	2	16200                              	100203	0	10088973	0
0.5	8100	1622	0	1128467	32	10088973	100	2	16200                              	96270	0	10088973	0
0.5	8100	1881	0	1259238	32	10088973	100	2	16200                              	39327	0	10088973	0
0.5	8100	1553	0	1093770	32	10088973	100	2	16200                              	101714	0	10088973	0
0.5	8100	1471	0	1051948	32	10088973	100	2	16200                              	102345	0	10088973	0
0.5	8100	1485	0	1058127	32	10088973	100	2	16200                              	108827	0	10088973	0
0.5	8100	1613	0	1125313	32	10088973	100	2	16200                              	106731	0	10088973	0
0.5	8100	1544	0	1089599	32	10088973	100	2	16200                              	105400	0	10088973	0
0.5	8100	1448	0	1039059	32	10088973	100	2	16200                              	107618	0	10088973	0
0.5	8100	1688	0	1160654	32	10088973	100	2	16200                              	105013	0	10088973	0
0.5	8100	1686	0	1162585	32	10088973	100	2	16200                              	100455	0	10088973	0
0.5	8100	1440	0	1036644	32	10088973	100	2	16200                              	106186	0	10088973	0
0.5	8100	1473	0	1052383	32	10088973	100	2	16200                              	108162	0	10088973	0
0.5	8100	1720	0	1176840	32	10088973	100	2	16200                              	98542	0	10088973	0
0.5	8100	1566	0	1100564	32	10088973	100	2	16200                              	103772	0	10088973	0
0.5	8100	1541	0	1087184	32	10088973	100	2	16200                              	106401	0	10088973	0
0.5	8100	1581	0	1107466	32	10088973	100	2	16200                              	98379	0	10088973	0
0.5	8100	1556	0	1093362	32	10088973	100	2	16200                              	107147	0	10088973	0
0.5	8100	1748	0	1192667	32	10088973	100	2	16200                              	107256	0	10088973	0
0.5	8100	1603	0	1119259	32	10088973	100	2	16200                              	106402	0	10088973	0
0.5	8100	1707	0	1170784	32	10088973	100	2	16200                              	105994	0	10088973	0
0.5	8100	1492	0	1062273	32	10088973	100	2	16200                              	97128	0	10088973	0
0.5	8100	1579	0	1106890	32	10088973	100	2	16200                              	105316	0	10088973	0
0.5	8100	1508	0	1069996	32	10088973	100	2	16200                              	102635	0	10088973	0
0.5	8100	1434	0	1032577	32	10088973	100	2	16200                              	103056	0	10088973	0
0.5	8100	1593	0	1112770	32	10088973	100	2	16200                              	108335	0	10088973	0
0.5	8100	1858	0	1248793	32	10088973	100	2	16200                              	106620	0	10088973	0
0.5	8100	1436	0	1034560	32	10088973	100	2	16200                              	108114	0	10088973	0
0.5	8100	1315	0	972305	32	10088973	100	2	16200                              	108048	0	10088973	0
0.5	8100	1464	0	1048218	32	10088973	100	2	16200                              	109152	0	10088973	0
0.5	8100	1309	0	969953	32	10088973	100	2	16200                              	104461	0	10088973	0
0.5	8100	1567	0	1099645	32	10088973	100	2	16200                              	100366	0	10088973	0
0.5	8100	1488	0	1060698	32	10088973	100	2	16200                              	108060	0	10088973	0
0.5	8100	1518	0	1075927	32	10088973	100	2	16200                              	99581	0	10088973	0
0.5	8100	1675	0	1153954	32	10088973	100	2	16200                              	105304	0	10088973	0
0.5	8100	1588	0	1111510	32	10088973	100	2	16200                              	106093	0	10088973	0
0.5	8100	1472	0	1052360	32	10088973	100	2	16200                              	102773	0	10088973	0
0.5	8100	1652	0	1144910	32	10088973	100	2	16200                              	108785	0	10088973	0
0.5	8100	1481	0	1056447	32	10088973	100	2	16200                              	101430	0	10088973	0
0.5	8100	1393	0	1012646	32	10088973	100	2	16200                              	109316	0	10088973	0
0.5	8100	1470	0	1050280	32	10088973	100	2	16200                              	104949	0	10088973	0
0.5	8100	1968	0	1302699	32	10088973	100	2	16200                              	99971	0	10088973	0
0.5	8100	1554	0	1094026	32	10088973	100	2	16200                              	102539	0	10088973	0
0.5	8100	1492	0	1062460	32	10088973	100	2	16200                              	108683	0	10088973	0
0.5	8100	1583	0	1108986	32	10088973	100	2	16200                              	101726	0	10088973	0
0.5	8100	1795	0	1216337	32	10088973	100	2	16200                              	33992	0	10088973	0
0.5	8100	1571	0	1103131	32	10088973	100	2	16200                              	40790	0	10088973	0
0.5	8100	1656	0	1145554	32	10088973	100	2	16200                              	105675	0	10088973	0
0.5	8100	1468	0	1048767	32	10088973	100	2	16200                              	104141	0	10088973	0
0.5	8100	1731	0	1182521	32	10088973	100	2	16200                              	100589	0	10088973	0
0.5	8100	1365	0	997159	32	10088973	100	2	16200                              	104702	0	10088973	0
0.5	8100	1458	0	1045126	32	10088973	100	2	16200                              	107407	0	10088973	0
0.5	8100	1490	0	1062023	32	10088973	100	2	16200                              	106441	0	10088973	0
0.5	8100	1716	0	1176019	32	10088973	100	2	16200                              	107735	0	10088973	0
0.5	9100	1534	0	1177671	32	10088973	100	2	18200                              	105272	0	10088973	0
0.5	9100	1650	0	1243867	32	10088973	100	2	18200                              	106746	0	10088973	0
0.5	9100	1545	0	1184968	32	10088973	100	2	18200                              	103392	0	10088973	0
0.5	9100	1518	0	1168507	32	10088973	100	2	18200                              	105696	0	10088973	0
0.5	9100	1412	0	1108844	32	10088973	100	2	18200                              	104247	0	10088973	0
0.5	9100	1641	0	1238698	32	10088973	100	2	18200                              	105417	0	10088973	0
0.5	9100	1434	0	1123135	32	10088973	100	2	18200                              	96503	0	10088973	0
0.5	9100	1313	0	1053345	32	10088973	100	2	18200                              	98804	0	10088973	0
0.5	9100	1442	0	1128050	32	10088973	100	2	18200                              	105887	0	10088973	0
0.5	9100	1634	0	1233394	32	10088973	100	2	18200                              	104330	0	10088973	0
0.5	9100	1471	0	1142318	32	10088973	100	2	18200                              	106045	0	10088973	0
0.5	9100	1431	0	1118221	32	10088973	100	2	18200                              	98907	0	10088973	0
0.5	9100	1542	0	1183469	32	10088973	100	2	18200                              	105610	0	10088973	0
0.5	9100	1595	0	1213482	32	10088973	100	2	18200                              	102742	0	10088973	0
0.5	9100	1622	0	1228917	32	10088973	100	2	18200                              	104109	0	10088973	0
0.5	9100	1358	0	1079007	32	10088973	100	2	18200                              	106543	0	10088973	0
0.5	9100	1604	0	1219958	32	10088973	100	2	18200                              	103417	0	10088973	0
0.5	9100	1510	0	1166518	32	10088973	100	2	18200                              	103500	0	10088973	0
0.5	9100	1525	0	1173615	32	10088973	100	2	18200                              	97301	0	10088973	0
0.5	9100	1507	0	1161968	32	10088973	100	2	18200                              	101400	0	10088973	0
0.5	9100	1262	0	1023470	32	10088973	100	2	18200                              	99071	0	10088973	0
0.5	9100	1666	0	1252467	32	10088973	100	2	18200                              	103660	0	10088973	0
0.5	9100	1337	0	1067794	32	10088973	100	2	18200                              	99680	0	10088973	0
0.5	9100	1295	0	1043030	32	10088973	100	2	18200                              	104275	0	10088973	0
0.5	9100	1371	0	1085546	32	10088973	100	2	18200                              	100202	0	10088973	0
0.5	9100	1452	0	1132557	32	10088973	100	2	18200                              	105725	0	10088973	0
0.5	9100	1396	0	1099611	32	10088973	100	2	18200                              	104033	0	10088973	0
0.5	9100	1570	0	1199718	32	10088973	100	2	18200                              	100436	0	10088973	0
0.5	9100	1481	0	1148129	32	10088973	100	2	18200                              	105983	0	10088973	0
0.5	9100	1539	0	1181278	32	10088973	100	2	18200                              	106998	0	10088973	0
0.5	9100	1599	0	1215355	32	10088973	100	2	18200                              	105206	0	10088973	0
0.5	9100	1405	0	1104345	32	10088973	100	2	18200                              	105835	0	10088973	0
0.5	9100	1363	0	1080255	32	10088973	100	2	18200                              	100692	0	10088973	0
0.5	9100	1450	0	1131873	32	10088973	100	2	18200                              	103052	0	10088973	0
0.5	9100	1498	0	1157137	32	10088973	100	2	18200                              	103207	0	10088973	0
0.5	9100	1540	0	1179985	32	10088973	100	2	18200                              	105808	0	10088973	0
0.5	9100	1489	0	1153695	32	10088973	100	2	18200                              	106623	0	10088973	0
0.5	9100	1382	0	1092942	32	10088973	100	2	18200                              	106212	0	10088973	0
0.5	9100	1591	0	1211385	32	10088973	100	2	18200                              	105636	0	10088973	0
0.5	9100	1607	0	1219116	32	10088973	100	2	18200                              	99473	0	10088973	0
0.5	9100	1568	0	1197414	32	10088973	100	2	18200                              	106369	0	10088973	0
0.5	9100	1401	0	1102663	32	10088973	100	2	18200                              	101109	0	10088973	0
0.5	9100	1425	0	1117379	32	10088973	100	2	18200                              	99493	0	10088973	0
0.5	9100	1569	0	1198628	32	10088973	100	2	18200                              	104698	0	10088973	0
0.5	9100	1552	0	1188801	32	10088973	100	2	18200                              	99544	0	10088973	0
0.5	9100	1322	0	1057979	32	10088973	100	2	18200                              	100916	0	10088973	0
0.5	9100	1444	0	1129740	32	10088973	100	2	18200                              	103455	0	10088973	0
0.5	9100	1352	0	1074402	32	10088973	100	2	18200                              	105741	0	10088973	0
0.5	9100	1340	0	1069815	32	10088973	100	2	18200                              	106397	0	10088973	0
0.5	9100	1360	0	1081105	32	10088973	100	2	18200                              	104333	0	10088973	0
0.5	9100	1372	0	1086128	32	10088973	100	2	18200                              	107138	0	10088973	0
0.5	9100	1363	0	1081715	32	10088973	100	2	18200                              	106841	0	10088973	0
0.5	9100	1485	0	1149384	32	10088973	100	2	18200                              	99050	0	10088973	0
0.5	9100	1392	0	1096573	32	10088973	100	2	18200                              	106909	0	10088973	0
0.5	9100	1445	0	1126035	32	10088973	100	2	18200                              	103332	0	10088973	0
0.5	9100	1490	0	1153506	32	10088973	100	2	18200                              	105136	0	10088973	0
0.5	9100	1447	0	1129227	32	10088973	100	2	18200                              	106463	0	10088973	0
0.5	9100	1553	0	1190396	32	10088973	100	2	18200                              	101224	0	10088973	0
0.5	9100	1538	0	1180388	32	10088973	100	2	18200                              	100914	0	10088973	0
0.5	9100	1436	0	1122043	32	10088973	100	2	18200                              	100246	0	10088973	0
0.5	9100	1510	0	1164806	32	10088973	100	2	18200                              	100250	0	10088973	0
0.5	9100	1306	0	1049103	32	10088973	100	2	18200                              	104897	0	10088973	0
0.5	9100	1304	0	1046655	32	10088973	100	2	18200                              	99724	0	10088973	0
0.5	9100	1337	0	1066836	32	10088973	100	2	18200                              	100466	0	10088973	0
0.5	9100	1249	0	1016246	32	10088973	100	2	18200                              	100246	0	10088973	0
0.5	9100	1312	0	1051396	32	10088973	100	2	18200                              	105201	0	10088973	0
0.5	9100	1307	0	1048200	32	10088973	100	2	18200                              	108355	0	10088973	0
0.5	9100	1588	0	1207687	32	10088973	100	2	18200                              	103518	0	10088973	0
0.5	9100	1477	0	1145297	32	10088973	100	2	18200                              	107777	0	10088973	0
0.5	9100	1390	0	1097626	32	10088973	100	2	18200                              	106466	0	10088973	0
0.5	9100	1603	0	1217838	32	10088973	100	2	18200                              	102612	0	10088973	0
0.5	9100	1534	0	1181486	32	10088973	100	2	18200                              	105184	0	10088973	0
0.5	9100	1603	0	1217683	32	10088973	100	2	18200                              	104045	0	10088973	0
0.5	9100	1624	0	1230920	32	10088973	100	2	18200                              	102262	0	10088973	0
0.5	9100	1455	0	1131587	32	10088973	100	2	18200                              	104472	0	10088973	0
0.5	9100	1311	0	1051848	32	10088973	100	2	18200                              	105920	0	10088973	0
0.5	9100	1678	0	1258487	32	10088973	100	2	18200                              	107121	0	10088973	0
0.5	9100	1490	0	1154795	32	10088973	100	2	18200                              	100634	0	10088973	0
0.5	9100	1454	0	1131704	32	10088973	100	2	18200                              	102376	0	10088973	0
0.5	9100	1395	0	1099088	32	10088973	100	2	18200                              	103435	0	10088973	0
0.5	9100	1269	0	1030530	32	10088973	100	2	18200                              	107903	0	10088973	0
0.5	9100	1547	0	1186000	32	10088973	100	2	18200                              	99593	0	10088973	0
0.5	9100	1454	0	1131790	32	10088973	100	2	18200                              	105522	0	10088973	0
0.5	9100	1472	0	1141213	32	10088973	100	2	18200                              	107242	0	10088973	0
0.5	9100	1396	0	1098559	32	10088973	100	2	18200                              	103795	0	10088973	0
0.5	9100	1529	0	1175782	32	10088973	100	2	18200                              	105542	0	10088973	0
0.5	9100	1331	0	1062910	32	10088973	100	2	18200                              	97396	0	10088973	0
0.5	9100	1622	0	1227573	32	10088973	100	2	18200                              	99692	0	10088973	0
0.5	9100	1650	0	1244098	32	10088973	100	2	18200                              	98071	0	10088973	0
0.5	9100	1404	0	1105284	32	10088973	100	2	18200                              	107450	0	10088973	0
0.5	9100	1576	0	1202671	32	10088973	100	2	18200                              	104071	0	10088973	0
0.5	9100	1450	0	1129345	32	10088973	100	2	18200                              	101786	0	10088973	0
0.5	9100	1483	0	1149387	32	10088973	100	2	18200                              	106809	0	10088973	0
0.5	9100	1599	0	1215508	32	10088973	100	2	18200                              	102024	0	10088973	0
0.5	9100	1467	0	1140893	32	10088973	100	2	18200                              	102045	0	10088973	0
0.5	9100	1575	0	1202646	32	10088973	100	2	18200                              	105449	0	10088973	0
0.5	9100	1942	0	1410877	32	10088973	100	2	18200                              	34726	0	10088973	0
0.5	9100	1423	0	1113714	32	10088973	100	2	18200                              	107354	0	10088973	0
0.5	9100	1359	0	1079568	32	10088973	100	2	18200                              	100847	0	10088973	0
0.5	9100	1548	0	1186622	32	10088973	100	2	18200                              	100636	0	10088973	0
