#using seed 0.044759
# Work:10088973, depth:432675, work/p+depth:2954918.25
#PROCESSORS: 4, RUNS: 100
#prb	R-l	ISR	ESR	runTime	processors    	work	taskThreshold	lGranularity	rGranularity	IDATAT	EDATAT	W0	W1
0.5	100	1215	0	2582852	4	10088973	100	2	200                              	13968	0	10088973	0
0.5	100	1266	0	2585437	4	10088973	100	2	200                              	13282	0	10088973	0
0.5	100	2098	0	2627073	4	10088973	100	2	200                              	9114	0	10088973	0
0.5	100	1118	0	2578038	4	10088973	100	2	200                              	6708	0	10088973	0
0.5	100	2353	0	2639806	4	10088973	100	2	200                              	7844	0	10088973	0
0.5	100	2336	0	2638965	4	10088973	100	2	200                              	8190	0	10088973	0
0.5	100	1883	0	2616313	4	10088973	100	2	200                              	12166	0	10088973	0
0.5	100	1199	0	2582077	4	10088973	100	2	200                              	12888	0	10088973	0
0.5	100	2268	0	2635505	4	10088973	100	2	200                              	7860	0	10088973	0
0.5	100	2206	0	2632415	4	10088973	100	2	200                              	9517	0	10088973	0
0.5	100	2268	0	2635563	4	10088973	100	2	200                              	8990	0	10088973	0
0.5	100	1335	0	2588880	4	10088973	100	2	200                              	14559	0	10088973	0
0.5	100	2167	0	2630496	4	10088973	100	2	200                              	9777	0	10088973	0
0.5	100	1181	0	2581180	4	10088973	100	2	200                              	6019	0	10088973	0
0.5	100	1210	0	2582605	4	10088973	100	2	200                              	12543	0	10088973	0
0.5	100	1511	0	2597670	4	10088973	100	2	200                              	12262	0	10088973	0
0.5	100	2506	0	2647414	4	10088973	100	2	200                              	12454	0	10088973	0
0.5	100	1360	0	2590067	4	10088973	100	2	200                              	10548	0	10088973	0
0.5	100	1839	0	2614092	4	10088973	100	2	200                              	82483	0	10088973	0
0.5	100	2433	0	2643778	4	10088973	100	2	200                              	12679	0	10088973	0
0.5	100	3097	0	2676941	4	10088973	100	2	200                              	14246	0	10088973	0
0.5	100	2384	0	2641316	4	10088973	100	2	200                              	9260	0	10088973	0
0.5	100	2430	0	2643628	4	10088973	100	2	200                              	8890	0	10088973	0
0.5	100	2186	0	2631434	4	10088973	100	2	200                              	9344	0	10088973	0
0.5	100	2347	0	2639486	4	10088973	100	2	200                              	8643	0	10088973	0
0.5	100	1113	0	2577798	4	10088973	100	2	200                              	7330	0	10088973	0
0.5	100	3122	0	2678237	4	10088973	100	2	200                              	9498	0	10088973	0
0.5	100	1624	0	2603321	4	10088973	100	2	200                              	78535	0	10088973	0
0.5	100	1355	0	2589835	4	10088973	100	2	200                              	81557	0	10088973	0
0.5	100	2834	0	2663855	4	10088973	100	2	200                              	8974	0	10088973	0
0.5	100	2326	0	2638462	4	10088973	100	2	200                              	76159	0	10088973	0
0.5	100	1783	0	2611275	4	10088973	100	2	200                              	10181	0	10088973	0
0.5	100	1156	0	2579938	4	10088973	100	2	200                              	12948	0	10088973	0
0.5	100	2417	0	2643008	4	10088973	100	2	200                              	8560	0	10088973	0
0.5	100	1303	0	2587258	4	10088973	100	2	200                              	12909	0	10088973	0
0.5	100	2450	0	2644642	4	10088973	100	2	200                              	8692	0	10088973	0
0.5	100	2235	0	2633897	4	10088973	100	2	200                              	9206	0	10088973	0
0.5	100	1209	0	2582579	4	10088973	100	2	200                              	9141	0	10088973	0
0.5	100	1109	0	2577568	4	10088973	100	2	200                              	11428	0	10088973	0
0.5	100	2250	0	2634615	4	10088973	100	2	200                              	8731	0	10088973	0
0.5	100	1240	0	2584110	4	10088973	100	2	200                              	12102	0	10088973	0
0.5	100	1260	0	2585152	4	10088973	100	2	200                              	13256	0	10088973	0
0.5	100	1895	0	2616884	4	10088973	100	2	200                              	10126	0	10088973	0
0.5	100	1290	0	2586609	4	10088973	100	2	200                              	9839	0	10088973	0
0.5	100	1776	0	2610917	4	10088973	100	2	200                              	77371	0	10088973	0
0.5	100	2097	0	2627000	4	10088973	100	2	200                              	14025	0	10088973	0
0.5	100	1231	0	2583697	4	10088973	100	2	200                              	14072	0	10088973	0
0.5	100	2330	0	2638637	4	10088973	100	2	200                              	10570	0	10088973	0
0.5	100	2794	0	2661808	4	10088973	100	2	200                              	7711	0	10088973	0
0.5	100	1820	0	2613174	4	10088973	100	2	200                              	8892	0	10088973	0
0.5	100	2227	0	2633448	4	10088973	100	2	200                              	9366	0	10088973	0
0.5	100	1120	0	2578167	4	10088973	100	2	200                              	6580	0	10088973	0
0.5	100	2348	0	2639564	4	10088973	100	2	200                              	8684	0	10088973	0
0.5	100	1285	0	2586393	4	10088973	100	2	200                              	9756	0	10088973	0
0.5	100	2374	0	2640846	4	10088973	100	2	200                              	9424	0	10088973	0
0.5	100	1162	0	2580246	4	10088973	100	2	200                              	6689	0	10088973	0
0.5	100	2382	0	2641251	4	10088973	100	2	200                              	9994	0	10088973	0
0.5	100	2876	0	2665928	4	10088973	100	2	200                              	78453	0	10088973	0
0.5	100	1118	0	2578003	4	10088973	100	2	200                              	10693	0	10088973	0
0.5	100	2363	0	2640266	4	10088973	100	2	200                              	8209	0	10088973	0
0.5	100	1779	0	2611087	4	10088973	100	2	200                              	77928	0	10088973	0
0.5	100	2196	0	2631934	4	10088973	100	2	200                              	8221	0	10088973	0
0.5	100	1827	0	2613491	4	10088973	100	2	200                              	78989	0	10088973	0
0.5	100	2229	0	2633543	4	10088973	100	2	200                              	8546	0	10088973	0
0.5	100	1330	0	2588607	4	10088973	100	2	200                              	9381	0	10088973	0
0.5	100	1234	0	2583838	4	10088973	100	2	200                              	9045	0	10088973	0
0.5	100	1229	0	2583594	4	10088973	100	2	200                              	15103	0	10088973	0
0.5	100	1355	0	2589871	4	10088973	100	2	200                              	14416	0	10088973	0
0.5	100	1437	0	2593991	4	10088973	100	2	200                              	12289	0	10088973	0
0.5	100	1051	0	2574731	4	10088973	100	2	200                              	6162	0	10088973	0
0.5	100	1315	0	2587915	4	10088973	100	2	200                              	10400	0	10088973	0
0.5	100	1301	0	2587160	4	10088973	100	2	200                              	9192	0	10088973	0
0.5	100	2183	0	2631247	4	10088973	100	2	200                              	9129	0	10088973	0
0.5	100	2394	0	2641808	4	10088973	100	2	200                              	8866	0	10088973	0
0.5	100	2742	0	2659237	4	10088973	100	2	200                              	10785	0	10088973	0
0.5	100	2509	0	2647573	4	10088973	100	2	200                              	12790	0	10088973	0
0.5	100	1135	0	2578853	4	10088973	100	2	200                              	6989	0	10088973	0
0.5	100	2048	0	2624474	4	10088973	100	2	200                              	14759	0	10088973	0
0.5	100	1268	0	2585511	4	10088973	100	2	200                              	9398	0	10088973	0
0.5	100	1350	0	2589598	4	10088973	100	2	200                              	76223	0	10088973	0
0.5	100	1403	0	2592274	4	10088973	100	2	200                              	12110	0	10088973	0
0.5	100	2387	0	2641503	4	10088973	100	2	200                              	7844	0	10088973	0
0.5	100	1932	0	2618739	4	10088973	100	2	200                              	9399	0	10088973	0
0.5	100	1031	0	2573675	4	10088973	100	2	200                              	6224	0	10088973	0
0.5	100	2310	0	2637618	4	10088973	100	2	200                              	10738	0	10088973	0
0.5	100	1286	0	2586412	4	10088973	100	2	200                              	14435	0	10088973	0
0.5	100	2734	0	2658860	4	10088973	100	2	200                              	10460	0	10088973	0
0.5	100	3281	0	2686184	4	10088973	100	2	200                              	10703	0	10088973	0
0.5	100	1682	0	2606180	4	10088973	100	2	200                              	13356	0	10088973	0
0.5	100	1664	0	2605285	4	10088973	100	2	200                              	81907	0	10088973	0
0.5	100	1298	0	2587062	4	10088973	100	2	200                              	15694	0	10088973	0
0.5	100	1426	0	2593427	4	10088973	100	2	200                              	13935	0	10088973	0
0.5	100	1317	0	2587968	4	10088973	100	2	200                              	9879	0	10088973	0
0.5	100	1906	0	2617361	4	10088973	100	2	200                              	9628	0	10088973	0
0.5	100	2374	0	2640768	4	10088973	100	2	200                              	7699	0	10088973	0
0.5	100	2965	0	2670390	4	10088973	100	2	200                              	77357	0	10088973	0
0.5	100	2419	0	2643105	4	10088973	100	2	200                              	8593	0	10088973	0
0.5	100	1815	0	2612895	4	10088973	100	2	200                              	10556	0	10088973	0
0.5	100	1322	0	2588232	4	10088973	100	2	200                              	13804	0	10088973	0
0.5	100	1069	0	2575543	4	10088973	100	2	200                              	7149	0	10088973	0
0.5	1100	251	0	2659011	4	10088973	100	2	2200                              	10705	0	10088973	0
0.5	1100	155	0	2606002	4	10088973	100	2	2200                              	6383	0	10088973	0
0.5	1100	469	0	2778696	4	10088973	100	2	2200                              	85305	0	10088973	0
0.5	1100	345	0	2710936	4	10088973	100	2	2200                              	78069	0	10088973	0
0.5	1100	148	0	2602010	4	10088973	100	2	2200                              	10856	0	10088973	0
0.5	1100	219	0	2640867	4	10088973	100	2	2200                              	10688	0	10088973	0
0.5	1100	163	0	2610595	4	10088973	100	2	2200                              	73550	0	10088973	0
0.5	1100	140	0	2597879	4	10088973	100	2	2200                              	9785	0	10088973	0
0.5	1100	165	0	2611615	4	10088973	100	2	2200                              	77059	0	10088973	0
0.5	1100	148	0	2602438	4	10088973	100	2	2200                              	77332	0	10088973	0
0.5	1100	214	0	2638492	4	10088973	100	2	2200                              	79482	0	10088973	0
0.5	1100	144	0	2600063	4	10088973	100	2	2200                              	5889	0	10088973	0
0.5	1100	158	0	2607870	4	10088973	100	2	2200                              	11430	0	10088973	0
0.5	1100	367	0	2722881	4	10088973	100	2	2200                              	86279	0	10088973	0
0.5	1100	159	0	2608716	4	10088973	100	2	2200                              	12191	0	10088973	0
0.5	1100	138	0	2596508	4	10088973	100	2	2200                              	77817	0	10088973	0
0.5	1100	364	0	2721052	4	10088973	100	2	2200                              	16507	0	10088973	0
0.5	1100	143	0	2599548	4	10088973	100	2	2200                              	6468	0	10088973	0
0.5	1100	147	0	2601433	4	10088973	100	2	2200                              	6967	0	10088973	0
0.5	1100	168	0	2613204	4	10088973	100	2	2200                              	74497	0	10088973	0
0.5	1100	250	0	2658559	4	10088973	100	2	2200                              	75961	0	10088973	0
0.5	1100	382	0	2730722	4	10088973	100	2	2200                              	14637	0	10088973	0
0.5	1100	250	0	2658151	4	10088973	100	2	2200                              	76582	0	10088973	0
0.5	1100	139	0	2596882	4	10088973	100	2	2200                              	7075	0	10088973	0
0.5	1100	144	0	2600344	4	10088973	100	2	2200                              	10710	0	10088973	0
0.5	1100	150	0	2603143	4	10088973	100	2	2200                              	7950	0	10088973	0
0.5	1100	147	0	2601250	4	10088973	100	2	2200                              	11366	0	10088973	0
0.5	1100	221	0	2642751	4	10088973	100	2	2200                              	10909	0	10088973	0
0.5	1100	334	0	2704398	4	10088973	100	2	2200                              	8374	0	10088973	0
0.5	1100	130	0	2592366	4	10088973	100	2	2200                              	74394	0	10088973	0
0.5	1100	186	0	2623017	4	10088973	100	2	2200                              	8602	0	10088973	0
0.5	1100	137	0	2596521	4	10088973	100	2	2200                              	74047	0	10088973	0
0.5	1100	218	0	2640965	4	10088973	100	2	2200                              	11714	0	10088973	0
0.5	1100	353	0	2714825	4	10088973	100	2	2200                              	14321	0	10088973	0
0.5	1100	137	0	2595959	4	10088973	100	2	2200                              	11276	0	10088973	0
0.5	1100	298	0	2685274	4	10088973	100	2	2200                              	11543	0	10088973	0
0.5	1100	166	0	2612437	4	10088973	100	2	2200                              	7691	0	10088973	0
0.5	1100	206	0	2634066	4	10088973	100	2	2200                              	13181	0	10088973	0
0.5	1100	355	0	2716215	4	10088973	100	2	2200                              	82132	0	10088973	0
0.5	1100	213	0	2638097	4	10088973	100	2	2200                              	10529	0	10088973	0
0.5	1100	306	0	2689263	4	10088973	100	2	2200                              	84061	0	10088973	0
0.5	1100	139	0	2597042	4	10088973	100	2	2200                              	7034	0	10088973	0
0.5	1100	136	0	2595292	4	10088973	100	2	2200                              	9587	0	10088973	0
0.5	1100	145	0	2600682	4	10088973	100	2	2200                              	78903	0	10088973	0
0.5	1100	191	0	2625821	4	10088973	100	2	2200                              	76496	0	10088973	0
0.5	1100	186	0	2622974	4	10088973	100	2	2200                              	78411	0	10088973	0
0.5	1100	137	0	2596334	4	10088973	100	2	2200                              	8156	0	10088973	0
0.5	1100	144	0	2599822	4	10088973	100	2	2200                              	78696	0	10088973	0
0.5	1100	190	0	2625226	4	10088973	100	2	2200                              	13503	0	10088973	0
0.5	1100	185	0	2622560	4	10088973	100	2	2200                              	10675	0	10088973	0
0.5	1100	408	0	2745352	4	10088973	100	2	2200                              	81914	0	10088973	0
0.5	1100	413	0	2748008	4	10088973	100	2	2200                              	8704	0	10088973	0
0.5	1100	125	0	2589464	4	10088973	100	2	2200                              	10267	0	10088973	0
0.5	1100	216	0	2639408	4	10088973	100	2	2200                              	79649	0	10088973	0
0.5	1100	366	0	2722236	4	10088973	100	2	2200                              	10812	0	10088973	0
0.5	1100	161	0	2608999	4	10088973	100	2	2200                              	11410	0	10088973	0
0.5	1100	181	0	2620599	4	10088973	100	2	2200                              	74774	0	10088973	0
0.5	1100	418	0	2750996	4	10088973	100	2	2200                              	18121	0	10088973	0
0.5	1100	234	0	2650036	4	10088973	100	2	2200                              	13571	0	10088973	0
0.5	1100	345	0	2710843	4	10088973	100	2	2200                              	16509	0	10088973	0
0.5	1100	148	0	2602047	4	10088973	100	2	2200                              	8853	0	10088973	0
0.5	1100	142	0	2598890	4	10088973	100	2	2200                              	10541	0	10088973	0
0.5	1100	136	0	2595485	4	10088973	100	2	2200                              	5923	0	10088973	0
0.5	1100	129	0	2591757	4	10088973	100	2	2200                              	6045	0	10088973	0
0.5	1100	218	0	2640550	4	10088973	100	2	2200                              	11167	0	10088973	0
0.5	1100	165	0	2611160	4	10088973	100	2	2200                              	10687	0	10088973	0
0.5	1100	157	0	2607177	4	10088973	100	2	2200                              	7394	0	10088973	0
0.5	1100	266	0	2666927	4	10088973	100	2	2200                              	14559	0	10088973	0
0.5	1100	299	0	2685368	4	10088973	100	2	2200                              	12263	0	10088973	0
0.5	1100	408	0	2745217	4	10088973	100	2	2200                              	83579	0	10088973	0
0.5	1100	393	0	2737033	4	10088973	100	2	2200                              	13821	0	10088973	0
0.5	1100	372	0	2725145	4	10088973	100	2	2200                              	76100	0	10088973	0
0.5	1100	131	0	2592385	4	10088973	100	2	2200                              	6169	0	10088973	0
0.5	1100	213	0	2638253	4	10088973	100	2	2200                              	78980	0	10088973	0
0.5	1100	141	0	2598357	4	10088973	100	2	2200                              	6595	0	10088973	0
0.5	1100	304	0	2688195	4	10088973	100	2	2200                              	76429	0	10088973	0
0.5	1100	165	0	2611683	4	10088973	100	2	2200                              	6912	0	10088973	0
0.5	1100	140	0	2597672	4	10088973	100	2	2200                              	6227	0	10088973	0
0.5	1100	339	0	2706937	4	10088973	100	2	2200                              	18767	0	10088973	0
0.5	1100	167	0	2612601	4	10088973	100	2	2200                              	8165	0	10088973	0
0.5	1100	274	0	2671668	4	10088973	100	2	2200                              	9189	0	10088973	0
0.5	1100	201	0	2631002	4	10088973	100	2	2200                              	12770	0	10088973	0
0.5	1100	203	0	2632109	4	10088973	100	2	2200                              	78434	0	10088973	0
0.5	1100	128	0	2591256	4	10088973	100	2	2200                              	10670	0	10088973	0
0.5	1100	145	0	2600457	4	10088973	100	2	2200                              	5275	0	10088973	0
0.5	1100	130	0	2592580	4	10088973	100	2	2200                              	5848	0	10088973	0
0.5	1100	136	0	2595440	4	10088973	100	2	2200                              	9947	0	10088973	0
0.5	1100	152	0	2604504	4	10088973	100	2	2200                              	10500	0	10088973	0
0.5	1100	130	0	2591982	4	10088973	100	2	2200                              	10792	0	10088973	0
0.5	1100	144	0	2600117	4	10088973	100	2	2200                              	5751	0	10088973	0
0.5	1100	354	0	2715371	4	10088973	100	2	2200                              	13966	0	10088973	0
0.5	1100	145	0	2600871	4	10088973	100	2	2200                              	9951	0	10088973	0
0.5	1100	196	0	2628462	4	10088973	100	2	2200                              	74299	0	10088973	0
0.5	1100	173	0	2616289	4	10088973	100	2	2200                              	74411	0	10088973	0
0.5	1100	136	0	2595598	4	10088973	100	2	2200                              	11110	0	10088973	0
0.5	1100	147	0	2601390	4	10088973	100	2	2200                              	11901	0	10088973	0
0.5	1100	304	0	2687959	4	10088973	100	2	2200                              	9161	0	10088973	0
0.5	1100	137	0	2596072	4	10088973	100	2	2200                              	74028	0	10088973	0
0.5	1100	271	0	2669988	4	10088973	100	2	2200                              	11052	0	10088973	0
0.5	1100	139	0	2597561	4	10088973	100	2	2200                              	9698	0	10088973	0
0.5	2100	90	0	2614968	4	10088973	100	2	4200                              	5923	0	10088973	0
0.5	2100	105	0	2629785	4	10088973	100	2	4200                              	73320	0	10088973	0
0.5	2100	112	0	2637739	4	10088973	100	2	4200                              	10697	0	10088973	0
0.5	2100	121	0	2646318	4	10088973	100	2	4200                              	77911	0	10088973	0
0.5	2100	156	0	2683861	4	10088973	100	2	4200                              	76006	0	10088973	0
0.5	2100	89	0	2613079	4	10088973	100	2	4200                              	10137	0	10088973	0
0.5	2100	163	0	2691284	4	10088973	100	2	4200                              	12571	0	10088973	0
0.5	2100	134	0	2661016	4	10088973	100	2	4200                              	77347	0	10088973	0
0.5	2100	218	0	2749839	4	10088973	100	2	4200                              	9601	0	10088973	0
0.5	2100	107	0	2631334	4	10088973	100	2	4200                              	7037	0	10088973	0
0.5	2100	113	0	2638188	4	10088973	100	2	4200                              	12324	0	10088973	0
0.5	2100	80	0	2604045	4	10088973	100	2	4200                              	5957	0	10088973	0
0.5	2100	176	0	2704775	4	10088973	100	2	4200                              	15722	0	10088973	0
0.5	2100	266	0	2799759	4	10088973	100	2	4200                              	9422	0	10088973	0
0.5	2100	266	0	2797820	4	10088973	100	2	4200                              	15398	0	10088973	0
0.5	2100	79	0	2603085	4	10088973	100	2	4200                              	6399	0	10088973	0
0.5	2100	246	0	2777450	4	10088973	100	2	4200                              	79641	0	10088973	0
0.5	2100	209	0	2739444	4	10088973	100	2	4200                              	17985	0	10088973	0
0.5	2100	127	0	2651829	4	10088973	100	2	4200                              	74784	0	10088973	0
0.5	2100	85	0	2609248	4	10088973	100	2	4200                              	74277	0	10088973	0
0.5	2100	125	0	2651693	4	10088973	100	2	4200                              	11690	0	10088973	0
0.5	2100	197	0	2726865	4	10088973	100	2	4200                              	77584	0	10088973	0
0.5	2100	84	0	2608946	4	10088973	100	2	4200                              	77377	0	10088973	0
0.5	2100	90	0	2614013	4	10088973	100	2	4200                              	73223	0	10088973	0
0.5	2100	134	0	2660211	4	10088973	100	2	4200                              	10190	0	10088973	0
0.5	2100	102	0	2626490	4	10088973	100	2	4200                              	74952	0	10088973	0
0.5	2100	150	0	2677531	4	10088973	100	2	4200                              	75366	0	10088973	0
0.5	2100	264	0	2797490	4	10088973	100	2	4200                              	76712	0	10088973	0
0.5	2100	98	0	2622178	4	10088973	100	2	4200                              	79115	0	10088973	0
0.5	2100	133	0	2659192	4	10088973	100	2	4200                              	78324	0	10088973	0
0.5	2100	91	0	2615792	4	10088973	100	2	4200                              	73310	0	10088973	0
0.5	2100	111	0	2635564	4	10088973	100	2	4200                              	8607	0	10088973	0
0.5	2100	102	0	2626797	4	10088973	100	2	4200                              	5594	0	10088973	0
0.5	2100	120	0	2645568	4	10088973	100	2	4200                              	11072	0	10088973	0
0.5	2100	98	0	2621764	4	10088973	100	2	4200                              	10112	0	10088973	0
0.5	2100	95	0	2619218	4	10088973	100	2	4200                              	77664	0	10088973	0
0.5	2100	238	0	2769489	4	10088973	100	2	4200                              	78231	0	10088973	0
0.5	2100	265	0	2797959	4	10088973	100	2	4200                              	17866	0	10088973	0
0.5	2100	215	0	2745538	4	10088973	100	2	4200                              	76278	0	10088973	0
0.5	2100	122	0	2648483	4	10088973	100	2	4200                              	9959	0	10088973	0
0.5	2100	198	0	2726928	4	10088973	100	2	4200                              	14562	0	10088973	0
0.5	2100	190	0	2718659	4	10088973	100	2	4200                              	13709	0	10088973	0
0.5	2100	105	0	2629055	4	10088973	100	2	4200                              	6994	0	10088973	0
0.5	2100	282	0	2815612	4	10088973	100	2	4200                              	77174	0	10088973	0
0.5	2100	119	0	2644737	4	10088973	100	2	4200                              	74257	0	10088973	0
0.5	2100	79	0	2603352	4	10088973	100	2	4200                              	10999	0	10088973	0
0.5	2100	227	0	2757550	4	10088973	100	2	4200                              	79076	0	10088973	0
0.5	2100	110	0	2635902	4	10088973	100	2	4200                              	5746	0	10088973	0
0.5	2100	122	0	2648421	4	10088973	100	2	4200                              	77297	0	10088973	0
0.5	2100	132	0	2658287	4	10088973	100	2	4200                              	74649	0	10088973	0
0.5	2100	140	0	2668025	4	10088973	100	2	4200                              	77892	0	10088973	0
0.5	2100	151	0	2677349	4	10088973	100	2	4200                              	9641	0	10088973	0
0.5	2100	223	0	2753080	4	10088973	100	2	4200                              	9571	0	10088973	0
0.5	2100	185	0	2713588	4	10088973	100	2	4200                              	11182	0	10088973	0
0.5	2100	141	0	2667615	4	10088973	100	2	4200                              	77977	0	10088973	0
0.5	2100	130	0	2655853	4	10088973	100	2	4200                              	78538	0	10088973	0
0.5	2100	205	0	2734291	4	10088973	100	2	4200                              	76010	0	10088973	0
0.5	2100	118	0	2644445	4	10088973	100	2	4200                              	74832	0	10088973	0
0.5	2100	158	0	2684785	4	10088973	100	2	4200                              	78840	0	10088973	0
0.5	2100	282	0	2815418	4	10088973	100	2	4200                              	85465	0	10088973	0
0.5	2100	84	0	2608165	4	10088973	100	2	4200                              	5275	0	10088973	0
0.5	2100	102	0	2627016	4	10088973	100	2	4200                              	10422	0	10088973	0
0.5	2100	176	0	2704052	4	10088973	100	2	4200                              	10033	0	10088973	0
0.5	2100	104	0	2629219	4	10088973	100	2	4200                              	78842	0	10088973	0
0.5	2100	259	0	2791275	4	10088973	100	2	4200                              	83173	0	10088973	0
0.5	2100	206	0	2735220	4	10088973	100	2	4200                              	14136	0	10088973	0
0.5	2100	114	0	2638615	4	10088973	100	2	4200                              	7857	0	10088973	0
0.5	2100	156	0	2683742	4	10088973	100	2	4200                              	16163	0	10088973	0
0.5	2100	194	0	2723454	4	10088973	100	2	4200                              	13541	0	10088973	0
0.5	2100	109	0	2634121	4	10088973	100	2	4200                              	10347	0	10088973	0
0.5	2100	202	0	2731693	4	10088973	100	2	4200                              	80212	0	10088973	0
0.5	2100	95	0	2618640	4	10088973	100	2	4200                              	77311	0	10088973	0
0.5	2100	113	0	2638221	4	10088973	100	2	4200                              	75775	0	10088973	0
0.5	2100	146	0	2672828	4	10088973	100	2	4200                              	77929	0	10088973	0
0.5	2100	94	0	2618397	4	10088973	100	2	4200                              	9762	0	10088973	0
0.5	2100	101	0	2625888	4	10088973	100	2	4200                              	74735	0	10088973	0
0.5	2100	95	0	2619492	4	10088973	100	2	4200                              	11051	0	10088973	0
0.5	2100	93	0	2617140	4	10088973	100	2	4200                              	10197	0	10088973	0
0.5	2100	223	0	2753523	4	10088973	100	2	4200                              	11362	0	10088973	0
0.5	2100	105	0	2630168	4	10088973	100	2	4200                              	6898	0	10088973	0
0.5	2100	148	0	2675597	4	10088973	100	2	4200                              	15269	0	10088973	0
0.5	2100	211	0	2742170	4	10088973	100	2	4200                              	15663	0	10088973	0
0.5	2100	111	0	2637302	4	10088973	100	2	4200                              	9545	0	10088973	0
0.5	2100	112	0	2636930	4	10088973	100	2	4200                              	73356	0	10088973	0
0.5	2100	224	0	2754572	4	10088973	100	2	4200                              	14940	0	10088973	0
0.5	2100	89	0	2613234	4	10088973	100	2	4200                              	6284	0	10088973	0
0.5	2100	106	0	2631392	4	10088973	100	2	4200                              	78121	0	10088973	0
0.5	2100	80	0	2602623	4	10088973	100	2	4200                              	6737	0	10088973	0
0.5	2100	134	0	2660393	4	10088973	100	2	4200                              	73012	0	10088973	0
0.5	2100	143	0	2669092	4	10088973	100	2	4200                              	78568	0	10088973	0
0.5	2100	139	0	2665025	4	10088973	100	2	4200                              	79040	0	10088973	0
0.5	2100	128	0	2654068	4	10088973	100	2	4200                              	8893	0	10088973	0
0.5	2100	143	0	2669946	4	10088973	100	2	4200                              	13784	0	10088973	0
0.5	2100	107	0	2630918	4	10088973	100	2	4200                              	77920	0	10088973	0
0.5	2100	200	0	2728954	4	10088973	100	2	4200                              	9777	0	10088973	0
0.5	2100	143	0	2670185	4	10088973	100	2	4200                              	79962	0	10088973	0
0.5	2100	211	0	2740453	4	10088973	100	2	4200                              	8842	0	10088973	0
0.5	2100	276	0	2809897	4	10088973	100	2	4200                              	17203	0	10088973	0
0.5	2100	104	0	2628715	4	10088973	100	2	4200                              	6848	0	10088973	0
0.5	2100	158	0	2686358	4	10088973	100	2	4200                              	11504	0	10088973	0
0.5	3100	204	0	2834733	4	10088973	100	2	6200                              	83904	0	10088973	0
0.5	3100	85	0	2648562	4	10088973	100	2	6200                              	73823	0	10088973	0
0.5	3100	190	0	2812021	4	10088973	100	2	6200                              	18914	0	10088973	0
0.5	3100	96	0	2666900	4	10088973	100	2	6200                              	12224	0	10088973	0
0.5	3100	145	0	2742348	4	10088973	100	2	6200                              	8360	0	10088973	0
0.5	3100	75	0	2633382	4	10088973	100	2	6200                              	9724	0	10088973	0
0.5	3100	125	0	2713316	4	10088973	100	2	6200                              	74403	0	10088973	0
0.5	3100	90	0	2657406	4	10088973	100	2	6200                              	73768	0	10088973	0
0.5	3100	71	0	2627557	4	10088973	100	2	6200                              	5487	0	10088973	0
0.5	3100	76	0	2637792	4	10088973	100	2	6200                              	7569	0	10088973	0
0.5	3100	117	0	2699375	4	10088973	100	2	6200                              	74574	0	10088973	0
0.5	3100	91	0	2658929	4	10088973	100	2	6200                              	7731	0	10088973	0
0.5	3100	82	0	2644799	4	10088973	100	2	6200                              	72920	0	10088973	0
0.5	3100	79	0	2639903	4	10088973	100	2	6200                              	74280	0	10088973	0
0.5	3100	120	0	2704513	4	10088973	100	2	6200                              	79277	0	10088973	0
0.5	3100	141	0	2736783	4	10088973	100	2	6200                              	11059	0	10088973	0
0.5	3100	121	0	2706437	4	10088973	100	2	6200                              	73985	0	10088973	0
0.5	3100	207	0	2840882	4	10088973	100	2	6200                              	11133	0	10088973	0
0.5	3100	191	0	2814358	4	10088973	100	2	6200                              	16433	0	10088973	0
0.5	3100	181	0	2798498	4	10088973	100	2	6200                              	81444	0	10088973	0
0.5	3100	82	0	2645515	4	10088973	100	2	6200                              	72606	0	10088973	0
0.5	3100	198	0	2826394	4	10088973	100	2	6200                              	17801	0	10088973	0
0.5	3100	188	0	2809011	4	10088973	100	2	6200                              	10279	0	10088973	0
0.5	3100	128	0	2716615	4	10088973	100	2	6200                              	80816	0	10088973	0
0.5	3100	183	0	2800938	4	10088973	100	2	6200                              	9212	0	10088973	0
0.5	3100	203	0	2831343	4	10088973	100	2	6200                              	77538	0	10088973	0
0.5	3100	109	0	2686721	4	10088973	100	2	6200                              	74352	0	10088973	0
0.5	3100	79	0	2639946	4	10088973	100	2	6200                              	10892	0	10088973	0
0.5	3100	147	0	2745774	4	10088973	100	2	6200                              	8612	0	10088973	0
0.5	3100	162	0	2769568	4	10088973	100	2	6200                              	82161	0	10088973	0
0.5	3100	103	0	2677968	4	10088973	100	2	6200                              	75214	0	10088973	0
0.5	3100	122	0	2708156	4	10088973	100	2	6200                              	9876	0	10088973	0
0.5	3100	90	0	2657421	4	10088973	100	2	6200                              	10247	0	10088973	0
0.5	3100	77	0	2637513	4	10088973	100	2	6200                              	6112	0	10088973	0
0.5	3100	209	0	2843107	4	10088973	100	2	6200                              	76975	0	10088973	0
0.5	3100	89	0	2656108	4	10088973	100	2	6200                              	76647	0	10088973	0
0.5	3100	69	0	2625889	4	10088973	100	2	6200                              	73156	0	10088973	0
0.5	3100	106	0	2682996	4	10088973	100	2	6200                              	11057	0	10088973	0
0.5	3100	71	0	2627885	4	10088973	100	2	6200                              	6384	0	10088973	0
0.5	3100	158	0	2762913	4	10088973	100	2	6200                              	16164	0	10088973	0
0.5	3100	151	0	2752394	4	10088973	100	2	6200                              	14609	0	10088973	0
0.5	3100	88	0	2654576	4	10088973	100	2	6200                              	78639	0	10088973	0
0.5	3100	142	0	2738833	4	10088973	100	2	6200                              	81059	0	10088973	0
0.5	3100	164	0	2774518	4	10088973	100	2	6200                              	83252	0	10088973	0
0.5	3100	167	0	2777122	4	10088973	100	2	6200                              	14509	0	10088973	0
0.5	3100	189	0	2810181	4	10088973	100	2	6200                              	78173	0	10088973	0
0.5	3100	111	0	2690435	4	10088973	100	2	6200                              	74800	0	10088973	0
0.5	3100	81	0	2643878	4	10088973	100	2	6200                              	7959	0	10088973	0
0.5	3100	102	0	2676922	4	10088973	100	2	6200                              	11297	0	10088973	0
0.5	3100	105	0	2681562	4	10088973	100	2	6200                              	7928	0	10088973	0
0.5	3100	136	0	2728599	4	10088973	100	2	6200                              	9633	0	10088973	0
0.5	3100	206	0	2837488	4	10088973	100	2	6200                              	85844	0	10088973	0
0.5	3100	161	0	2768456	4	10088973	100	2	6200                              	8249	0	10088973	0
0.5	3100	72	0	2631004	4	10088973	100	2	6200                              	5981	0	10088973	0
0.5	3100	169	0	2780898	4	10088973	100	2	6200                              	9318	0	10088973	0
0.5	3100	81	0	2643480	4	10088973	100	2	6200                              	6666	0	10088973	0
0.5	3100	95	0	2666398	4	10088973	100	2	6200                              	77349	0	10088973	0
0.5	3100	80	0	2642335	4	10088973	100	2	6200                              	6761	0	10088973	0
0.5	3100	132	0	2723046	4	10088973	100	2	6200                              	75745	0	10088973	0
0.5	3100	228	0	2872995	4	10088973	100	2	6200                              	15243	0	10088973	0
0.5	3100	101	0	2675858	4	10088973	100	2	6200                              	78661	0	10088973	0
0.5	3100	88	0	2655222	4	10088973	100	2	6200                              	78225	0	10088973	0
0.5	3100	81	0	2643749	4	10088973	100	2	6200                              	6737	0	10088973	0
0.5	3100	154	0	2756673	4	10088973	100	2	6200                              	79578	0	10088973	0
0.5	3100	149	0	2749892	4	10088973	100	2	6200                              	84502	0	10088973	0
0.5	3100	94	0	2663663	4	10088973	100	2	6200                              	73913	0	10088973	0
0.5	3100	129	0	2716615	4	10088973	100	2	6200                              	10173	0	10088973	0
0.5	3100	79	0	2640630	4	10088973	100	2	6200                              	73469	0	10088973	0
0.5	3100	209	0	2840958	4	10088973	100	2	6200                              	83243	0	10088973	0
0.5	3100	121	0	2706838	4	10088973	100	2	6200                              	76214	0	10088973	0
0.5	3100	84	0	2648095	4	10088973	100	2	6200                              	10878	0	10088973	0
0.5	3100	73	0	2630756	4	10088973	100	2	6200                              	73163	0	10088973	0
0.5	3100	102	0	2676272	4	10088973	100	2	6200                              	74760	0	10088973	0
0.5	3100	82	0	2645203	4	10088973	100	2	6200                              	7685	0	10088973	0
0.5	3100	100	0	2673834	4	10088973	100	2	6200                              	8829	0	10088973	0
0.5	3100	163	0	2771208	4	10088973	100	2	6200                              	77220	0	10088973	0
0.5	3100	170	0	2783047	4	10088973	100	2	6200                              	75322	0	10088973	0
0.5	3100	82	0	2645298	4	10088973	100	2	6200                              	7020	0	10088973	0
0.5	3100	123	0	2709092	4	10088973	100	2	6200                              	75075	0	10088973	0
0.5	3100	76	0	2636256	4	10088973	100	2	6200                              	6547	0	10088973	0
0.5	3100	201	0	2829728	4	10088973	100	2	6200                              	80636	0	10088973	0
0.5	3100	152	0	2754797	4	10088973	100	2	6200                              	78328	0	10088973	0
0.5	3100	83	0	2646707	4	10088973	100	2	6200                              	6395	0	10088973	0
0.5	3100	84	0	2648999	4	10088973	100	2	6200                              	6215	0	10088973	0
0.5	3100	66	0	2621908	4	10088973	100	2	6200                              	9420	0	10088973	0
0.5	3100	118	0	2701022	4	10088973	100	2	6200                              	12558	0	10088973	0
0.5	3100	85	0	2650713	4	10088973	100	2	6200                              	74307	0	10088973	0
0.5	3100	84	0	2649044	4	10088973	100	2	6200                              	8583	0	10088973	0
0.5	3100	74	0	2632804	4	10088973	100	2	6200                              	74157	0	10088973	0
0.5	3100	86	0	2652357	4	10088973	100	2	6200                              	5290	0	10088973	0
0.5	3100	75	0	2634129	4	10088973	100	2	6200                              	6014	0	10088973	0
0.5	3100	142	0	2737397	4	10088973	100	2	6200                              	76147	0	10088973	0
0.5	3100	79	0	2641886	4	10088973	100	2	6200                              	72975	0	10088973	0
0.5	3100	179	0	2795902	4	10088973	100	2	6200                              	75937	0	10088973	0
0.5	3100	127	0	2715812	4	10088973	100	2	6200                              	74804	0	10088973	0
0.5	3100	110	0	2688094	4	10088973	100	2	6200                              	74929	0	10088973	0
0.5	3100	164	0	2773378	4	10088973	100	2	6200                              	75713	0	10088973	0
0.5	3100	179	0	2795051	4	10088973	100	2	6200                              	79233	0	10088973	0
0.5	3100	107	0	2685593	4	10088973	100	2	6200                              	73756	0	10088973	0
0.5	3100	145	0	2742794	4	10088973	100	2	6200                              	76925	0	10088973	0
0.5	4100	125	0	2774086	4	10088973	100	2	8200                              	15720	0	10088973	0
0.5	4100	63	0	2647326	4	10088973	100	2	8200                              	6814	0	10088973	0
0.5	4100	106	0	2733892	4	10088973	100	2	8200                              	9296	0	10088973	0
0.5	4100	119	0	2759698	4	10088973	100	2	8200                              	14201	0	10088973	0
0.5	4100	86	0	2692302	4	10088973	100	2	8200                              	72944	0	10088973	0
0.5	4100	170	0	2865980	4	10088973	100	2	8200                              	9025	0	10088973	0
0.5	4100	97	0	2716652	4	10088973	100	2	8200                              	11859	0	10088973	0
0.5	4100	169	0	2863841	4	10088973	100	2	8200                              	83467	0	10088973	0
0.5	4100	72	0	2664698	4	10088973	100	2	8200                              	10880	0	10088973	0
0.5	4100	130	0	2782521	4	10088973	100	2	8200                              	15076	0	10088973	0
0.5	4100	96	0	2714500	4	10088973	100	2	8200                              	73672	0	10088973	0
0.5	4100	106	0	2734286	4	10088973	100	2	8200                              	74200	0	10088973	0
0.5	4100	62	0	2643971	4	10088973	100	2	8200                              	6272	0	10088973	0
0.5	4100	170	0	2865539	4	10088973	100	2	8200                              	84352	0	10088973	0
0.5	4100	150	0	2823662	4	10088973	100	2	8200                              	15391	0	10088973	0
0.5	4100	111	0	2744890	4	10088973	100	2	8200                              	13070	0	10088973	0
0.5	4100	96	0	2712544	4	10088973	100	2	8200                              	74562	0	10088973	0
0.5	4100	94	0	2711020	4	10088973	100	2	8200                              	77541	0	10088973	0
0.5	4100	162	0	2850365	4	10088973	100	2	8200                              	75460	0	10088973	0
0.5	4100	79	0	2678857	4	10088973	100	2	8200                              	74498	0	10088973	0
0.5	4100	102	0	2728013	4	10088973	100	2	8200                              	73439	0	10088973	0
0.5	4100	180	0	2885257	4	10088973	100	2	8200                              	76452	0	10088973	0
0.5	4100	75	0	2671083	4	10088973	100	2	8200                              	73899	0	10088973	0
0.5	4100	73	0	2667864	4	10088973	100	2	8200                              	6588	0	10088973	0
0.5	4100	93	0	2707826	4	10088973	100	2	8200                              	77576	0	10088973	0
0.5	4100	157	0	2839011	4	10088973	100	2	8200                              	14978	0	10088973	0
0.5	4100	173	0	2871997	4	10088973	100	2	8200                              	77513	0	10088973	0
0.5	4100	91	0	2702336	4	10088973	100	2	8200                              	77882	0	10088973	0
0.5	4100	77	0	2675619	4	10088973	100	2	8200                              	6415	0	10088973	0
0.5	4100	72	0	2665027	4	10088973	100	2	8200                              	75765	0	10088973	0
0.5	4100	86	0	2694009	4	10088973	100	2	8200                              	74467	0	10088973	0
0.5	4100	67	0	2655712	4	10088973	100	2	8200                              	6270	0	10088973	0
0.5	4100	135	0	2795423	4	10088973	100	2	8200                              	80121	0	10088973	0
0.5	4100	80	0	2681568	4	10088973	100	2	8200                              	10135	0	10088973	0
0.5	4100	69	0	2657401	4	10088973	100	2	8200                              	77216	0	10088973	0
0.5	4100	82	0	2683954	4	10088973	100	2	8200                              	74036	0	10088973	0
0.5	4100	166	0	2856233	4	10088973	100	2	8200                              	80916	0	10088973	0
0.5	4100	77	0	2673522	4	10088973	100	2	8200                              	8198	0	10088973	0
0.5	4100	85	0	2691473	4	10088973	100	2	8200                              	73777	0	10088973	0
0.5	4100	81	0	2683360	4	10088973	100	2	8200                              	78000	0	10088973	0
0.5	4100	121	0	2764902	4	10088973	100	2	8200                              	76083	0	10088973	0
0.5	4100	146	0	2816020	4	10088973	100	2	8200                              	78180	0	10088973	0
0.5	4100	112	0	2746660	4	10088973	100	2	8200                              	12960	0	10088973	0
0.5	4100	77	0	2676935	4	10088973	100	2	8200                              	73887	0	10088973	0
0.5	4100	75	0	2670110	4	10088973	100	2	8200                              	6626	0	10088973	0
0.5	4100	158	0	2840003	4	10088973	100	2	8200                              	9590	0	10088973	0
0.5	4100	82	0	2685030	4	10088973	100	2	8200                              	74951	0	10088973	0
0.5	4100	143	0	2810482	4	10088973	100	2	8200                              	15311	0	10088973	0
0.5	4100	169	0	2864672	4	10088973	100	2	8200                              	75626	0	10088973	0
0.5	4100	112	0	2746586	4	10088973	100	2	8200                              	9027	0	10088973	0
0.5	4100	174	0	2873348	4	10088973	100	2	8200                              	77069	0	10088973	0
0.5	4100	160	0	2845973	4	10088973	100	2	8200                              	81507	0	10088973	0
0.5	4100	91	0	2702642	4	10088973	100	2	8200                              	74058	0	10088973	0
0.5	4100	88	0	2695768	4	10088973	100	2	8200                              	7045	0	10088973	0
0.5	4100	156	0	2834918	4	10088973	100	2	8200                              	77291	0	10088973	0
0.5	4100	91	0	2703766	4	10088973	100	2	8200                              	74737	0	10088973	0
0.5	4100	60	0	2639037	4	10088973	100	2	8200                              	5693	0	10088973	0
0.5	4100	139	0	2803286	4	10088973	100	2	8200                              	76582	0	10088973	0
0.5	4100	75	0	2670719	4	10088973	100	2	8200                              	7626	0	10088973	0
0.5	4100	175	0	2877118	4	10088973	100	2	8200                              	80185	0	10088973	0
0.5	4100	147	0	2817768	4	10088973	100	2	8200                              	8328	0	10088973	0
0.5	4100	159	0	2844101	4	10088973	100	2	8200                              	10461	0	10088973	0
0.5	4100	99	0	2718368	4	10088973	100	2	8200                              	74884	0	10088973	0
0.5	4100	86	0	2692316	4	10088973	100	2	8200                              	74520	0	10088973	0
0.5	4100	65	0	2650600	4	10088973	100	2	8200                              	9719	0	10088973	0
0.5	4100	170	0	2866360	4	10088973	100	2	8200                              	77560	0	10088973	0
0.5	4100	91	0	2705837	4	10088973	100	2	8200                              	8947	0	10088973	0
0.5	4100	86	0	2695111	4	10088973	100	2	8200                              	6997	0	10088973	0
0.5	4100	113	0	2748456	4	10088973	100	2	8200                              	8887	0	10088973	0
0.5	4100	179	0	2884442	4	10088973	100	2	8200                              	83130	0	10088973	0
0.5	4100	73	0	2666485	4	10088973	100	2	8200                              	7336	0	10088973	0
0.5	4100	78	0	2675938	4	10088973	100	2	8200                              	77080	0	10088973	0
0.5	4100	62	0	2646263	4	10088973	100	2	8200                              	5822	0	10088973	0
0.5	4100	165	0	2856534	4	10088973	100	2	8200                              	83239	0	10088973	0
0.5	4100	74	0	2667075	4	10088973	100	2	8200                              	74643	0	10088973	0
0.5	4100	162	0	2849171	4	10088973	100	2	8200                              	82640	0	10088973	0
0.5	4100	68	0	2656937	4	10088973	100	2	8200                              	6998	0	10088973	0
0.5	4100	70	0	2660530	4	10088973	100	2	8200                              	10305	0	10088973	0
0.5	4100	119	0	2760786	4	10088973	100	2	8200                              	82281	0	10088973	0
0.5	4100	107	0	2735168	4	10088973	100	2	8200                              	10415	0	10088973	0
0.5	4100	66	0	2653777	4	10088973	100	2	8200                              	6452	0	10088973	0
0.5	4100	78	0	2675839	4	10088973	100	2	8200                              	73640	0	10088973	0
0.5	4100	67	0	2653599	4	10088973	100	2	8200                              	10452	0	10088973	0
0.5	4100	173	0	2872522	4	10088973	100	2	8200                              	82385	0	10088973	0
0.5	4100	135	0	2792650	4	10088973	100	2	8200                              	77075	0	10088973	0
0.5	4100	123	0	2768728	4	10088973	100	2	8200                              	13282	0	10088973	0
0.5	4100	67	0	2654310	4	10088973	100	2	8200                              	6137	0	10088973	0
0.5	4100	109	0	2739978	4	10088973	100	2	8200                              	81230	0	10088973	0
0.5	4100	89	0	2700132	4	10088973	100	2	8200                              	75887	0	10088973	0
0.5	4100	68	0	2655895	4	10088973	100	2	8200                              	5907	0	10088973	0
0.5	4100	80	0	2681504	4	10088973	100	2	8200                              	76479	0	10088973	0
0.5	4100	143	0	2810926	4	10088973	100	2	8200                              	9708	0	10088973	0
0.5	4100	67	0	2653775	4	10088973	100	2	8200                              	10643	0	10088973	0
0.5	4100	186	0	2898205	4	10088973	100	2	8200                              	86945	0	10088973	0
0.5	4100	119	0	2760810	4	10088973	100	2	8200                              	9381	0	10088973	0
0.5	4100	89	0	2698572	4	10088973	100	2	8200                              	73886	0	10088973	0
0.5	4100	83	0	2687497	4	10088973	100	2	8200                              	74157	0	10088973	0
0.5	4100	100	0	2723468	4	10088973	100	2	8200                              	75236	0	10088973	0
0.5	4100	91	0	2704474	4	10088973	100	2	8200                              	72322	0	10088973	0
0.5	4100	153	0	2830734	4	10088973	100	2	8200                              	8704	0	10088973	0
0.5	5100	155	0	2911596	4	10088973	100	2	10200                              	76151	0	10088973	0
0.5	5100	74	0	2705444	4	10088973	100	2	10200                              	76384	0	10088973	0
0.5	5100	139	0	2870143	4	10088973	100	2	10200                              	17345	0	10088973	0
0.5	5100	67	0	2688262	4	10088973	100	2	10200                              	11760	0	10088973	0
0.5	5100	106	0	2787699	4	10088973	100	2	10200                              	79591	0	10088973	0
0.5	5100	61	0	2671990	4	10088973	100	2	10200                              	10187	0	10088973	0
0.5	5100	70	0	2695106	4	10088973	100	2	10200                              	7008	0	10088973	0
0.5	5100	65	0	2682639	4	10088973	100	2	10200                              	74417	0	10088973	0
0.5	5100	78	0	2715063	4	10088973	100	2	10200                              	73975	0	10088973	0
0.5	5100	117	0	2814066	4	10088973	100	2	10200                              	79835	0	10088973	0
0.5	5100	63	0	2679268	4	10088973	100	2	10200                              	10854	0	10088973	0
0.5	5100	93	0	2751714	4	10088973	100	2	10200                              	7185	0	10088973	0
0.5	5100	94	0	2755225	4	10088973	100	2	10200                              	75299	0	10088973	0
0.5	5100	65	0	2680751	4	10088973	100	2	10200                              	6494	0	10088973	0
0.5	5100	70	0	2696170	4	10088973	100	2	10200                              	75258	0	10088973	0
0.5	5100	126	0	2837681	4	10088973	100	2	10200                              	77254	0	10088973	0
0.5	5100	166	0	2939891	4	10088973	100	2	10200                              	78541	0	10088973	0
0.5	5100	146	0	2887534	4	10088973	100	2	10200                              	82690	0	10088973	0
0.5	5100	116	0	2812337	4	10088973	100	2	10200                              	83584	0	10088973	0
0.5	5100	147	0	2889912	4	10088973	100	2	10200                              	14046	0	10088973	0
0.5	5100	105	0	2782179	4	10088973	100	2	10200                              	12004	0	10088973	0
0.5	5100	73	0	2699562	4	10088973	100	2	10200                              	11948	0	10088973	0
0.5	5100	57	0	2662586	4	10088973	100	2	10200                              	10145	0	10088973	0
0.5	5100	115	0	2806114	4	10088973	100	2	10200                              	76825	0	10088973	0
0.5	5100	137	0	2866510	4	10088973	100	2	10200                              	7576	0	10088973	0
0.5	5100	63	0	2676779	4	10088973	100	2	10200                              	10146	0	10088973	0
0.5	5100	69	0	2690078	4	10088973	100	2	10200                              	5662	0	10088973	0
0.5	5100	64	0	2678071	4	10088973	100	2	10200                              	6299	0	10088973	0
0.5	5100	167	0	2942134	4	10088973	100	2	10200                              	75158	0	10088973	0
0.5	5100	78	0	2714996	4	10088973	100	2	10200                              	8781	0	10088973	0
0.5	5100	61	0	2670951	4	10088973	100	2	10200                              	6628	0	10088973	0
0.5	5100	73	0	2702034	4	10088973	100	2	10200                              	6947	0	10088973	0
0.5	5100	165	0	2936390	4	10088973	100	2	10200                              	81508	0	10088973	0
0.5	5100	113	0	2806313	4	10088973	100	2	10200                              	82042	0	10088973	0
0.5	5100	71	0	2698792	4	10088973	100	2	10200                              	74617	0	10088973	0
0.5	5100	149	0	2897610	4	10088973	100	2	10200                              	15129	0	10088973	0
0.5	5100	78	0	2714175	4	10088973	100	2	10200                              	76233	0	10088973	0
0.5	5100	72	0	2700027	4	10088973	100	2	10200                              	7059	0	10088973	0
0.5	5100	75	0	2705908	4	10088973	100	2	10200                              	73331	0	10088973	0
0.5	5100	116	0	2810091	4	10088973	100	2	10200                              	75462	0	10088973	0
0.5	5100	75	0	2708701	4	10088973	100	2	10200                              	7391	0	10088973	0
0.5	5100	113	0	2804970	4	10088973	100	2	10200                              	8389	0	10088973	0
0.5	5100	125	0	2834047	4	10088973	100	2	10200                              	79931	0	10088973	0
0.5	5100	147	0	2890542	4	10088973	100	2	10200                              	78250	0	10088973	0
0.5	5100	63	0	2676603	4	10088973	100	2	10200                              	72566	0	10088973	0
0.5	5100	81	0	2722330	4	10088973	100	2	10200                              	74148	0	10088973	0
0.5	5100	122	0	2828697	4	10088973	100	2	10200                              	11551	0	10088973	0
0.5	5100	59	0	2668061	4	10088973	100	2	10200                              	76180	0	10088973	0
0.5	5100	125	0	2837359	4	10088973	100	2	10200                              	76549	0	10088973	0
0.5	5100	122	0	2828647	4	10088973	100	2	10200                              	9229	0	10088973	0
0.5	5100	111	0	2797276	4	10088973	100	2	10200                              	8770	0	10088973	0
0.5	5100	115	0	2809877	4	10088973	100	2	10200                              	9470	0	10088973	0
0.5	5100	150	0	2899712	4	10088973	100	2	10200                              	75565	0	10088973	0
0.5	5100	133	0	2856475	4	10088973	100	2	10200                              	10175	0	10088973	0
0.5	5100	139	0	2873201	4	10088973	100	2	10200                              	13496	0	10088973	0
0.5	5100	67	0	2687802	4	10088973	100	2	10200                              	6250	0	10088973	0
0.5	5100	63	0	2678771	4	10088973	100	2	10200                              	73398	0	10088973	0
0.5	5100	52	0	2647730	4	10088973	100	2	10200                              	6885	0	10088973	0
0.5	5100	115	0	2810151	4	10088973	100	2	10200                              	12988	0	10088973	0
0.5	5100	151	0	2901018	4	10088973	100	2	10200                              	14241	0	10088973	0
0.5	5100	179	0	2970913	4	10088973	100	2	10200                              	83057	0	10088973	0
0.5	5100	108	0	2791940	4	10088973	100	2	10200                              	76191	0	10088973	0
0.5	5100	75	0	2704083	4	10088973	100	2	10200                              	76674	0	10088973	0
0.5	5100	62	0	2674962	4	10088973	100	2	10200                              	10911	0	10088973	0
0.5	5100	67	0	2686807	4	10088973	100	2	10200                              	10223	0	10088973	0
0.5	5100	125	0	2833239	4	10088973	100	2	10200                              	15491	0	10088973	0
0.5	5100	93	0	2750345	4	10088973	100	2	10200                              	74399	0	10088973	0
0.5	5100	133	0	2854742	4	10088973	100	2	10200                              	17396	0	10088973	0
0.5	5100	142	0	2877955	4	10088973	100	2	10200                              	9433	0	10088973	0
0.5	5100	145	0	2886358	4	10088973	100	2	10200                              	13827	0	10088973	0
0.5	5100	69	0	2693769	4	10088973	100	2	10200                              	77522	0	10088973	0
0.5	5100	121	0	2825951	4	10088973	100	2	10200                              	83244	0	10088973	0
0.5	5100	93	0	2753891	4	10088973	100	2	10200                              	77891	0	10088973	0
0.5	5100	73	0	2702765	4	10088973	100	2	10200                              	77993	0	10088973	0
0.5	5100	59	0	2667402	4	10088973	100	2	10200                              	5654	0	10088973	0
0.5	5100	79	0	2716722	4	10088973	100	2	10200                              	10019	0	10088973	0
0.5	5100	154	0	2906140	4	10088973	100	2	10200                              	77792	0	10088973	0
0.5	5100	137	0	2866151	4	10088973	100	2	10200                              	84179	0	10088973	0
0.5	5100	70	0	2693486	4	10088973	100	2	10200                              	73601	0	10088973	0
0.5	5100	150	0	2898348	4	10088973	100	2	10200                              	79862	0	10088973	0
0.5	5100	78	0	2715413	4	10088973	100	2	10200                              	7943	0	10088973	0
0.5	5100	96	0	2759576	4	10088973	100	2	10200                              	8564	0	10088973	0
0.5	5100	67	0	2686950	4	10088973	100	2	10200                              	73812	0	10088973	0
0.5	5100	57	0	2662076	4	10088973	100	2	10200                              	75710	0	10088973	0
0.5	5100	120	0	2822070	4	10088973	100	2	10200                              	15150	0	10088973	0
0.5	5100	108	0	2789894	4	10088973	100	2	10200                              	7854	0	10088973	0
0.5	5100	60	0	2669403	4	10088973	100	2	10200                              	8203	0	10088973	0
0.5	5100	59	0	2664383	4	10088973	100	2	10200                              	75732	0	10088973	0
0.5	5100	66	0	2684320	4	10088973	100	2	10200                              	5315	0	10088973	0
0.5	5100	157	0	2916229	4	10088973	100	2	10200                              	83088	0	10088973	0
0.5	5100	91	0	2746652	4	10088973	100	2	10200                              	74543	0	10088973	0
0.5	5100	106	0	2787622	4	10088973	100	2	10200                              	12146	0	10088973	0
0.5	5100	180	0	2975927	4	10088973	100	2	10200                              	75775	0	10088973	0
0.5	5100	158	0	2919146	4	10088973	100	2	10200                              	8350	0	10088973	0
0.5	5100	87	0	2738480	4	10088973	100	2	10200                              	74558	0	10088973	0
0.5	5100	87	0	2736665	4	10088973	100	2	10200                              	14708	0	10088973	0
0.5	5100	92	0	2752647	4	10088973	100	2	10200                              	8684	0	10088973	0
0.5	5100	109	0	2791064	4	10088973	100	2	10200                              	78432	0	10088973	0
0.5	5100	110	0	2796406	4	10088973	100	2	10200                              	9496	0	10088973	0
0.5	5100	79	0	2717010	4	10088973	100	2	10200                              	77364	0	10088973	0
0.5	6100	84	0	2769230	4	10088973	100	2	12200                              	12365	0	10088973	0
0.5	6100	84	0	2772588	4	10088973	100	2	12200                              	14485	0	10088973	0
0.5	6100	53	0	2675438	4	10088973	100	2	12200                              	76412	0	10088973	0
0.5	6100	127	0	2900666	4	10088973	100	2	12200                              	13434	0	10088973	0
0.5	6100	61	0	2702037	4	10088973	100	2	12200                              	73869	0	10088973	0
0.5	6100	91	0	2792066	4	10088973	100	2	12200                              	77347	0	10088973	0
0.5	6100	60	0	2695957	4	10088973	100	2	12200                              	73435	0	10088973	0
0.5	6100	79	0	2755456	4	10088973	100	2	12200                              	75470	0	10088973	0
0.5	6100	92	0	2793287	4	10088973	100	2	12200                              	9479	0	10088973	0
0.5	6100	111	0	2855676	4	10088973	100	2	12200                              	15261	0	10088973	0
0.5	6100	67	0	2719904	4	10088973	100	2	12200                              	73014	0	10088973	0
0.5	6100	103	0	2830610	4	10088973	100	2	12200                              	75924	0	10088973	0
0.5	6100	134	0	2920497	4	10088973	100	2	12200                              	14622	0	10088973	0
0.5	6100	147	0	2962093	4	10088973	100	2	12200                              	78010	0	10088973	0
0.5	6100	56	0	2685903	4	10088973	100	2	12200                              	73858	0	10088973	0
0.5	6100	64	0	2709191	4	10088973	100	2	12200                              	11272	0	10088973	0
0.5	6100	55	0	2681626	4	10088973	100	2	12200                              	9847	0	10088973	0
0.5	6100	96	0	2807249	4	10088973	100	2	12200                              	8601	0	10088973	0
0.5	6100	59	0	2695925	4	10088973	100	2	12200                              	77288	0	10088973	0
0.5	6100	128	0	2903547	4	10088973	100	2	12200                              	75678	0	10088973	0
0.5	6100	81	0	2760753	4	10088973	100	2	12200                              	75232	0	10088973	0
0.5	6100	64	0	2706986	4	10088973	100	2	12200                              	5839	0	10088973	0
0.5	6100	68	0	2724722	4	10088973	100	2	12200                              	10082	0	10088973	0
0.5	6100	56	0	2683207	4	10088973	100	2	12200                              	6097	0	10088973	0
0.5	6100	121	0	2883298	4	10088973	100	2	12200                              	9578	0	10088973	0
0.5	6100	46	0	2653220	4	10088973	100	2	12200                              	5926	0	10088973	0
0.5	6100	46	0	2652103	4	10088973	100	2	12200                              	4921	0	10088973	0
0.5	6100	125	0	2895765	4	10088973	100	2	12200                              	11323	0	10088973	0
0.5	6100	125	0	2897825	4	10088973	100	2	12200                              	9057	0	10088973	0
0.5	6100	116	0	2867945	4	10088973	100	2	12200                              	8385	0	10088973	0
0.5	6100	129	0	2908953	4	10088973	100	2	12200                              	15976	0	10088973	0
0.5	6100	175	0	3048617	4	10088973	100	2	12200                              	77207	0	10088973	0
0.5	6100	54	0	2679128	4	10088973	100	2	12200                              	5734	0	10088973	0
0.5	6100	67	0	2717679	4	10088973	100	2	12200                              	76774	0	10088973	0
0.5	6100	126	0	2896210	4	10088973	100	2	12200                              	15570	0	10088973	0
0.5	6100	74	0	2739532	4	10088973	100	2	12200                              	76630	0	10088973	0
0.5	6100	90	0	2788449	4	10088973	100	2	12200                              	75810	0	10088973	0
0.5	6100	99	0	2815337	4	10088973	100	2	12200                              	11259	0	10088973	0
0.5	6100	80	0	2760887	4	10088973	100	2	12200                              	7528	0	10088973	0
0.5	6100	95	0	2804670	4	10088973	100	2	12200                              	7504	0	10088973	0
0.5	6100	50	0	2666798	4	10088973	100	2	12200                              	6200	0	10088973	0
0.5	6100	53	0	2679625	4	10088973	100	2	12200                              	5012	0	10088973	0
0.5	6100	146	0	2960604	4	10088973	100	2	12200                              	80715	0	10088973	0
0.5	6100	76	0	2745585	4	10088973	100	2	12200                              	8177	0	10088973	0
0.5	6100	62	0	2705536	4	10088973	100	2	12200                              	10016	0	10088973	0
0.5	6100	118	0	2875621	4	10088973	100	2	12200                              	14719	0	10088973	0
0.5	6100	129	0	2907244	4	10088973	100	2	12200                              	82318	0	10088973	0
0.5	6100	64	0	2706737	4	10088973	100	2	12200                              	77097	0	10088973	0
0.5	6100	44	0	2649628	4	10088973	100	2	12200                              	10062	0	10088973	0
0.5	6100	132	0	2916120	4	10088973	100	2	12200                              	80314	0	10088973	0
0.5	6100	107	0	2840804	4	10088973	100	2	12200                              	75144	0	10088973	0
0.5	6100	77	0	2750379	4	10088973	100	2	12200                              	7121	0	10088973	0
0.5	6100	168	0	3028573	4	10088973	100	2	12200                              	77323	0	10088973	0
0.5	6100	78	0	2751136	4	10088973	100	2	12200                              	9860	0	10088973	0
0.5	6100	100	0	2820188	4	10088973	100	2	12200                              	75723	0	10088973	0
0.5	6100	61	0	2698221	4	10088973	100	2	12200                              	5262	0	10088973	0
0.5	6100	48	0	2661240	4	10088973	100	2	12200                              	9679	0	10088973	0
0.5	6100	112	0	2854671	4	10088973	100	2	12200                              	8830	0	10088973	0
0.5	6100	61	0	2700756	4	10088973	100	2	12200                              	6902	0	10088973	0
0.5	6100	49	0	2664115	4	10088973	100	2	12200                              	6509	0	10088973	0
0.5	6100	110	0	2849886	4	10088973	100	2	12200                              	77691	0	10088973	0
0.5	6100	134	0	2922442	4	10088973	100	2	12200                              	8048	0	10088973	0
0.5	6100	120	0	2880119	4	10088973	100	2	12200                              	7974	0	10088973	0
0.5	6100	70	0	2725038	4	10088973	100	2	12200                              	9659	0	10088973	0
0.5	6100	110	0	2850416	4	10088973	100	2	12200                              	77965	0	10088973	0
0.5	6100	89	0	2783645	4	10088973	100	2	12200                              	7818	0	10088973	0
0.5	6100	138	0	2936035	4	10088973	100	2	12200                              	80441	0	10088973	0
0.5	6100	134	0	2926791	4	10088973	100	2	12200                              	13509	0	10088973	0
0.5	6100	108	0	2842478	4	10088973	100	2	12200                              	14131	0	10088973	0
0.5	6100	73	0	2737981	4	10088973	100	2	12200                              	78795	0	10088973	0
0.5	6100	80	0	2757244	4	10088973	100	2	12200                              	12118	0	10088973	0
0.5	6100	54	0	2682662	4	10088973	100	2	12200                              	9532	0	10088973	0
0.5	6100	125	0	2893336	4	10088973	100	2	12200                              	9968	0	10088973	0
0.5	6100	111	0	2852489	4	10088973	100	2	12200                              	76561	0	10088973	0
0.5	6100	153	0	2980805	4	10088973	100	2	12200                              	79058	0	10088973	0
0.5	6100	125	0	2897414	4	10088973	100	2	12200                              	81902	0	10088973	0
0.5	6100	123	0	2888200	4	10088973	100	2	12200                              	80839	0	10088973	0
0.5	6100	63	0	2705092	4	10088973	100	2	12200                              	7438	0	10088973	0
0.5	6100	158	0	2994217	4	10088973	100	2	12200                              	14405	0	10088973	0
0.5	6100	112	0	2859039	4	10088973	100	2	12200                              	8400	0	10088973	0
0.5	6100	93	0	2799825	4	10088973	100	2	12200                              	7744	0	10088973	0
0.5	6100	51	0	2667123	4	10088973	100	2	12200                              	6369	0	10088973	0
0.5	6100	91	0	2792294	4	10088973	100	2	12200                              	8701	0	10088973	0
0.5	6100	110	0	2850804	4	10088973	100	2	12200                              	7673	0	10088973	0
0.5	6100	142	0	2948455	4	10088973	100	2	12200                              	17923	0	10088973	0
0.5	6100	75	0	2743190	4	10088973	100	2	12200                              	75658	0	10088973	0
0.5	6100	149	0	2969667	4	10088973	100	2	12200                              	82473	0	10088973	0
0.5	6100	59	0	2693039	4	10088973	100	2	12200                              	9150	0	10088973	0
0.5	6100	157	0	2996647	4	10088973	100	2	12200                              	81666	0	10088973	0
0.5	6100	104	0	2833416	4	10088973	100	2	12200                              	12486	0	10088973	0
0.5	6100	60	0	2698628	4	10088973	100	2	12200                              	9260	0	10088973	0
0.5	6100	79	0	2753065	4	10088973	100	2	12200                              	76788	0	10088973	0
0.5	6100	83	0	2766704	4	10088973	100	2	12200                              	74557	0	10088973	0
0.5	6100	121	0	2883466	4	10088973	100	2	12200                              	15158	0	10088973	0
0.5	6100	130	0	2913449	4	10088973	100	2	12200                              	11377	0	10088973	0
0.5	6100	70	0	2728723	4	10088973	100	2	12200                              	10191	0	10088973	0
0.5	6100	64	0	2710296	4	10088973	100	2	12200                              	7436	0	10088973	0
0.5	6100	68	0	2721606	4	10088973	100	2	12200                              	5632	0	10088973	0
0.5	6100	104	0	2832665	4	10088973	100	2	12200                              	13319	0	10088973	0
0.5	6100	108	0	2841606	4	10088973	100	2	12200                              	76592	0	10088973	0
0.5	7100	133	0	2986908	4	10088973	100	2	14200                              	82275	0	10088973	0
0.5	7100	125	0	2955907	4	10088973	100	2	14200                              	77886	0	10088973	0
0.5	7100	73	0	2773834	4	10088973	100	2	14200                              	73644	0	10088973	0
0.5	7100	50	0	2692082	4	10088973	100	2	14200                              	6765	0	10088973	0
0.5	7100	108	0	2898953	4	10088973	100	2	14200                              	10670	0	10088973	0
0.5	7100	134	0	2987485	4	10088973	100	2	14200                              	8931	0	10088973	0
0.5	7100	115	0	2921018	4	10088973	100	2	14200                              	9468	0	10088973	0
0.5	7100	98	0	2860036	4	10088973	100	2	14200                              	75496	0	10088973	0
0.5	7100	73	0	2768880	4	10088973	100	2	14200                              	7485	0	10088973	0
0.5	7100	110	0	2902408	4	10088973	100	2	14200                              	8112	0	10088973	0
0.5	7100	117	0	2928380	4	10088973	100	2	14200                              	75915	0	10088973	0
0.5	7100	62	0	2732724	4	10088973	100	2	14200                              	78078	0	10088973	0
0.5	7100	59	0	2718823	4	10088973	100	2	14200                              	6551	0	10088973	0
0.5	7100	156	0	3066585	4	10088973	100	2	14200                              	77131	0	10088973	0
0.5	7100	118	0	2930120	4	10088973	100	2	14200                              	77137	0	10088973	0
0.5	7100	50	0	2690755	4	10088973	100	2	14200                              	5201	0	10088973	0
0.5	7100	96	0	2855868	4	10088973	100	2	14200                              	77910	0	10088973	0
0.5	7100	127	0	2966299	4	10088973	100	2	14200                              	75054	0	10088973	0
0.5	7100	68	0	2750023	4	10088973	100	2	14200                              	11696	0	10088973	0
0.5	7100	66	0	2747827	4	10088973	100	2	14200                              	73399	0	10088973	0
0.5	7100	163	0	3089165	4	10088973	100	2	14200                              	78548	0	10088973	0
0.5	7100	115	0	2920772	4	10088973	100	2	14200                              	78153	0	10088973	0
0.5	7100	66	0	2746206	4	10088973	100	2	14200                              	78388	0	10088973	0
0.5	7100	77	0	2788688	4	10088973	100	2	14200                              	73360	0	10088973	0
0.5	7100	135	0	2994164	4	10088973	100	2	14200                              	82150	0	10088973	0
0.5	7100	124	0	2952648	4	10088973	100	2	14200                              	13851	0	10088973	0
0.5	7100	68	0	2754197	4	10088973	100	2	14200                              	74776	0	10088973	0
0.5	7100	62	0	2734753	4	10088973	100	2	14200                              	9609	0	10088973	0
0.5	7100	139	0	3006937	4	10088973	100	2	14200                              	15609	0	10088973	0
0.5	7100	62	0	2733918	4	10088973	100	2	14200                              	6523	0	10088973	0
0.5	7100	57	0	2715379	4	10088973	100	2	14200                              	7696	0	10088973	0
0.5	7100	71	0	2764805	4	10088973	100	2	14200                              	75205	0	10088973	0
0.5	7100	89	0	2831012	4	10088973	100	2	14200                              	8506	0	10088973	0
0.5	7100	89	0	2832492	4	10088973	100	2	14200                              	12206	0	10088973	0
0.5	7100	113	0	2913686	4	10088973	100	2	14200                              	13673	0	10088973	0
0.5	7100	58	0	2718015	4	10088973	100	2	14200                              	73724	0	10088973	0
0.5	7100	134	0	2984645	4	10088973	100	2	14200                              	9592	0	10088973	0
0.5	7100	75	0	2778323	4	10088973	100	2	14200                              	10821	0	10088973	0
0.5	7100	107	0	2892694	4	10088973	100	2	14200                              	76396	0	10088973	0
0.5	7100	62	0	2733195	4	10088973	100	2	14200                              	6948	0	10088973	0
0.5	7100	51	0	2698244	4	10088973	100	2	14200                              	6663	0	10088973	0
0.5	7100	105	0	2882497	4	10088973	100	2	14200                              	8397	0	10088973	0
0.5	7100	115	0	2919387	4	10088973	100	2	14200                              	77716	0	10088973	0
0.5	7100	66	0	2749991	4	10088973	100	2	14200                              	73180	0	10088973	0
0.5	7100	107	0	2890838	4	10088973	100	2	14200                              	76468	0	10088973	0
0.5	7100	80	0	2795407	4	10088973	100	2	14200                              	77289	0	10088973	0
0.5	7100	73	0	2770978	4	10088973	100	2	14200                              	10373	0	10088973	0
0.5	7100	68	0	2757935	4	10088973	100	2	14200                              	7083	0	10088973	0
0.5	7100	111	0	2904932	4	10088973	100	2	14200                              	16462	0	10088973	0
0.5	7100	61	0	2730963	4	10088973	100	2	14200                              	8434	0	10088973	0
0.5	7100	153	0	3058264	4	10088973	100	2	14200                              	10121	0	10088973	0
0.5	7100	119	0	2936033	4	10088973	100	2	14200                              	76233	0	10088973	0
0.5	7100	114	0	2917030	4	10088973	100	2	14200                              	14176	0	10088973	0
0.5	7100	48	0	2686020	4	10088973	100	2	14200                              	5512	0	10088973	0
0.5	7100	140	0	3010750	4	10088973	100	2	14200                              	76411	0	10088973	0
0.5	7100	56	0	2709814	4	10088973	100	2	14200                              	76187	0	10088973	0
0.5	7100	54	0	2701189	4	10088973	100	2	14200                              	6324	0	10088973	0
0.5	7100	105	0	2887979	4	10088973	100	2	14200                              	80789	0	10088973	0
0.5	7100	62	0	2732104	4	10088973	100	2	14200                              	10970	0	10088973	0
0.5	7100	142	0	3018280	4	10088973	100	2	14200                              	76958	0	10088973	0
0.5	7100	52	0	2695323	4	10088973	100	2	14200                              	9371	0	10088973	0
0.5	7100	99	0	2865933	4	10088973	100	2	14200                              	75386	0	10088973	0
0.5	7100	131	0	2977778	4	10088973	100	2	14200                              	75585	0	10088973	0
0.5	7100	62	0	2733862	4	10088973	100	2	14200                              	74180	0	10088973	0
0.5	7100	93	0	2839611	4	10088973	100	2	14200                              	78203	0	10088973	0
0.5	7100	53	0	2699248	4	10088973	100	2	14200                              	9842	0	10088973	0
0.5	7100	122	0	2946303	4	10088973	100	2	14200                              	10016	0	10088973	0
0.5	7100	84	0	2812526	4	10088973	100	2	14200                              	75294	0	10088973	0
0.5	7100	56	0	2712639	4	10088973	100	2	14200                              	5778	0	10088973	0
0.5	7100	113	0	2918526	4	10088973	100	2	14200                              	8495	0	10088973	0
0.5	7100	53	0	2698936	4	10088973	100	2	14200                              	8516	0	10088973	0
0.5	7100	88	0	2824239	4	10088973	100	2	14200                              	74690	0	10088973	0
0.5	7100	148	0	3038865	4	10088973	100	2	14200                              	14985	0	10088973	0
0.5	7100	67	0	2753069	4	10088973	100	2	14200                              	10103	0	10088973	0
0.5	7100	70	0	2761807	4	10088973	100	2	14200                              	73527	0	10088973	0
0.5	7100	114	0	2920050	4	10088973	100	2	14200                              	12030	0	10088973	0
0.5	7100	100	0	2869181	4	10088973	100	2	14200                              	17862	0	10088973	0
0.5	7100	132	0	2980171	4	10088973	100	2	14200                              	8887	0	10088973	0
0.5	7100	71	0	2765009	4	10088973	100	2	14200                              	9102	0	10088973	0
0.5	7100	112	0	2914681	4	10088973	100	2	14200                              	14961	0	10088973	0
0.5	7100	143	0	3022972	4	10088973	100	2	14200                              	78274	0	10088973	0
0.5	7100	53	0	2700426	4	10088973	100	2	14200                              	6147	0	10088973	0
0.5	7100	101	0	2869481	4	10088973	100	2	14200                              	76810	0	10088973	0
0.5	7100	132	0	2983032	4	10088973	100	2	14200                              	84857	0	10088973	0
0.5	7100	86	0	2817618	4	10088973	100	2	14200                              	14348	0	10088973	0
0.5	7100	76	0	2787097	4	10088973	100	2	14200                              	74856	0	10088973	0
0.5	7100	114	0	2917413	4	10088973	100	2	14200                              	76425	0	10088973	0
0.5	7100	75	0	2780315	4	10088973	100	2	14200                              	72506	0	10088973	0
0.5	7100	75	0	2780520	4	10088973	100	2	14200                              	78401	0	10088973	0
0.5	7100	69	0	2757832	4	10088973	100	2	14200                              	73074	0	10088973	0
0.5	7100	117	0	2929045	4	10088973	100	2	14200                              	12251	0	10088973	0
0.5	7100	101	0	2872023	4	10088973	100	2	14200                              	9756	0	10088973	0
0.5	7100	117	0	2929416	4	10088973	100	2	14200                              	12904	0	10088973	0
0.5	7100	71	0	2763516	4	10088973	100	2	14200                              	72248	0	10088973	0
0.5	7100	106	0	2888290	4	10088973	100	2	14200                              	75451	0	10088973	0
0.5	7100	117	0	2929793	4	10088973	100	2	14200                              	9014	0	10088973	0
0.5	7100	111	0	2906241	4	10088973	100	2	14200                              	14581	0	10088973	0
0.5	7100	115	0	2923746	4	10088973	100	2	14200                              	76652	0	10088973	0
0.5	7100	56	0	2708690	4	10088973	100	2	14200                              	10171	0	10088973	0
0.5	7100	73	0	2771478	4	10088973	100	2	14200                              	74069	0	10088973	0
0.5	8100	51	0	2720234	4	10088973	100	2	16200                              	4875	0	10088973	0
0.5	8100	58	0	2747709	4	10088973	100	2	16200                              	73018	0	10088973	0
0.5	8100	148	0	3113164	4	10088973	100	2	16200                              	77327	0	10088973	0
0.5	8100	61	0	2760190	4	10088973	100	2	16200                              	73611	0	10088973	0
0.5	8100	37	0	2665024	4	10088973	100	2	16200                              	5066	0	10088973	0
0.5	8100	85	0	2852691	4	10088973	100	2	16200                              	12061	0	10088973	0
0.5	8100	106	0	2937709	4	10088973	100	2	16200                              	10804	0	10088973	0
0.5	8100	86	0	2860444	4	10088973	100	2	16200                              	76907	0	10088973	0
0.5	8100	129	0	3037977	4	10088973	100	2	16200                              	14159	0	10088973	0
0.5	8100	90	0	2878296	4	10088973	100	2	16200                              	12099	0	10088973	0
0.5	8100	51	0	2717146	4	10088973	100	2	16200                              	7885	0	10088973	0
0.5	8100	117	0	2986958	4	10088973	100	2	16200                              	76299	0	10088973	0
0.5	8100	55	0	2735952	4	10088973	100	2	16200                              	73518	0	10088973	0
0.5	8100	98	0	2909731	4	10088973	100	2	16200                              	79568	0	10088973	0
0.5	8100	111	0	2962168	4	10088973	100	2	16200                              	8388	0	10088973	0
0.5	8100	61	0	2759379	4	10088973	100	2	16200                              	74661	0	10088973	0
0.5	8100	60	0	2755811	4	10088973	100	2	16200                              	77004	0	10088973	0
0.5	8100	117	0	2984980	4	10088973	100	2	16200                              	83198	0	10088973	0
0.5	8100	123	0	3013335	4	10088973	100	2	16200                              	82094	0	10088973	0
0.5	8100	103	0	2927979	4	10088973	100	2	16200                              	8138	0	10088973	0
0.5	8100	90	0	2875361	4	10088973	100	2	16200                              	79384	0	10088973	0
0.5	8100	71	0	2800599	4	10088973	100	2	16200                              	7767	0	10088973	0
0.5	8100	60	0	2759086	4	10088973	100	2	16200                              	77659	0	10088973	0
0.5	8100	64	0	2772885	4	10088973	100	2	16200                              	74147	0	10088973	0
0.5	8100	108	0	2950442	4	10088973	100	2	16200                              	82492	0	10088973	0
0.5	8100	51	0	2716925	4	10088973	100	2	16200                              	9381	0	10088973	0
0.5	8100	59	0	2754517	4	10088973	100	2	16200                              	9844	0	10088973	0
0.5	8100	119	0	2995802	4	10088973	100	2	16200                              	10435	0	10088973	0
0.5	8100	50	0	2717014	4	10088973	100	2	16200                              	72871	0	10088973	0
0.5	8100	71	0	2799731	4	10088973	100	2	16200                              	75606	0	10088973	0
0.5	8100	113	0	2969712	4	10088973	100	2	16200                              	81583	0	10088973	0
0.5	8100	48	0	2705335	4	10088973	100	2	16200                              	5040	0	10088973	0
0.5	8100	125	0	3015995	4	10088973	100	2	16200                              	9118	0	10088973	0
0.5	8100	40	0	2675730	4	10088973	100	2	16200                              	5865	0	10088973	0
0.5	8100	63	0	2765269	4	10088973	100	2	16200                              	75018	0	10088973	0
0.5	8100	80	0	2836293	4	10088973	100	2	16200                              	9067	0	10088973	0
0.5	8100	144	0	3098115	4	10088973	100	2	16200                              	9648	0	10088973	0
0.5	8100	91	0	2878026	4	10088973	100	2	16200                              	9151	0	10088973	0
0.5	8100	57	0	2744746	4	10088973	100	2	16200                              	73716	0	10088973	0
0.5	8100	59	0	2749727	4	10088973	100	2	16200                              	5531	0	10088973	0
0.5	8100	74	0	2811309	4	10088973	100	2	16200                              	74119	0	10088973	0
0.5	8100	46	0	2698076	4	10088973	100	2	16200                              	5859	0	10088973	0
0.5	8100	119	0	2997516	4	10088973	100	2	16200                              	76145	0	10088973	0
0.5	8100	137	0	3067749	4	10088973	100	2	16200                              	81620	0	10088973	0
0.5	8100	80	0	2837948	4	10088973	100	2	16200                              	74601	0	10088973	0
0.5	8100	131	0	3042675	4	10088973	100	2	16200                              	13770	0	10088973	0
0.5	8100	59	0	2749100	4	10088973	100	2	16200                              	5276	0	10088973	0
0.5	8100	82	0	2841192	4	10088973	100	2	16200                              	8364	0	10088973	0
0.5	8100	113	0	2967498	4	10088973	100	2	16200                              	13030	0	10088973	0
0.5	8100	64	0	2772427	4	10088973	100	2	16200                              	73517	0	10088973	0
0.5	8100	60	0	2755836	4	10088973	100	2	16200                              	6760	0	10088973	0
0.5	8100	50	0	2715912	4	10088973	100	2	16200                              	73788	0	10088973	0
0.5	8100	57	0	2740995	4	10088973	100	2	16200                              	10080	0	10088973	0
0.5	8100	54	0	2729810	4	10088973	100	2	16200                              	74848	0	10088973	0
0.5	8100	51	0	2717842	4	10088973	100	2	16200                              	76828	0	10088973	0
0.5	8100	44	0	2692408	4	10088973	100	2	16200                              	6340	0	10088973	0
0.5	8100	87	0	2863848	4	10088973	100	2	16200                              	12058	0	10088973	0
0.5	8100	86	0	2862719	4	10088973	100	2	16200                              	13913	0	10088973	0
0.5	8100	105	0	2936005	4	10088973	100	2	16200                              	78470	0	10088973	0
0.5	8100	53	0	2723707	4	10088973	100	2	16200                              	7095	0	10088973	0
0.5	8100	71	0	2797789	4	10088973	100	2	16200                              	7306	0	10088973	0
0.5	8100	62	0	2764401	4	10088973	100	2	16200                              	77541	0	10088973	0
0.5	8100	136	0	3062323	4	10088973	100	2	16200                              	85222	0	10088973	0
0.5	8100	46	0	2696881	4	10088973	100	2	16200                              	8920	0	10088973	0
0.5	8100	57	0	2742943	4	10088973	100	2	16200                              	6635	0	10088973	0
0.5	8100	63	0	2769036	4	10088973	100	2	16200                              	76262	0	10088973	0
0.5	8100	55	0	2737130	4	10088973	100	2	16200                              	6369	0	10088973	0
0.5	8100	72	0	2802130	4	10088973	100	2	16200                              	6314	0	10088973	0
0.5	8100	122	0	3008931	4	10088973	100	2	16200                              	77933	0	10088973	0
0.5	8100	118	0	2990328	4	10088973	100	2	16200                              	8864	0	10088973	0
0.5	8100	66	0	2782503	4	10088973	100	2	16200                              	76071	0	10088973	0
0.5	8100	68	0	2785344	4	10088973	100	2	16200                              	74285	0	10088973	0
0.5	8100	81	0	2838046	4	10088973	100	2	16200                              	73955	0	10088973	0
0.5	8100	96	0	2899681	4	10088973	100	2	16200                              	8538	0	10088973	0
0.5	8100	73	0	2809464	4	10088973	100	2	16200                              	7537	0	10088973	0
0.5	8100	74	0	2811924	4	10088973	100	2	16200                              	73560	0	10088973	0
0.5	8100	73	0	2807860	4	10088973	100	2	16200                              	9800	0	10088973	0
0.5	8100	67	0	2779853	4	10088973	100	2	16200                              	74309	0	10088973	0
0.5	8100	47	0	2703842	4	10088973	100	2	16200                              	4965	0	10088973	0
0.5	8100	82	0	2841682	4	10088973	100	2	16200                              	9003	0	10088973	0
0.5	8100	61	0	2761526	4	10088973	100	2	16200                              	6817	0	10088973	0
0.5	8100	100	0	2919408	4	10088973	100	2	16200                              	75989	0	10088973	0
0.5	8100	139	0	3075287	4	10088973	100	2	16200                              	82705	0	10088973	0
0.5	8100	73	0	2811000	4	10088973	100	2	16200                              	73954	0	10088973	0
0.5	8100	126	0	3021794	4	10088973	100	2	16200                              	10481	0	10088973	0
0.5	8100	52	0	2724656	4	10088973	100	2	16200                              	77602	0	10088973	0
0.5	8100	49	0	2711351	4	10088973	100	2	16200                              	10024	0	10088973	0
0.5	8100	85	0	2857783	4	10088973	100	2	16200                              	12915	0	10088973	0
0.5	8100	53	0	2724546	4	10088973	100	2	16200                              	9832	0	10088973	0
0.5	8100	138	0	3069924	4	10088973	100	2	16200                              	80909	0	10088973	0
0.5	8100	96	0	2900877	4	10088973	100	2	16200                              	10183	0	10088973	0
0.5	8100	111	0	2961910	4	10088973	100	2	16200                              	74489	0	10088973	0
0.5	8100	62	0	2763693	4	10088973	100	2	16200                              	8723	0	10088973	0
0.5	8100	128	0	3030172	4	10088973	100	2	16200                              	77682	0	10088973	0
0.5	8100	60	0	2755726	4	10088973	100	2	16200                              	6996	0	10088973	0
0.5	8100	60	0	2756728	4	10088973	100	2	16200                              	7147	0	10088973	0
0.5	8100	109	0	2951799	4	10088973	100	2	16200                              	9191	0	10088973	0
0.5	8100	125	0	3017331	4	10088973	100	2	16200                              	9903	0	10088973	0
0.5	8100	126	0	3025271	4	10088973	100	2	16200                              	82026	0	10088973	0
0.5	8100	55	0	2732795	4	10088973	100	2	16200                              	6936	0	10088973	0
0.5	9100	45	0	2717231	4	10088973	100	2	18200                              	9743	0	10088973	0
0.5	9100	72	0	2836993	4	10088973	100	2	18200                              	77285	0	10088973	0
0.5	9100	60	0	2782054	4	10088973	100	2	18200                              	74426	0	10088973	0
0.5	9100	41	0	2694039	4	10088973	100	2	18200                              	8005	0	10088973	0
0.5	9100	90	0	2919768	4	10088973	100	2	18200                              	75364	0	10088973	0
0.5	9100	58	0	2774964	4	10088973	100	2	18200                              	76297	0	10088973	0
0.5	9100	91	0	2924877	4	10088973	100	2	18200                              	13336	0	10088973	0
0.5	9100	57	0	2768162	4	10088973	100	2	18200                              	10405	0	10088973	0
0.5	9100	94	0	2938957	4	10088973	100	2	18200                              	78435	0	10088973	0
0.5	9100	56	0	2763393	4	10088973	100	2	18200                              	73230	0	10088973	0
0.5	9100	70	0	2830415	4	10088973	100	2	18200                              	6938	0	10088973	0
0.5	9100	66	0	2814586	4	10088973	100	2	18200                              	5749	0	10088973	0
0.5	9100	101	0	2974585	4	10088973	100	2	18200                              	80926	0	10088973	0
0.5	9100	51	0	2740154	4	10088973	100	2	18200                              	5524	0	10088973	0
0.5	9100	52	0	2742936	4	10088973	100	2	18200                              	6298	0	10088973	0
0.5	9100	109	0	3007351	4	10088973	100	2	18200                              	9862	0	10088973	0
0.5	9100	101	0	2972578	4	10088973	100	2	18200                              	12976	0	10088973	0
0.5	9100	116	0	3036045	4	10088973	100	2	18200                              	8491	0	10088973	0
0.5	9100	92	0	2927264	4	10088973	100	2	18200                              	11224	0	10088973	0
0.5	9100	64	0	2806976	4	10088973	100	2	18200                              	73129	0	10088973	0
0.5	9100	67	0	2819103	4	10088973	100	2	18200                              	74003	0	10088973	0
0.5	9100	111	0	3014974	4	10088973	100	2	18200                              	82164	0	10088973	0
0.5	9100	51	0	2744924	4	10088973	100	2	18200                              	75721	0	10088973	0
0.5	9100	62	0	2792900	4	10088973	100	2	18200                              	75639	0	10088973	0
0.5	9100	63	0	2799172	4	10088973	100	2	18200                              	73205	0	10088973	0
0.5	9100	59	0	2781384	4	10088973	100	2	18200                              	10109	0	10088973	0
0.5	9100	109	0	3007399	4	10088973	100	2	18200                              	8334	0	10088973	0
0.5	9100	107	0	2996510	4	10088973	100	2	18200                              	83229	0	10088973	0
0.5	9100	101	0	2971320	4	10088973	100	2	18200                              	83940	0	10088973	0
0.5	9100	141	0	3151711	4	10088973	100	2	18200                              	83271	0	10088973	0
0.5	9100	111	0	3015300	4	10088973	100	2	18200                              	74477	0	10088973	0
0.5	9100	70	0	2833312	4	10088973	100	2	18200                              	77616	0	10088973	0
0.5	9100	78	0	2864959	4	10088973	100	2	18200                              	9631	0	10088973	0
0.5	9100	55	0	2758255	4	10088973	100	2	18200                              	75541	0	10088973	0
0.5	9100	115	0	3034166	4	10088973	100	2	18200                              	16176	0	10088973	0
0.5	9100	65	0	2807489	4	10088973	100	2	18200                              	73545	0	10088973	0
0.5	9100	105	0	2988287	4	10088973	100	2	18200                              	83787	0	10088973	0
0.5	9100	62	0	2793812	4	10088973	100	2	18200                              	5948	0	10088973	0
0.5	9100	50	0	2735976	4	10088973	100	2	18200                              	5231	0	10088973	0
0.5	9100	49	0	2732721	4	10088973	100	2	18200                              	8895	0	10088973	0
0.5	9100	105	0	2986220	4	10088973	100	2	18200                              	8505	0	10088973	0
0.5	9100	91	0	2924799	4	10088973	100	2	18200                              	78748	0	10088973	0
0.5	9100	110	0	3008551	4	10088973	100	2	18200                              	10151	0	10088973	0
0.5	9100	106	0	2991390	4	10088973	100	2	18200                              	78478	0	10088973	0
0.5	9100	58	0	2777579	4	10088973	100	2	18200                              	9857	0	10088973	0
0.5	9100	83	0	2886057	4	10088973	100	2	18200                              	76074	0	10088973	0
0.5	9100	88	0	2913856	4	10088973	100	2	18200                              	8497	0	10088973	0
0.5	9100	47	0	2724812	4	10088973	100	2	18200                              	8449	0	10088973	0
0.5	9100	44	0	2711832	4	10088973	100	2	18200                              	6087	0	10088973	0
0.5	9100	131	0	3104738	4	10088973	100	2	18200                              	79348	0	10088973	0
0.5	9100	62	0	2792692	4	10088973	100	2	18200                              	9476	0	10088973	0
0.5	9100	115	0	3031930	4	10088973	100	2	18200                              	11745	0	10088973	0
0.5	9100	46	0	2721119	4	10088973	100	2	18200                              	75035	0	10088973	0
0.5	9100	87	0	2907538	4	10088973	100	2	18200                              	76283	0	10088973	0
0.5	9100	58	0	2776515	4	10088973	100	2	18200                              	73676	0	10088973	0
0.5	9100	73	0	2844678	4	10088973	100	2	18200                              	7243	0	10088973	0
0.5	9100	50	0	2739502	4	10088973	100	2	18200                              	5411	0	10088973	0
0.5	9100	51	0	2740654	4	10088973	100	2	18200                              	6839	0	10088973	0
0.5	9100	106	0	2993202	4	10088973	100	2	18200                              	14312	0	10088973	0
0.5	9100	131	0	3107560	4	10088973	100	2	18200                              	81413	0	10088973	0
0.5	9100	46	0	2723451	4	10088973	100	2	18200                              	9083	0	10088973	0
0.5	9100	69	0	2825849	4	10088973	100	2	18200                              	8929	0	10088973	0
0.5	9100	99	0	2960956	4	10088973	100	2	18200                              	75221	0	10088973	0
0.5	9100	45	0	2716559	4	10088973	100	2	18200                              	9233	0	10088973	0
0.5	9100	107	0	2999821	4	10088973	100	2	18200                              	76511	0	10088973	0
0.5	9100	94	0	2941906	4	10088973	100	2	18200                              	75623	0	10088973	0
0.5	9100	75	0	2852237	4	10088973	100	2	18200                              	10089	0	10088973	0
0.5	9100	63	0	2797182	4	10088973	100	2	18200                              	73697	0	10088973	0
0.5	9100	53	0	2755204	4	10088973	100	2	18200                              	9599	0	10088973	0
0.5	9100	92	0	2929430	4	10088973	100	2	18200                              	76608	0	10088973	0
0.5	9100	58	0	2772032	4	10088973	100	2	18200                              	7799	0	10088973	0
0.5	9100	89	0	2916059	4	10088973	100	2	18200                              	9115	0	10088973	0
0.5	9100	113	0	3023346	4	10088973	100	2	18200                              	13818	0	10088973	0
0.5	9100	115	0	3037080	4	10088973	100	2	18200                              	76383	0	10088973	0
0.5	9100	57	0	2766056	4	10088973	100	2	18200                              	9308	0	10088973	0
0.5	9100	84	0	2894775	4	10088973	100	2	18200                              	75190	0	10088973	0
0.5	9100	66	0	2813647	4	10088973	100	2	18200                              	7094	0	10088973	0
0.5	9100	78	0	2866175	4	10088973	100	2	18200                              	7363	0	10088973	0
0.5	9100	63	0	2795726	4	10088973	100	2	18200                              	74756	0	10088973	0
0.5	9100	85	0	2895776	4	10088973	100	2	18200                              	78314	0	10088973	0
0.5	9100	73	0	2842171	4	10088973	100	2	18200                              	77020	0	10088973	0
0.5	9100	109	0	3007162	4	10088973	100	2	18200                              	74618	0	10088973	0
0.5	9100	122	0	3065442	4	10088973	100	2	18200                              	8635	0	10088973	0
0.5	9100	111	0	3015332	4	10088973	100	2	18200                              	78379	0	10088973	0
0.5	9100	93	0	2932707	4	10088973	100	2	18200                              	9063	0	10088973	0
0.5	9100	59	0	2780908	4	10088973	100	2	18200                              	6320	0	10088973	0
0.5	9100	117	0	3042087	4	10088973	100	2	18200                              	80816	0	10088973	0
0.5	9100	138	0	3141257	4	10088973	100	2	18200                              	75535	0	10088973	0
0.5	9100	120	0	3052288	4	10088973	100	2	18200                              	82169	0	10088973	0
0.5	9100	77	0	2862928	4	10088973	100	2	18200                              	11140	0	10088973	0
0.5	9100	74	0	2848745	4	10088973	100	2	18200                              	76724	0	10088973	0
0.5	9100	78	0	2863230	4	10088973	100	2	18200                              	9659	0	10088973	0
0.5	9100	126	0	3081294	4	10088973	100	2	18200                              	9761	0	10088973	0
0.5	9100	63	0	2793763	4	10088973	100	2	18200                              	77042	0	10088973	0
0.5	9100	100	0	2961691	4	10088973	100	2	18200                              	10885	0	10088973	0
0.5	9100	86	0	2903093	4	10088973	100	2	18200                              	9743	0	10088973	0
0.5	9100	94	0	2938662	4	10088973	100	2	18200                              	14860	0	10088973	0
0.5	9100	57	0	2771067	4	10088973	100	2	18200                              	7994	0	10088973	0
0.5	9100	108	0	3000986	4	10088973	100	2	18200                              	9442	0	10088973	0
0.5	9100	60	0	2786593	4	10088973	100	2	18200                              	8933	0	10088973	0
