#using seed 0.045159
# Work:10581248, depth:844030, work/p+depth:1009362.0
#PROCESSORS: 64, RUNS: 100
#prb	R-l	ISR	ESR	runTime	processors    	work	taskThreshold	lGranularity	rGranularity	IDATAT	EDATAT	W0	W1
0.5	100	218970	0	849507	64	10581248	100	2	200                              	74535	0	10581248	0
0.5	100	218823	0	849054	64	10581248	100	2	200                              	74535	0	10581248	0
0.5	100	218862	0	849173	64	10581248	100	2	200                              	74535	0	10581248	0
0.5	100	218455	0	847898	64	10581248	100	2	200                              	74535	0	10581248	0
0.5	100	219827	0	852195	64	10581248	100	2	200                              	74535	0	10581248	0
0.5	100	219004	0	849622	64	10581248	100	2	200                              	74535	0	10581248	0
0.5	100	218664	0	848550	64	10581248	100	2	200                              	74535	0	10581248	0
0.5	100	219334	0	850658	64	10581248	100	2	200                              	74535	0	10581248	0
0.5	100	219084	0	849878	64	10581248	100	2	200                              	74535	0	10581248	0
0.5	100	219184	0	850181	64	10581248	100	2	200                              	74535	0	10581248	0
0.5	100	219496	0	851152	64	10581248	100	2	200                              	74535	0	10581248	0
0.5	100	218875	0	849205	64	10581248	100	2	200                              	74535	0	10581248	0
0.5	100	218928	0	849382	64	10581248	100	2	200                              	74535	0	10581248	0
0.5	100	219080	0	849861	64	10581248	100	2	200                              	74535	0	10581248	0
0.5	100	218947	0	849440	64	10581248	100	2	200                              	74535	0	10581248	0
0.5	100	219077	0	849856	64	10581248	100	2	200                              	74535	0	10581248	0
0.5	100	218950	0	849458	64	10581248	100	2	200                              	74535	0	10581248	0
0.5	100	218782	0	848931	64	10581248	100	2	200                              	74535	0	10581248	0
0.5	100	219597	0	851472	64	10581248	100	2	200                              	74535	0	10581248	0
0.5	100	218668	0	848565	64	10581248	100	2	200                              	74535	0	10581248	0
0.5	100	218578	0	848288	64	10581248	100	2	200                              	74535	0	10581248	0
0.5	100	219144	0	850054	64	10581248	100	2	200                              	74535	0	10581248	0
0.5	100	218655	0	848524	64	10581248	100	2	200                              	74535	0	10581248	0
0.5	100	218931	0	849394	64	10581248	100	2	200                              	74535	0	10581248	0
0.5	100	219050	0	849767	64	10581248	100	2	200                              	74535	0	10581248	0
0.5	100	218742	0	848809	64	10581248	100	2	200                              	74535	0	10581248	0
0.5	100	218910	0	849330	64	10581248	100	2	200                              	74535	0	10581248	0
0.5	100	219341	0	850664	64	10581248	100	2	200                              	74535	0	10581248	0
0.5	100	218712	0	848698	64	10581248	100	2	200                              	74535	0	10581248	0
0.5	100	218866	0	849195	64	10581248	100	2	200                              	74535	0	10581248	0
0.5	100	218770	0	848884	64	10581248	100	2	200                              	74535	0	10581248	0
0.5	100	218565	0	848243	64	10581248	100	2	200                              	74535	0	10581248	0
0.5	100	219180	0	850167	64	10581248	100	2	200                              	74535	0	10581248	0
0.5	100	218612	0	848387	64	10581248	100	2	200                              	74535	0	10581248	0
0.5	100	218584	0	848298	64	10581248	100	2	200                              	74535	0	10581248	0
0.5	100	218859	0	849161	64	10581248	100	2	200                              	74535	0	10581248	0
0.5	100	219589	0	851464	64	10581248	100	2	200                              	74535	0	10581248	0
0.5	100	219135	0	850025	64	10581248	100	2	200                              	74535	0	10581248	0
0.5	100	219096	0	849901	64	10581248	100	2	200                              	74535	0	10581248	0
0.5	100	218856	0	849148	64	10581248	100	2	200                              	74535	0	10581248	0
0.5	100	219233	0	850347	64	10581248	100	2	200                              	74535	0	10581248	0
0.5	100	218933	0	849395	64	10581248	100	2	200                              	74535	0	10581248	0
0.5	100	218400	0	847730	64	10581248	100	2	200                              	74535	0	10581248	0
0.5	100	219304	0	850560	64	10581248	100	2	200                              	74535	0	10581248	0
0.5	100	219024	0	849696	64	10581248	100	2	200                              	74535	0	10581248	0
0.5	100	218757	0	848852	64	10581248	100	2	200                              	74535	0	10581248	0
0.5	100	219217	0	850295	64	10581248	100	2	200                              	74535	0	10581248	0
0.5	100	218978	0	849543	64	10581248	100	2	200                              	74535	0	10581248	0
0.5	100	218677	0	848584	64	10581248	100	2	200                              	74535	0	10581248	0
0.5	100	218937	0	849406	64	10581248	100	2	200                              	74535	0	10581248	0
0.5	100	218919	0	849344	64	10581248	100	2	200                              	74535	0	10581248	0
0.5	100	219451	0	851015	64	10581248	100	2	200                              	74535	0	10581248	0
0.5	100	219146	0	850053	64	10581248	100	2	200                              	74535	0	10581248	0
0.5	100	219057	0	849794	64	10581248	100	2	200                              	74535	0	10581248	0
0.5	100	219045	0	849753	64	10581248	100	2	200                              	74535	0	10581248	0
0.5	100	219103	0	849913	64	10581248	100	2	200                              	74535	0	10581248	0
0.5	100	218612	0	848399	64	10581248	100	2	200                              	74535	0	10581248	0
0.5	100	219050	0	849758	64	10581248	100	2	200                              	74535	0	10581248	0
0.5	100	219144	0	850061	64	10581248	100	2	200                              	74535	0	10581248	0
0.5	100	219341	0	850666	64	10581248	100	2	200                              	74535	0	10581248	0
0.5	100	219063	0	849814	64	10581248	100	2	200                              	74535	0	10581248	0
0.5	100	218718	0	848723	64	10581248	100	2	200                              	74535	0	10581248	0
0.5	100	218847	0	849126	64	10581248	100	2	200                              	74535	0	10581248	0
0.5	100	219036	0	849717	64	10581248	100	2	200                              	74535	0	10581248	0
0.5	100	218542	0	848177	64	10581248	100	2	200                              	74535	0	10581248	0
0.5	100	219333	0	850636	64	10581248	100	2	200                              	74535	0	10581248	0
0.5	100	218838	0	849096	64	10581248	100	2	200                              	74535	0	10581248	0
0.5	100	218900	0	849298	64	10581248	100	2	200                              	74535	0	10581248	0
0.5	100	218678	0	848597	64	10581248	100	2	200                              	74535	0	10581248	0
0.5	100	219650	0	851632	64	10581248	100	2	200                              	74535	0	10581248	0
0.5	100	219281	0	850472	64	10581248	100	2	200                              	74535	0	10581248	0
0.5	100	219743	0	851930	64	10581248	100	2	200                              	74535	0	10581248	0
0.5	100	219111	0	849951	64	10581248	100	2	200                              	74535	0	10581248	0
0.5	100	219225	0	850308	64	10581248	100	2	200                              	74535	0	10581248	0
0.5	100	219555	0	851340	64	10581248	100	2	200                              	74535	0	10581248	0
0.5	100	218907	0	849317	64	10581248	100	2	200                              	74535	0	10581248	0
0.5	100	218899	0	849286	64	10581248	100	2	200                              	74535	0	10581248	0
0.5	100	218966	0	849507	64	10581248	100	2	200                              	74535	0	10581248	0
0.5	100	219206	0	850244	64	10581248	100	2	200                              	74535	0	10581248	0
0.5	100	218786	0	848944	64	10581248	100	2	200                              	74535	0	10581248	0
0.5	100	219307	0	850553	64	10581248	100	2	200                              	74535	0	10581248	0
0.5	100	219116	0	849959	64	10581248	100	2	200                              	74535	0	10581248	0
0.5	100	219183	0	850179	64	10581248	100	2	200                              	74535	0	10581248	0
0.5	100	219449	0	851009	64	10581248	100	2	200                              	74535	0	10581248	0
0.5	100	219278	0	850467	64	10581248	100	2	200                              	74535	0	10581248	0
0.5	100	219165	0	850118	64	10581248	100	2	200                              	74535	0	10581248	0
0.5	100	219144	0	850062	64	10581248	100	2	200                              	74535	0	10581248	0
0.5	100	219342	0	850679	64	10581248	100	2	200                              	74535	0	10581248	0
0.5	100	218887	0	849248	64	10581248	100	2	200                              	74535	0	10581248	0
0.5	100	219223	0	850299	64	10581248	100	2	200                              	74535	0	10581248	0
0.5	100	218966	0	849481	64	10581248	100	2	200                              	74535	0	10581248	0
0.5	100	218473	0	847964	64	10581248	100	2	200                              	74535	0	10581248	0
0.5	100	218890	0	849270	64	10581248	100	2	200                              	74535	0	10581248	0
0.5	100	218742	0	848795	64	10581248	100	2	200                              	74535	0	10581248	0
0.5	100	219121	0	849988	64	10581248	100	2	200                              	74535	0	10581248	0
0.5	100	218658	0	848534	64	10581248	100	2	200                              	74535	0	10581248	0
0.5	100	218632	0	848459	64	10581248	100	2	200                              	74535	0	10581248	0
0.5	100	218946	0	849439	64	10581248	100	2	200                              	74535	0	10581248	0
0.5	100	219251	0	850384	64	10581248	100	2	200                              	74535	0	10581248	0
0.5	100	218320	0	847479	64	10581248	100	2	200                              	74535	0	10581248	0
0.5	1100	21831	0	914634	64	10581248	100	2	2200                              	74167	0	10581248	0
0.5	1100	22716	0	944980	64	10581248	100	2	2200                              	74307	0	10581248	0
0.5	1100	22481	0	937127	64	10581248	100	2	2200                              	74383	0	10581248	0
0.5	1100	22914	0	951881	64	10581248	100	2	2200                              	73736	0	10581248	0
0.5	1100	21923	0	917775	64	10581248	100	2	2200                              	74535	0	10581248	0
0.5	1100	22491	0	937467	64	10581248	100	2	2200                              	74308	0	10581248	0
0.5	1100	22262	0	929508	64	10581248	100	2	2200                              	74264	0	10581248	0
0.5	1100	22095	0	923735	64	10581248	100	2	2200                              	74535	0	10581248	0
0.5	1100	21956	0	918909	64	10581248	100	2	2200                              	72491	0	10581248	0
0.5	1100	22105	0	924120	64	10581248	100	2	2200                              	74092	0	10581248	0
0.5	1100	23785	0	981755	64	10581248	100	2	2200                              	73906	0	10581248	0
0.5	1100	22529	0	938644	64	10581248	100	2	2200                              	74383	0	10581248	0
0.5	1100	22226	0	928318	64	10581248	100	2	2200                              	74535	0	10581248	0
0.5	1100	22269	0	929662	64	10581248	100	2	2200                              	74535	0	10581248	0
0.5	1100	22592	0	940855	64	10581248	100	2	2200                              	74324	0	10581248	0
0.5	1100	21921	0	917822	64	10581248	100	2	2200                              	74535	0	10581248	0
0.5	1100	22094	0	923805	64	10581248	100	2	2200                              	74383	0	10581248	0
0.5	1100	21770	0	912634	64	10581248	100	2	2200                              	74535	0	10581248	0
0.5	1100	21921	0	917823	64	10581248	100	2	2200                              	74308	0	10581248	0
0.5	1100	21839	0	914869	64	10581248	100	2	2200                              	74535	0	10581248	0
0.5	1100	21777	0	912912	64	10581248	100	2	2200                              	74312	0	10581248	0
0.5	1100	21859	0	915671	64	10581248	100	2	2200                              	74307	0	10581248	0
0.5	1100	22305	0	930989	64	10581248	100	2	2200                              	74172	0	10581248	0
0.5	1100	23254	0	963482	64	10581248	100	2	2200                              	74096	0	10581248	0
0.5	1100	23059	0	956853	64	10581248	100	2	2200                              	74324	0	10581248	0
0.5	1100	22402	0	934473	64	10581248	100	2	2200                              	74319	0	10581248	0
0.5	1100	22578	0	940277	64	10581248	100	2	2200                              	73677	0	10581248	0
0.5	1100	21938	0	918345	64	10581248	100	2	2200                              	74334	0	10581248	0
0.5	1100	22079	0	923209	64	10581248	100	2	2200                              	74050	0	10581248	0
0.5	1100	22208	0	927552	64	10581248	100	2	2200                              	74535	0	10581248	0
0.5	1100	22054	0	922298	64	10581248	100	2	2200                              	74535	0	10581248	0
0.5	1100	22284	0	930157	64	10581248	100	2	2200                              	74535	0	10581248	0
0.5	1100	22616	0	941688	64	10581248	100	2	2200                              	74316	0	10581248	0
0.5	1100	22188	0	926911	64	10581248	100	2	2200                              	74116	0	10581248	0
0.5	1100	22487	0	937160	64	10581248	100	2	2200                              	74324	0	10581248	0
0.5	1100	22420	0	934898	64	10581248	100	2	2200                              	74224	0	10581248	0
0.5	1100	22278	0	929971	64	10581248	100	2	2200                              	74307	0	10581248	0
0.5	1100	22115	0	924428	64	10581248	100	2	2200                              	74535	0	10581248	0
0.5	1100	22249	0	929099	64	10581248	100	2	2200                              	74303	0	10581248	0
0.5	1100	21959	0	919041	64	10581248	100	2	2200                              	74319	0	10581248	0
0.5	1100	23413	0	969043	64	10581248	100	2	2200                              	74535	0	10581248	0
0.5	1100	22824	0	948762	64	10581248	100	2	2200                              	72452	0	10581248	0
0.5	1100	21950	0	918664	64	10581248	100	2	2200                              	74535	0	10581248	0
0.5	1100	22060	0	922518	64	10581248	100	2	2200                              	74082	0	10581248	0
0.5	1100	22213	0	927691	64	10581248	100	2	2200                              	74171	0	10581248	0
0.5	1100	22218	0	927965	64	10581248	100	2	2200                              	74535	0	10581248	0
0.5	1100	22080	0	923140	64	10581248	100	2	2200                              	74325	0	10581248	0
0.5	1100	22029	0	921475	64	10581248	100	2	2200                              	74313	0	10581248	0
0.5	1100	22422	0	934916	64	10581248	100	2	2200                              	74141	0	10581248	0
0.5	1100	22173	0	926291	64	10581248	100	2	2200                              	74308	0	10581248	0
0.5	1100	22287	0	930152	64	10581248	100	2	2200                              	74121	0	10581248	0
0.5	1100	22376	0	933390	64	10581248	100	2	2200                              	74383	0	10581248	0
0.5	1100	22124	0	924681	64	10581248	100	2	2200                              	74535	0	10581248	0
0.5	1100	22136	0	925110	64	10581248	100	2	2200                              	74172	0	10581248	0
0.5	1100	22428	0	935250	64	10581248	100	2	2200                              	74535	0	10581248	0
0.5	1100	21829	0	914590	64	10581248	100	2	2200                              	74535	0	10581248	0
0.5	1100	22696	0	944394	64	10581248	100	2	2200                              	74110	0	10581248	0
0.5	1100	22415	0	934765	64	10581248	100	2	2200                              	74307	0	10581248	0
0.5	1100	22016	0	921109	64	10581248	100	2	2200                              	72647	0	10581248	0
0.5	1100	22357	0	932620	64	10581248	100	2	2200                              	74535	0	10581248	0
0.5	1100	22693	0	944305	64	10581248	100	2	2200                              	74321	0	10581248	0
0.5	1100	22265	0	929640	64	10581248	100	2	2200                              	74535	0	10581248	0
0.5	1100	22405	0	934367	64	10581248	100	2	2200                              	74535	0	10581248	0
0.5	1100	22063	0	922656	64	10581248	100	2	2200                              	74324	0	10581248	0
0.5	1100	22410	0	934614	64	10581248	100	2	2200                              	74535	0	10581248	0
0.5	1100	22729	0	945652	64	10581248	100	2	2200                              	74398	0	10581248	0
0.5	1100	21895	0	916859	64	10581248	100	2	2200                              	74236	0	10581248	0
0.5	1100	22528	0	938701	64	10581248	100	2	2200                              	74312	0	10581248	0
0.5	1100	21882	0	916358	64	10581248	100	2	2200                              	74535	0	10581248	0
0.5	1100	22455	0	935961	64	10581248	100	2	2200                              	73884	0	10581248	0
0.5	1100	22668	0	943332	64	10581248	100	2	2200                              	74242	0	10581248	0
0.5	1100	22618	0	941718	64	10581248	100	2	2200                              	74535	0	10581248	0
0.5	1100	22223	0	928157	64	10581248	100	2	2200                              	74535	0	10581248	0
0.5	1100	21927	0	917911	64	10581248	100	2	2200                              	73933	0	10581248	0
0.5	1100	23485	0	971598	64	10581248	100	2	2200                              	74535	0	10581248	0
0.5	1100	22238	0	928759	64	10581248	100	2	2200                              	74340	0	10581248	0
0.5	1100	22108	0	924162	64	10581248	100	2	2200                              	74535	0	10581248	0
0.5	1100	22297	0	930867	64	10581248	100	2	2200                              	74168	0	10581248	0
0.5	1100	22662	0	943124	64	10581248	100	2	2200                              	74535	0	10581248	0
0.5	1100	22263	0	929592	64	10581248	100	2	2200                              	74264	0	10581248	0
0.5	1100	22975	0	953985	64	10581248	100	2	2200                              	74308	0	10581248	0
0.5	1100	22185	0	926760	64	10581248	100	2	2200                              	74369	0	10581248	0
0.5	1100	22328	0	931768	64	10581248	100	2	2200                              	74535	0	10581248	0
0.5	1100	22350	0	932521	64	10581248	100	2	2200                              	74303	0	10581248	0
0.5	1100	22985	0	954226	64	10581248	100	2	2200                              	74033	0	10581248	0
0.5	1100	22983	0	954259	64	10581248	100	2	2200                              	74106	0	10581248	0
0.5	1100	22637	0	942340	64	10581248	100	2	2200                              	74307	0	10581248	0
0.5	1100	22075	0	923125	64	10581248	100	2	2200                              	74315	0	10581248	0
0.5	1100	22336	0	932048	64	10581248	100	2	2200                              	74535	0	10581248	0
0.5	1100	22211	0	927792	64	10581248	100	2	2200                              	74080	0	10581248	0
0.5	1100	22207	0	927745	64	10581248	100	2	2200                              	74148	0	10581248	0
0.5	1100	22213	0	927802	64	10581248	100	2	2200                              	74535	0	10581248	0
0.5	1100	22400	0	934426	64	10581248	100	2	2200                              	71561	0	10581248	0
0.5	1100	22231	0	928398	64	10581248	100	2	2200                              	74326	0	10581248	0
0.5	1100	21976	0	919648	64	10581248	100	2	2200                              	73866	0	10581248	0
0.5	1100	22147	0	925671	64	10581248	100	2	2200                              	74163	0	10581248	0
0.5	1100	22015	0	921063	64	10581248	100	2	2200                              	74097	0	10581248	0
0.5	1100	21885	0	916507	64	10581248	100	2	2200                              	74319	0	10581248	0
0.5	1100	22533	0	938738	64	10581248	100	2	2200                              	74535	0	10581248	0
0.5	1100	22497	0	937495	64	10581248	100	2	2200                              	74535	0	10581248	0
0.5	2100	12792	0	1002523	64	10581248	100	2	4200                              	73573	0	10581248	0
0.5	2100	13390	0	1041976	64	10581248	100	2	4200                              	72880	0	10581248	0
0.5	2100	12869	0	1007542	64	10581248	100	2	4200                              	73104	0	10581248	0
0.5	2100	12975	0	1014682	64	10581248	100	2	4200                              	72451	0	10581248	0
0.5	2100	12509	0	984169	64	10581248	100	2	4200                              	72819	0	10581248	0
0.5	2100	12800	0	1003209	64	10581248	100	2	4200                              	72889	0	10581248	0
0.5	2100	13647	0	1058952	64	10581248	100	2	4200                              	71730	0	10581248	0
0.5	2100	12689	0	995812	64	10581248	100	2	4200                              	67108	0	10581248	0
0.5	2100	12589	0	989160	64	10581248	100	2	4200                              	72321	0	10581248	0
0.5	2100	13348	0	1039126	64	10581248	100	2	4200                              	73004	0	10581248	0
0.5	2100	12853	0	1006657	64	10581248	100	2	4200                              	72139	0	10581248	0
0.5	2100	12770	0	1001305	64	10581248	100	2	4200                              	73049	0	10581248	0
0.5	2100	12940	0	1012421	64	10581248	100	2	4200                              	73482	0	10581248	0
0.5	2100	13320	0	1037237	64	10581248	100	2	4200                              	61231	0	10581248	0
0.5	2100	12572	0	988259	64	10581248	100	2	4200                              	72839	0	10581248	0
0.5	2100	13052	0	1019686	64	10581248	100	2	4200                              	70267	0	10581248	0
0.5	2100	12733	0	998955	64	10581248	100	2	4200                              	73166	0	10581248	0
0.5	2100	12605	0	990518	64	10581248	100	2	4200                              	71515	0	10581248	0
0.5	2100	12936	0	1012540	64	10581248	100	2	4200                              	72915	0	10581248	0
0.5	2100	12827	0	1004891	64	10581248	100	2	4200                              	73678	0	10581248	0
0.5	2100	12581	0	988894	64	10581248	100	2	4200                              	72587	0	10581248	0
0.5	2100	12764	0	1000960	64	10581248	100	2	4200                              	72827	0	10581248	0
0.5	2100	13046	0	1019240	64	10581248	100	2	4200                              	72601	0	10581248	0
0.5	2100	13218	0	1030467	64	10581248	100	2	4200                              	67888	0	10581248	0
0.5	2100	12693	0	996014	64	10581248	100	2	4200                              	72869	0	10581248	0
0.5	2100	12779	0	1001875	64	10581248	100	2	4200                              	67371	0	10581248	0
0.5	2100	12987	0	1015480	64	10581248	100	2	4200                              	73029	0	10581248	0
0.5	2100	12344	0	973421	64	10581248	100	2	4200                              	73005	0	10581248	0
0.5	2100	12965	0	1014334	64	10581248	100	2	4200                              	72455	0	10581248	0
0.5	2100	12452	0	980430	64	10581248	100	2	4200                              	72693	0	10581248	0
0.5	2100	12250	0	967152	64	10581248	100	2	4200                              	72875	0	10581248	0
0.5	2100	12723	0	998429	64	10581248	100	2	4200                              	72946	0	10581248	0
0.5	2100	12645	0	992724	64	10581248	100	2	4200                              	72798	0	10581248	0
0.5	2100	12837	0	1005675	64	10581248	100	2	4200                              	72254	0	10581248	0
0.5	2100	14252	0	1098525	64	10581248	100	2	4200                              	73065	0	10581248	0
0.5	2100	12718	0	997591	64	10581248	100	2	4200                              	63978	0	10581248	0
0.5	2100	12611	0	990860	64	10581248	100	2	4200                              	73293	0	10581248	0
0.5	2100	12355	0	974074	64	10581248	100	2	4200                              	72921	0	10581248	0
0.5	2100	12792	0	1002813	64	10581248	100	2	4200                              	72742	0	10581248	0
0.5	2100	12582	0	988984	64	10581248	100	2	4200                              	73259	0	10581248	0
0.5	2100	13444	0	1045574	64	10581248	100	2	4200                              	72265	0	10581248	0
0.5	2100	12538	0	985816	64	10581248	100	2	4200                              	73111	0	10581248	0
0.5	2100	13241	0	1032239	64	10581248	100	2	4200                              	72914	0	10581248	0
0.5	2100	12680	0	995381	64	10581248	100	2	4200                              	73769	0	10581248	0
0.5	2100	12378	0	975684	64	10581248	100	2	4200                              	73473	0	10581248	0
0.5	2100	12613	0	991102	64	10581248	100	2	4200                              	67710	0	10581248	0
0.5	2100	12732	0	998919	64	10581248	100	2	4200                              	73367	0	10581248	0
0.5	2100	12571	0	988160	64	10581248	100	2	4200                              	72533	0	10581248	0
0.5	2100	12635	0	992583	64	10581248	100	2	4200                              	73730	0	10581248	0
0.5	2100	12252	0	967026	64	10581248	100	2	4200                              	73169	0	10581248	0
0.5	2100	12144	0	960320	64	10581248	100	2	4200                              	72587	0	10581248	0
0.5	2100	12720	0	998020	64	10581248	100	2	4200                              	70992	0	10581248	0
0.5	2100	13239	0	1031928	64	10581248	100	2	4200                              	73648	0	10581248	0
0.5	2100	12292	0	969900	64	10581248	100	2	4200                              	73442	0	10581248	0
0.5	2100	12776	0	1001676	64	10581248	100	2	4200                              	73365	0	10581248	0
0.5	2100	13109	0	1023499	64	10581248	100	2	4200                              	73029	0	10581248	0
0.5	2100	12948	0	1012939	64	10581248	100	2	4200                              	70681	0	10581248	0
0.5	2100	12617	0	991558	64	10581248	100	2	4200                              	73270	0	10581248	0
0.5	2100	12898	0	1009622	64	10581248	100	2	4200                              	72265	0	10581248	0
0.5	2100	12682	0	995699	64	10581248	100	2	4200                              	72906	0	10581248	0
0.5	2100	12554	0	987028	64	10581248	100	2	4200                              	72968	0	10581248	0
0.5	2100	13527	0	1051076	64	10581248	100	2	4200                              	72428	0	10581248	0
0.5	2100	13053	0	1020043	64	10581248	100	2	4200                              	72721	0	10581248	0
0.5	2100	12661	0	994035	64	10581248	100	2	4200                              	72584	0	10581248	0
0.5	2100	12640	0	992718	64	10581248	100	2	4200                              	73071	0	10581248	0
0.5	2100	13386	0	1041762	64	10581248	100	2	4200                              	72728	0	10581248	0
0.5	2100	13642	0	1058371	64	10581248	100	2	4200                              	73495	0	10581248	0
0.5	2100	12262	0	967669	64	10581248	100	2	4200                              	73042	0	10581248	0
0.5	2100	13000	0	1016280	64	10581248	100	2	4200                              	72512	0	10581248	0
0.5	2100	12672	0	994691	64	10581248	100	2	4200                              	73237	0	10581248	0
0.5	2100	12389	0	976365	64	10581248	100	2	4200                              	72983	0	10581248	0
0.5	2100	12742	0	999247	64	10581248	100	2	4200                              	73173	0	10581248	0
0.5	2100	13466	0	1047078	64	10581248	100	2	4200                              	72832	0	10581248	0
0.5	2100	13402	0	1042477	64	10581248	100	2	4200                              	73680	0	10581248	0
0.5	2100	13876	0	1073694	64	10581248	100	2	4200                              	73389	0	10581248	0
0.5	2100	12693	0	996288	64	10581248	100	2	4200                              	72365	0	10581248	0
0.5	2100	12654	0	993630	64	10581248	100	2	4200                              	72341	0	10581248	0
0.5	2100	12429	0	978717	64	10581248	100	2	4200                              	73088	0	10581248	0
0.5	2100	12397	0	976673	64	10581248	100	2	4200                              	72217	0	10581248	0
0.5	2100	12860	0	1007198	64	10581248	100	2	4200                              	72956	0	10581248	0
0.5	2100	12943	0	1012700	64	10581248	100	2	4200                              	72602	0	10581248	0
0.5	2100	13572	0	1053756	64	10581248	100	2	4200                              	73416	0	10581248	0
0.5	2100	13330	0	1037850	64	10581248	100	2	4200                              	72465	0	10581248	0
0.5	2100	12526	0	985122	64	10581248	100	2	4200                              	72961	0	10581248	0
0.5	2100	12310	0	970956	64	10581248	100	2	4200                              	74148	0	10581248	0
0.5	2100	12267	0	968086	64	10581248	100	2	4200                              	72931	0	10581248	0
0.5	2100	12272	0	968384	64	10581248	100	2	4200                              	73417	0	10581248	0
0.5	2100	13178	0	1028064	64	10581248	100	2	4200                              	72685	0	10581248	0
0.5	2100	12978	0	1015019	64	10581248	100	2	4200                              	73424	0	10581248	0
0.5	2100	13376	0	1041108	64	10581248	100	2	4200                              	72690	0	10581248	0
0.5	2100	13070	0	1020948	64	10581248	100	2	4200                              	73760	0	10581248	0
0.5	2100	12391	0	976424	64	10581248	100	2	4200                              	73474	0	10581248	0
0.5	2100	13095	0	1022488	64	10581248	100	2	4200                              	72363	0	10581248	0
0.5	2100	12560	0	987508	64	10581248	100	2	4200                              	73665	0	10581248	0
0.5	2100	12658	0	993886	64	10581248	100	2	4200                              	73575	0	10581248	0
0.5	2100	12819	0	1004528	64	10581248	100	2	4200                              	73087	0	10581248	0
0.5	2100	12799	0	1003086	64	10581248	100	2	4200                              	72374	0	10581248	0
0.5	2100	13220	0	1031007	64	10581248	100	2	4200                              	72812	0	10581248	0
0.5	2100	13818	0	1069987	64	10581248	100	2	4200                              	72420	0	10581248	0
0.5	2100	12283	0	969306	64	10581248	100	2	4200                              	73324	0	10581248	0
0.5	3100	9469	0	1079684	64	10581248	100	2	6200                              	70875	0	10581248	0
0.5	3100	9133	0	1046645	64	10581248	100	2	6200                              	71391	0	10581248	0
0.5	3100	10331	0	1162397	64	10581248	100	2	6200                              	70345	0	10581248	0
0.5	3100	9809	0	1112283	64	10581248	100	2	6200                              	71111	0	10581248	0
0.5	3100	9494	0	1081440	64	10581248	100	2	6200                              	58179	0	10581248	0
0.5	3100	9470	0	1079661	64	10581248	100	2	6200                              	70516	0	10581248	0
0.5	3100	9564	0	1088490	64	10581248	100	2	6200                              	72355	0	10581248	0
0.5	3100	9312	0	1063973	64	10581248	100	2	6200                              	70975	0	10581248	0
0.5	3100	9333	0	1066360	64	10581248	100	2	6200                              	53857	0	10581248	0
0.5	3100	9962	0	1127333	64	10581248	100	2	6200                              	70023	0	10581248	0
0.5	3100	9003	0	1034586	64	10581248	100	2	6200                              	71871	0	10581248	0
0.5	3100	9415	0	1074327	64	10581248	100	2	6200                              	70377	0	10581248	0
0.5	3100	9740	0	1105411	64	10581248	100	2	6200                              	70828	0	10581248	0
0.5	3100	9879	0	1118841	64	10581248	100	2	6200                              	71493	0	10581248	0
0.5	3100	9388	0	1071859	64	10581248	100	2	6200                              	71740	0	10581248	0
0.5	3100	9179	0	1051556	64	10581248	100	2	6200                              	70552	0	10581248	0
0.5	3100	9124	0	1046499	64	10581248	100	2	6200                              	70462	0	10581248	0
0.5	3100	9273	0	1060565	64	10581248	100	2	6200                              	71160	0	10581248	0
0.5	3100	9563	0	1088220	64	10581248	100	2	6200                              	71426	0	10581248	0
0.5	3100	9238	0	1057002	64	10581248	100	2	6200                              	71484	0	10581248	0
0.5	3100	9405	0	1073408	64	10581248	100	2	6200                              	71494	0	10581248	0
0.5	3100	9174	0	1050745	64	10581248	100	2	6200                              	70307	0	10581248	0
0.5	3100	9799	0	1111389	64	10581248	100	2	6200                              	70721	0	10581248	0
0.5	3100	9977	0	1128811	64	10581248	100	2	6200                              	71064	0	10581248	0
0.5	3100	9301	0	1063025	64	10581248	100	2	6200                              	70763	0	10581248	0
0.5	3100	9786	0	1110293	64	10581248	100	2	6200                              	70925	0	10581248	0
0.5	3100	9351	0	1067874	64	10581248	100	2	6200                              	70197	0	10581248	0
0.5	3100	9652	0	1096845	64	10581248	100	2	6200                              	63746	0	10581248	0
0.5	3100	9697	0	1101414	64	10581248	100	2	6200                              	69603	0	10581248	0
0.5	3100	9498	0	1082424	64	10581248	100	2	6200                              	71073	0	10581248	0
0.5	3100	9009	0	1035021	64	10581248	100	2	6200                              	70562	0	10581248	0
0.5	3100	10073	0	1137984	64	10581248	100	2	6200                              	70377	0	10581248	0
0.5	3100	9586	0	1091131	64	10581248	100	2	6200                              	71679	0	10581248	0
0.5	3100	9005	0	1034376	64	10581248	100	2	6200                              	71804	0	10581248	0
0.5	3100	8789	0	1013692	64	10581248	100	2	6200                              	69777	0	10581248	0
0.5	3100	9360	0	1068872	64	10581248	100	2	6200                              	59479	0	10581248	0
0.5	3100	9519	0	1084476	64	10581248	100	2	6200                              	71393	0	10581248	0
0.5	3100	8999	0	1033973	64	10581248	100	2	6200                              	71775	0	10581248	0
0.5	3100	9581	0	1090705	64	10581248	100	2	6200                              	70625	0	10581248	0
0.5	3100	9152	0	1048492	64	10581248	100	2	6200                              	64269	0	10581248	0
0.5	3100	8834	0	1018248	64	10581248	100	2	6200                              	71124	0	10581248	0
0.5	3100	9229	0	1056141	64	10581248	100	2	6200                              	70699	0	10581248	0
0.5	3100	9202	0	1053365	64	10581248	100	2	6200                              	71713	0	10581248	0
0.5	3100	9584	0	1090876	64	10581248	100	2	6200                              	71059	0	10581248	0
0.5	3100	9587	0	1090599	64	10581248	100	2	6200                              	70847	0	10581248	0
0.5	3100	9191	0	1052635	64	10581248	100	2	6200                              	71880	0	10581248	0
0.5	3100	8910	0	1025274	64	10581248	100	2	6200                              	71625	0	10581248	0
0.5	3100	9490	0	1081134	64	10581248	100	2	6200                              	71715	0	10581248	0
0.5	3100	9328	0	1065753	64	10581248	100	2	6200                              	71002	0	10581248	0
0.5	3100	9162	0	1049609	64	10581248	100	2	6200                              	71067	0	10581248	0
0.5	3100	9767	0	1108376	64	10581248	100	2	6200                              	58998	0	10581248	0
0.5	3100	9173	0	1051014	64	10581248	100	2	6200                              	59799	0	10581248	0
0.5	3100	9242	0	1057477	64	10581248	100	2	6200                              	59469	0	10581248	0
0.5	3100	9340	0	1066944	64	10581248	100	2	6200                              	70961	0	10581248	0
0.5	3100	9279	0	1060873	64	10581248	100	2	6200                              	70415	0	10581248	0
0.5	3100	8948	0	1028571	64	10581248	100	2	6200                              	71437	0	10581248	0
0.5	3100	9648	0	1097005	64	10581248	100	2	6200                              	71926	0	10581248	0
0.5	3100	9085	0	1042448	64	10581248	100	2	6200                              	71322	0	10581248	0
0.5	3100	9202	0	1053930	64	10581248	100	2	6200                              	70856	0	10581248	0
0.5	3100	9415	0	1074098	64	10581248	100	2	6200                              	70913	0	10581248	0
0.5	3100	9197	0	1053180	64	10581248	100	2	6200                              	71317	0	10581248	0
0.5	3100	9280	0	1061111	64	10581248	100	2	6200                              	70963	0	10581248	0
0.5	3100	9202	0	1053718	64	10581248	100	2	6200                              	71877	0	10581248	0
0.5	3100	9040	0	1038181	64	10581248	100	2	6200                              	71433	0	10581248	0
0.5	3100	9587	0	1090993	64	10581248	100	2	6200                              	70487	0	10581248	0
0.5	3100	9932	0	1123734	64	10581248	100	2	6200                              	71413	0	10581248	0
0.5	3100	9257	0	1058984	64	10581248	100	2	6200                              	70795	0	10581248	0
0.5	3100	9520	0	1084068	64	10581248	100	2	6200                              	71262	0	10581248	0
0.5	3100	9518	0	1084254	64	10581248	100	2	6200                              	69670	0	10581248	0
0.5	3100	9538	0	1086023	64	10581248	100	2	6200                              	71313	0	10581248	0
0.5	3100	8917	0	1026276	64	10581248	100	2	6200                              	70591	0	10581248	0
0.5	3100	9477	0	1080176	64	10581248	100	2	6200                              	70528	0	10581248	0
0.5	3100	9556	0	1088012	64	10581248	100	2	6200                              	70215	0	10581248	0
0.5	3100	10072	0	1137800	64	10581248	100	2	6200                              	72100	0	10581248	0
0.5	3100	9510	0	1083872	64	10581248	100	2	6200                              	72154	0	10581248	0
0.5	3100	9199	0	1053156	64	10581248	100	2	6200                              	58968	0	10581248	0
0.5	3100	9076	0	1041342	64	10581248	100	2	6200                              	71931	0	10581248	0
0.5	3100	9645	0	1096364	64	10581248	100	2	6200                              	70887	0	10581248	0
0.5	3100	9221	0	1055621	64	10581248	100	2	6200                              	71646	0	10581248	0
0.5	3100	9285	0	1061246	64	10581248	100	2	6200                              	70996	0	10581248	0
0.5	3100	9475	0	1080179	64	10581248	100	2	6200                              	69345	0	10581248	0
0.5	3100	9548	0	1086986	64	10581248	100	2	6200                              	69850	0	10581248	0
0.5	3100	9188	0	1052565	64	10581248	100	2	6200                              	71221	0	10581248	0
0.5	3100	8904	0	1025078	64	10581248	100	2	6200                              	69672	0	10581248	0
0.5	3100	9937	0	1125174	64	10581248	100	2	6200                              	59802	0	10581248	0
0.5	3100	9908	0	1122135	64	10581248	100	2	6200                              	72143	0	10581248	0
0.5	3100	9489	0	1081294	64	10581248	100	2	6200                              	69923	0	10581248	0
0.5	3100	8947	0	1028935	64	10581248	100	2	6200                              	71515	0	10581248	0
0.5	3100	9041	0	1038147	64	10581248	100	2	6200                              	72046	0	10581248	0
0.5	3100	9493	0	1081959	64	10581248	100	2	6200                              	71364	0	10581248	0
0.5	3100	9167	0	1050525	64	10581248	100	2	6200                              	71763	0	10581248	0
0.5	3100	9759	0	1107440	64	10581248	100	2	6200                              	63483	0	10581248	0
0.5	3100	9451	0	1078464	64	10581248	100	2	6200                              	71309	0	10581248	0
0.5	3100	9422	0	1075033	64	10581248	100	2	6200                              	70053	0	10581248	0
0.5	3100	9707	0	1102010	64	10581248	100	2	6200                              	69183	0	10581248	0
0.5	3100	9186	0	1052359	64	10581248	100	2	6200                              	71951	0	10581248	0
0.5	3100	9330	0	1066118	64	10581248	100	2	6200                              	69645	0	10581248	0
0.5	3100	10511	0	1180353	64	10581248	100	2	6200                              	70340	0	10581248	0
0.5	3100	9088	0	1042751	64	10581248	100	2	6200                              	58896	0	10581248	0
0.5	3100	9224	0	1055650	64	10581248	100	2	6200                              	65832	0	10581248	0
0.5	4100	7777	0	1157393	64	10581248	100	2	8200                              	65733	0	10581248	0
0.5	4100	7586	0	1132938	64	10581248	100	2	8200                              	57753	0	10581248	0
0.5	4100	8359	0	1231902	64	10581248	100	2	8200                              	56785	0	10581248	0
0.5	4100	7508	0	1123334	64	10581248	100	2	8200                              	63664	0	10581248	0
0.5	4100	7869	0	1169701	64	10581248	100	2	8200                              	67977	0	10581248	0
0.5	4100	7391	0	1108086	64	10581248	100	2	8200                              	68997	0	10581248	0
0.5	4100	7926	0	1177132	64	10581248	100	2	8200                              	68789	0	10581248	0
0.5	4100	7569	0	1131161	64	10581248	100	2	8200                              	66067	0	10581248	0
0.5	4100	7735	0	1152368	64	10581248	100	2	8200                              	68584	0	10581248	0
0.5	4100	7992	0	1184973	64	10581248	100	2	8200                              	69157	0	10581248	0
0.5	4100	7890	0	1172224	64	10581248	100	2	8200                              	67993	0	10581248	0
0.5	4100	7556	0	1129598	64	10581248	100	2	8200                              	57628	0	10581248	0
0.5	4100	7508	0	1123466	64	10581248	100	2	8200                              	69013	0	10581248	0
0.5	4100	7544	0	1127461	64	10581248	100	2	8200                              	68720	0	10581248	0
0.5	4100	7217	0	1085421	64	10581248	100	2	8200                              	69150	0	10581248	0
0.5	4100	7516	0	1124689	64	10581248	100	2	8200                              	69824	0	10581248	0
0.5	4100	8354	0	1231552	64	10581248	100	2	8200                              	66956	0	10581248	0
0.5	4100	7619	0	1137629	64	10581248	100	2	8200                              	67726	0	10581248	0
0.5	4100	7573	0	1131846	64	10581248	100	2	8200                              	69188	0	10581248	0
0.5	4100	7784	0	1158328	64	10581248	100	2	8200                              	69260	0	10581248	0
0.5	4100	8531	0	1254433	64	10581248	100	2	8200                              	69738	0	10581248	0
0.5	4100	7361	0	1103838	64	10581248	100	2	8200                              	70082	0	10581248	0
0.5	4100	7890	0	1172026	64	10581248	100	2	8200                              	58123	0	10581248	0
0.5	4100	7347	0	1102796	64	10581248	100	2	8200                              	58141	0	10581248	0
0.5	4100	7588	0	1133324	64	10581248	100	2	8200                              	69747	0	10581248	0
0.5	4100	7724	0	1150815	64	10581248	100	2	8200                              	67565	0	10581248	0
0.5	4100	7748	0	1153957	64	10581248	100	2	8200                              	69388	0	10581248	0
0.5	4100	7489	0	1120698	64	10581248	100	2	8200                              	68857	0	10581248	0
0.5	4100	7694	0	1146646	64	10581248	100	2	8200                              	68333	0	10581248	0
0.5	4100	7219	0	1086065	64	10581248	100	2	8200                              	70230	0	10581248	0
0.5	4100	7823	0	1163362	64	10581248	100	2	8200                              	55215	0	10581248	0
0.5	4100	7420	0	1112199	64	10581248	100	2	8200                              	57946	0	10581248	0
0.5	4100	7441	0	1114818	64	10581248	100	2	8200                              	68967	0	10581248	0
0.5	4100	7291	0	1095125	64	10581248	100	2	8200                              	68613	0	10581248	0
0.5	4100	7475	0	1118835	64	10581248	100	2	8200                              	69746	0	10581248	0
0.5	4100	7597	0	1134746	64	10581248	100	2	8200                              	69151	0	10581248	0
0.5	4100	7379	0	1106318	64	10581248	100	2	8200                              	68863	0	10581248	0
0.5	4100	7410	0	1109994	64	10581248	100	2	8200                              	69143	0	10581248	0
0.5	4100	7242	0	1089214	64	10581248	100	2	8200                              	57315	0	10581248	0
0.5	4100	7506	0	1123199	64	10581248	100	2	8200                              	69068	0	10581248	0
0.5	4100	7554	0	1129013	64	10581248	100	2	8200                              	69297	0	10581248	0
0.5	4100	7801	0	1160330	64	10581248	100	2	8200                              	68762	0	10581248	0
0.5	4100	8134	0	1203554	64	10581248	100	2	8200                              	57063	0	10581248	0
0.5	4100	7864	0	1168703	64	10581248	100	2	8200                              	55049	0	10581248	0
0.5	4100	7743	0	1153044	64	10581248	100	2	8200                              	69091	0	10581248	0
0.5	4100	7293	0	1096169	64	10581248	100	2	8200                              	69691	0	10581248	0
0.5	4100	7742	0	1153019	64	10581248	100	2	8200                              	70047	0	10581248	0
0.5	4100	7400	0	1108735	64	10581248	100	2	8200                              	68209	0	10581248	0
0.5	4100	7706	0	1148856	64	10581248	100	2	8200                              	56921	0	10581248	0
0.5	4100	7716	0	1150088	64	10581248	100	2	8200                              	55779	0	10581248	0
0.5	4100	7664	0	1142849	64	10581248	100	2	8200                              	66635	0	10581248	0
0.5	4100	7861	0	1168522	64	10581248	100	2	8200                              	69471	0	10581248	0
0.5	4100	7562	0	1130091	64	10581248	100	2	8200                              	69021	0	10581248	0
0.5	4100	8118	0	1201015	64	10581248	100	2	8200                              	69385	0	10581248	0
0.5	4100	7695	0	1147100	64	10581248	100	2	8200                              	70437	0	10581248	0
0.5	4100	7990	0	1185244	64	10581248	100	2	8200                              	57789	0	10581248	0
0.5	4100	7504	0	1122941	64	10581248	100	2	8200                              	68945	0	10581248	0
0.5	4100	8091	0	1197738	64	10581248	100	2	8200                              	57101	0	10581248	0
0.5	4100	7565	0	1130701	64	10581248	100	2	8200                              	69049	0	10581248	0
0.5	4100	8540	0	1255614	64	10581248	100	2	8200                              	68120	0	10581248	0
0.5	4100	8254	0	1218433	64	10581248	100	2	8200                              	70095	0	10581248	0
0.5	4100	7884	0	1171175	64	10581248	100	2	8200                              	69479	0	10581248	0
0.5	4100	7298	0	1095977	64	10581248	100	2	8200                              	58471	0	10581248	0
0.5	4100	7428	0	1113252	64	10581248	100	2	8200                              	69382	0	10581248	0
0.5	4100	7936	0	1178339	64	10581248	100	2	8200                              	57405	0	10581248	0
0.5	4100	7492	0	1121381	64	10581248	100	2	8200                              	56287	0	10581248	0
0.5	4100	7990	0	1184980	64	10581248	100	2	8200                              	69240	0	10581248	0
0.5	4100	7830	0	1164441	64	10581248	100	2	8200                              	68918	0	10581248	0
0.5	4100	7541	0	1127174	64	10581248	100	2	8200                              	56713	0	10581248	0
0.5	4100	8249	0	1218348	64	10581248	100	2	8200                              	66960	0	10581248	0
0.5	4100	7409	0	1110681	64	10581248	100	2	8200                              	57691	0	10581248	0
0.5	4100	7733	0	1151956	64	10581248	100	2	8200                              	57341	0	10581248	0
0.5	4100	7620	0	1137315	64	10581248	100	2	8200                              	68994	0	10581248	0
0.5	4100	8045	0	1191747	64	10581248	100	2	8200                              	57342	0	10581248	0
0.5	4100	7514	0	1123823	64	10581248	100	2	8200                              	67254	0	10581248	0
0.5	4100	7658	0	1142239	64	10581248	100	2	8200                              	66752	0	10581248	0
0.5	4100	7441	0	1114647	64	10581248	100	2	8200                              	67813	0	10581248	0
0.5	4100	7313	0	1097987	64	10581248	100	2	8200                              	63906	0	10581248	0
0.5	4100	8048	0	1192301	64	10581248	100	2	8200                              	69314	0	10581248	0
0.5	4100	7567	0	1131209	64	10581248	100	2	8200                              	68681	0	10581248	0
0.5	4100	7377	0	1106649	64	10581248	100	2	8200                              	57217	0	10581248	0
0.5	4100	7333	0	1100789	64	10581248	100	2	8200                              	69573	0	10581248	0
0.5	4100	7523	0	1124719	64	10581248	100	2	8200                              	68071	0	10581248	0
0.5	4100	7789	0	1158926	64	10581248	100	2	8200                              	68298	0	10581248	0
0.5	4100	7601	0	1135011	64	10581248	100	2	8200                              	67766	0	10581248	0
0.5	4100	7442	0	1114743	64	10581248	100	2	8200                              	67714	0	10581248	0
0.5	4100	7328	0	1099914	64	10581248	100	2	8200                              	68967	0	10581248	0
0.5	4100	7799	0	1160113	64	10581248	100	2	8200                              	68642	0	10581248	0
0.5	4100	7776	0	1157855	64	10581248	100	2	8200                              	69108	0	10581248	0
0.5	4100	7409	0	1110699	64	10581248	100	2	8200                              	56887	0	10581248	0
0.5	4100	7605	0	1135630	64	10581248	100	2	8200                              	69478	0	10581248	0
0.5	4100	7600	0	1134948	64	10581248	100	2	8200                              	67302	0	10581248	0
0.5	4100	7803	0	1161017	64	10581248	100	2	8200                              	67261	0	10581248	0
0.5	4100	7045	0	1063905	64	10581248	100	2	8200                              	69877	0	10581248	0
0.5	4100	7808	0	1162047	64	10581248	100	2	8200                              	69753	0	10581248	0
0.5	4100	7609	0	1135927	64	10581248	100	2	8200                              	69326	0	10581248	0
0.5	4100	7912	0	1174987	64	10581248	100	2	8200                              	70145	0	10581248	0
0.5	4100	7722	0	1150461	64	10581248	100	2	8200                              	69331	0	10581248	0
0.5	4100	7716	0	1149382	64	10581248	100	2	8200                              	67330	0	10581248	0
0.5	4100	7928	0	1176780	64	10581248	100	2	8200                              	69672	0	10581248	0
0.5	5100	6352	0	1171936	64	10581248	100	2	10200                              	55729	0	10581248	0
0.5	5100	6506	0	1196618	64	10581248	100	2	10200                              	66267	0	10581248	0
0.5	5100	6381	0	1176284	64	10581248	100	2	10200                              	66530	0	10581248	0
0.5	5100	6195	0	1147163	64	10581248	100	2	10200                              	68431	0	10581248	0
0.5	5100	6585	0	1209812	64	10581248	100	2	10200                              	67348	0	10581248	0
0.5	5100	6867	0	1254523	64	10581248	100	2	10200                              	68329	0	10581248	0
0.5	5100	6452	0	1188423	64	10581248	100	2	10200                              	52815	0	10581248	0
0.5	5100	6017	0	1118720	64	10581248	100	2	10200                              	67565	0	10581248	0
0.5	5100	6398	0	1179464	64	10581248	100	2	10200                              	55110	0	10581248	0
0.5	5100	7121	0	1295946	64	10581248	100	2	10200                              	64533	0	10581248	0
0.5	5100	6197	0	1147126	64	10581248	100	2	10200                              	54272	0	10581248	0
0.5	5100	6647	0	1218768	64	10581248	100	2	10200                              	67767	0	10581248	0
0.5	5100	6486	0	1193895	64	10581248	100	2	10200                              	67376	0	10581248	0
0.5	5100	6675	0	1224714	64	10581248	100	2	10200                              	67751	0	10581248	0
0.5	5100	6900	0	1259483	64	10581248	100	2	10200                              	63686	0	10581248	0
0.5	5100	6706	0	1228762	64	10581248	100	2	10200                              	53411	0	10581248	0
0.5	5100	6656	0	1221127	64	10581248	100	2	10200                              	66663	0	10581248	0
0.5	5100	6279	0	1161017	64	10581248	100	2	10200                              	56148	0	10581248	0
0.5	5100	6555	0	1204961	64	10581248	100	2	10200                              	65353	0	10581248	0
0.5	5100	6726	0	1232350	64	10581248	100	2	10200                              	51528	0	10581248	0
0.5	5100	6833	0	1248790	64	10581248	100	2	10200                              	63209	0	10581248	0
0.5	5100	6167	0	1143400	64	10581248	100	2	10200                              	65103	0	10581248	0
0.5	5100	6618	0	1215429	64	10581248	100	2	10200                              	55473	0	10581248	0
0.5	5100	6464	0	1189395	64	10581248	100	2	10200                              	66375	0	10581248	0
0.5	5100	6817	0	1246490	64	10581248	100	2	10200                              	67071	0	10581248	0
0.5	5100	6595	0	1210739	64	10581248	100	2	10200                              	55098	0	10581248	0
0.5	5100	6791	0	1242164	64	10581248	100	2	10200                              	66715	0	10581248	0
0.5	5100	6132	0	1136866	64	10581248	100	2	10200                              	55385	0	10581248	0
0.5	5100	6467	0	1190888	64	10581248	100	2	10200                              	66221	0	10581248	0
0.5	5100	6374	0	1176810	64	10581248	100	2	10200                              	67872	0	10581248	0
0.5	5100	7137	0	1297899	64	10581248	100	2	10200                              	66262	0	10581248	0
0.5	5100	6108	0	1133901	64	10581248	100	2	10200                              	67816	0	10581248	0
0.5	5100	6687	0	1225931	64	10581248	100	2	10200                              	55278	0	10581248	0
0.5	5100	6346	0	1171381	64	10581248	100	2	10200                              	56674	0	10581248	0
0.5	5100	6445	0	1186768	64	10581248	100	2	10200                              	66438	0	10581248	0
0.5	5100	6593	0	1210618	64	10581248	100	2	10200                              	63757	0	10581248	0
0.5	5100	6880	0	1256748	64	10581248	100	2	10200                              	67811	0	10581248	0
0.5	5100	6867	0	1254574	64	10581248	100	2	10200                              	66897	0	10581248	0
0.5	5100	6103	0	1132639	64	10581248	100	2	10200                              	67467	0	10581248	0
0.5	5100	6311	0	1165994	64	10581248	100	2	10200                              	67244	0	10581248	0
0.5	5100	6298	0	1163939	64	10581248	100	2	10200                              	57526	0	10581248	0
0.5	5100	6527	0	1200332	64	10581248	100	2	10200                              	68204	0	10581248	0
0.5	5100	6422	0	1183813	64	10581248	100	2	10200                              	55986	0	10581248	0
0.5	5100	5953	0	1107621	64	10581248	100	2	10200                              	67714	0	10581248	0
0.5	5100	7432	0	1344444	64	10581248	100	2	10200                              	66215	0	10581248	0
0.5	5100	6769	0	1238550	64	10581248	100	2	10200                              	66966	0	10581248	0
0.5	5100	7561	0	1365296	64	10581248	100	2	10200                              	65716	0	10581248	0
0.5	5100	6143	0	1139325	64	10581248	100	2	10200                              	66318	0	10581248	0
0.5	5100	6847	0	1251017	64	10581248	100	2	10200                              	67149	0	10581248	0
0.5	5100	7170	0	1302287	64	10581248	100	2	10200                              	63037	0	10581248	0
0.5	5100	5889	0	1098500	64	10581248	100	2	10200                              	68157	0	10581248	0
0.5	5100	6288	0	1162364	64	10581248	100	2	10200                              	66672	0	10581248	0
0.5	5100	6467	0	1190728	64	10581248	100	2	10200                              	55832	0	10581248	0
0.5	5100	6401	0	1179892	64	10581248	100	2	10200                              	68002	0	10581248	0
0.5	5100	6593	0	1210647	64	10581248	100	2	10200                              	66918	0	10581248	0
0.5	5100	6156	0	1141523	64	10581248	100	2	10200                              	66503	0	10581248	0
0.5	5100	6843	0	1250153	64	10581248	100	2	10200                              	65086	0	10581248	0
0.5	5100	6596	0	1212066	64	10581248	100	2	10200                              	67183	0	10581248	0
0.5	5100	7022	0	1279817	64	10581248	100	2	10200                              	66218	0	10581248	0
0.5	5100	6259	0	1157569	64	10581248	100	2	10200                              	56320	0	10581248	0
0.5	5100	6478	0	1192823	64	10581248	100	2	10200                              	64948	0	10581248	0
0.5	5100	6150	0	1139709	64	10581248	100	2	10200                              	67902	0	10581248	0
0.5	5100	6203	0	1148953	64	10581248	100	2	10200                              	67328	0	10581248	0
0.5	5100	6342	0	1170482	64	10581248	100	2	10200                              	65977	0	10581248	0
0.5	5100	6496	0	1195460	64	10581248	100	2	10200                              	68227	0	10581248	0
0.5	5100	6485	0	1194481	64	10581248	100	2	10200                              	68362	0	10581248	0
0.5	5100	6392	0	1177862	64	10581248	100	2	10200                              	66741	0	10581248	0
0.5	5100	6668	0	1223803	64	10581248	100	2	10200                              	61831	0	10581248	0
0.5	5100	6440	0	1186228	64	10581248	100	2	10200                              	66183	0	10581248	0
0.5	5100	6580	0	1208782	64	10581248	100	2	10200                              	55689	0	10581248	0
0.5	5100	6353	0	1173429	64	10581248	100	2	10200                              	64899	0	10581248	0
0.5	5100	6337	0	1169412	64	10581248	100	2	10200                              	67245	0	10581248	0
0.5	5100	5874	0	1096220	64	10581248	100	2	10200                              	65942	0	10581248	0
0.5	5100	6483	0	1193713	64	10581248	100	2	10200                              	66270	0	10581248	0
0.5	5100	6217	0	1151016	64	10581248	100	2	10200                              	61110	0	10581248	0
0.5	5100	7027	0	1280108	64	10581248	100	2	10200                              	66022	0	10581248	0
0.5	5100	6807	0	1244914	64	10581248	100	2	10200                              	64368	0	10581248	0
0.5	5100	6969	0	1270400	64	10581248	100	2	10200                              	66449	0	10581248	0
0.5	5100	7030	0	1279774	64	10581248	100	2	10200                              	63982	0	10581248	0
0.5	5100	6249	0	1155524	64	10581248	100	2	10200                              	67740	0	10581248	0
0.5	5100	7399	0	1339172	64	10581248	100	2	10200                              	66598	0	10581248	0
0.5	5100	6078	0	1128674	64	10581248	100	2	10200                              	54853	0	10581248	0
0.5	5100	6042	0	1122797	64	10581248	100	2	10200                              	64199	0	10581248	0
0.5	5100	6162	0	1142553	64	10581248	100	2	10200                              	66953	0	10581248	0
0.5	5100	6911	0	1260953	64	10581248	100	2	10200                              	64981	0	10581248	0
0.5	5100	6218	0	1151192	64	10581248	100	2	10200                              	66294	0	10581248	0
0.5	5100	6919	0	1262330	64	10581248	100	2	10200                              	67536	0	10581248	0
0.5	5100	6538	0	1202150	64	10581248	100	2	10200                              	67015	0	10581248	0
0.5	5100	6086	0	1129912	64	10581248	100	2	10200                              	67000	0	10581248	0
0.5	5100	6201	0	1148598	64	10581248	100	2	10200                              	68032	0	10581248	0
0.5	5100	5886	0	1097334	64	10581248	100	2	10200                              	67943	0	10581248	0
0.5	5100	6204	0	1148383	64	10581248	100	2	10200                              	68311	0	10581248	0
0.5	5100	6219	0	1151673	64	10581248	100	2	10200                              	61440	0	10581248	0
0.5	5100	6326	0	1167727	64	10581248	100	2	10200                              	67929	0	10581248	0
0.5	5100	6607	0	1213159	64	10581248	100	2	10200                              	64398	0	10581248	0
0.5	5100	6211	0	1149852	64	10581248	100	2	10200                              	63704	0	10581248	0
0.5	5100	7303	0	1323942	64	10581248	100	2	10200                              	56444	0	10581248	0
0.5	5100	7030	0	1279405	64	10581248	100	2	10200                              	67158	0	10581248	0
0.5	5100	6525	0	1200195	64	10581248	100	2	10200                              	54969	0	10581248	0
0.5	5100	6533	0	1200862	64	10581248	100	2	10200                              	55908	0	10581248	0
0.5	6100	5614	0	1228517	64	10581248	100	2	12200                              	65114	0	10581248	0
0.5	6100	5529	0	1213856	64	10581248	100	2	12200                              	64519	0	10581248	0
0.5	6100	5990	0	1301566	64	10581248	100	2	12200                              	64697	0	10581248	0
0.5	6100	5776	0	1259773	64	10581248	100	2	12200                              	63772	0	10581248	0
0.5	6100	5758	0	1256697	64	10581248	100	2	12200                              	66727	0	10581248	0
0.5	6100	5829	0	1269609	64	10581248	100	2	12200                              	63953	0	10581248	0
0.5	6100	6664	0	1428721	64	10581248	100	2	12200                              	63154	0	10581248	0
0.5	6100	5793	0	1264193	64	10581248	100	2	12200                              	65835	0	10581248	0
0.5	6100	5310	0	1169664	64	10581248	100	2	12200                              	66208	0	10581248	0
0.5	6100	5628	0	1231047	64	10581248	100	2	12200                              	65412	0	10581248	0
0.5	6100	5576	0	1221702	64	10581248	100	2	12200                              	64320	0	10581248	0
0.5	6100	5466	0	1200774	64	10581248	100	2	12200                              	59387	0	10581248	0
0.5	6100	5439	0	1194981	64	10581248	100	2	12200                              	51999	0	10581248	0
0.5	6100	6010	0	1304575	64	10581248	100	2	12200                              	49413	0	10581248	0
0.5	6100	5735	0	1252897	64	10581248	100	2	12200                              	65862	0	10581248	0
0.5	6100	5112	0	1133067	64	10581248	100	2	12200                              	52688	0	10581248	0
0.5	6100	6216	0	1343654	64	10581248	100	2	12200                              	66000	0	10581248	0
0.5	6100	5579	0	1222121	64	10581248	100	2	12200                              	63261	0	10581248	0
0.5	6100	5834	0	1271663	64	10581248	100	2	12200                              	52863	0	10581248	0
0.5	6100	6061	0	1314694	64	10581248	100	2	12200                              	63449	0	10581248	0
0.5	6100	5909	0	1285389	64	10581248	100	2	12200                              	55170	0	10581248	0
0.5	6100	5621	0	1230523	64	10581248	100	2	12200                              	65966	0	10581248	0
0.5	6100	5947	0	1292026	64	10581248	100	2	12200                              	65461	0	10581248	0
0.5	6100	5554	0	1218404	64	10581248	100	2	12200                              	55808	0	10581248	0
0.5	6100	5412	0	1191033	64	10581248	100	2	12200                              	63607	0	10581248	0
0.5	6100	5484	0	1204445	64	10581248	100	2	12200                              	66067	0	10581248	0
0.5	6100	6001	0	1303562	64	10581248	100	2	12200                              	63289	0	10581248	0
0.5	6100	6206	0	1341208	64	10581248	100	2	12200                              	63102	0	10581248	0
0.5	6100	5541	0	1215376	64	10581248	100	2	12200                              	54498	0	10581248	0
0.5	6100	6023	0	1306616	64	10581248	100	2	12200                              	65966	0	10581248	0
0.5	6100	5734	0	1252467	64	10581248	100	2	12200                              	52706	0	10581248	0
0.5	6100	6028	0	1307454	64	10581248	100	2	12200                              	64159	0	10581248	0
0.5	6100	5471	0	1202547	64	10581248	100	2	12200                              	64997	0	10581248	0
0.5	6100	5626	0	1231788	64	10581248	100	2	12200                              	52359	0	10581248	0
0.5	6100	5850	0	1274773	64	10581248	100	2	12200                              	66687	0	10581248	0
0.5	6100	5671	0	1240068	64	10581248	100	2	12200                              	66270	0	10581248	0
0.5	6100	5424	0	1192755	64	10581248	100	2	12200                              	63968	0	10581248	0
0.5	6100	5892	0	1281347	64	10581248	100	2	12200                              	64864	0	10581248	0
0.5	6100	5713	0	1247972	64	10581248	100	2	12200                              	66124	0	10581248	0
0.5	6100	5746	0	1254590	64	10581248	100	2	12200                              	66699	0	10581248	0
0.5	6100	5911	0	1286778	64	10581248	100	2	12200                              	63122	0	10581248	0
0.5	6100	5781	0	1261651	64	10581248	100	2	12200                              	48853	0	10581248	0
0.5	6100	5598	0	1226970	64	10581248	100	2	12200                              	66370	0	10581248	0
0.5	6100	5774	0	1260642	64	10581248	100	2	12200                              	62659	0	10581248	0
0.5	6100	5534	0	1215113	64	10581248	100	2	12200                              	55102	0	10581248	0
0.5	6100	6298	0	1360165	64	10581248	100	2	12200                              	64811	0	10581248	0
0.5	6100	6016	0	1305658	64	10581248	100	2	12200                              	52019	0	10581248	0
0.5	6100	5959	0	1294654	64	10581248	100	2	12200                              	52628	0	10581248	0
0.5	6100	5612	0	1228578	64	10581248	100	2	12200                              	54847	0	10581248	0
0.5	6100	5929	0	1289028	64	10581248	100	2	12200                              	65125	0	10581248	0
0.5	6100	5703	0	1245956	64	10581248	100	2	12200                              	53311	0	10581248	0
0.5	6100	5297	0	1168027	64	10581248	100	2	12200                              	64618	0	10581248	0
0.5	6100	5712	0	1249007	64	10581248	100	2	12200                              	66433	0	10581248	0
0.5	6100	6230	0	1347121	64	10581248	100	2	12200                              	53248	0	10581248	0
0.5	6100	6677	0	1431665	64	10581248	100	2	12200                              	53221	0	10581248	0
0.5	6100	5687	0	1242568	64	10581248	100	2	12200                              	52183	0	10581248	0
0.5	6100	5900	0	1283614	64	10581248	100	2	12200                              	66861	0	10581248	0
0.5	6100	6102	0	1322717	64	10581248	100	2	12200                              	52232	0	10581248	0
0.5	6100	5666	0	1238946	64	10581248	100	2	12200                              	65380	0	10581248	0
0.5	6100	6135	0	1329624	64	10581248	100	2	12200                              	64507	0	10581248	0
0.5	6100	5384	0	1185637	64	10581248	100	2	12200                              	65722	0	10581248	0
0.5	6100	6215	0	1343248	64	10581248	100	2	12200                              	65357	0	10581248	0
0.5	6100	5673	0	1240797	64	10581248	100	2	12200                              	64992	0	10581248	0
0.5	6100	6105	0	1322557	64	10581248	100	2	12200                              	65649	0	10581248	0
0.5	6100	5913	0	1286847	64	10581248	100	2	12200                              	66387	0	10581248	0
0.5	6100	5802	0	1265513	64	10581248	100	2	12200                              	65104	0	10581248	0
0.5	6100	5729	0	1251638	64	10581248	100	2	12200                              	64649	0	10581248	0
0.5	6100	5642	0	1234970	64	10581248	100	2	12200                              	52732	0	10581248	0
0.5	6100	5654	0	1237416	64	10581248	100	2	12200                              	65579	0	10581248	0
0.5	6100	5507	0	1208126	64	10581248	100	2	12200                              	63014	0	10581248	0
0.5	6100	5956	0	1293538	64	10581248	100	2	12200                              	64170	0	10581248	0
0.5	6100	5685	0	1242942	64	10581248	100	2	12200                              	65986	0	10581248	0
0.5	6100	5999	0	1302594	64	10581248	100	2	12200                              	52030	0	10581248	0
0.5	6100	5634	0	1232280	64	10581248	100	2	12200                              	65070	0	10581248	0
0.5	6100	5818	0	1268347	64	10581248	100	2	12200                              	65545	0	10581248	0
0.5	6100	5867	0	1277657	64	10581248	100	2	12200                              	66369	0	10581248	0
0.5	6100	6234	0	1348319	64	10581248	100	2	12200                              	65084	0	10581248	0
0.5	6100	5620	0	1230185	64	10581248	100	2	12200                              	64001	0	10581248	0
0.5	6100	5581	0	1222882	64	10581248	100	2	12200                              	63058	0	10581248	0
0.5	6100	5723	0	1250159	64	10581248	100	2	12200                              	53484	0	10581248	0
0.5	6100	5644	0	1234623	64	10581248	100	2	12200                              	52622	0	10581248	0
0.5	6100	5983	0	1300306	64	10581248	100	2	12200                              	52999	0	10581248	0
0.5	6100	5884	0	1280462	64	10581248	100	2	12200                              	64655	0	10581248	0
0.5	6100	5456	0	1198550	64	10581248	100	2	12200                              	66447	0	10581248	0
0.5	6100	6694	0	1435098	64	10581248	100	2	12200                              	65053	0	10581248	0
0.5	6100	5601	0	1226691	64	10581248	100	2	12200                              	63836	0	10581248	0
0.5	6100	5495	0	1206105	64	10581248	100	2	12200                              	64822	0	10581248	0
0.5	6100	6470	0	1392215	64	10581248	100	2	12200                              	64367	0	10581248	0
0.5	6100	5683	0	1242486	64	10581248	100	2	12200                              	48848	0	10581248	0
0.5	6100	5689	0	1242918	64	10581248	100	2	12200                              	65547	0	10581248	0
0.5	6100	6132	0	1327298	64	10581248	100	2	12200                              	50674	0	10581248	0
0.5	6100	5539	0	1215698	64	10581248	100	2	12200                              	54106	0	10581248	0
0.5	6100	5854	0	1276220	64	10581248	100	2	12200                              	61806	0	10581248	0
0.5	6100	5729	0	1252490	64	10581248	100	2	12200                              	54260	0	10581248	0
0.5	6100	5659	0	1238380	64	10581248	100	2	12200                              	63231	0	10581248	0
0.5	6100	6203	0	1341013	64	10581248	100	2	12200                              	50267	0	10581248	0
0.5	6100	6058	0	1313645	64	10581248	100	2	12200                              	59947	0	10581248	0
0.5	6100	6041	0	1311388	64	10581248	100	2	12200                              	48626	0	10581248	0
0.5	6100	5481	0	1204801	64	10581248	100	2	12200                              	65845	0	10581248	0
0.5	6100	6044	0	1311771	64	10581248	100	2	12200                              	53641	0	10581248	0
0.5	7100	5062	0	1281400	64	10581248	100	2	14200                              	51603	0	10581248	0
0.5	7100	5427	0	1363114	64	10581248	100	2	14200                              	53108	0	10581248	0
0.5	7100	5220	0	1316847	64	10581248	100	2	14200                              	50040	0	10581248	0
0.5	7100	4726	0	1207084	64	10581248	100	2	14200                              	63379	0	10581248	0
0.5	7100	4742	0	1209422	64	10581248	100	2	14200                              	63340	0	10581248	0
0.5	7100	5063	0	1281591	64	10581248	100	2	14200                              	65612	0	10581248	0
0.5	7100	5704	0	1424718	64	10581248	100	2	14200                              	49423	0	10581248	0
0.5	7100	4952	0	1256976	64	10581248	100	2	14200                              	52264	0	10581248	0
0.5	7100	5338	0	1342246	64	10581248	100	2	14200                              	63977	0	10581248	0
0.5	7100	5261	0	1325421	64	10581248	100	2	14200                              	50428	0	10581248	0
0.5	7100	4880	0	1241414	64	10581248	100	2	14200                              	63861	0	10581248	0
0.5	7100	4673	0	1194438	64	10581248	100	2	14200                              	51781	0	10581248	0
0.5	7100	5244	0	1321858	64	10581248	100	2	14200                              	61071	0	10581248	0
0.5	7100	4966	0	1259624	64	10581248	100	2	14200                              	52427	0	10581248	0
0.5	7100	5031	0	1275365	64	10581248	100	2	14200                              	62098	0	10581248	0
0.5	7100	4856	0	1235385	64	10581248	100	2	14200                              	47690	0	10581248	0
0.5	7100	4840	0	1232355	64	10581248	100	2	14200                              	61918	0	10581248	0
0.5	7100	4782	0	1218896	64	10581248	100	2	14200                              	64315	0	10581248	0
0.5	7100	5081	0	1285266	64	10581248	100	2	14200                              	52511	0	10581248	0
0.5	7100	5296	0	1333931	64	10581248	100	2	14200                              	61570	0	10581248	0
0.5	7100	6002	0	1489817	64	10581248	100	2	14200                              	63178	0	10581248	0
0.5	7100	5085	0	1286964	64	10581248	100	2	14200                              	51347	0	10581248	0
0.5	7100	5315	0	1337285	64	10581248	100	2	14200                              	63238	0	10581248	0
0.5	7100	5885	0	1463846	64	10581248	100	2	14200                              	51609	0	10581248	0
0.5	7100	4919	0	1248836	64	10581248	100	2	14200                              	63955	0	10581248	0
0.5	7100	4979	0	1262437	64	10581248	100	2	14200                              	61858	0	10581248	0
0.5	7100	4401	0	1135180	64	10581248	100	2	14200                              	54531	0	10581248	0
0.5	7100	4884	0	1241864	64	10581248	100	2	14200                              	62658	0	10581248	0
0.5	7100	4902	0	1246047	64	10581248	100	2	14200                              	65595	0	10581248	0
0.5	7100	5260	0	1325413	64	10581248	100	2	14200                              	49429	0	10581248	0
0.5	7100	4913	0	1247999	64	10581248	100	2	14200                              	62699	0	10581248	0
0.5	7100	5380	0	1350782	64	10581248	100	2	14200                              	65544	0	10581248	0
0.5	7100	5051	0	1278753	64	10581248	100	2	14200                              	64906	0	10581248	0
0.5	7100	5309	0	1335305	64	10581248	100	2	14200                              	63807	0	10581248	0
0.5	7100	4936	0	1253547	64	10581248	100	2	14200                              	63995	0	10581248	0
0.5	7100	5072	0	1283582	64	10581248	100	2	14200                              	62219	0	10581248	0
0.5	7100	5258	0	1325308	64	10581248	100	2	14200                              	60743	0	10581248	0
0.5	7100	5894	0	1465423	64	10581248	100	2	14200                              	53169	0	10581248	0
0.5	7100	4934	0	1252940	64	10581248	100	2	14200                              	64022	0	10581248	0
0.5	7100	5128	0	1294702	64	10581248	100	2	14200                              	61539	0	10581248	0
0.5	7100	5353	0	1345447	64	10581248	100	2	14200                              	63080	0	10581248	0
0.5	7100	5473	0	1372533	64	10581248	100	2	14200                              	49495	0	10581248	0
0.5	7100	4894	0	1243852	64	10581248	100	2	14200                              	49794	0	10581248	0
0.5	7100	5138	0	1298503	64	10581248	100	2	14200                              	65468	0	10581248	0
0.5	7100	5036	0	1275352	64	10581248	100	2	14200                              	63260	0	10581248	0
0.5	7100	4675	0	1194709	64	10581248	100	2	14200                              	64593	0	10581248	0
0.5	7100	5326	0	1339614	64	10581248	100	2	14200                              	50664	0	10581248	0
0.5	7100	5034	0	1275452	64	10581248	100	2	14200                              	63660	0	10581248	0
0.5	7100	5089	0	1286855	64	10581248	100	2	14200                              	53289	0	10581248	0
0.5	7100	5333	0	1341226	64	10581248	100	2	14200                              	61894	0	10581248	0
0.5	7100	5683	0	1418995	64	10581248	100	2	14200                              	61096	0	10581248	0
0.5	7100	4941	0	1254084	64	10581248	100	2	14200                              	51423	0	10581248	0
0.5	7100	5452	0	1367876	64	10581248	100	2	14200                              	52232	0	10581248	0
0.5	7100	5055	0	1279526	64	10581248	100	2	14200                              	52308	0	10581248	0
0.5	7100	5410	0	1358333	64	10581248	100	2	14200                              	60629	0	10581248	0
0.5	7100	4992	0	1264856	64	10581248	100	2	14200                              	64337	0	10581248	0
0.5	7100	5721	0	1427629	64	10581248	100	2	14200                              	61471	0	10581248	0
0.5	7100	5565	0	1393395	64	10581248	100	2	14200                              	62673	0	10581248	0
0.5	7100	5058	0	1279173	64	10581248	100	2	14200                              	52736	0	10581248	0
0.5	7100	5239	0	1319733	64	10581248	100	2	14200                              	63996	0	10581248	0
0.5	7100	4926	0	1250748	64	10581248	100	2	14200                              	49300	0	10581248	0
0.5	7100	5105	0	1290077	64	10581248	100	2	14200                              	64450	0	10581248	0
0.5	7100	5170	0	1305062	64	10581248	100	2	14200                              	53182	0	10581248	0
0.5	7100	5065	0	1282132	64	10581248	100	2	14200                              	61881	0	10581248	0
0.5	7100	4720	0	1205707	64	10581248	100	2	14200                              	54539	0	10581248	0
0.5	7100	5219	0	1316344	64	10581248	100	2	14200                              	62315	0	10581248	0
0.5	7100	4931	0	1251352	64	10581248	100	2	14200                              	47234	0	10581248	0
0.5	7100	5436	0	1363450	64	10581248	100	2	14200                              	64307	0	10581248	0
0.5	7100	4960	0	1259213	64	10581248	100	2	14200                              	63673	0	10581248	0
0.5	7100	5237	0	1320110	64	10581248	100	2	14200                              	65559	0	10581248	0
0.5	7100	4791	0	1221138	64	10581248	100	2	14200                              	62752	0	10581248	0
0.5	7100	4967	0	1260857	64	10581248	100	2	14200                              	50869	0	10581248	0
0.5	7100	5090	0	1287747	64	10581248	100	2	14200                              	60218	0	10581248	0
0.5	7100	4820	0	1227552	64	10581248	100	2	14200                              	62575	0	10581248	0
0.5	7100	5250	0	1322851	64	10581248	100	2	14200                              	58030	0	10581248	0
0.5	7100	5023	0	1272032	64	10581248	100	2	14200                              	59036	0	10581248	0
0.5	7100	4976	0	1262958	64	10581248	100	2	14200                              	51469	0	10581248	0
0.5	7100	5486	0	1375426	64	10581248	100	2	14200                              	53843	0	10581248	0
0.5	7100	4914	0	1247720	64	10581248	100	2	14200                              	62337	0	10581248	0
0.5	7100	4916	0	1248834	64	10581248	100	2	14200                              	62920	0	10581248	0
0.5	7100	5053	0	1278048	64	10581248	100	2	14200                              	62226	0	10581248	0
0.5	7100	5717	0	1427329	64	10581248	100	2	14200                              	59117	0	10581248	0
0.5	7100	4865	0	1236845	64	10581248	100	2	14200                              	63135	0	10581248	0
0.5	7100	4973	0	1261249	64	10581248	100	2	14200                              	62176	0	10581248	0
0.5	7100	5175	0	1306096	64	10581248	100	2	14200                              	63157	0	10581248	0
0.5	7100	4632	0	1186206	64	10581248	100	2	14200                              	62194	0	10581248	0
0.5	7100	5691	0	1421014	64	10581248	100	2	14200                              	52243	0	10581248	0
0.5	7100	5181	0	1307361	64	10581248	100	2	14200                              	63992	0	10581248	0
0.5	7100	5308	0	1336155	64	10581248	100	2	14200                              	46655	0	10581248	0
0.5	7100	5007	0	1269403	64	10581248	100	2	14200                              	64276	0	10581248	0
0.5	7100	5256	0	1323780	64	10581248	100	2	14200                              	51472	0	10581248	0
0.5	7100	4954	0	1256866	64	10581248	100	2	14200                              	63054	0	10581248	0
0.5	7100	5122	0	1293722	64	10581248	100	2	14200                              	62322	0	10581248	0
0.5	7100	5555	0	1391030	64	10581248	100	2	14200                              	59658	0	10581248	0
0.5	7100	5844	0	1455263	64	10581248	100	2	14200                              	62092	0	10581248	0
0.5	7100	5053	0	1278239	64	10581248	100	2	14200                              	50139	0	10581248	0
0.5	7100	5050	0	1279016	64	10581248	100	2	14200                              	61892	0	10581248	0
0.5	7100	4891	0	1243695	64	10581248	100	2	14200                              	53274	0	10581248	0
0.5	7100	5516	0	1381859	64	10581248	100	2	14200                              	46341	0	10581248	0
0.5	7100	5400	0	1356349	64	10581248	100	2	14200                              	63443	0	10581248	0
0.5	8100	4642	0	1331770	64	10581248	100	2	16200                              	47761	0	10581248	0
0.5	8100	5105	0	1449616	64	10581248	100	2	16200                              	56053	0	10581248	0
0.5	8100	4888	0	1394343	64	10581248	100	2	16200                              	50662	0	10581248	0
0.5	8100	4998	0	1421132	64	10581248	100	2	16200                              	59883	0	10581248	0
0.5	8100	5384	0	1520375	64	10581248	100	2	16200                              	58848	0	10581248	0
0.5	8100	5067	0	1439944	64	10581248	100	2	16200                              	57302	0	10581248	0
0.5	8100	4747	0	1359451	64	10581248	100	2	16200                              	51026	0	10581248	0
0.5	8100	4629	0	1329561	64	10581248	100	2	16200                              	50533	0	10581248	0
0.5	8100	4904	0	1397821	64	10581248	100	2	16200                              	48905	0	10581248	0
0.5	8100	4684	0	1343436	64	10581248	100	2	16200                              	48361	0	10581248	0
0.5	8100	4700	0	1346842	64	10581248	100	2	16200                              	57147	0	10581248	0
0.5	8100	5128	0	1455473	64	10581248	100	2	16200                              	50814	0	10581248	0
0.5	8100	4545	0	1307395	64	10581248	100	2	16200                              	43530	0	10581248	0
0.5	8100	4813	0	1375491	64	10581248	100	2	16200                              	59817	0	10581248	0
0.5	8100	4827	0	1379973	64	10581248	100	2	16200                              	58829	0	10581248	0
0.5	8100	5186	0	1470215	64	10581248	100	2	16200                              	49635	0	10581248	0
0.5	8100	4957	0	1411932	64	10581248	100	2	16200                              	47152	0	10581248	0
0.5	8100	4424	0	1278590	64	10581248	100	2	16200                              	59548	0	10581248	0
0.5	8100	4424	0	1278005	64	10581248	100	2	16200                              	50121	0	10581248	0
0.5	8100	4728	0	1353986	64	10581248	100	2	16200                              	61937	0	10581248	0
0.5	8100	4501	0	1296437	64	10581248	100	2	16200                              	51689	0	10581248	0
0.5	8100	4613	0	1324305	64	10581248	100	2	16200                              	62791	0	10581248	0
0.5	8100	4292	0	1244124	64	10581248	100	2	16200                              	58917	0	10581248	0
0.5	8100	4320	0	1249695	64	10581248	100	2	16200                              	51650	0	10581248	0
0.5	8100	4582	0	1316213	64	10581248	100	2	16200                              	49271	0	10581248	0
0.5	8100	4430	0	1279367	64	10581248	100	2	16200                              	60656	0	10581248	0
0.5	8100	4907	0	1399093	64	10581248	100	2	16200                              	46362	0	10581248	0
0.5	8100	5143	0	1459804	64	10581248	100	2	16200                              	47877	0	10581248	0
0.5	8100	4703	0	1348179	64	10581248	100	2	16200                              	47669	0	10581248	0
0.5	8100	4776	0	1366684	64	10581248	100	2	16200                              	60919	0	10581248	0
0.5	8100	4688	0	1342935	64	10581248	100	2	16200                              	44048	0	10581248	0
0.5	8100	4840	0	1381264	64	10581248	100	2	16200                              	52192	0	10581248	0
0.5	8100	5008	0	1425271	64	10581248	100	2	16200                              	59176	0	10581248	0
0.5	8100	4491	0	1294054	64	10581248	100	2	16200                              	61858	0	10581248	0
0.5	8100	4518	0	1300621	64	10581248	100	2	16200                              	50384	0	10581248	0
0.5	8100	4588	0	1317791	64	10581248	100	2	16200                              	42666	0	10581248	0
0.5	8100	4500	0	1296189	64	10581248	100	2	16200                              	63597	0	10581248	0
0.5	8100	4902	0	1397911	64	10581248	100	2	16200                              	50640	0	10581248	0
0.5	8100	4886	0	1392518	64	10581248	100	2	16200                              	51269	0	10581248	0
0.5	8100	5003	0	1422528	64	10581248	100	2	16200                              	61998	0	10581248	0
0.5	8100	4925	0	1403075	64	10581248	100	2	16200                              	60246	0	10581248	0
0.5	8100	5324	0	1504704	64	10581248	100	2	16200                              	60262	0	10581248	0
0.5	8100	4630	0	1329388	64	10581248	100	2	16200                              	50912	0	10581248	0
0.5	8100	4804	0	1373064	64	10581248	100	2	16200                              	64004	0	10581248	0
0.5	8100	4554	0	1311399	64	10581248	100	2	16200                              	59961	0	10581248	0
0.5	8100	4303	0	1247368	64	10581248	100	2	16200                              	64070	0	10581248	0
0.5	8100	4766	0	1362709	64	10581248	100	2	16200                              	60705	0	10581248	0
0.5	8100	5291	0	1495801	64	10581248	100	2	16200                              	49940	0	10581248	0
0.5	8100	4650	0	1334198	64	10581248	100	2	16200                              	59964	0	10581248	0
0.5	8100	4615	0	1326065	64	10581248	100	2	16200                              	50237	0	10581248	0
0.5	8100	4725	0	1352262	64	10581248	100	2	16200                              	61357	0	10581248	0
0.5	8100	4781	0	1367323	64	10581248	100	2	16200                              	58978	0	10581248	0
0.5	8100	4978	0	1416508	64	10581248	100	2	16200                              	60574	0	10581248	0
0.5	8100	4649	0	1333846	64	10581248	100	2	16200                              	62578	0	10581248	0
0.5	8100	4500	0	1297912	64	10581248	100	2	16200                              	60785	0	10581248	0
0.5	8100	4781	0	1367418	64	10581248	100	2	16200                              	60392	0	10581248	0
0.5	8100	5159	0	1463291	64	10581248	100	2	16200                              	47710	0	10581248	0
0.5	8100	5289	0	1496512	64	10581248	100	2	16200                              	51897	0	10581248	0
0.5	8100	4722	0	1350964	64	10581248	100	2	16200                              	59143	0	10581248	0
0.5	8100	4512	0	1298919	64	10581248	100	2	16200                              	49741	0	10581248	0
0.5	8100	5202	0	1473974	64	10581248	100	2	16200                              	59867	0	10581248	0
0.5	8100	4310	0	1247710	64	10581248	100	2	16200                              	61697	0	10581248	0
0.5	8100	4927	0	1404823	64	10581248	100	2	16200                              	60701	0	10581248	0
0.5	8100	4757	0	1361220	64	10581248	100	2	16200                              	56227	0	10581248	0
0.5	8100	5361	0	1514158	64	10581248	100	2	16200                              	63519	0	10581248	0
0.5	8100	4435	0	1279980	64	10581248	100	2	16200                              	61302	0	10581248	0
0.5	8100	4991	0	1420451	64	10581248	100	2	16200                              	48382	0	10581248	0
0.5	8100	4632	0	1328971	64	10581248	100	2	16200                              	56120	0	10581248	0
0.5	8100	4729	0	1353834	64	10581248	100	2	16200                              	48873	0	10581248	0
0.5	8100	4980	0	1417517	64	10581248	100	2	16200                              	57059	0	10581248	0
0.5	8100	4611	0	1324684	64	10581248	100	2	16200                              	51127	0	10581248	0
0.5	8100	4802	0	1372793	64	10581248	100	2	16200                              	62326	0	10581248	0
0.5	8100	4749	0	1359927	64	10581248	100	2	16200                              	61905	0	10581248	0
0.5	8100	4652	0	1334636	64	10581248	100	2	16200                              	49884	0	10581248	0
0.5	8100	4658	0	1335714	64	10581248	100	2	16200                              	49125	0	10581248	0
0.5	8100	4472	0	1288949	64	10581248	100	2	16200                              	49371	0	10581248	0
0.5	8100	5244	0	1484716	64	10581248	100	2	16200                              	51578	0	10581248	0
0.5	8100	4769	0	1365261	64	10581248	100	2	16200                              	60593	0	10581248	0
0.5	8100	4540	0	1305557	64	10581248	100	2	16200                              	60136	0	10581248	0
0.5	8100	5054	0	1435531	64	10581248	100	2	16200                              	50354	0	10581248	0
0.5	8100	4859	0	1386218	64	10581248	100	2	16200                              	60382	0	10581248	0
0.5	8100	4472	0	1287824	64	10581248	100	2	16200                              	49680	0	10581248	0
0.5	8100	4801	0	1372453	64	10581248	100	2	16200                              	60510	0	10581248	0
0.5	8100	4608	0	1324359	64	10581248	100	2	16200                              	51171	0	10581248	0
0.5	8100	4616	0	1325759	64	10581248	100	2	16200                              	48341	0	10581248	0
0.5	8100	5043	0	1433127	64	10581248	100	2	16200                              	60778	0	10581248	0
0.5	8100	4431	0	1279340	64	10581248	100	2	16200                              	63980	0	10581248	0
0.5	8100	4761	0	1362301	64	10581248	100	2	16200                              	49052	0	10581248	0
0.5	8100	4579	0	1315363	64	10581248	100	2	16200                              	49042	0	10581248	0
0.5	8100	4884	0	1392989	64	10581248	100	2	16200                              	54837	0	10581248	0
0.5	8100	4798	0	1372833	64	10581248	100	2	16200                              	55812	0	10581248	0
0.5	8100	4631	0	1329055	64	10581248	100	2	16200                              	63680	0	10581248	0
0.5	8100	4744	0	1357570	64	10581248	100	2	16200                              	61778	0	10581248	0
0.5	8100	4733	0	1353986	64	10581248	100	2	16200                              	51242	0	10581248	0
0.5	8100	4914	0	1400337	64	10581248	100	2	16200                              	63146	0	10581248	0
0.5	8100	4769	0	1363339	64	10581248	100	2	16200                              	61776	0	10581248	0
0.5	8100	4408	0	1272549	64	10581248	100	2	16200                              	60570	0	10581248	0
0.5	8100	4841	0	1382067	64	10581248	100	2	16200                              	49182	0	10581248	0
0.5	8100	5216	0	1477635	64	10581248	100	2	16200                              	52242	0	10581248	0
0.5	8100	4362	0	1261114	64	10581248	100	2	16200                              	49858	0	10581248	0
0.5	9100	4591	0	1463554	64	10581248	100	2	18200                              	58751	0	10581248	0
0.5	9100	3947	0	1279314	64	10581248	100	2	18200                              	61415	0	10581248	0
0.5	9100	4536	0	1444280	64	10581248	100	2	18200                              	48444	0	10581248	0
0.5	9100	4521	0	1440322	64	10581248	100	2	18200                              	58561	0	10581248	0
0.5	9100	4359	0	1396657	64	10581248	100	2	18200                              	61647	0	10581248	0
0.5	9100	4622	0	1469958	64	10581248	100	2	18200                              	60678	0	10581248	0
0.5	9100	4241	0	1362352	64	10581248	100	2	18200                              	47389	0	10581248	0
0.5	9100	4571	0	1456663	64	10581248	100	2	18200                              	48483	0	10581248	0
0.5	9100	4373	0	1400842	64	10581248	100	2	18200                              	46648	0	10581248	0
0.5	9100	4522	0	1440679	64	10581248	100	2	18200                              	61654	0	10581248	0
0.5	9100	4212	0	1354198	64	10581248	100	2	18200                              	50105	0	10581248	0
0.5	9100	4131	0	1331120	64	10581248	100	2	18200                              	56067	0	10581248	0
0.5	9100	4756	0	1508949	64	10581248	100	2	18200                              	59862	0	10581248	0
0.5	9100	4473	0	1428931	64	10581248	100	2	18200                              	62800	0	10581248	0
0.5	9100	5075	0	1599295	64	10581248	100	2	18200                              	48265	0	10581248	0
0.5	9100	4304	0	1380962	64	10581248	100	2	18200                              	60557	0	10581248	0
0.5	9100	4581	0	1459481	64	10581248	100	2	18200                              	61357	0	10581248	0
0.5	9100	4273	0	1370333	64	10581248	100	2	18200                              	47161	0	10581248	0
0.5	9100	4396	0	1406733	64	10581248	100	2	18200                              	57799	0	10581248	0
0.5	9100	4390	0	1404285	64	10581248	100	2	18200                              	49974	0	10581248	0
0.5	9100	4975	0	1571224	64	10581248	100	2	18200                              	61831	0	10581248	0
0.5	9100	4728	0	1500595	64	10581248	100	2	18200                              	52053	0	10581248	0
0.5	9100	4366	0	1398131	64	10581248	100	2	18200                              	56249	0	10581248	0
0.5	9100	4440	0	1417290	64	10581248	100	2	18200                              	60000	0	10581248	0
0.5	9100	4339	0	1389353	64	10581248	100	2	18200                              	47990	0	10581248	0
0.5	9100	4779	0	1515724	64	10581248	100	2	18200                              	58282	0	10581248	0
0.5	9100	4055	0	1309674	64	10581248	100	2	18200                              	59332	0	10581248	0
0.5	9100	4591	0	1462024	64	10581248	100	2	18200                              	59674	0	10581248	0
0.5	9100	4451	0	1420965	64	10581248	100	2	18200                              	42462	0	10581248	0
0.5	9100	4479	0	1430612	64	10581248	100	2	18200                              	50985	0	10581248	0
0.5	9100	4528	0	1444225	64	10581248	100	2	18200                              	57644	0	10581248	0
0.5	9100	4560	0	1452389	64	10581248	100	2	18200                              	59269	0	10581248	0
0.5	9100	4238	0	1362394	64	10581248	100	2	18200                              	50126	0	10581248	0
0.5	9100	4389	0	1403262	64	10581248	100	2	18200                              	55516	0	10581248	0
0.5	9100	4975	0	1571158	64	10581248	100	2	18200                              	50009	0	10581248	0
0.5	9100	4755	0	1508972	64	10581248	100	2	18200                              	47535	0	10581248	0
0.5	9100	4440	0	1418848	64	10581248	100	2	18200                              	59778	0	10581248	0
0.5	9100	4353	0	1394244	64	10581248	100	2	18200                              	46909	0	10581248	0
0.5	9100	4639	0	1475459	64	10581248	100	2	18200                              	49231	0	10581248	0
0.5	9100	4241	0	1362653	64	10581248	100	2	18200                              	48779	0	10581248	0
0.5	9100	5031	0	1585994	64	10581248	100	2	18200                              	45603	0	10581248	0
0.5	9100	4327	0	1386405	64	10581248	100	2	18200                              	44502	0	10581248	0
0.5	9100	4126	0	1328811	64	10581248	100	2	18200                              	59272	0	10581248	0
0.5	9100	4084	0	1317917	64	10581248	100	2	18200                              	61861	0	10581248	0
0.5	9100	4341	0	1391666	64	10581248	100	2	18200                              	59747	0	10581248	0
0.5	9100	4437	0	1418248	64	10581248	100	2	18200                              	48870	0	10581248	0
0.5	9100	4611	0	1467292	64	10581248	100	2	18200                              	62239	0	10581248	0
0.5	9100	4277	0	1371616	64	10581248	100	2	18200                              	58722	0	10581248	0
0.5	9100	4034	0	1303492	64	10581248	100	2	18200                              	52716	0	10581248	0
0.5	9100	4209	0	1352296	64	10581248	100	2	18200                              	47188	0	10581248	0
0.5	9100	4645	0	1477328	64	10581248	100	2	18200                              	61736	0	10581248	0
0.5	9100	4935	0	1559918	64	10581248	100	2	18200                              	46389	0	10581248	0
0.5	9100	4339	0	1389424	64	10581248	100	2	18200                              	58744	0	10581248	0
0.5	9100	4584	0	1460227	64	10581248	100	2	18200                              	60242	0	10581248	0
0.5	9100	4610	0	1467072	64	10581248	100	2	18200                              	59729	0	10581248	0
0.5	9100	4089	0	1320073	64	10581248	100	2	18200                              	48743	0	10581248	0
0.5	9100	4627	0	1473842	64	10581248	100	2	18200                              	57632	0	10581248	0
0.5	9100	4111	0	1324981	64	10581248	100	2	18200                              	46362	0	10581248	0
0.5	9100	4365	0	1399133	64	10581248	100	2	18200                              	56576	0	10581248	0
0.5	9100	4941	0	1560868	64	10581248	100	2	18200                              	58578	0	10581248	0
0.5	9100	4467	0	1425772	64	10581248	100	2	18200                              	61346	0	10581248	0
0.5	9100	4341	0	1390618	64	10581248	100	2	18200                              	57057	0	10581248	0
0.5	9100	4256	0	1366315	64	10581248	100	2	18200                              	48536	0	10581248	0
0.5	9100	4715	0	1497065	64	10581248	100	2	18200                              	47477	0	10581248	0
0.5	9100	4389	0	1403107	64	10581248	100	2	18200                              	57431	0	10581248	0
0.5	9100	4292	0	1377318	64	10581248	100	2	18200                              	60131	0	10581248	0
0.5	9100	4006	0	1295491	64	10581248	100	2	18200                              	49470	0	10581248	0
0.5	9100	4194	0	1347863	64	10581248	100	2	18200                              	47582	0	10581248	0
0.5	9100	4473	0	1427963	64	10581248	100	2	18200                              	45582	0	10581248	0
0.5	9100	4135	0	1332211	64	10581248	100	2	18200                              	49538	0	10581248	0
0.5	9100	4367	0	1398794	64	10581248	100	2	18200                              	59137	0	10581248	0
0.5	9100	4053	0	1308949	64	10581248	100	2	18200                              	49261	0	10581248	0
0.5	9100	4567	0	1454945	64	10581248	100	2	18200                              	59858	0	10581248	0
0.5	9100	4910	0	1552640	64	10581248	100	2	18200                              	59371	0	10581248	0
0.5	9100	4501	0	1436159	64	10581248	100	2	18200                              	59608	0	10581248	0
0.5	9100	4361	0	1396577	64	10581248	100	2	18200                              	58350	0	10581248	0
0.5	9100	4161	0	1340017	64	10581248	100	2	18200                              	50268	0	10581248	0
0.5	9100	4312	0	1382303	64	10581248	100	2	18200                              	60521	0	10581248	0
0.5	9100	4340	0	1390040	64	10581248	100	2	18200                              	59315	0	10581248	0
0.5	9100	4665	0	1482457	64	10581248	100	2	18200                              	54609	0	10581248	0
0.5	9100	4097	0	1321105	64	10581248	100	2	18200                              	47668	0	10581248	0
0.5	9100	4842	0	1533369	64	10581248	100	2	18200                              	58380	0	10581248	0
0.5	9100	5126	0	1613980	64	10581248	100	2	18200                              	58753	0	10581248	0
0.5	9100	4695	0	1492003	64	10581248	100	2	18200                              	48273	0	10581248	0
0.5	9100	4301	0	1380113	64	10581248	100	2	18200                              	51319	0	10581248	0
0.5	9100	4352	0	1393397	64	10581248	100	2	18200                              	49664	0	10581248	0
0.5	9100	4758	0	1509412	64	10581248	100	2	18200                              	48818	0	10581248	0
0.5	9100	4466	0	1424933	64	10581248	100	2	18200                              	49801	0	10581248	0
0.5	9100	4025	0	1301491	64	10581248	100	2	18200                              	60209	0	10581248	0
0.5	9100	4227	0	1357732	64	10581248	100	2	18200                              	60727	0	10581248	0
0.5	9100	4089	0	1318332	64	10581248	100	2	18200                              	46623	0	10581248	0
0.5	9100	5103	0	1606933	64	10581248	100	2	18200                              	49763	0	10581248	0
0.5	9100	4165	0	1340332	64	10581248	100	2	18200                              	47042	0	10581248	0
0.5	9100	4330	0	1388084	64	10581248	100	2	18200                              	58787	0	10581248	0
0.5	9100	4321	0	1383487	64	10581248	100	2	18200                              	61135	0	10581248	0
0.5	9100	4270	0	1370754	64	10581248	100	2	18200                              	59936	0	10581248	0
0.5	9100	4279	0	1372406	64	10581248	100	2	18200                              	60389	0	10581248	0
0.5	9100	4339	0	1390522	64	10581248	100	2	18200                              	46777	0	10581248	0
0.5	9100	4421	0	1413315	64	10581248	100	2	18200                              	56305	0	10581248	0
0.5	9100	4466	0	1427040	64	10581248	100	2	18200                              	55790	0	10581248	0
