#using seed 0.044574
# Work:10581248, depth:844030, work/p+depth:1174694.0
#PROCESSORS: 32, RUNS: 100
#prb	R-l	ISR	ESR	runTime	processors    	work	taskThreshold	lGranularity	rGranularity	IDATAT	EDATAT	W0	W1
0.5	100	83984	0	855468	32	10581248	100	2	200                              	73004	0	10581248	0
0.5	100	83930	0	855118	32	10581248	100	2	200                              	72781	0	10581248	0
0.5	100	86094	0	868658	32	10581248	100	2	200                              	69367	0	10581248	0
0.5	100	83791	0	854251	32	10581248	100	2	200                              	72879	0	10581248	0
0.5	100	83980	0	855451	32	10581248	100	2	200                              	72783	0	10581248	0
0.5	100	84434	0	858269	32	10581248	100	2	200                              	72200	0	10581248	0
0.5	100	83443	0	852068	32	10581248	100	2	200                              	71989	0	10581248	0
0.5	100	84168	0	856623	32	10581248	100	2	200                              	71046	0	10581248	0
0.5	100	85783	0	866705	32	10581248	100	2	200                              	70179	0	10581248	0
0.5	100	84974	0	861647	32	10581248	100	2	200                              	71633	0	10581248	0
0.5	100	83818	0	854433	32	10581248	100	2	200                              	72487	0	10581248	0
0.5	100	83566	0	852852	32	10581248	100	2	200                              	73730	0	10581248	0
0.5	100	85704	0	866208	32	10581248	100	2	200                              	69707	0	10581248	0
0.5	100	84877	0	861046	32	10581248	100	2	200                              	67273	0	10581248	0
0.5	100	83482	0	852327	32	10581248	100	2	200                              	71104	0	10581248	0
0.5	100	86047	0	868371	32	10581248	100	2	200                              	72830	0	10581248	0
0.5	100	84426	0	858213	32	10581248	100	2	200                              	72342	0	10581248	0
0.5	100	83204	0	850595	32	10581248	100	2	200                              	72983	0	10581248	0
0.5	100	85901	0	867444	32	10581248	100	2	200                              	70082	0	10581248	0
0.5	100	83831	0	854490	32	10581248	100	2	200                              	71962	0	10581248	0
0.5	100	83347	0	851468	32	10581248	100	2	200                              	72107	0	10581248	0
0.5	100	83642	0	853296	32	10581248	100	2	200                              	72358	0	10581248	0
0.5	100	83401	0	851814	32	10581248	100	2	200                              	72817	0	10581248	0
0.5	100	83813	0	854390	32	10581248	100	2	200                              	70691	0	10581248	0
0.5	100	84275	0	857284	32	10581248	100	2	200                              	71504	0	10581248	0
0.5	100	85312	0	863764	32	10581248	100	2	200                              	70234	0	10581248	0
0.5	100	86158	0	869066	32	10581248	100	2	200                              	61779	0	10581248	0
0.5	100	84611	0	859383	32	10581248	100	2	200                              	72241	0	10581248	0
0.5	100	83262	0	850966	32	10581248	100	2	200                              	72046	0	10581248	0
0.5	100	86096	0	868648	32	10581248	100	2	200                              	73067	0	10581248	0
0.5	100	84482	0	858577	32	10581248	100	2	200                              	73093	0	10581248	0
0.5	100	85017	0	861922	32	10581248	100	2	200                              	73190	0	10581248	0
0.5	100	83453	0	852134	32	10581248	100	2	200                              	72402	0	10581248	0
0.5	100	83444	0	852090	32	10581248	100	2	200                              	72828	0	10581248	0
0.5	100	83876	0	854803	32	10581248	100	2	200                              	70415	0	10581248	0
0.5	100	85004	0	861832	32	10581248	100	2	200                              	71156	0	10581248	0
0.5	100	84328	0	857598	32	10581248	100	2	200                              	64676	0	10581248	0
0.5	100	83811	0	854379	32	10581248	100	2	200                              	70468	0	10581248	0
0.5	100	84502	0	858695	32	10581248	100	2	200                              	72772	0	10581248	0
0.5	100	84140	0	856415	32	10581248	100	2	200                              	69311	0	10581248	0
0.5	100	84443	0	858326	32	10581248	100	2	200                              	71150	0	10581248	0
0.5	100	83443	0	852091	32	10581248	100	2	200                              	71782	0	10581248	0
0.5	100	84807	0	860617	32	10581248	100	2	200                              	72287	0	10581248	0
0.5	100	85220	0	863202	32	10581248	100	2	200                              	70225	0	10581248	0
0.5	100	83955	0	855271	32	10581248	100	2	200                              	70022	0	10581248	0
0.5	100	86368	0	870344	32	10581248	100	2	200                              	58445	0	10581248	0
0.5	100	83557	0	852797	32	10581248	100	2	200                              	72306	0	10581248	0
0.5	100	83497	0	852405	32	10581248	100	2	200                              	70392	0	10581248	0
0.5	100	83348	0	851478	32	10581248	100	2	200                              	71112	0	10581248	0
0.5	100	84753	0	860258	32	10581248	100	2	200                              	72283	0	10581248	0
0.5	100	83316	0	851292	32	10581248	100	2	200                              	72196	0	10581248	0
0.5	100	84256	0	857154	32	10581248	100	2	200                              	72763	0	10581248	0
0.5	100	85531	0	865141	32	10581248	100	2	200                              	71755	0	10581248	0
0.5	100	84133	0	856382	32	10581248	100	2	200                              	71626	0	10581248	0
0.5	100	85360	0	864065	32	10581248	100	2	200                              	71715	0	10581248	0
0.5	100	85663	0	865943	32	10581248	100	2	200                              	72387	0	10581248	0
0.5	100	85438	0	864542	32	10581248	100	2	200                              	65555	0	10581248	0
0.5	100	83791	0	854242	32	10581248	100	2	200                              	72694	0	10581248	0
0.5	100	83976	0	855400	32	10581248	100	2	200                              	72808	0	10581248	0
0.5	100	84750	0	860233	32	10581248	100	2	200                              	72727	0	10581248	0
0.5	100	83525	0	852606	32	10581248	100	2	200                              	72428	0	10581248	0
0.5	100	86255	0	869649	32	10581248	100	2	200                              	71859	0	10581248	0
0.5	100	84656	0	859652	32	10581248	100	2	200                              	71856	0	10581248	0
0.5	100	84262	0	857203	32	10581248	100	2	200                              	72633	0	10581248	0
0.5	100	85509	0	864972	32	10581248	100	2	200                              	70985	0	10581248	0
0.5	100	83833	0	854518	32	10581248	100	2	200                              	72913	0	10581248	0
0.5	100	85494	0	864902	32	10581248	100	2	200                              	72971	0	10581248	0
0.5	100	84252	0	857129	32	10581248	100	2	200                              	71800	0	10581248	0
0.5	100	84223	0	856937	32	10581248	100	2	200                              	72901	0	10581248	0
0.5	100	85414	0	864402	32	10581248	100	2	200                              	73386	0	10581248	0
0.5	100	84309	0	857495	32	10581248	100	2	200                              	70347	0	10581248	0
0.5	100	83559	0	852804	32	10581248	100	2	200                              	72368	0	10581248	0
0.5	100	83699	0	853676	32	10581248	100	2	200                              	71753	0	10581248	0
0.5	100	84238	0	857029	32	10581248	100	2	200                              	73273	0	10581248	0
0.5	100	84266	0	857227	32	10581248	100	2	200                              	72162	0	10581248	0
0.5	100	86269	0	869756	32	10581248	100	2	200                              	69918	0	10581248	0
0.5	100	84391	0	858006	32	10581248	100	2	200                              	69106	0	10581248	0
0.5	100	84218	0	856920	32	10581248	100	2	200                              	73093	0	10581248	0
0.5	100	86071	0	868516	32	10581248	100	2	200                              	59024	0	10581248	0
0.5	100	85189	0	862984	32	10581248	100	2	200                              	72124	0	10581248	0
0.5	100	84388	0	857984	32	10581248	100	2	200                              	54766	0	10581248	0
0.5	100	83346	0	851478	32	10581248	100	2	200                              	71950	0	10581248	0
0.5	100	83942	0	855197	32	10581248	100	2	200                              	70027	0	10581248	0
0.5	100	84019	0	855674	32	10581248	100	2	200                              	73018	0	10581248	0
0.5	100	84765	0	860338	32	10581248	100	2	200                              	73206	0	10581248	0
0.5	100	84905	0	861237	32	10581248	100	2	200                              	72122	0	10581248	0
0.5	100	84187	0	856750	32	10581248	100	2	200                              	71091	0	10581248	0
0.5	100	85082	0	862321	32	10581248	100	2	200                              	70595	0	10581248	0
0.5	100	83456	0	852164	32	10581248	100	2	200                              	71730	0	10581248	0
0.5	100	83487	0	852350	32	10581248	100	2	200                              	73086	0	10581248	0
0.5	100	86311	0	870003	32	10581248	100	2	200                              	71392	0	10581248	0
0.5	100	83210	0	850629	32	10581248	100	2	200                              	60604	0	10581248	0
0.5	100	85585	0	865468	32	10581248	100	2	200                              	61379	0	10581248	0
0.5	100	85407	0	864366	32	10581248	100	2	200                              	60349	0	10581248	0
0.5	100	84520	0	858825	32	10581248	100	2	200                              	73010	0	10581248	0
0.5	100	83696	0	853646	32	10581248	100	2	200                              	71914	0	10581248	0
0.5	100	85018	0	861915	32	10581248	100	2	200                              	61734	0	10581248	0
0.5	100	84891	0	861144	32	10581248	100	2	200                              	61299	0	10581248	0
0.5	100	83511	0	852505	32	10581248	100	2	200                              	72512	0	10581248	0
0.5	100	83680	0	853557	32	10581248	100	2	200                              	65904	0	10581248	0
0.5	1100	10055	0	1020978	32	10581248	100	2	2200                              	63525	0	10581248	0
0.5	1100	8736	0	930076	32	10581248	100	2	2200                              	70720	0	10581248	0
0.5	1100	10089	0	1023221	32	10581248	100	2	2200                              	64529	0	10581248	0
0.5	1100	8859	0	938751	32	10581248	100	2	2200                              	72262	0	10581248	0
0.5	1100	9744	0	999388	32	10581248	100	2	2200                              	71692	0	10581248	0
0.5	1100	8881	0	940332	32	10581248	100	2	2200                              	58858	0	10581248	0
0.5	1100	10121	0	1025301	32	10581248	100	2	2200                              	69272	0	10581248	0
0.5	1100	8856	0	938258	32	10581248	100	2	2200                              	71160	0	10581248	0
0.5	1100	8808	0	935069	32	10581248	100	2	2200                              	62521	0	10581248	0
0.5	1100	8801	0	934921	32	10581248	100	2	2200                              	69342	0	10581248	0
0.5	1100	10122	0	1025342	32	10581248	100	2	2200                              	65178	0	10581248	0
0.5	1100	10914	0	1079955	32	10581248	100	2	2200                              	71899	0	10581248	0
0.5	1100	8960	0	945546	32	10581248	100	2	2200                              	68565	0	10581248	0
0.5	1100	8904	0	941593	32	10581248	100	2	2200                              	63774	0	10581248	0
0.5	1100	8678	0	926227	32	10581248	100	2	2200                              	63104	0	10581248	0
0.5	1100	9992	0	1016493	32	10581248	100	2	2200                              	67093	0	10581248	0
0.5	1100	8941	0	944312	32	10581248	100	2	2200                              	64457	0	10581248	0
0.5	1100	10260	0	1034787	32	10581248	100	2	2200                              	68687	0	10581248	0
0.5	1100	9905	0	1010362	32	10581248	100	2	2200                              	70778	0	10581248	0
0.5	1100	9911	0	1010720	32	10581248	100	2	2200                              	68767	0	10581248	0
0.5	1100	8779	0	933153	32	10581248	100	2	2200                              	69503	0	10581248	0
0.5	1100	10269	0	1035504	32	10581248	100	2	2200                              	69867	0	10581248	0
0.5	1100	8822	0	936053	32	10581248	100	2	2200                              	66711	0	10581248	0
0.5	1100	8863	0	938732	32	10581248	100	2	2200                              	58336	0	10581248	0
0.5	1100	8748	0	930802	32	10581248	100	2	2200                              	64219	0	10581248	0
0.5	1100	8763	0	931907	32	10581248	100	2	2200                              	69954	0	10581248	0
0.5	1100	8955	0	945182	32	10581248	100	2	2200                              	54147	0	10581248	0
0.5	1100	9995	0	1016668	32	10581248	100	2	2200                              	54639	0	10581248	0
0.5	1100	8751	0	931217	32	10581248	100	2	2200                              	70484	0	10581248	0
0.5	1100	8845	0	937782	32	10581248	100	2	2200                              	68031	0	10581248	0
0.5	1100	9019	0	949643	32	10581248	100	2	2200                              	69102	0	10581248	0
0.5	1100	10289	0	1036917	32	10581248	100	2	2200                              	68140	0	10581248	0
0.5	1100	9023	0	949871	32	10581248	100	2	2200                              	60148	0	10581248	0
0.5	1100	10761	0	1069254	32	10581248	100	2	2200                              	71138	0	10581248	0
0.5	1100	11058	0	1089801	32	10581248	100	2	2200                              	56925	0	10581248	0
0.5	1100	9053	0	951920	32	10581248	100	2	2200                              	50507	0	10581248	0
0.5	1100	8647	0	924215	32	10581248	100	2	2200                              	71266	0	10581248	0
0.5	1100	11400	0	1113311	32	10581248	100	2	2200                              	67542	0	10581248	0
0.5	1100	10456	0	1048472	32	10581248	100	2	2200                              	62829	0	10581248	0
0.5	1100	8938	0	944193	32	10581248	100	2	2200                              	66303	0	10581248	0
0.5	1100	8727	0	929460	32	10581248	100	2	2200                              	69156	0	10581248	0
0.5	1100	8859	0	938509	32	10581248	100	2	2200                              	61809	0	10581248	0
0.5	1100	8526	0	915712	32	10581248	100	2	2200                              	61846	0	10581248	0
0.5	1100	10489	0	1050624	32	10581248	100	2	2200                              	70538	0	10581248	0
0.5	1100	8891	0	940756	32	10581248	100	2	2200                              	70696	0	10581248	0
0.5	1100	8707	0	928051	32	10581248	100	2	2200                              	73064	0	10581248	0
0.5	1100	10085	0	1022905	32	10581248	100	2	2200                              	69140	0	10581248	0
0.5	1100	11271	0	1104394	32	10581248	100	2	2200                              	72441	0	10581248	0
0.5	1100	10285	0	1036442	32	10581248	100	2	2200                              	70785	0	10581248	0
0.5	1100	8691	0	927017	32	10581248	100	2	2200                              	69563	0	10581248	0
0.5	1100	8768	0	932391	32	10581248	100	2	2200                              	63227	0	10581248	0
0.5	1100	10234	0	1032909	32	10581248	100	2	2200                              	71548	0	10581248	0
0.5	1100	9094	0	954740	32	10581248	100	2	2200                              	69357	0	10581248	0
0.5	1100	10194	0	1030422	32	10581248	100	2	2200                              	58816	0	10581248	0
0.5	1100	8650	0	924232	32	10581248	100	2	2200                              	70425	0	10581248	0
0.5	1100	10102	0	1024131	32	10581248	100	2	2200                              	64849	0	10581248	0
0.5	1100	10136	0	1026385	32	10581248	100	2	2200                              	70832	0	10581248	0
0.5	1100	10204	0	1031032	32	10581248	100	2	2200                              	71346	0	10581248	0
0.5	1100	9007	0	949015	32	10581248	100	2	2200                              	70342	0	10581248	0
0.5	1100	9057	0	952321	32	10581248	100	2	2200                              	63847	0	10581248	0
0.5	1100	8977	0	946651	32	10581248	100	2	2200                              	70142	0	10581248	0
0.5	1100	8753	0	931165	32	10581248	100	2	2200                              	58865	0	10581248	0
0.5	1100	8602	0	920951	32	10581248	100	2	2200                              	72156	0	10581248	0
0.5	1100	10336	0	1039899	32	10581248	100	2	2200                              	72889	0	10581248	0
0.5	1100	9996	0	1016713	32	10581248	100	2	2200                              	70275	0	10581248	0
0.5	1100	10555	0	1055266	32	10581248	100	2	2200                              	71250	0	10581248	0
0.5	1100	9805	0	1003586	32	10581248	100	2	2200                              	71678	0	10581248	0
0.5	1100	10090	0	1023247	32	10581248	100	2	2200                              	67593	0	10581248	0
0.5	1100	8720	0	928936	32	10581248	100	2	2200                              	72420	0	10581248	0
0.5	1100	10328	0	1039608	32	10581248	100	2	2200                              	49576	0	10581248	0
0.5	1100	8916	0	942516	32	10581248	100	2	2200                              	65065	0	10581248	0
0.5	1100	10206	0	1031098	32	10581248	100	2	2200                              	71030	0	10581248	0
0.5	1100	8809	0	935287	32	10581248	100	2	2200                              	67382	0	10581248	0
0.5	1100	8635	0	923089	32	10581248	100	2	2200                              	62064	0	10581248	0
0.5	1100	9025	0	949971	32	10581248	100	2	2200                              	71216	0	10581248	0
0.5	1100	9951	0	1013645	32	10581248	100	2	2200                              	71538	0	10581248	0
0.5	1100	10858	0	1076122	32	10581248	100	2	2200                              	67976	0	10581248	0
0.5	1100	8954	0	945349	32	10581248	100	2	2200                              	71417	0	10581248	0
0.5	1100	10518	0	1052576	32	10581248	100	2	2200                              	63184	0	10581248	0
0.5	1100	9024	0	949872	32	10581248	100	2	2200                              	68323	0	10581248	0
0.5	1100	10074	0	1021994	32	10581248	100	2	2200                              	67405	0	10581248	0
0.5	1100	10735	0	1067639	32	10581248	100	2	2200                              	68505	0	10581248	0
0.5	1100	11339	0	1109038	32	10581248	100	2	2200                              	68266	0	10581248	0
0.5	1100	10253	0	1034442	32	10581248	100	2	2200                              	69898	0	10581248	0
0.5	1100	10540	0	1054163	32	10581248	100	2	2200                              	70446	0	10581248	0
0.5	1100	8728	0	929709	32	10581248	100	2	2200                              	71132	0	10581248	0
0.5	1100	8745	0	930655	32	10581248	100	2	2200                              	61390	0	10581248	0
0.5	1100	10310	0	1038245	32	10581248	100	2	2200                              	65616	0	10581248	0
0.5	1100	10697	0	1064901	32	10581248	100	2	2200                              	70940	0	10581248	0
0.5	1100	8958	0	945406	32	10581248	100	2	2200                              	63324	0	10581248	0
0.5	1100	8994	0	947986	32	10581248	100	2	2200                              	68301	0	10581248	0
0.5	1100	8749	0	931070	32	10581248	100	2	2200                              	68817	0	10581248	0
0.5	1100	9953	0	1013642	32	10581248	100	2	2200                              	66946	0	10581248	0
0.5	1100	10413	0	1045611	32	10581248	100	2	2200                              	64215	0	10581248	0
0.5	1100	8820	0	935865	32	10581248	100	2	2200                              	71771	0	10581248	0
0.5	1100	8769	0	932240	32	10581248	100	2	2200                              	63234	0	10581248	0
0.5	1100	9118	0	956518	32	10581248	100	2	2200                              	64675	0	10581248	0
0.5	1100	9138	0	957828	32	10581248	100	2	2200                              	65475	0	10581248	0
0.5	1100	9138	0	957803	32	10581248	100	2	2200                              	71228	0	10581248	0
0.5	1100	10383	0	1043384	32	10581248	100	2	2200                              	61123	0	10581248	0
0.5	2100	5834	0	1094153	32	10581248	100	2	4200                              	63964	0	10581248	0
0.5	2100	5214	0	1012918	32	10581248	100	2	4200                              	57920	0	10581248	0
0.5	2100	5208	0	1011769	32	10581248	100	2	4200                              	68891	0	10581248	0
0.5	2100	5085	0	995862	32	10581248	100	2	4200                              	68258	0	10581248	0
0.5	2100	5428	0	1040485	32	10581248	100	2	4200                              	70876	0	10581248	0
0.5	2100	5843	0	1095333	32	10581248	100	2	4200                              	52797	0	10581248	0
0.5	2100	5197	0	1010554	32	10581248	100	2	4200                              	58234	0	10581248	0
0.5	2100	5041	0	990233	32	10581248	100	2	4200                              	69447	0	10581248	0
0.5	2100	5320	0	1026800	32	10581248	100	2	4200                              	70088	0	10581248	0
0.5	2100	5138	0	1002979	32	10581248	100	2	4200                              	61487	0	10581248	0
0.5	2100	6128	0	1132622	32	10581248	100	2	4200                              	68862	0	10581248	0
0.5	2100	5830	0	1093788	32	10581248	100	2	4200                              	52232	0	10581248	0
0.5	2100	5009	0	985994	32	10581248	100	2	4200                              	63381	0	10581248	0
0.5	2100	5086	0	996335	32	10581248	100	2	4200                              	70572	0	10581248	0
0.5	2100	5020	0	987550	32	10581248	100	2	4200                              	63068	0	10581248	0
0.5	2100	5230	0	1015091	32	10581248	100	2	4200                              	56366	0	10581248	0
0.5	2100	5215	0	1012671	32	10581248	100	2	4200                              	67607	0	10581248	0
0.5	2100	5164	0	1005974	32	10581248	100	2	4200                              	68226	0	10581248	0
0.5	2100	6096	0	1128787	32	10581248	100	2	4200                              	55303	0	10581248	0
0.5	2100	4950	0	978066	32	10581248	100	2	4200                              	68331	0	10581248	0
0.5	2100	6015	0	1118130	32	10581248	100	2	4200                              	60361	0	10581248	0
0.5	2100	6103	0	1129375	32	10581248	100	2	4200                              	69239	0	10581248	0
0.5	2100	4984	0	982774	32	10581248	100	2	4200                              	61741	0	10581248	0
0.5	2100	5076	0	995020	32	10581248	100	2	4200                              	69293	0	10581248	0
0.5	2100	5215	0	1013197	32	10581248	100	2	4200                              	60292	0	10581248	0
0.5	2100	5383	0	1035176	32	10581248	100	2	4200                              	69935	0	10581248	0
0.5	2100	5112	0	999439	32	10581248	100	2	4200                              	60316	0	10581248	0
0.5	2100	6045	0	1121748	32	10581248	100	2	4200                              	69834	0	10581248	0
0.5	2100	5131	0	1001714	32	10581248	100	2	4200                              	70370	0	10581248	0
0.5	2100	5095	0	997330	32	10581248	100	2	4200                              	63732	0	10581248	0
0.5	2100	5110	0	999441	32	10581248	100	2	4200                              	69152	0	10581248	0
0.5	2100	6133	0	1133404	32	10581248	100	2	4200                              	57943	0	10581248	0
0.5	2100	5290	0	1022360	32	10581248	100	2	4200                              	69737	0	10581248	0
0.5	2100	5089	0	996391	32	10581248	100	2	4200                              	68373	0	10581248	0
0.5	2100	5112	0	999424	32	10581248	100	2	4200                              	63302	0	10581248	0
0.5	2100	5732	0	1080739	32	10581248	100	2	4200                              	63649	0	10581248	0
0.5	2100	5676	0	1073612	32	10581248	100	2	4200                              	67013	0	10581248	0
0.5	2100	5211	0	1012068	32	10581248	100	2	4200                              	61962	0	10581248	0
0.5	2100	6096	0	1128424	32	10581248	100	2	4200                              	69572	0	10581248	0
0.5	2100	5126	0	1001405	32	10581248	100	2	4200                              	66410	0	10581248	0
0.5	2100	6535	0	1186306	32	10581248	100	2	4200                              	63163	0	10581248	0
0.5	2100	5149	0	1004167	32	10581248	100	2	4200                              	59896	0	10581248	0
0.5	2100	6178	0	1139154	32	10581248	100	2	4200                              	67771	0	10581248	0
0.5	2100	5294	0	1022786	32	10581248	100	2	4200                              	59223	0	10581248	0
0.5	2100	5154	0	1005155	32	10581248	100	2	4200                              	67332	0	10581248	0
0.5	2100	5958	0	1110450	32	10581248	100	2	4200                              	56987	0	10581248	0
0.5	2100	6081	0	1126835	32	10581248	100	2	4200                              	52512	0	10581248	0
0.5	2100	5201	0	1010954	32	10581248	100	2	4200                              	55691	0	10581248	0
0.5	2100	5278	0	1021446	32	10581248	100	2	4200                              	68026	0	10581248	0
0.5	2100	5890	0	1101803	32	10581248	100	2	4200                              	66372	0	10581248	0
0.5	2100	5231	0	1015458	32	10581248	100	2	4200                              	49524	0	10581248	0
0.5	2100	6478	0	1178339	32	10581248	100	2	4200                              	69618	0	10581248	0
0.5	2100	5138	0	1002377	32	10581248	100	2	4200                              	68164	0	10581248	0
0.5	2100	5045	0	990369	32	10581248	100	2	4200                              	59626	0	10581248	0
0.5	2100	4950	0	978129	32	10581248	100	2	4200                              	62269	0	10581248	0
0.5	2100	5143	0	1003255	32	10581248	100	2	4200                              	68842	0	10581248	0
0.5	2100	5362	0	1032399	32	10581248	100	2	4200                              	62079	0	10581248	0
0.5	2100	5566	0	1059292	32	10581248	100	2	4200                              	56629	0	10581248	0
0.5	2100	5279	0	1021084	32	10581248	100	2	4200                              	66266	0	10581248	0
0.5	2100	5765	0	1084859	32	10581248	100	2	4200                              	63642	0	10581248	0
0.5	2100	5109	0	999007	32	10581248	100	2	4200                              	60016	0	10581248	0
0.5	2100	5289	0	1022597	32	10581248	100	2	4200                              	67402	0	10581248	0
0.5	2100	5820	0	1092127	32	10581248	100	2	4200                              	64086	0	10581248	0
0.5	2100	5804	0	1090687	32	10581248	100	2	4200                              	65416	0	10581248	0
0.5	2100	5179	0	1008140	32	10581248	100	2	4200                              	49460	0	10581248	0
0.5	2100	5457	0	1044501	32	10581248	100	2	4200                              	54270	0	10581248	0
0.5	2100	5089	0	996501	32	10581248	100	2	4200                              	67459	0	10581248	0
0.5	2100	6187	0	1140768	32	10581248	100	2	4200                              	68713	0	10581248	0
0.5	2100	4993	0	983582	32	10581248	100	2	4200                              	69091	0	10581248	0
0.5	2100	6174	0	1138452	32	10581248	100	2	4200                              	57290	0	10581248	0
0.5	2100	5011	0	985914	32	10581248	100	2	4200                              	61487	0	10581248	0
0.5	2100	5498	0	1050310	32	10581248	100	2	4200                              	66366	0	10581248	0
0.5	2100	5481	0	1048154	32	10581248	100	2	4200                              	68441	0	10581248	0
0.5	2100	5167	0	1006650	32	10581248	100	2	4200                              	63598	0	10581248	0
0.5	2100	5176	0	1007985	32	10581248	100	2	4200                              	55868	0	10581248	0
0.5	2100	5873	0	1099362	32	10581248	100	2	4200                              	64394	0	10581248	0
0.5	2100	5584	0	1061355	32	10581248	100	2	4200                              	53328	0	10581248	0
0.5	2100	5308	0	1025065	32	10581248	100	2	4200                              	67611	0	10581248	0
0.5	2100	5317	0	1026233	32	10581248	100	2	4200                              	69008	0	10581248	0
0.5	2100	5999	0	1115769	32	10581248	100	2	4200                              	66403	0	10581248	0
0.5	2100	6179	0	1139920	32	10581248	100	2	4200                              	66959	0	10581248	0
0.5	2100	5173	0	1007580	32	10581248	100	2	4200                              	65856	0	10581248	0
0.5	2100	5276	0	1020943	32	10581248	100	2	4200                              	60112	0	10581248	0
0.5	2100	5329	0	1027883	32	10581248	100	2	4200                              	68315	0	10581248	0
0.5	2100	5991	0	1115049	32	10581248	100	2	4200                              	61597	0	10581248	0
0.5	2100	6096	0	1128473	32	10581248	100	2	4200                              	63793	0	10581248	0
0.5	2100	5121	0	1001173	32	10581248	100	2	4200                              	70248	0	10581248	0
0.5	2100	5182	0	1008664	32	10581248	100	2	4200                              	66024	0	10581248	0
0.5	2100	5256	0	1018325	32	10581248	100	2	4200                              	63906	0	10581248	0
0.5	2100	5177	0	1008031	32	10581248	100	2	4200                              	54765	0	10581248	0
0.5	2100	5647	0	1069578	32	10581248	100	2	4200                              	68124	0	10581248	0
0.5	2100	6116	0	1131409	32	10581248	100	2	4200                              	63380	0	10581248	0
0.5	2100	5094	0	996935	32	10581248	100	2	4200                              	64419	0	10581248	0
0.5	2100	6397	0	1167823	32	10581248	100	2	4200                              	55805	0	10581248	0
0.5	2100	5135	0	1002450	32	10581248	100	2	4200                              	69943	0	10581248	0
0.5	2100	5801	0	1089770	32	10581248	100	2	4200                              	70548	0	10581248	0
0.5	2100	6135	0	1133509	32	10581248	100	2	4200                              	57027	0	10581248	0
0.5	2100	6253	0	1149097	32	10581248	100	2	4200                              	67154	0	10581248	0
0.5	2100	5645	0	1069355	32	10581248	100	2	4200                              	60368	0	10581248	0
0.5	2100	6120	0	1131633	32	10581248	100	2	4200                              	67161	0	10581248	0
0.5	3100	3792	0	1061818	32	10581248	100	2	6200                              	68157	0	10581248	0
0.5	3100	4554	0	1209959	32	10581248	100	2	6200                              	65179	0	10581248	0
0.5	3100	4631	0	1224819	32	10581248	100	2	6200                              	55152	0	10581248	0
0.5	3100	3779	0	1059168	32	10581248	100	2	6200                              	66195	0	10581248	0
0.5	3100	3677	0	1039676	32	10581248	100	2	6200                              	68000	0	10581248	0
0.5	3100	4872	0	1271447	32	10581248	100	2	6200                              	61472	0	10581248	0
0.5	3100	4892	0	1275215	32	10581248	100	2	6200                              	55994	0	10581248	0
0.5	3100	3715	0	1047033	32	10581248	100	2	6200                              	66295	0	10581248	0
0.5	3100	4340	0	1168287	32	10581248	100	2	6200                              	62660	0	10581248	0
0.5	3100	3918	0	1086422	32	10581248	100	2	6200                              	56687	0	10581248	0
0.5	3100	4504	0	1199515	32	10581248	100	2	6200                              	66744	0	10581248	0
0.5	3100	3999	0	1102382	32	10581248	100	2	6200                              	67854	0	10581248	0
0.5	3100	4084	0	1119277	32	10581248	100	2	6200                              	57288	0	10581248	0
0.5	3100	3626	0	1030205	32	10581248	100	2	6200                              	67916	0	10581248	0
0.5	3100	4689	0	1235878	32	10581248	100	2	6200                              	64043	0	10581248	0
0.5	3100	4750	0	1247544	32	10581248	100	2	6200                              	64975	0	10581248	0
0.5	3100	4607	0	1220003	32	10581248	100	2	6200                              	66340	0	10581248	0
0.5	3100	4197	0	1140768	32	10581248	100	2	6200                              	55794	0	10581248	0
0.5	3100	4641	0	1226465	32	10581248	100	2	6200                              	68879	0	10581248	0
0.5	3100	4272	0	1155124	32	10581248	100	2	6200                              	57162	0	10581248	0
0.5	3100	3728	0	1049787	32	10581248	100	2	6200                              	55863	0	10581248	0
0.5	3100	4071	0	1115766	32	10581248	100	2	6200                              	63754	0	10581248	0
0.5	3100	3867	0	1076903	32	10581248	100	2	6200                              	53932	0	10581248	0
0.5	3100	4205	0	1142159	32	10581248	100	2	6200                              	62677	0	10581248	0
0.5	3100	4990	0	1294005	32	10581248	100	2	6200                              	55964	0	10581248	0
0.5	3100	3674	0	1039771	32	10581248	100	2	6200                              	67959	0	10581248	0
0.5	3100	4249	0	1150596	32	10581248	100	2	6200                              	65716	0	10581248	0
0.5	3100	4005	0	1103280	32	10581248	100	2	6200                              	64898	0	10581248	0
0.5	3100	3806	0	1065095	32	10581248	100	2	6200                              	65097	0	10581248	0
0.5	3100	4351	0	1170453	32	10581248	100	2	6200                              	52866	0	10581248	0
0.5	3100	4171	0	1135710	32	10581248	100	2	6200                              	54348	0	10581248	0
0.5	3100	3856	0	1075144	32	10581248	100	2	6200                              	52100	0	10581248	0
0.5	3100	3643	0	1033849	32	10581248	100	2	6200                              	60758	0	10581248	0
0.5	3100	3778	0	1059943	32	10581248	100	2	6200                              	64266	0	10581248	0
0.5	3100	3886	0	1080370	32	10581248	100	2	6200                              	62394	0	10581248	0
0.5	3100	4439	0	1187372	32	10581248	100	2	6200                              	64065	0	10581248	0
0.5	3100	3688	0	1041897	32	10581248	100	2	6200                              	60631	0	10581248	0
0.5	3100	4809	0	1258790	32	10581248	100	2	6200                              	55640	0	10581248	0
0.5	3100	3961	0	1094964	32	10581248	100	2	6200                              	68469	0	10581248	0
0.5	3100	3537	0	1013068	32	10581248	100	2	6200                              	67834	0	10581248	0
0.5	3100	3885	0	1079930	32	10581248	100	2	6200                              	58410	0	10581248	0
0.5	3100	4769	0	1250942	32	10581248	100	2	6200                              	68097	0	10581248	0
0.5	3100	4373	0	1174760	32	10581248	100	2	6200                              	67846	0	10581248	0
0.5	3100	4078	0	1117733	32	10581248	100	2	6200                              	64981	0	10581248	0
0.5	3100	4394	0	1178835	32	10581248	100	2	6200                              	59275	0	10581248	0
0.5	3100	3977	0	1098096	32	10581248	100	2	6200                              	50903	0	10581248	0
0.5	3100	4202	0	1141232	32	10581248	100	2	6200                              	65427	0	10581248	0
0.5	3100	3919	0	1086783	32	10581248	100	2	6200                              	65733	0	10581248	0
0.5	3100	4263	0	1153190	32	10581248	100	2	6200                              	67314	0	10581248	0
0.5	3100	3874	0	1078203	32	10581248	100	2	6200                              	56437	0	10581248	0
0.5	3100	3895	0	1082632	32	10581248	100	2	6200                              	67463	0	10581248	0
0.5	3100	4596	0	1217450	32	10581248	100	2	6200                              	54916	0	10581248	0
0.5	3100	3677	0	1039719	32	10581248	100	2	6200                              	64322	0	10581248	0
0.5	3100	4251	0	1151237	32	10581248	100	2	6200                              	60512	0	10581248	0
0.5	3100	4415	0	1183331	32	10581248	100	2	6200                              	64964	0	10581248	0
0.5	3100	4552	0	1209115	32	10581248	100	2	6200                              	66364	0	10581248	0
0.5	3100	3581	0	1021068	32	10581248	100	2	6200                              	68287	0	10581248	0
0.5	3100	3830	0	1069511	32	10581248	100	2	6200                              	54686	0	10581248	0
0.5	3100	4202	0	1141519	32	10581248	100	2	6200                              	66187	0	10581248	0
0.5	3100	3990	0	1101016	32	10581248	100	2	6200                              	66889	0	10581248	0
0.5	3100	4250	0	1150674	32	10581248	100	2	6200                              	66735	0	10581248	0
0.5	3100	3733	0	1050171	32	10581248	100	2	6200                              	50742	0	10581248	0
0.5	3100	3936	0	1090122	32	10581248	100	2	6200                              	53297	0	10581248	0
0.5	3100	4522	0	1204188	32	10581248	100	2	6200                              	65939	0	10581248	0
0.5	3100	4542	0	1207285	32	10581248	100	2	6200                              	66869	0	10581248	0
0.5	3100	4646	0	1227764	32	10581248	100	2	6200                              	66643	0	10581248	0
0.5	3100	3715	0	1047673	32	10581248	100	2	6200                              	53901	0	10581248	0
0.5	3100	4837	0	1264848	32	10581248	100	2	6200                              	56186	0	10581248	0
0.5	3100	3710	0	1046723	32	10581248	100	2	6200                              	66878	0	10581248	0
0.5	3100	4474	0	1194072	32	10581248	100	2	6200                              	67641	0	10581248	0
0.5	3100	3949	0	1092312	32	10581248	100	2	6200                              	68898	0	10581248	0
0.5	3100	4092	0	1119874	32	10581248	100	2	6200                              	63863	0	10581248	0
0.5	3100	4306	0	1161809	32	10581248	100	2	6200                              	66379	0	10581248	0
0.5	3100	4630	0	1224658	32	10581248	100	2	6200                              	50742	0	10581248	0
0.5	3100	4516	0	1202521	32	10581248	100	2	6200                              	54680	0	10581248	0
0.5	3100	4432	0	1185895	32	10581248	100	2	6200                              	60776	0	10581248	0
0.5	3100	3865	0	1076533	32	10581248	100	2	6200                              	53734	0	10581248	0
0.5	3100	4122	0	1126007	32	10581248	100	2	6200                              	58368	0	10581248	0
0.5	3100	4818	0	1260987	32	10581248	100	2	6200                              	65233	0	10581248	0
0.5	3100	4380	0	1175665	32	10581248	100	2	6200                              	58695	0	10581248	0
0.5	3100	4452	0	1189814	32	10581248	100	2	6200                              	44102	0	10581248	0
0.5	3100	4315	0	1163187	32	10581248	100	2	6200                              	62527	0	10581248	0
0.5	3100	3813	0	1066021	32	10581248	100	2	6200                              	57080	0	10581248	0
0.5	3100	4100	0	1121613	32	10581248	100	2	6200                              	65560	0	10581248	0
0.5	3100	3853	0	1073913	32	10581248	100	2	6200                              	51376	0	10581248	0
0.5	3100	4385	0	1177108	32	10581248	100	2	6200                              	60363	0	10581248	0
0.5	3100	3769	0	1058177	32	10581248	100	2	6200                              	50900	0	10581248	0
0.5	3100	3986	0	1099633	32	10581248	100	2	6200                              	58267	0	10581248	0
0.5	3100	4416	0	1182934	32	10581248	100	2	6200                              	64017	0	10581248	0
0.5	3100	4489	0	1197398	32	10581248	100	2	6200                              	67209	0	10581248	0
0.5	3100	4003	0	1103282	32	10581248	100	2	6200                              	67679	0	10581248	0
0.5	3100	4165	0	1134898	32	10581248	100	2	6200                              	67535	0	10581248	0
0.5	3100	4383	0	1176360	32	10581248	100	2	6200                              	66022	0	10581248	0
0.5	3100	3690	0	1042364	32	10581248	100	2	6200                              	65623	0	10581248	0
0.5	3100	4522	0	1203900	32	10581248	100	2	6200                              	62548	0	10581248	0
0.5	3100	3981	0	1098994	32	10581248	100	2	6200                              	68171	0	10581248	0
0.5	3100	3843	0	1072326	32	10581248	100	2	6200                              	65523	0	10581248	0
0.5	3100	3812	0	1065466	32	10581248	100	2	6200                              	68250	0	10581248	0
0.5	3100	4092	0	1119996	32	10581248	100	2	6200                              	62168	0	10581248	0
0.5	3100	3871	0	1077494	32	10581248	100	2	6200                              	60833	0	10581248	0
0.5	4100	3593	0	1247532	32	10581248	100	2	8200                              	64096	0	10581248	0
0.5	4100	3036	0	1104087	32	10581248	100	2	8200                              	65401	0	10581248	0
0.5	4100	3081	0	1115678	32	10581248	100	2	8200                              	63196	0	10581248	0
0.5	4100	3347	0	1184038	32	10581248	100	2	8200                              	49914	0	10581248	0
0.5	4100	3169	0	1138308	32	10581248	100	2	8200                              	47714	0	10581248	0
0.5	4100	3516	0	1227160	32	10581248	100	2	8200                              	58853	0	10581248	0
0.5	4100	3615	0	1252919	32	10581248	100	2	8200                              	63475	0	10581248	0
0.5	4100	3602	0	1249585	32	10581248	100	2	8200                              	60801	0	10581248	0
0.5	4100	3062	0	1111392	32	10581248	100	2	8200                              	48915	0	10581248	0
0.5	4100	3083	0	1115688	32	10581248	100	2	8200                              	66611	0	10581248	0
0.5	4100	3034	0	1104136	32	10581248	100	2	8200                              	66681	0	10581248	0
0.5	4100	3205	0	1147674	32	10581248	100	2	8200                              	64518	0	10581248	0
0.5	4100	2961	0	1085456	32	10581248	100	2	8200                              	61193	0	10581248	0
0.5	4100	3093	0	1119113	32	10581248	100	2	8200                              	42312	0	10581248	0
0.5	4100	3272	0	1164840	32	10581248	100	2	8200                              	64034	0	10581248	0
0.5	4100	3197	0	1146580	32	10581248	100	2	8200                              	54569	0	10581248	0
0.5	4100	3393	0	1196135	32	10581248	100	2	8200                              	51955	0	10581248	0
0.5	4100	4033	0	1359803	32	10581248	100	2	8200                              	65650	0	10581248	0
0.5	4100	3248	0	1158992	32	10581248	100	2	8200                              	60598	0	10581248	0
0.5	4100	3825	0	1306260	32	10581248	100	2	8200                              	54385	0	10581248	0
0.5	4100	3374	0	1191521	32	10581248	100	2	8200                              	54422	0	10581248	0
0.5	4100	3074	0	1114385	32	10581248	100	2	8200                              	66838	0	10581248	0
0.5	4100	3547	0	1235325	32	10581248	100	2	8200                              	51877	0	10581248	0
0.5	4100	2990	0	1092453	32	10581248	100	2	8200                              	65914	0	10581248	0
0.5	4100	3106	0	1122107	32	10581248	100	2	8200                              	54665	0	10581248	0
0.5	4100	3203	0	1147161	32	10581248	100	2	8200                              	43668	0	10581248	0
0.5	4100	3036	0	1104433	32	10581248	100	2	8200                              	55146	0	10581248	0
0.5	4100	3676	0	1268223	32	10581248	100	2	8200                              	65804	0	10581248	0
0.5	4100	3261	0	1162109	32	10581248	100	2	8200                              	52198	0	10581248	0
0.5	4100	3246	0	1158539	32	10581248	100	2	8200                              	65341	0	10581248	0
0.5	4100	3684	0	1270056	32	10581248	100	2	8200                              	56500	0	10581248	0
0.5	4100	3366	0	1189106	32	10581248	100	2	8200                              	56832	0	10581248	0
0.5	4100	2906	0	1071272	32	10581248	100	2	8200                              	56932	0	10581248	0
0.5	4100	3340	0	1182313	32	10581248	100	2	8200                              	53463	0	10581248	0
0.5	4100	3824	0	1306786	32	10581248	100	2	8200                              	64651	0	10581248	0
0.5	4100	3796	0	1299538	32	10581248	100	2	8200                              	64699	0	10581248	0
0.5	4100	3439	0	1207993	32	10581248	100	2	8200                              	61813	0	10581248	0
0.5	4100	3549	0	1236338	32	10581248	100	2	8200                              	64456	0	10581248	0
0.5	4100	2956	0	1084481	32	10581248	100	2	8200                              	45491	0	10581248	0
0.5	4100	3017	0	1099738	32	10581248	100	2	8200                              	54256	0	10581248	0
0.5	4100	3141	0	1131798	32	10581248	100	2	8200                              	53822	0	10581248	0
0.5	4100	3337	0	1181411	32	10581248	100	2	8200                              	57187	0	10581248	0
0.5	4100	3415	0	1201321	32	10581248	100	2	8200                              	64555	0	10581248	0
0.5	4100	3024	0	1101252	32	10581248	100	2	8200                              	58545	0	10581248	0
0.5	4100	3134	0	1129541	32	10581248	100	2	8200                              	64533	0	10581248	0
0.5	4100	3427	0	1204500	32	10581248	100	2	8200                              	60493	0	10581248	0
0.5	4100	3384	0	1193579	32	10581248	100	2	8200                              	63951	0	10581248	0
0.5	4100	2992	0	1091993	32	10581248	100	2	8200                              	56402	0	10581248	0
0.5	4100	3922	0	1331838	32	10581248	100	2	8200                              	63637	0	10581248	0
0.5	4100	3185	0	1142165	32	10581248	100	2	8200                              	49345	0	10581248	0
0.5	4100	3757	0	1289745	32	10581248	100	2	8200                              	62254	0	10581248	0
0.5	4100	3154	0	1134966	32	10581248	100	2	8200                              	63263	0	10581248	0
0.5	4100	3088	0	1117945	32	10581248	100	2	8200                              	62623	0	10581248	0
0.5	4100	3449	0	1210544	32	10581248	100	2	8200                              	64337	0	10581248	0
0.5	4100	3357	0	1186974	32	10581248	100	2	8200                              	54797	0	10581248	0
0.5	4100	3369	0	1190186	32	10581248	100	2	8200                              	59853	0	10581248	0
0.5	4100	3311	0	1174744	32	10581248	100	2	8200                              	50825	0	10581248	0
0.5	4100	3176	0	1140557	32	10581248	100	2	8200                              	64556	0	10581248	0
0.5	4100	3026	0	1101530	32	10581248	100	2	8200                              	60827	0	10581248	0
0.5	4100	3098	0	1120857	32	10581248	100	2	8200                              	64885	0	10581248	0
0.5	4100	3189	0	1143452	32	10581248	100	2	8200                              	66132	0	10581248	0
0.5	4100	3080	0	1115865	32	10581248	100	2	8200                              	58234	0	10581248	0
0.5	4100	3930	0	1333489	32	10581248	100	2	8200                              	62735	0	10581248	0
0.5	4100	3178	0	1140577	32	10581248	100	2	8200                              	52249	0	10581248	0
0.5	4100	3478	0	1217660	32	10581248	100	2	8200                              	61861	0	10581248	0
0.5	4100	3081	0	1115742	32	10581248	100	2	8200                              	59725	0	10581248	0
0.5	4100	3472	0	1215740	32	10581248	100	2	8200                              	49719	0	10581248	0
0.5	4100	3692	0	1272605	32	10581248	100	2	8200                              	61275	0	10581248	0
0.5	4100	3599	0	1248652	32	10581248	100	2	8200                              	65813	0	10581248	0
0.5	4100	3224	0	1152017	32	10581248	100	2	8200                              	52760	0	10581248	0
0.5	4100	3071	0	1113237	32	10581248	100	2	8200                              	66428	0	10581248	0
0.5	4100	3863	0	1317119	32	10581248	100	2	8200                              	62654	0	10581248	0
0.5	4100	3012	0	1097660	32	10581248	100	2	8200                              	64154	0	10581248	0
0.5	4100	2938	0	1079207	32	10581248	100	2	8200                              	60268	0	10581248	0
0.5	4100	3069	0	1112657	32	10581248	100	2	8200                              	58409	0	10581248	0
0.5	4100	3565	0	1240222	32	10581248	100	2	8200                              	62958	0	10581248	0
0.5	4100	3038	0	1104916	32	10581248	100	2	8200                              	56283	0	10581248	0
0.5	4100	3490	0	1220711	32	10581248	100	2	8200                              	51774	0	10581248	0
0.5	4100	3256	0	1160899	32	10581248	100	2	8200                              	56497	0	10581248	0
0.5	4100	3441	0	1208387	32	10581248	100	2	8200                              	62976	0	10581248	0
0.5	4100	3421	0	1203257	32	10581248	100	2	8200                              	64148	0	10581248	0
0.5	4100	2994	0	1093606	32	10581248	100	2	8200                              	64237	0	10581248	0
0.5	4100	3783	0	1295544	32	10581248	100	2	8200                              	67750	0	10581248	0
0.5	4100	3871	0	1318249	32	10581248	100	2	8200                              	51318	0	10581248	0
0.5	4100	3611	0	1251467	32	10581248	100	2	8200                              	51484	0	10581248	0
0.5	4100	3810	0	1302165	32	10581248	100	2	8200                              	63658	0	10581248	0
0.5	4100	3168	0	1137520	32	10581248	100	2	8200                              	64757	0	10581248	0
0.5	4100	2912	0	1072015	32	10581248	100	2	8200                              	50221	0	10581248	0
0.5	4100	3815	0	1303803	32	10581248	100	2	8200                              	49622	0	10581248	0
0.5	4100	3042	0	1106726	32	10581248	100	2	8200                              	50281	0	10581248	0
0.5	4100	3402	0	1197880	32	10581248	100	2	8200                              	54681	0	10581248	0
0.5	4100	3089	0	1118026	32	10581248	100	2	8200                              	56158	0	10581248	0
0.5	4100	3125	0	1126306	32	10581248	100	2	8200                              	60614	0	10581248	0
0.5	4100	3140	0	1131149	32	10581248	100	2	8200                              	55927	0	10581248	0
0.5	4100	3693	0	1272324	32	10581248	100	2	8200                              	45927	0	10581248	0
0.5	4100	3520	0	1228481	32	10581248	100	2	8200                              	59669	0	10581248	0
0.5	4100	3859	0	1315366	32	10581248	100	2	8200                              	61580	0	10581248	0
0.5	4100	3093	0	1119037	32	10581248	100	2	8200                              	48420	0	10581248	0
0.5	4100	3596	0	1247735	32	10581248	100	2	8200                              	65375	0	10581248	0
0.5	4100	3629	0	1256077	32	10581248	100	2	8200                              	62833	0	10581248	0
0.5	5100	2946	0	1265027	32	10581248	100	2	10200                              	53976	0	10581248	0
0.5	5100	3217	0	1350660	32	10581248	100	2	10200                              	63336	0	10581248	0
0.5	5100	2905	0	1251667	32	10581248	100	2	10200                              	57191	0	10581248	0
0.5	5100	2972	0	1272492	32	10581248	100	2	10200                              	58988	0	10581248	0
0.5	5100	3285	0	1371890	32	10581248	100	2	10200                              	62283	0	10581248	0
0.5	5100	2783	0	1212160	32	10581248	100	2	10200                              	63963	0	10581248	0
0.5	5100	3126	0	1322657	32	10581248	100	2	10200                              	64318	0	10581248	0
0.5	5100	3044	0	1295536	32	10581248	100	2	10200                              	56361	0	10581248	0
0.5	5100	3156	0	1331274	32	10581248	100	2	10200                              	44829	0	10581248	0
0.5	5100	2845	0	1232523	32	10581248	100	2	10200                              	49928	0	10581248	0
0.5	5100	3238	0	1358179	32	10581248	100	2	10200                              	50850	0	10581248	0
0.5	5100	2531	0	1132154	32	10581248	100	2	10200                              	44579	0	10581248	0
0.5	5100	2653	0	1170246	32	10581248	100	2	10200                              	52359	0	10581248	0
0.5	5100	2620	0	1160330	32	10581248	100	2	10200                              	59721	0	10581248	0
0.5	5100	3114	0	1317865	32	10581248	100	2	10200                              	39083	0	10581248	0
0.5	5100	3370	0	1399928	32	10581248	100	2	10200                              	48384	0	10581248	0
0.5	5100	2699	0	1186277	32	10581248	100	2	10200                              	61904	0	10581248	0
0.5	5100	2973	0	1271959	32	10581248	100	2	10200                              	47552	0	10581248	0
0.5	5100	2749	0	1202169	32	10581248	100	2	10200                              	61408	0	10581248	0
0.5	5100	2603	0	1154963	32	10581248	100	2	10200                              	50284	0	10581248	0
0.5	5100	2707	0	1188350	32	10581248	100	2	10200                              	49894	0	10581248	0
0.5	5100	2613	0	1158282	32	10581248	100	2	10200                              	57970	0	10581248	0
0.5	5100	2896	0	1249334	32	10581248	100	2	10200                              	49204	0	10581248	0
0.5	5100	3330	0	1386894	32	10581248	100	2	10200                              	58886	0	10581248	0
0.5	5100	2775	0	1210129	32	10581248	100	2	10200                              	64390	0	10581248	0
0.5	5100	2764	0	1205659	32	10581248	100	2	10200                              	64809	0	10581248	0
0.5	5100	2959	0	1269137	32	10581248	100	2	10200                              	62052	0	10581248	0
0.5	5100	2731	0	1196633	32	10581248	100	2	10200                              	52249	0	10581248	0
0.5	5100	2830	0	1227068	32	10581248	100	2	10200                              	62921	0	10581248	0
0.5	5100	3332	0	1387925	32	10581248	100	2	10200                              	55641	0	10581248	0
0.5	5100	3045	0	1295522	32	10581248	100	2	10200                              	54392	0	10581248	0
0.5	5100	2694	0	1184219	32	10581248	100	2	10200                              	61611	0	10581248	0
0.5	5100	2755	0	1203828	32	10581248	100	2	10200                              	60611	0	10581248	0
0.5	5100	2942	0	1262875	32	10581248	100	2	10200                              	62490	0	10581248	0
0.5	5100	2571	0	1145203	32	10581248	100	2	10200                              	59499	0	10581248	0
0.5	5100	2669	0	1176432	32	10581248	100	2	10200                              	56070	0	10581248	0
0.5	5100	2690	0	1183889	32	10581248	100	2	10200                              	58896	0	10581248	0
0.5	5100	2684	0	1181119	32	10581248	100	2	10200                              	64678	0	10581248	0
0.5	5100	2732	0	1197225	32	10581248	100	2	10200                              	55459	0	10581248	0
0.5	5100	2433	0	1100931	32	10581248	100	2	10200                              	53138	0	10581248	0
0.5	5100	2691	0	1183664	32	10581248	100	2	10200                              	59148	0	10581248	0
0.5	5100	2826	0	1226255	32	10581248	100	2	10200                              	50601	0	10581248	0
0.5	5100	3087	0	1310675	32	10581248	100	2	10200                              	43406	0	10581248	0
0.5	5100	3065	0	1302309	32	10581248	100	2	10200                              	46103	0	10581248	0
0.5	5100	2645	0	1168439	32	10581248	100	2	10200                              	61599	0	10581248	0
0.5	5100	3315	0	1381927	32	10581248	100	2	10200                              	50794	0	10581248	0
0.5	5100	2533	0	1132210	32	10581248	100	2	10200                              	58499	0	10581248	0
0.5	5100	3322	0	1384379	32	10581248	100	2	10200                              	51502	0	10581248	0
0.5	5100	2740	0	1198725	32	10581248	100	2	10200                              	63167	0	10581248	0
0.5	5100	3232	0	1355661	32	10581248	100	2	10200                              	54002	0	10581248	0
0.5	5100	3118	0	1319201	32	10581248	100	2	10200                              	63295	0	10581248	0
0.5	5100	2987	0	1277547	32	10581248	100	2	10200                              	62770	0	10581248	0
0.5	5100	2756	0	1204478	32	10581248	100	2	10200                              	60787	0	10581248	0
0.5	5100	2562	0	1142290	32	10581248	100	2	10200                              	48898	0	10581248	0
0.5	5100	2607	0	1156582	32	10581248	100	2	10200                              	57915	0	10581248	0
0.5	5100	2527	0	1130871	32	10581248	100	2	10200                              	52578	0	10581248	0
0.5	5100	2554	0	1139290	32	10581248	100	2	10200                              	60832	0	10581248	0
0.5	5100	2816	0	1222353	32	10581248	100	2	10200                              	63443	0	10581248	0
0.5	5100	3009	0	1285084	32	10581248	100	2	10200                              	48664	0	10581248	0
0.5	5100	2655	0	1172362	32	10581248	100	2	10200                              	63884	0	10581248	0
0.5	5100	3338	0	1389812	32	10581248	100	2	10200                              	41455	0	10581248	0
0.5	5100	3080	0	1308027	32	10581248	100	2	10200                              	52622	0	10581248	0
0.5	5100	2643	0	1167405	32	10581248	100	2	10200                              	54692	0	10581248	0
0.5	5100	3031	0	1291267	32	10581248	100	2	10200                              	48181	0	10581248	0
0.5	5100	2646	0	1169084	32	10581248	100	2	10200                              	55177	0	10581248	0
0.5	5100	2916	0	1254855	32	10581248	100	2	10200                              	63943	0	10581248	0
0.5	5100	2768	0	1207372	32	10581248	100	2	10200                              	49007	0	10581248	0
0.5	5100	2903	0	1250406	32	10581248	100	2	10200                              	62683	0	10581248	0
0.5	5100	2628	0	1163189	32	10581248	100	2	10200                              	45806	0	10581248	0
0.5	5100	3266	0	1366989	32	10581248	100	2	10200                              	57376	0	10581248	0
0.5	5100	2784	0	1212077	32	10581248	100	2	10200                              	49579	0	10581248	0
0.5	5100	2780	0	1211110	32	10581248	100	2	10200                              	59606	0	10581248	0
0.5	5100	3199	0	1344836	32	10581248	100	2	10200                              	62170	0	10581248	0
0.5	5100	3057	0	1298780	32	10581248	100	2	10200                              	57263	0	10581248	0
0.5	5100	2944	0	1262962	32	10581248	100	2	10200                              	64263	0	10581248	0
0.5	5100	2507	0	1124222	32	10581248	100	2	10200                              	61914	0	10581248	0
0.5	5100	3185	0	1339703	32	10581248	100	2	10200                              	47653	0	10581248	0
0.5	5100	2757	0	1204158	32	10581248	100	2	10200                              	57132	0	10581248	0
0.5	5100	2771	0	1207991	32	10581248	100	2	10200                              	50664	0	10581248	0
0.5	5100	2949	0	1264755	32	10581248	100	2	10200                              	57578	0	10581248	0
0.5	5100	2810	0	1220466	32	10581248	100	2	10200                              	62290	0	10581248	0
0.5	5100	2502	0	1122763	32	10581248	100	2	10200                              	55278	0	10581248	0
0.5	5100	2731	0	1196085	32	10581248	100	2	10200                              	59471	0	10581248	0
0.5	5100	2729	0	1195604	32	10581248	100	2	10200                              	52425	0	10581248	0
0.5	5100	3257	0	1363455	32	10581248	100	2	10200                              	51986	0	10581248	0
0.5	5100	3276	0	1369482	32	10581248	100	2	10200                              	41078	0	10581248	0
0.5	5100	2707	0	1188239	32	10581248	100	2	10200                              	64155	0	10581248	0
0.5	5100	2796	0	1216459	32	10581248	100	2	10200                              	56700	0	10581248	0
0.5	5100	2706	0	1188224	32	10581248	100	2	10200                              	65124	0	10581248	0
0.5	5100	2481	0	1115778	32	10581248	100	2	10200                              	49568	0	10581248	0
0.5	5100	2569	0	1144485	32	10581248	100	2	10200                              	64505	0	10581248	0
0.5	5100	3086	0	1309968	32	10581248	100	2	10200                              	48883	0	10581248	0
0.5	5100	2837	0	1230438	32	10581248	100	2	10200                              	45525	0	10581248	0
0.5	5100	2879	0	1242563	32	10581248	100	2	10200                              	49901	0	10581248	0
0.5	5100	2707	0	1188473	32	10581248	100	2	10200                              	54274	0	10581248	0
0.5	5100	3334	0	1388834	32	10581248	100	2	10200                              	63086	0	10581248	0
0.5	5100	3167	0	1334528	32	10581248	100	2	10200                              	63926	0	10581248	0
0.5	5100	3134	0	1325050	32	10581248	100	2	10200                              	59210	0	10581248	0
0.5	5100	2608	0	1157307	32	10581248	100	2	10200                              	54117	0	10581248	0
0.5	5100	3037	0	1293869	32	10581248	100	2	10200                              	61247	0	10581248	0
0.5	6100	2469	0	1265272	32	10581248	100	2	12200                              	56603	0	10581248	0
0.5	6100	2468	0	1265457	32	10581248	100	2	12200                              	57402	0	10581248	0
0.5	6100	2540	0	1292719	32	10581248	100	2	12200                              	54769	0	10581248	0
0.5	6100	2570	0	1304422	32	10581248	100	2	12200                              	46746	0	10581248	0
0.5	6100	2743	0	1370223	32	10581248	100	2	12200                              	50116	0	10581248	0
0.5	6100	2342	0	1216248	32	10581248	100	2	12200                              	59223	0	10581248	0
0.5	6100	2549	0	1296185	32	10581248	100	2	12200                              	62946	0	10581248	0
0.5	6100	2208	0	1166600	32	10581248	100	2	12200                              	51236	0	10581248	0
0.5	6100	2563	0	1300949	32	10581248	100	2	12200                              	55439	0	10581248	0
0.5	6100	2735	0	1366700	32	10581248	100	2	12200                              	49245	0	10581248	0
0.5	6100	2797	0	1391130	32	10581248	100	2	12200                              	53995	0	10581248	0
0.5	6100	2358	0	1223251	32	10581248	100	2	12200                              	45901	0	10581248	0
0.5	6100	2656	0	1337093	32	10581248	100	2	12200                              	43773	0	10581248	0
0.5	6100	2671	0	1342187	32	10581248	100	2	12200                              	49071	0	10581248	0
0.5	6100	2333	0	1213102	32	10581248	100	2	12200                              	55505	0	10581248	0
0.5	6100	2283	0	1194667	32	10581248	100	2	12200                              	54727	0	10581248	0
0.5	6100	2733	0	1366338	32	10581248	100	2	12200                              	50530	0	10581248	0
0.5	6100	2398	0	1238739	32	10581248	100	2	12200                              	63670	0	10581248	0
0.5	6100	2290	0	1197637	32	10581248	100	2	12200                              	45205	0	10581248	0
0.5	6100	2881	0	1422782	32	10581248	100	2	12200                              	52114	0	10581248	0
0.5	6100	2678	0	1345751	32	10581248	100	2	12200                              	48927	0	10581248	0
0.5	6100	2543	0	1294075	32	10581248	100	2	12200                              	48215	0	10581248	0
0.5	6100	2513	0	1282575	32	10581248	100	2	12200                              	41372	0	10581248	0
0.5	6100	2345	0	1219050	32	10581248	100	2	12200                              	61202	0	10581248	0
0.5	6100	2451	0	1259153	32	10581248	100	2	12200                              	53666	0	10581248	0
0.5	6100	2569	0	1303750	32	10581248	100	2	12200                              	46480	0	10581248	0
0.5	6100	2497	0	1275903	32	10581248	100	2	12200                              	49349	0	10581248	0
0.5	6100	2456	0	1260478	32	10581248	100	2	12200                              	61428	0	10581248	0
0.5	6100	2485	0	1271225	32	10581248	100	2	12200                              	47771	0	10581248	0
0.5	6100	2912	0	1434705	32	10581248	100	2	12200                              	44922	0	10581248	0
0.5	6100	2407	0	1242401	32	10581248	100	2	12200                              	60468	0	10581248	0
0.5	6100	2255	0	1183201	32	10581248	100	2	12200                              	59433	0	10581248	0
0.5	6100	2498	0	1276325	32	10581248	100	2	12200                              	41059	0	10581248	0
0.5	6100	2654	0	1336375	32	10581248	100	2	12200                              	60618	0	10581248	0
0.5	6100	2561	0	1300463	32	10581248	100	2	12200                              	49959	0	10581248	0
0.5	6100	2414	0	1244784	32	10581248	100	2	12200                              	57439	0	10581248	0
0.5	6100	2492	0	1274715	32	10581248	100	2	12200                              	50519	0	10581248	0
0.5	6100	2948	0	1447231	32	10581248	100	2	12200                              	53236	0	10581248	0
0.5	6100	2489	0	1272952	32	10581248	100	2	12200                              	51196	0	10581248	0
0.5	6100	2982	0	1461939	32	10581248	100	2	12200                              	48533	0	10581248	0
0.5	6100	2322	0	1209445	32	10581248	100	2	12200                              	60875	0	10581248	0
0.5	6100	2294	0	1198738	32	10581248	100	2	12200                              	49115	0	10581248	0
0.5	6100	2591	0	1312454	32	10581248	100	2	12200                              	43765	0	10581248	0
0.5	6100	2848	0	1410217	32	10581248	100	2	12200                              	50333	0	10581248	0
0.5	6100	2511	0	1283306	32	10581248	100	2	12200                              	60124	0	10581248	0
0.5	6100	2370	0	1229016	32	10581248	100	2	12200                              	57664	0	10581248	0
0.5	6100	2876	0	1420819	32	10581248	100	2	12200                              	61900	0	10581248	0
0.5	6100	2993	0	1466265	32	10581248	100	2	12200                              	49140	0	10581248	0
0.5	6100	2451	0	1259475	32	10581248	100	2	12200                              	59568	0	10581248	0
0.5	6100	3045	0	1484482	32	10581248	100	2	12200                              	56209	0	10581248	0
0.5	6100	2637	0	1329925	32	10581248	100	2	12200                              	51441	0	10581248	0
0.5	6100	2395	0	1236970	32	10581248	100	2	12200                              	60065	0	10581248	0
0.5	6100	2549	0	1295552	32	10581248	100	2	12200                              	44391	0	10581248	0
0.5	6100	2752	0	1372722	32	10581248	100	2	12200                              	61763	0	10581248	0
0.5	6100	2612	0	1320236	32	10581248	100	2	12200                              	58278	0	10581248	0
0.5	6100	2456	0	1260988	32	10581248	100	2	12200                              	56965	0	10581248	0
0.5	6100	2976	0	1458069	32	10581248	100	2	12200                              	47259	0	10581248	0
0.5	6100	2739	0	1367655	32	10581248	100	2	12200                              	58831	0	10581248	0
0.5	6100	2959	0	1452519	32	10581248	100	2	12200                              	53807	0	10581248	0
0.5	6100	2399	0	1238380	32	10581248	100	2	12200                              	60565	0	10581248	0
0.5	6100	2897	0	1427980	32	10581248	100	2	12200                              	36228	0	10581248	0
0.5	6100	2517	0	1284176	32	10581248	100	2	12200                              	49499	0	10581248	0
0.5	6100	2581	0	1308571	32	10581248	100	2	12200                              	51839	0	10581248	0
0.5	6100	2539	0	1292162	32	10581248	100	2	12200                              	45009	0	10581248	0
0.5	6100	2803	0	1393251	32	10581248	100	2	12200                              	45299	0	10581248	0
0.5	6100	2317	0	1207026	32	10581248	100	2	12200                              	57065	0	10581248	0
0.5	6100	2250	0	1181294	32	10581248	100	2	12200                              	49020	0	10581248	0
0.5	6100	2524	0	1286946	32	10581248	100	2	12200                              	61942	0	10581248	0
0.5	6100	2190	0	1159280	32	10581248	100	2	12200                              	41776	0	10581248	0
0.5	6100	2287	0	1196330	32	10581248	100	2	12200                              	48268	0	10581248	0
0.5	6100	2696	0	1352610	32	10581248	100	2	12200                              	42038	0	10581248	0
0.5	6100	2258	0	1184955	32	10581248	100	2	12200                              	41497	0	10581248	0
0.5	6100	2518	0	1285292	32	10581248	100	2	12200                              	49418	0	10581248	0
0.5	6100	2439	0	1255109	32	10581248	100	2	12200                              	56479	0	10581248	0
0.5	6100	2383	0	1232984	32	10581248	100	2	12200                              	42341	0	10581248	0
0.5	6100	2444	0	1256270	32	10581248	100	2	12200                              	56845	0	10581248	0
0.5	6100	2735	0	1366730	32	10581248	100	2	12200                              	46646	0	10581248	0
0.5	6100	2397	0	1238114	32	10581248	100	2	12200                              	50145	0	10581248	0
0.5	6100	2451	0	1258352	32	10581248	100	2	12200                              	49672	0	10581248	0
0.5	6100	2475	0	1267789	32	10581248	100	2	12200                              	52830	0	10581248	0
0.5	6100	2398	0	1237747	32	10581248	100	2	12200                              	48756	0	10581248	0
0.5	6100	2371	0	1228687	32	10581248	100	2	12200                              	48349	0	10581248	0
0.5	6100	2602	0	1316422	32	10581248	100	2	12200                              	45109	0	10581248	0
0.5	6100	2365	0	1226316	32	10581248	100	2	12200                              	54368	0	10581248	0
0.5	6100	2464	0	1263543	32	10581248	100	2	12200                              	45040	0	10581248	0
0.5	6100	2395	0	1236567	32	10581248	100	2	12200                              	49316	0	10581248	0
0.5	6100	2617	0	1322700	32	10581248	100	2	12200                              	57852	0	10581248	0
0.5	6100	2582	0	1309577	32	10581248	100	2	12200                              	63588	0	10581248	0
0.5	6100	2423	0	1247251	32	10581248	100	2	12200                              	42945	0	10581248	0
0.5	6100	2776	0	1383358	32	10581248	100	2	12200                              	57098	0	10581248	0
0.5	6100	2463	0	1262073	32	10581248	100	2	12200                              	59301	0	10581248	0
0.5	6100	2405	0	1242350	32	10581248	100	2	12200                              	59974	0	10581248	0
0.5	6100	2464	0	1263380	32	10581248	100	2	12200                              	58848	0	10581248	0
0.5	6100	2454	0	1259724	32	10581248	100	2	12200                              	53059	0	10581248	0
0.5	6100	2768	0	1379330	32	10581248	100	2	12200                              	44483	0	10581248	0
0.5	6100	2457	0	1261668	32	10581248	100	2	12200                              	47508	0	10581248	0
0.5	6100	2497	0	1276312	32	10581248	100	2	12200                              	50416	0	10581248	0
0.5	6100	2329	0	1212450	32	10581248	100	2	12200                              	60069	0	10581248	0
0.5	6100	2923	0	1438229	32	10581248	100	2	12200                              	42373	0	10581248	0
0.5	6100	2405	0	1241739	32	10581248	100	2	12200                              	54109	0	10581248	0
0.5	7100	2449	0	1410160	32	10581248	100	2	14200                              	60826	0	10581248	0
0.5	7100	2263	0	1326301	32	10581248	100	2	14200                              	45540	0	10581248	0
0.5	7100	2380	0	1380254	32	10581248	100	2	14200                              	58572	0	10581248	0
0.5	7100	2305	0	1346924	32	10581248	100	2	14200                              	49319	0	10581248	0
0.5	7100	2346	0	1364790	32	10581248	100	2	14200                              	40884	0	10581248	0
0.5	7100	2399	0	1387042	32	10581248	100	2	14200                              	47346	0	10581248	0
0.5	7100	2470	0	1420400	32	10581248	100	2	14200                              	57313	0	10581248	0
0.5	7100	2180	0	1290724	32	10581248	100	2	14200                              	57052	0	10581248	0
0.5	7100	2258	0	1325700	32	10581248	100	2	14200                              	55237	0	10581248	0
0.5	7100	2487	0	1426889	32	10581248	100	2	14200                              	52694	0	10581248	0
0.5	7100	2433	0	1402708	32	10581248	100	2	14200                              	57657	0	10581248	0
0.5	7100	2503	0	1433995	32	10581248	100	2	14200                              	57566	0	10581248	0
0.5	7100	2364	0	1372472	32	10581248	100	2	14200                              	54717	0	10581248	0
0.5	7100	2180	0	1291056	32	10581248	100	2	14200                              	55711	0	10581248	0
0.5	7100	2254	0	1323754	32	10581248	100	2	14200                              	48514	0	10581248	0
0.5	7100	2008	0	1213475	32	10581248	100	2	14200                              	40594	0	10581248	0
0.5	7100	2374	0	1376472	32	10581248	100	2	14200                              	40250	0	10581248	0
0.5	7100	2099	0	1254278	32	10581248	100	2	14200                              	47192	0	10581248	0
0.5	7100	2218	0	1307346	32	10581248	100	2	14200                              	57392	0	10581248	0
0.5	7100	2282	0	1335153	32	10581248	100	2	14200                              	59808	0	10581248	0
0.5	7100	2156	0	1280583	32	10581248	100	2	14200                              	40383	0	10581248	0
0.5	7100	2360	0	1369142	32	10581248	100	2	14200                              	47572	0	10581248	0
0.5	7100	2074	0	1244424	32	10581248	100	2	14200                              	43615	0	10581248	0
0.5	7100	2134	0	1270941	32	10581248	100	2	14200                              	59315	0	10581248	0
0.5	7100	2283	0	1336293	32	10581248	100	2	14200                              	59542	0	10581248	0
0.5	7100	1995	0	1208712	32	10581248	100	2	14200                              	50873	0	10581248	0
0.5	7100	2224	0	1310691	32	10581248	100	2	14200                              	43468	0	10581248	0
0.5	7100	2391	0	1383737	32	10581248	100	2	14200                              	53185	0	10581248	0
0.5	7100	2436	0	1405263	32	10581248	100	2	14200                              	56769	0	10581248	0
0.5	7100	2506	0	1434759	32	10581248	100	2	14200                              	45207	0	10581248	0
0.5	7100	2327	0	1355640	32	10581248	100	2	14200                              	45146	0	10581248	0
0.5	7100	2234	0	1314818	32	10581248	100	2	14200                              	53589	0	10581248	0
0.5	7100	2296	0	1341676	32	10581248	100	2	14200                              	47185	0	10581248	0
0.5	7100	2210	0	1303399	32	10581248	100	2	14200                              	47461	0	10581248	0
0.5	7100	2411	0	1394021	32	10581248	100	2	14200                              	59224	0	10581248	0
0.5	7100	2004	0	1213084	32	10581248	100	2	14200                              	54651	0	10581248	0
0.5	7100	2421	0	1399223	32	10581248	100	2	14200                              	61945	0	10581248	0
0.5	7100	2247	0	1320937	32	10581248	100	2	14200                              	56724	0	10581248	0
0.5	7100	2131	0	1269047	32	10581248	100	2	14200                              	60775	0	10581248	0
0.5	7100	2659	0	1503409	32	10581248	100	2	14200                              	61561	0	10581248	0
0.5	7100	2019	0	1219312	32	10581248	100	2	14200                              	55280	0	10581248	0
0.5	7100	2417	0	1396854	32	10581248	100	2	14200                              	50831	0	10581248	0
0.5	7100	2163	0	1282477	32	10581248	100	2	14200                              	53378	0	10581248	0
0.5	7100	2537	0	1448361	32	10581248	100	2	14200                              	49989	0	10581248	0
0.5	7100	2415	0	1394897	32	10581248	100	2	14200                              	48581	0	10581248	0
0.5	7100	2018	0	1219158	32	10581248	100	2	14200                              	60847	0	10581248	0
0.5	7100	2243	0	1319175	32	10581248	100	2	14200                              	55125	0	10581248	0
0.5	7100	2592	0	1473171	32	10581248	100	2	14200                              	56150	0	10581248	0
0.5	7100	2025	0	1222989	32	10581248	100	2	14200                              	50089	0	10581248	0
0.5	7100	2037	0	1227982	32	10581248	100	2	14200                              	54090	0	10581248	0
0.5	7100	2178	0	1290597	32	10581248	100	2	14200                              	58371	0	10581248	0
0.5	7100	2297	0	1342266	32	10581248	100	2	14200                              	56751	0	10581248	0
0.5	7100	2822	0	1575015	32	10581248	100	2	14200                              	60760	0	10581248	0
0.5	7100	2481	0	1424141	32	10581248	100	2	14200                              	59087	0	10581248	0
0.5	7100	2187	0	1294154	32	10581248	100	2	14200                              	41882	0	10581248	0
0.5	7100	2707	0	1524296	32	10581248	100	2	14200                              	49376	0	10581248	0
0.5	7100	2428	0	1399901	32	10581248	100	2	14200                              	39500	0	10581248	0
0.5	7100	2332	0	1358577	32	10581248	100	2	14200                              	48356	0	10581248	0
0.5	7100	2407	0	1391384	32	10581248	100	2	14200                              	45798	0	10581248	0
0.5	7100	2720	0	1530166	32	10581248	100	2	14200                              	44519	0	10581248	0
0.5	7100	2227	0	1312182	32	10581248	100	2	14200                              	53041	0	10581248	0
0.5	7100	2482	0	1425104	32	10581248	100	2	14200                              	57905	0	10581248	0
0.5	7100	2191	0	1295665	32	10581248	100	2	14200                              	45674	0	10581248	0
0.5	7100	2216	0	1306129	32	10581248	100	2	14200                              	47923	0	10581248	0
0.5	7100	2018	0	1217858	32	10581248	100	2	14200                              	49247	0	10581248	0
0.5	7100	2395	0	1386819	32	10581248	100	2	14200                              	59505	0	10581248	0
0.5	7100	2712	0	1528086	32	10581248	100	2	14200                              	58189	0	10581248	0
0.5	7100	2406	0	1390161	32	10581248	100	2	14200                              	46508	0	10581248	0
0.5	7100	2507	0	1435249	32	10581248	100	2	14200                              	43598	0	10581248	0
0.5	7100	2531	0	1445368	32	10581248	100	2	14200                              	61805	0	10581248	0
0.5	7100	2158	0	1281636	32	10581248	100	2	14200                              	44229	0	10581248	0
0.5	7100	2000	0	1210138	32	10581248	100	2	14200                              	48048	0	10581248	0
0.5	7100	2135	0	1271029	32	10581248	100	2	14200                              	56300	0	10581248	0
0.5	7100	2536	0	1448392	32	10581248	100	2	14200                              	48405	0	10581248	0
0.5	7100	2250	0	1322995	32	10581248	100	2	14200                              	47506	0	10581248	0
0.5	7100	2111	0	1260230	32	10581248	100	2	14200                              	51307	0	10581248	0
0.5	7100	2344	0	1364980	32	10581248	100	2	14200                              	58081	0	10581248	0
0.5	7100	2225	0	1308874	32	10581248	100	2	14200                              	57062	0	10581248	0
0.5	7100	2150	0	1277513	32	10581248	100	2	14200                              	53160	0	10581248	0
0.5	7100	2277	0	1333626	32	10581248	100	2	14200                              	57862	0	10581248	0
0.5	7100	2452	0	1411062	32	10581248	100	2	14200                              	53657	0	10581248	0
0.5	7100	2067	0	1242119	32	10581248	100	2	14200                              	54474	0	10581248	0
0.5	7100	2386	0	1380884	32	10581248	100	2	14200                              	56247	0	10581248	0
0.5	7100	2451	0	1411768	32	10581248	100	2	14200                              	60059	0	10581248	0
0.5	7100	2523	0	1443533	32	10581248	100	2	14200                              	48073	0	10581248	0
0.5	7100	2489	0	1427737	32	10581248	100	2	14200                              	45155	0	10581248	0
0.5	7100	2789	0	1561101	32	10581248	100	2	14200                              	59471	0	10581248	0
0.5	7100	2287	0	1338315	32	10581248	100	2	14200                              	49145	0	10581248	0
0.5	7100	2162	0	1283122	32	10581248	100	2	14200                              	54173	0	10581248	0
0.5	7100	2170	0	1287109	32	10581248	100	2	14200                              	58009	0	10581248	0
0.5	7100	2465	0	1415882	32	10581248	100	2	14200                              	50714	0	10581248	0
0.5	7100	2569	0	1461914	32	10581248	100	2	14200                              	43685	0	10581248	0
0.5	7100	2052	0	1233199	32	10581248	100	2	14200                              	43073	0	10581248	0
0.5	7100	2101	0	1256035	32	10581248	100	2	14200                              	51148	0	10581248	0
0.5	7100	2492	0	1428582	32	10581248	100	2	14200                              	50705	0	10581248	0
0.5	7100	2192	0	1294967	32	10581248	100	2	14200                              	61866	0	10581248	0
0.5	7100	2847	0	1586237	32	10581248	100	2	14200                              	46895	0	10581248	0
0.5	7100	1984	0	1201909	32	10581248	100	2	14200                              	40991	0	10581248	0
0.5	7100	2575	0	1466099	32	10581248	100	2	14200                              	47397	0	10581248	0
0.5	7100	2357	0	1368451	32	10581248	100	2	14200                              	57776	0	10581248	0
0.5	8100	2260	0	1465729	32	10581248	100	2	16200                              	40722	0	10581248	0
0.5	8100	2292	0	1483717	32	10581248	100	2	16200                              	57383	0	10581248	0
0.5	8100	2015	0	1343637	32	10581248	100	2	16200                              	52760	0	10581248	0
0.5	8100	2024	0	1345650	32	10581248	100	2	16200                              	60032	0	10581248	0
0.5	8100	2391	0	1532622	32	10581248	100	2	16200                              	56104	0	10581248	0
0.5	8100	2345	0	1510280	32	10581248	100	2	16200                              	49745	0	10581248	0
0.5	8100	2081	0	1375806	32	10581248	100	2	16200                              	41718	0	10581248	0
0.5	8100	1916	0	1291497	32	10581248	100	2	16200                              	60291	0	10581248	0
0.5	8100	1874	0	1270599	32	10581248	100	2	16200                              	35183	0	10581248	0
0.5	8100	1876	0	1272782	32	10581248	100	2	16200                              	42059	0	10581248	0
0.5	8100	2217	0	1444287	32	10581248	100	2	16200                              	47361	0	10581248	0
0.5	8100	2319	0	1496388	32	10581248	100	2	16200                              	56469	0	10581248	0
0.5	8100	2349	0	1510509	32	10581248	100	2	16200                              	36821	0	10581248	0
0.5	8100	1998	0	1333188	32	10581248	100	2	16200                              	59322	0	10581248	0
0.5	8100	2025	0	1347267	32	10581248	100	2	16200                              	47079	0	10581248	0
0.5	8100	2079	0	1373571	32	10581248	100	2	16200                              	40861	0	10581248	0
0.5	8100	1882	0	1274150	32	10581248	100	2	16200                              	44235	0	10581248	0
0.5	8100	2296	0	1483782	32	10581248	100	2	16200                              	45080	0	10581248	0
0.5	8100	1924	0	1296978	32	10581248	100	2	16200                              	55177	0	10581248	0
0.5	8100	2226	0	1449670	32	10581248	100	2	16200                              	37534	0	10581248	0
0.5	8100	1866	0	1266232	32	10581248	100	2	16200                              	42943	0	10581248	0
0.5	8100	1959	0	1314063	32	10581248	100	2	16200                              	42223	0	10581248	0
0.5	8100	2335	0	1503591	32	10581248	100	2	16200                              	60601	0	10581248	0
0.5	8100	2196	0	1433755	32	10581248	100	2	16200                              	45814	0	10581248	0
0.5	8100	2262	0	1466045	32	10581248	100	2	16200                              	59090	0	10581248	0
0.5	8100	1997	0	1332117	32	10581248	100	2	16200                              	58353	0	10581248	0
0.5	8100	1855	0	1261985	32	10581248	100	2	16200                              	48304	0	10581248	0
0.5	8100	1950	0	1309419	32	10581248	100	2	16200                              	52366	0	10581248	0
0.5	8100	1983	0	1325771	32	10581248	100	2	16200                              	45854	0	10581248	0
0.5	8100	2182	0	1427418	32	10581248	100	2	16200                              	53194	0	10581248	0
0.5	8100	2221	0	1446854	32	10581248	100	2	16200                              	52941	0	10581248	0
0.5	8100	1994	0	1332077	32	10581248	100	2	16200                              	46651	0	10581248	0
0.5	8100	2241	0	1456429	32	10581248	100	2	16200                              	42730	0	10581248	0
0.5	8100	1930	0	1300533	32	10581248	100	2	16200                              	46107	0	10581248	0
0.5	8100	1993	0	1329825	32	10581248	100	2	16200                              	51199	0	10581248	0
0.5	8100	2273	0	1473140	32	10581248	100	2	16200                              	58609	0	10581248	0
0.5	8100	1969	0	1318817	32	10581248	100	2	16200                              	48257	0	10581248	0
0.5	8100	1998	0	1334032	32	10581248	100	2	16200                              	53045	0	10581248	0
0.5	8100	2420	0	1547547	32	10581248	100	2	16200                              	47017	0	10581248	0
0.5	8100	2210	0	1440543	32	10581248	100	2	16200                              	35729	0	10581248	0
0.5	8100	2360	0	1516875	32	10581248	100	2	16200                              	36373	0	10581248	0
0.5	8100	2257	0	1464356	32	10581248	100	2	16200                              	46748	0	10581248	0
0.5	8100	2126	0	1398576	32	10581248	100	2	16200                              	48333	0	10581248	0
0.5	8100	1961	0	1314901	32	10581248	100	2	16200                              	46539	0	10581248	0
0.5	8100	2020	0	1345508	32	10581248	100	2	16200                              	59875	0	10581248	0
0.5	8100	2313	0	1493831	32	10581248	100	2	16200                              	57343	0	10581248	0
0.5	8100	2050	0	1360329	32	10581248	100	2	16200                              	52352	0	10581248	0
0.5	8100	1956	0	1311569	32	10581248	100	2	16200                              	45653	0	10581248	0
0.5	8100	2037	0	1353660	32	10581248	100	2	16200                              	53281	0	10581248	0
0.5	8100	2273	0	1473479	32	10581248	100	2	16200                              	43727	0	10581248	0
0.5	8100	2503	0	1590264	32	10581248	100	2	16200                              	58769	0	10581248	0
0.5	8100	2225	0	1447406	32	10581248	100	2	16200                              	47058	0	10581248	0
0.5	8100	1907	0	1287463	32	10581248	100	2	16200                              	43099	0	10581248	0
0.5	8100	2023	0	1347082	32	10581248	100	2	16200                              	35502	0	10581248	0
0.5	8100	2196	0	1435529	32	10581248	100	2	16200                              	53446	0	10581248	0
0.5	8100	2091	0	1380404	32	10581248	100	2	16200                              	38136	0	10581248	0
0.5	8100	1826	0	1246832	32	10581248	100	2	16200                              	55691	0	10581248	0
0.5	8100	1927	0	1298048	32	10581248	100	2	16200                              	57557	0	10581248	0
0.5	8100	2473	0	1573308	32	10581248	100	2	16200                              	45428	0	10581248	0
0.5	8100	2135	0	1403325	32	10581248	100	2	16200                              	51715	0	10581248	0
0.5	8100	2247	0	1459943	32	10581248	100	2	16200                              	42767	0	10581248	0
0.5	8100	2104	0	1387981	32	10581248	100	2	16200                              	50557	0	10581248	0
0.5	8100	2104	0	1388482	32	10581248	100	2	16200                              	47368	0	10581248	0
0.5	8100	2211	0	1442611	32	10581248	100	2	16200                              	53984	0	10581248	0
0.5	8100	2520	0	1597905	32	10581248	100	2	16200                              	55441	0	10581248	0
0.5	8100	2209	0	1439757	32	10581248	100	2	16200                              	57289	0	10581248	0
0.5	8100	2000	0	1336219	32	10581248	100	2	16200                              	41914	0	10581248	0
0.5	8100	1978	0	1324402	32	10581248	100	2	16200                              	55111	0	10581248	0
0.5	8100	1930	0	1299255	32	10581248	100	2	16200                              	54992	0	10581248	0
0.5	8100	2323	0	1497801	32	10581248	100	2	16200                              	49723	0	10581248	0
0.5	8100	1865	0	1265748	32	10581248	100	2	16200                              	56651	0	10581248	0
0.5	8100	2327	0	1501963	32	10581248	100	2	16200                              	45941	0	10581248	0
0.5	8100	2313	0	1494062	32	10581248	100	2	16200                              	58470	0	10581248	0
0.5	8100	2038	0	1354270	32	10581248	100	2	16200                              	58826	0	10581248	0
0.5	8100	2352	0	1513161	32	10581248	100	2	16200                              	47606	0	10581248	0
0.5	8100	1913	0	1290534	32	10581248	100	2	16200                              	59688	0	10581248	0
0.5	8100	2182	0	1426645	32	10581248	100	2	16200                              	57316	0	10581248	0
0.5	8100	1939	0	1304117	32	10581248	100	2	16200                              	54837	0	10581248	0
0.5	8100	2266	0	1469185	32	10581248	100	2	16200                              	51221	0	10581248	0
0.5	8100	2125	0	1397523	32	10581248	100	2	16200                              	48514	0	10581248	0
0.5	8100	2223	0	1449098	32	10581248	100	2	16200                              	52494	0	10581248	0
0.5	8100	2624	0	1649837	32	10581248	100	2	16200                              	45193	0	10581248	0
0.5	8100	2169	0	1421533	32	10581248	100	2	16200                              	46777	0	10581248	0
0.5	8100	1884	0	1275513	32	10581248	100	2	16200                              	39615	0	10581248	0
0.5	8100	2086	0	1377673	32	10581248	100	2	16200                              	41378	0	10581248	0
0.5	8100	1975	0	1321108	32	10581248	100	2	16200                              	41965	0	10581248	0
0.5	8100	2316	0	1495307	32	10581248	100	2	16200                              	57480	0	10581248	0
0.5	8100	1926	0	1298119	32	10581248	100	2	16200                              	47713	0	10581248	0
0.5	8100	2325	0	1499970	32	10581248	100	2	16200                              	47277	0	10581248	0
0.5	8100	1959	0	1313440	32	10581248	100	2	16200                              	44595	0	10581248	0
0.5	8100	2010	0	1339693	32	10581248	100	2	16200                              	44621	0	10581248	0
0.5	8100	2162	0	1418550	32	10581248	100	2	16200                              	55836	0	10581248	0
0.5	8100	1896	0	1281185	32	10581248	100	2	16200                              	52118	0	10581248	0
0.5	8100	2094	0	1382433	32	10581248	100	2	16200                              	54159	0	10581248	0
0.5	8100	2225	0	1449465	32	10581248	100	2	16200                              	42024	0	10581248	0
0.5	8100	1966	0	1317621	32	10581248	100	2	16200                              	47997	0	10581248	0
0.5	8100	1939	0	1304910	32	10581248	100	2	16200                              	58391	0	10581248	0
0.5	8100	2132	0	1400868	32	10581248	100	2	16200                              	39755	0	10581248	0
0.5	8100	2367	0	1520054	32	10581248	100	2	16200                              	39381	0	10581248	0
0.5	8100	1990	0	1331643	32	10581248	100	2	16200                              	44170	0	10581248	0
0.5	9100	2040	0	1480458	32	10581248	100	2	18200                              	59360	0	10581248	0
0.5	9100	2190	0	1566104	32	10581248	100	2	18200                              	42889	0	10581248	0
0.5	9100	1774	0	1330362	32	10581248	100	2	18200                              	49674	0	10581248	0
0.5	9100	1772	0	1327716	32	10581248	100	2	18200                              	48873	0	10581248	0
0.5	9100	1713	0	1296827	32	10581248	100	2	18200                              	54955	0	10581248	0
0.5	9100	2193	0	1567003	32	10581248	100	2	18200                              	33772	0	10581248	0
0.5	9100	2140	0	1537724	32	10581248	100	2	18200                              	49945	0	10581248	0
0.5	9100	2040	0	1480076	32	10581248	100	2	18200                              	42325	0	10581248	0
0.5	9100	2046	0	1484824	32	10581248	100	2	18200                              	37816	0	10581248	0
0.5	9100	1807	0	1348825	32	10581248	100	2	18200                              	53585	0	10581248	0
0.5	9100	1863	0	1380225	32	10581248	100	2	18200                              	57384	0	10581248	0
0.5	9100	1947	0	1429671	32	10581248	100	2	18200                              	40338	0	10581248	0
0.5	9100	1828	0	1361548	32	10581248	100	2	18200                              	52194	0	10581248	0
0.5	9100	2037	0	1480700	32	10581248	100	2	18200                              	43870	0	10581248	0
0.5	9100	2290	0	1621650	32	10581248	100	2	18200                              	43645	0	10581248	0
0.5	9100	2105	0	1517049	32	10581248	100	2	18200                              	59524	0	10581248	0
0.5	9100	1946	0	1427313	32	10581248	100	2	18200                              	53787	0	10581248	0
0.5	9100	1854	0	1376666	32	10581248	100	2	18200                              	46474	0	10581248	0
0.5	9100	1881	0	1390469	32	10581248	100	2	18200                              	50967	0	10581248	0
0.5	9100	2112	0	1523632	32	10581248	100	2	18200                              	41010	0	10581248	0
0.5	9100	2154	0	1545790	32	10581248	100	2	18200                              	58400	0	10581248	0
0.5	9100	1990	0	1453020	32	10581248	100	2	18200                              	57597	0	10581248	0
0.5	9100	1890	0	1394495	32	10581248	100	2	18200                              	50197	0	10581248	0
0.5	9100	1895	0	1400370	32	10581248	100	2	18200                              	59749	0	10581248	0
0.5	9100	2195	0	1570840	32	10581248	100	2	18200                              	35411	0	10581248	0
0.5	9100	1925	0	1418050	32	10581248	100	2	18200                              	58736	0	10581248	0
0.5	9100	2080	0	1504291	32	10581248	100	2	18200                              	45452	0	10581248	0
0.5	9100	2241	0	1595338	32	10581248	100	2	18200                              	47992	0	10581248	0
0.5	9100	1893	0	1398612	32	10581248	100	2	18200                              	40918	0	10581248	0
0.5	9100	2060	0	1494161	32	10581248	100	2	18200                              	44481	0	10581248	0
0.5	9100	1877	0	1388843	32	10581248	100	2	18200                              	43775	0	10581248	0
0.5	9100	2012	0	1465488	32	10581248	100	2	18200                              	52547	0	10581248	0
0.5	9100	2008	0	1462865	32	10581248	100	2	18200                              	50881	0	10581248	0
0.5	9100	2158	0	1548150	32	10581248	100	2	18200                              	54387	0	10581248	0
0.5	9100	2124	0	1529686	32	10581248	100	2	18200                              	45513	0	10581248	0
0.5	9100	1931	0	1418106	32	10581248	100	2	18200                              	42754	0	10581248	0
0.5	9100	1748	0	1314366	32	10581248	100	2	18200                              	34252	0	10581248	0
0.5	9100	1914	0	1410088	32	10581248	100	2	18200                              	44580	0	10581248	0
0.5	9100	2150	0	1544945	32	10581248	100	2	18200                              	38946	0	10581248	0
0.5	9100	2409	0	1690537	32	10581248	100	2	18200                              	44597	0	10581248	0
0.5	9100	1811	0	1351699	32	10581248	100	2	18200                              	54388	0	10581248	0
0.5	9100	2005	0	1463724	32	10581248	100	2	18200                              	47983	0	10581248	0
0.5	9100	2056	0	1489212	32	10581248	100	2	18200                              	56327	0	10581248	0
0.5	9100	1912	0	1409948	32	10581248	100	2	18200                              	51445	0	10581248	0
0.5	9100	1815	0	1351728	32	10581248	100	2	18200                              	37816	0	10581248	0
0.5	9100	2028	0	1474881	32	10581248	100	2	18200                              	55426	0	10581248	0
0.5	9100	2088	0	1508499	32	10581248	100	2	18200                              	56644	0	10581248	0
0.5	9100	1978	0	1445760	32	10581248	100	2	18200                              	51680	0	10581248	0
0.5	9100	1866	0	1382078	32	10581248	100	2	18200                              	44360	0	10581248	0
0.5	9100	1763	0	1324465	32	10581248	100	2	18200                              	48136	0	10581248	0
0.5	9100	1885	0	1393553	32	10581248	100	2	18200                              	55162	0	10581248	0
0.5	9100	2173	0	1557655	32	10581248	100	2	18200                              	56980	0	10581248	0
0.5	9100	1923	0	1415283	32	10581248	100	2	18200                              	54535	0	10581248	0
0.5	9100	2011	0	1464671	32	10581248	100	2	18200                              	51912	0	10581248	0
0.5	9100	2168	0	1555006	32	10581248	100	2	18200                              	54130	0	10581248	0
0.5	9100	1746	0	1314386	32	10581248	100	2	18200                              	45061	0	10581248	0
0.5	9100	2152	0	1543903	32	10581248	100	2	18200                              	55855	0	10581248	0
0.5	9100	1876	0	1388311	32	10581248	100	2	18200                              	44941	0	10581248	0
0.5	9100	1863	0	1380275	32	10581248	100	2	18200                              	43517	0	10581248	0
0.5	9100	1977	0	1445855	32	10581248	100	2	18200                              	44782	0	10581248	0
0.5	9100	2389	0	1679479	32	10581248	100	2	18200                              	42266	0	10581248	0
0.5	9100	1939	0	1423191	32	10581248	100	2	18200                              	56315	0	10581248	0
0.5	9100	1758	0	1321381	32	10581248	100	2	18200                              	56693	0	10581248	0
0.5	9100	1825	0	1359918	32	10581248	100	2	18200                              	36714	0	10581248	0
0.5	9100	1884	0	1391664	32	10581248	100	2	18200                              	50599	0	10581248	0
0.5	9100	1788	0	1336054	32	10581248	100	2	18200                              	57608	0	10581248	0
0.5	9100	2004	0	1460380	32	10581248	100	2	18200                              	58124	0	10581248	0
0.5	9100	1943	0	1424320	32	10581248	100	2	18200                              	41797	0	10581248	0
0.5	9100	1742	0	1311372	32	10581248	100	2	18200                              	45920	0	10581248	0
0.5	9100	1815	0	1354219	32	10581248	100	2	18200                              	38736	0	10581248	0
0.5	9100	1914	0	1409415	32	10581248	100	2	18200                              	45959	0	10581248	0
0.5	9100	1783	0	1337178	32	10581248	100	2	18200                              	60341	0	10581248	0
0.5	9100	2199	0	1571941	32	10581248	100	2	18200                              	42403	0	10581248	0
0.5	9100	2219	0	1582463	32	10581248	100	2	18200                              	43915	0	10581248	0
0.5	9100	1797	0	1342970	32	10581248	100	2	18200                              	51586	0	10581248	0
0.5	9100	1737	0	1311119	32	10581248	100	2	18200                              	59072	0	10581248	0
0.5	9100	2036	0	1479681	32	10581248	100	2	18200                              	44533	0	10581248	0
0.5	9100	2020	0	1469780	32	10581248	100	2	18200                              	42379	0	10581248	0
0.5	9100	1990	0	1453069	32	10581248	100	2	18200                              	38033	0	10581248	0
0.5	9100	1961	0	1436727	32	10581248	100	2	18200                              	41700	0	10581248	0
0.5	9100	2091	0	1510967	32	10581248	100	2	18200                              	59721	0	10581248	0
0.5	9100	1751	0	1316056	32	10581248	100	2	18200                              	47912	0	10581248	0
0.5	9100	1914	0	1410412	32	10581248	100	2	18200                              	55476	0	10581248	0
0.5	9100	1877	0	1387183	32	10581248	100	2	18200                              	47184	0	10581248	0
0.5	9100	2261	0	1607177	32	10581248	100	2	18200                              	45144	0	10581248	0
0.5	9100	1962	0	1437877	32	10581248	100	2	18200                              	44374	0	10581248	0
0.5	9100	1758	0	1321196	32	10581248	100	2	18200                              	46566	0	10581248	0
0.5	9100	1810	0	1351126	32	10581248	100	2	18200                              	39294	0	10581248	0
0.5	9100	1742	0	1311896	32	10581248	100	2	18200                              	49110	0	10581248	0
0.5	9100	2172	0	1556798	32	10581248	100	2	18200                              	56550	0	10581248	0
0.5	9100	1791	0	1341001	32	10581248	100	2	18200                              	37933	0	10581248	0
0.5	9100	2015	0	1467949	32	10581248	100	2	18200                              	57994	0	10581248	0
0.5	9100	2197	0	1570833	32	10581248	100	2	18200                              	44006	0	10581248	0
0.5	9100	2094	0	1514138	32	10581248	100	2	18200                              	40373	0	10581248	0
0.5	9100	1789	0	1336732	32	10581248	100	2	18200                              	47122	0	10581248	0
0.5	9100	2034	0	1477410	32	10581248	100	2	18200                              	54495	0	10581248	0
0.5	9100	1844	0	1370634	32	10581248	100	2	18200                              	46507	0	10581248	0
0.5	9100	1883	0	1392387	32	10581248	100	2	18200                              	44957	0	10581248	0
0.5	9100	1815	0	1354521	32	10581248	100	2	18200                              	43790	0	10581248	0
0.5	9100	1981	0	1447569	32	10581248	100	2	18200                              	51552	0	10581248	0
