#using seed 0.044584
# Work:10159328, depth:444825, work/p+depth:2984657.0
#PROCESSORS: 4, RUNS: 100
#prb	R-l	ISR	ESR	runTime	processors    	work	taskThreshold	lGranularity	rGranularity	IDATAT	EDATAT	W0	W1
0.5	100	2054	0	2642452	4	10159328	100	2	200                              	10137	0	10159328	0
0.5	100	2057	0	2642580	4	10159328	100	2	200                              	14866	0	10159328	0
0.5	100	2793	0	2679375	4	10159328	100	2	200                              	16704	0	10159328	0
0.5	100	2006	0	2640000	4	10159328	100	2	200                              	20855	0	10159328	0
0.5	100	3466	0	2712961	4	10159328	100	2	200                              	10222	0	10159328	0
0.5	100	3490	0	2714231	4	10159328	100	2	200                              	15873	0	10159328	0
0.5	100	2012	0	2640283	4	10159328	100	2	200                              	15165	0	10159328	0
0.5	100	2160	0	2647705	4	10159328	100	2	200                              	10300	0	10159328	0
0.5	100	3539	0	2716611	4	10159328	100	2	200                              	11059	0	10159328	0
0.5	100	2024	0	2640879	4	10159328	100	2	200                              	15048	0	10159328	0
0.5	100	2783	0	2678823	4	10159328	100	2	200                              	11921	0	10159328	0
0.5	100	1940	0	2636709	4	10159328	100	2	200                              	11182	0	10159328	0
0.5	100	2084	0	2643907	4	10159328	100	2	200                              	11525	0	10159328	0
0.5	100	2059	0	2642696	4	10159328	100	2	200                              	14033	0	10159328	0
0.5	100	3470	0	2713238	4	10159328	100	2	200                              	11181	0	10159328	0
0.5	100	3418	0	2710608	4	10159328	100	2	200                              	18437	0	10159328	0
0.5	100	1959	0	2637668	4	10159328	100	2	200                              	12854	0	10159328	0
0.5	100	2001	0	2639754	4	10159328	100	2	200                              	13765	0	10159328	0
0.5	100	1960	0	2637718	4	10159328	100	2	200                              	15975	0	10159328	0
0.5	100	2082	0	2643819	4	10159328	100	2	200                              	16785	0	10159328	0
0.5	100	2228	0	2651152	4	10159328	100	2	200                              	16069	0	10159328	0
0.5	100	2083	0	2643876	4	10159328	100	2	200                              	12495	0	10159328	0
0.5	100	3367	0	2708086	4	10159328	100	2	200                              	15450	0	10159328	0
0.5	100	2595	0	2669447	4	10159328	100	2	200                              	19555	0	10159328	0
0.5	100	3656	0	2722546	4	10159328	100	2	200                              	23803	0	10159328	0
0.5	100	2331	0	2656276	4	10159328	100	2	200                              	20136	0	10159328	0
0.5	100	2124	0	2645939	4	10159328	100	2	200                              	19573	0	10159328	0
0.5	100	2111	0	2645265	4	10159328	100	2	200                              	22063	0	10159328	0
0.5	100	2346	0	2657051	4	10159328	100	2	200                              	13172	0	10159328	0
0.5	100	3234	0	2701426	4	10159328	100	2	200                              	19111	0	10159328	0
0.5	100	2125	0	2645918	4	10159328	100	2	200                              	16268	0	10159328	0
0.5	100	1920	0	2635739	4	10159328	100	2	200                              	6896	0	10159328	0
0.5	100	1967	0	2638027	4	10159328	100	2	200                              	16928	0	10159328	0
0.5	100	3307	0	2705089	4	10159328	100	2	200                              	22335	0	10159328	0
0.5	100	2135	0	2646414	4	10159328	100	2	200                              	12544	0	10159328	0
0.5	100	3466	0	2712987	4	10159328	100	2	200                              	9876	0	10159328	0
0.5	100	2097	0	2644553	4	10159328	100	2	200                              	14831	0	10159328	0
0.5	100	3278	0	2703612	4	10159328	100	2	200                              	20725	0	10159328	0
0.5	100	2071	0	2643235	4	10159328	100	2	200                              	13966	0	10159328	0
0.5	100	2683	0	2673870	4	10159328	100	2	200                              	18474	0	10159328	0
0.5	100	2904	0	2684950	4	10159328	100	2	200                              	11072	0	10159328	0
0.5	100	2387	0	2659056	4	10159328	100	2	200                              	22706	0	10159328	0
0.5	100	2015	0	2640447	4	10159328	100	2	200                              	9749	0	10159328	0
0.5	100	3532	0	2716317	4	10159328	100	2	200                              	20706	0	10159328	0
0.5	100	3769	0	2728146	4	10159328	100	2	200                              	18392	0	10159328	0
0.5	100	2082	0	2643806	4	10159328	100	2	200                              	14704	0	10159328	0
0.5	100	3120	0	2695727	4	10159328	100	2	200                              	20000	0	10159328	0
0.5	100	1996	0	2639519	4	10159328	100	2	200                              	15193	0	10159328	0
0.5	100	1977	0	2638502	4	10159328	100	2	200                              	8571	0	10159328	0
0.5	100	2837	0	2681515	4	10159328	100	2	200                              	8937	0	10159328	0
0.5	100	2149	0	2647163	4	10159328	100	2	200                              	12318	0	10159328	0
0.5	100	2308	0	2655071	4	10159328	100	2	200                              	18804	0	10159328	0
0.5	100	3514	0	2715391	4	10159328	100	2	200                              	19019	0	10159328	0
0.5	100	2540	0	2666722	4	10159328	100	2	200                              	18101	0	10159328	0
0.5	100	2216	0	2650518	4	10159328	100	2	200                              	13253	0	10159328	0
0.5	100	1960	0	2637726	4	10159328	100	2	200                              	6384	0	10159328	0
0.5	100	2007	0	2640071	4	10159328	100	2	200                              	14787	0	10159328	0
0.5	100	1955	0	2637435	4	10159328	100	2	200                              	11582	0	10159328	0
0.5	100	2963	0	2687880	4	10159328	100	2	200                              	21908	0	10159328	0
0.5	100	3445	0	2711974	4	10159328	100	2	200                              	10607	0	10159328	0
0.5	100	3592	0	2719317	4	10159328	100	2	200                              	17193	0	10159328	0
0.5	100	2187	0	2649005	4	10159328	100	2	200                              	15797	0	10159328	0
0.5	100	2067	0	2643037	4	10159328	100	2	200                              	13249	0	10159328	0
0.5	100	3336	0	2706501	4	10159328	100	2	200                              	14116	0	10159328	0
0.5	100	3337	0	2706544	4	10159328	100	2	200                              	11841	0	10159328	0
0.5	100	2344	0	2656882	4	10159328	100	2	200                              	20940	0	10159328	0
0.5	100	1959	0	2637673	4	10159328	100	2	200                              	17159	0	10159328	0
0.5	100	2207	0	2650035	4	10159328	100	2	200                              	19892	0	10159328	0
0.5	100	3267	0	2703081	4	10159328	100	2	200                              	24139	0	10159328	0
0.5	100	1950	0	2637251	4	10159328	100	2	200                              	13741	0	10159328	0
0.5	100	2033	0	2641338	4	10159328	100	2	200                              	13650	0	10159328	0
0.5	100	1981	0	2638725	4	10159328	100	2	200                              	7183	0	10159328	0
0.5	100	3312	0	2705312	4	10159328	100	2	200                              	14333	0	10159328	0
0.5	100	1973	0	2638350	4	10159328	100	2	200                              	12156	0	10159328	0
0.5	100	2113	0	2645374	4	10159328	100	2	200                              	13282	0	10159328	0
0.5	100	2406	0	2659981	4	10159328	100	2	200                              	17727	0	10159328	0
0.5	100	3504	0	2714935	4	10159328	100	2	200                              	10645	0	10159328	0
0.5	100	2735	0	2676448	4	10159328	100	2	200                              	19573	0	10159328	0
0.5	100	2939	0	2686657	4	10159328	100	2	200                              	14094	0	10159328	0
0.5	100	2130	0	2646212	4	10159328	100	2	200                              	11867	0	10159328	0
0.5	100	1916	0	2635490	4	10159328	100	2	200                              	7817	0	10159328	0
0.5	100	2062	0	2642807	4	10159328	100	2	200                              	10921	0	10159328	0
0.5	100	3206	0	2700019	4	10159328	100	2	200                              	19755	0	10159328	0
0.5	100	2101	0	2644701	4	10159328	100	2	200                              	15957	0	10159328	0
0.5	100	3241	0	2701711	4	10159328	100	2	200                              	21422	0	10159328	0
0.5	100	1991	0	2639285	4	10159328	100	2	200                              	11668	0	10159328	0
0.5	100	3217	0	2700554	4	10159328	100	2	200                              	18908	0	10159328	0
0.5	100	3944	0	2736926	4	10159328	100	2	200                              	18790	0	10159328	0
0.5	100	2065	0	2642981	4	10159328	100	2	200                              	16467	0	10159328	0
0.5	100	1964	0	2637930	4	10159328	100	2	200                              	11307	0	10159328	0
0.5	100	2047	0	2642067	4	10159328	100	2	200                              	19850	0	10159328	0
0.5	100	2477	0	2663581	4	10159328	100	2	200                              	10110	0	10159328	0
0.5	100	2162	0	2647763	4	10159328	100	2	200                              	20259	0	10159328	0
0.5	100	3256	0	2702529	4	10159328	100	2	200                              	16114	0	10159328	0
0.5	100	3113	0	2695359	4	10159328	100	2	200                              	18431	0	10159328	0
0.5	100	2146	0	2646973	4	10159328	100	2	200                              	18484	0	10159328	0
0.5	100	2335	0	2656434	4	10159328	100	2	200                              	20665	0	10159328	0
0.5	100	2001	0	2639786	4	10159328	100	2	200                              	13703	0	10159328	0
0.5	100	3458	0	2712602	4	10159328	100	2	200                              	13174	0	10159328	0
0.5	100	2083	0	2643840	4	10159328	100	2	200                              	10900	0	10159328	0
0.5	1100	412	0	2765164	4	10159328	100	2	2200                              	11017	0	10159328	0
0.5	1100	242	0	2671855	4	10159328	100	2	2200                              	7606	0	10159328	0
0.5	1100	398	0	2757519	4	10159328	100	2	2200                              	12894	0	10159328	0
0.5	1100	281	0	2692991	4	10159328	100	2	2200                              	24636	0	10159328	0
0.5	1100	236	0	2668231	4	10159328	100	2	2200                              	6094	0	10159328	0
0.5	1100	244	0	2672953	4	10159328	100	2	2200                              	10574	0	10159328	0
0.5	1100	210	0	2653959	4	10159328	100	2	2200                              	7227	0	10159328	0
0.5	1100	225	0	2662010	4	10159328	100	2	2200                              	7227	0	10159328	0
0.5	1100	223	0	2661055	4	10159328	100	2	2200                              	9231	0	10159328	0
0.5	1100	348	0	2730026	4	10159328	100	2	2200                              	21861	0	10159328	0
0.5	1100	470	0	2796994	4	10159328	100	2	2200                              	18841	0	10159328	0
0.5	1100	342	0	2726773	4	10159328	100	2	2200                              	15187	0	10159328	0
0.5	1100	230	0	2664881	4	10159328	100	2	2200                              	8695	0	10159328	0
0.5	1100	250	0	2676196	4	10159328	100	2	2200                              	10317	0	10159328	0
0.5	1100	306	0	2706838	4	10159328	100	2	2200                              	14222	0	10159328	0
0.5	1100	214	0	2655898	4	10159328	100	2	2200                              	7465	0	10159328	0
0.5	1100	202	0	2649261	4	10159328	100	2	2200                              	6982	0	10159328	0
0.5	1100	319	0	2714518	4	10159328	100	2	2200                              	10631	0	10159328	0
0.5	1100	426	0	2772820	4	10159328	100	2	2200                              	17803	0	10159328	0
0.5	1100	383	0	2749361	4	10159328	100	2	2200                              	18338	0	10159328	0
0.5	1100	199	0	2647962	4	10159328	100	2	2200                              	5483	0	10159328	0
0.5	1100	398	0	2757318	4	10159328	100	2	2200                              	22571	0	10159328	0
0.5	1100	205	0	2651193	4	10159328	100	2	2200                              	4870	0	10159328	0
0.5	1100	239	0	2669971	4	10159328	100	2	2200                              	8606	0	10159328	0
0.5	1100	231	0	2665835	4	10159328	100	2	2200                              	7719	0	10159328	0
0.5	1100	408	0	2762914	4	10159328	100	2	2200                              	27554	0	10159328	0
0.5	1100	416	0	2767256	4	10159328	100	2	2200                              	10260	0	10159328	0
0.5	1100	234	0	2667356	4	10159328	100	2	2200                              	6557	0	10159328	0
0.5	1100	207	0	2652489	4	10159328	100	2	2200                              	7355	0	10159328	0
0.5	1100	269	0	2686297	4	10159328	100	2	2200                              	17978	0	10159328	0
0.5	1100	233	0	2666341	4	10159328	100	2	2200                              	8824	0	10159328	0
0.5	1100	305	0	2706101	4	10159328	100	2	2200                              	22851	0	10159328	0
0.5	1100	287	0	2696073	4	10159328	100	2	2200                              	11622	0	10159328	0
0.5	1100	345	0	2727706	4	10159328	100	2	2200                              	16045	0	10159328	0
0.5	1100	278	0	2691472	4	10159328	100	2	2200                              	14177	0	10159328	0
0.5	1100	210	0	2653640	4	10159328	100	2	2200                              	4158	0	10159328	0
0.5	1100	201	0	2649197	4	10159328	100	2	2200                              	4567	0	10159328	0
0.5	1100	197	0	2647061	4	10159328	100	2	2200                              	6804	0	10159328	0
0.5	1100	200	0	2648079	4	10159328	100	2	2200                              	7081	0	10159328	0
0.5	1100	201	0	2648907	4	10159328	100	2	2200                              	4663	0	10159328	0
0.5	1100	208	0	2653102	4	10159328	100	2	2200                              	7547	0	10159328	0
0.5	1100	201	0	2649463	4	10159328	100	2	2200                              	6452	0	10159328	0
0.5	1100	210	0	2654389	4	10159328	100	2	2200                              	6359	0	10159328	0
0.5	1100	214	0	2656285	4	10159328	100	2	2200                              	4100	0	10159328	0
0.5	1100	317	0	2713028	4	10159328	100	2	2200                              	16321	0	10159328	0
0.5	1100	378	0	2746718	4	10159328	100	2	2200                              	19814	0	10159328	0
0.5	1100	471	0	2798019	4	10159328	100	2	2200                              	17582	0	10159328	0
0.5	1100	480	0	2802012	4	10159328	100	2	2200                              	26234	0	10159328	0
0.5	1100	391	0	2753858	4	10159328	100	2	2200                              	20602	0	10159328	0
0.5	1100	350	0	2731349	4	10159328	100	2	2200                              	19585	0	10159328	0
0.5	1100	208	0	2652729	4	10159328	100	2	2200                              	5691	0	10159328	0
0.5	1100	228	0	2664121	4	10159328	100	2	2200                              	8271	0	10159328	0
0.5	1100	217	0	2657699	4	10159328	100	2	2200                              	9074	0	10159328	0
0.5	1100	236	0	2667934	4	10159328	100	2	2200                              	15016	0	10159328	0
0.5	1100	274	0	2689013	4	10159328	100	2	2200                              	12264	0	10159328	0
0.5	1100	286	0	2695516	4	10159328	100	2	2200                              	20111	0	10159328	0
0.5	1100	229	0	2664457	4	10159328	100	2	2200                              	9539	0	10159328	0
0.5	1100	209	0	2653863	4	10159328	100	2	2200                              	6452	0	10159328	0
0.5	1100	236	0	2668713	4	10159328	100	2	2200                              	7024	0	10159328	0
0.5	1100	273	0	2688471	4	10159328	100	2	2200                              	20473	0	10159328	0
0.5	1100	261	0	2682440	4	10159328	100	2	2200                              	10464	0	10159328	0
0.5	1100	358	0	2735817	4	10159328	100	2	2200                              	21035	0	10159328	0
0.5	1100	249	0	2674928	4	10159328	100	2	2200                              	11206	0	10159328	0
0.5	1100	314	0	2710982	4	10159328	100	2	2200                              	15487	0	10159328	0
0.5	1100	200	0	2648636	4	10159328	100	2	2200                              	8185	0	10159328	0
0.5	1100	221	0	2659540	4	10159328	100	2	2200                              	5963	0	10159328	0
0.5	1100	205	0	2650943	4	10159328	100	2	2200                              	3975	0	10159328	0
0.5	1100	273	0	2688865	4	10159328	100	2	2200                              	9928	0	10159328	0
0.5	1100	395	0	2755875	4	10159328	100	2	2200                              	8525	0	10159328	0
0.5	1100	193	0	2644344	4	10159328	100	2	2200                              	3814	0	10159328	0
0.5	1100	223	0	2661247	4	10159328	100	2	2200                              	10182	0	10159328	0
0.5	1100	261	0	2681987	4	10159328	100	2	2200                              	10609	0	10159328	0
0.5	1100	414	0	2766261	4	10159328	100	2	2200                              	13999	0	10159328	0
0.5	1100	197	0	2646918	4	10159328	100	2	2200                              	6609	0	10159328	0
0.5	1100	208	0	2652860	4	10159328	100	2	2200                              	8012	0	10159328	0
0.5	1100	398	0	2757654	4	10159328	100	2	2200                              	22102	0	10159328	0
0.5	1100	274	0	2688997	4	10159328	100	2	2200                              	10486	0	10159328	0
0.5	1100	281	0	2693512	4	10159328	100	2	2200                              	11406	0	10159328	0
0.5	1100	228	0	2664143	4	10159328	100	2	2200                              	4219	0	10159328	0
0.5	1100	378	0	2746112	4	10159328	100	2	2200                              	12572	0	10159328	0
0.5	1100	202	0	2649881	4	10159328	100	2	2200                              	7154	0	10159328	0
0.5	1100	220	0	2659142	4	10159328	100	2	2200                              	11229	0	10159328	0
0.5	1100	276	0	2690126	4	10159328	100	2	2200                              	16384	0	10159328	0
0.5	1100	241	0	2671427	4	10159328	100	2	2200                              	5093	0	10159328	0
0.5	1100	204	0	2650523	4	10159328	100	2	2200                              	4870	0	10159328	0
0.5	1100	418	0	2768453	4	10159328	100	2	2200                              	28909	0	10159328	0
0.5	1100	389	0	2752275	4	10159328	100	2	2200                              	22699	0	10159328	0
0.5	1100	206	0	2651828	4	10159328	100	2	2200                              	8757	0	10159328	0
0.5	1100	221	0	2659762	4	10159328	100	2	2200                              	7046	0	10159328	0
0.5	1100	317	0	2713353	4	10159328	100	2	2200                              	17071	0	10159328	0
0.5	1100	222	0	2660829	4	10159328	100	2	2200                              	5620	0	10159328	0
0.5	1100	228	0	2664353	4	10159328	100	2	2200                              	7367	0	10159328	0
0.5	1100	366	0	2739545	4	10159328	100	2	2200                              	17758	0	10159328	0
0.5	1100	204	0	2650309	4	10159328	100	2	2200                              	6837	0	10159328	0
0.5	1100	239	0	2669992	4	10159328	100	2	2200                              	7674	0	10159328	0
0.5	1100	206	0	2652032	4	10159328	100	2	2200                              	7270	0	10159328	0
0.5	1100	222	0	2660387	4	10159328	100	2	2200                              	6976	0	10159328	0
0.5	1100	353	0	2732340	4	10159328	100	2	2200                              	16604	0	10159328	0
0.5	1100	250	0	2676018	4	10159328	100	2	2200                              	13090	0	10159328	0
0.5	1100	256	0	2679857	4	10159328	100	2	2200                              	6363	0	10159328	0
0.5	2100	139	0	2682977	4	10159328	100	2	4200                              	4915	0	10159328	0
0.5	2100	216	0	2763620	4	10159328	100	2	4200                              	21466	0	10159328	0
0.5	2100	260	0	2810316	4	10159328	100	2	4200                              	19445	0	10159328	0
0.5	2100	247	0	2796760	4	10159328	100	2	4200                              	15544	0	10159328	0
0.5	2100	160	0	2704999	4	10159328	100	2	4200                              	7721	0	10159328	0
0.5	2100	140	0	2684050	4	10159328	100	2	4200                              	5303	0	10159328	0
0.5	2100	276	0	2827194	4	10159328	100	2	4200                              	23327	0	10159328	0
0.5	2100	220	0	2768290	4	10159328	100	2	4200                              	15980	0	10159328	0
0.5	2100	242	0	2791310	4	10159328	100	2	4200                              	16929	0	10159328	0
0.5	2100	261	0	2810975	4	10159328	100	2	4200                              	9768	0	10159328	0
0.5	2100	148	0	2692659	4	10159328	100	2	4200                              	9166	0	10159328	0
0.5	2100	150	0	2694490	4	10159328	100	2	4200                              	8707	0	10159328	0
0.5	2100	140	0	2684455	4	10159328	100	2	4200                              	7617	0	10159328	0
0.5	2100	145	0	2689931	4	10159328	100	2	4200                              	5093	0	10159328	0
0.5	2100	130	0	2674107	4	10159328	100	2	4200                              	7636	0	10159328	0
0.5	2100	152	0	2697879	4	10159328	100	2	4200                              	6652	0	10159328	0
0.5	2100	138	0	2682124	4	10159328	100	2	4200                              	6727	0	10159328	0
0.5	2100	256	0	2806310	4	10159328	100	2	4200                              	9530	0	10159328	0
0.5	2100	164	0	2709659	4	10159328	100	2	4200                              	8168	0	10159328	0
0.5	2100	254	0	2804427	4	10159328	100	2	4200                              	11848	0	10159328	0
0.5	2100	135	0	2679765	4	10159328	100	2	4200                              	6246	0	10159328	0
0.5	2100	141	0	2686022	4	10159328	100	2	4200                              	9156	0	10159328	0
0.5	2100	136	0	2680080	4	10159328	100	2	4200                              	6673	0	10159328	0
0.5	2100	145	0	2689933	4	10159328	100	2	4200                              	7812	0	10159328	0
0.5	2100	139	0	2683712	4	10159328	100	2	4200                              	5447	0	10159328	0
0.5	2100	151	0	2696373	4	10159328	100	2	4200                              	12488	0	10159328	0
0.5	2100	133	0	2676548	4	10159328	100	2	4200                              	4903	0	10159328	0
0.5	2100	121	0	2664799	4	10159328	100	2	4200                              	6637	0	10159328	0
0.5	2100	252	0	2802361	4	10159328	100	2	4200                              	11018	0	10159328	0
0.5	2100	119	0	2662830	4	10159328	100	2	4200                              	6240	0	10159328	0
0.5	2100	224	0	2772447	4	10159328	100	2	4200                              	22260	0	10159328	0
0.5	2100	159	0	2704432	4	10159328	100	2	4200                              	9159	0	10159328	0
0.5	2100	149	0	2694546	4	10159328	100	2	4200                              	9161	0	10159328	0
0.5	2100	214	0	2762335	4	10159328	100	2	4200                              	14080	0	10159328	0
0.5	2100	233	0	2782042	4	10159328	100	2	4200                              	20163	0	10159328	0
0.5	2100	124	0	2667746	4	10159328	100	2	4200                              	4911	0	10159328	0
0.5	2100	221	0	2769218	4	10159328	100	2	4200                              	11948	0	10159328	0
0.5	2100	160	0	2705375	4	10159328	100	2	4200                              	11114	0	10159328	0
0.5	2100	124	0	2667217	4	10159328	100	2	4200                              	4282	0	10159328	0
0.5	2100	135	0	2678429	4	10159328	100	2	4200                              	6312	0	10159328	0
0.5	2100	151	0	2695612	4	10159328	100	2	4200                              	7995	0	10159328	0
0.5	2100	167	0	2712737	4	10159328	100	2	4200                              	22026	0	10159328	0
0.5	2100	255	0	2803865	4	10159328	100	2	4200                              	16352	0	10159328	0
0.5	2100	141	0	2684708	4	10159328	100	2	4200                              	7184	0	10159328	0
0.5	2100	146	0	2689981	4	10159328	100	2	4200                              	7463	0	10159328	0
0.5	2100	268	0	2819415	4	10159328	100	2	4200                              	16860	0	10159328	0
0.5	2100	121	0	2663514	4	10159328	100	2	4200                              	5508	0	10159328	0
0.5	2100	135	0	2679804	4	10159328	100	2	4200                              	7527	0	10159328	0
0.5	2100	221	0	2769637	4	10159328	100	2	4200                              	13099	0	10159328	0
0.5	2100	133	0	2676263	4	10159328	100	2	4200                              	7026	0	10159328	0
0.5	2100	246	0	2795843	4	10159328	100	2	4200                              	12440	0	10159328	0
0.5	2100	277	0	2826925	4	10159328	100	2	4200                              	14727	0	10159328	0
0.5	2100	301	0	2854172	4	10159328	100	2	4200                              	19642	0	10159328	0
0.5	2100	131	0	2674818	4	10159328	100	2	4200                              	6653	0	10159328	0
0.5	2100	139	0	2683546	4	10159328	100	2	4200                              	8743	0	10159328	0
0.5	2100	132	0	2675182	4	10159328	100	2	4200                              	7174	0	10159328	0
0.5	2100	226	0	2773513	4	10159328	100	2	4200                              	8450	0	10159328	0
0.5	2100	152	0	2696931	4	10159328	100	2	4200                              	9394	0	10159328	0
0.5	2100	192	0	2738508	4	10159328	100	2	4200                              	16332	0	10159328	0
0.5	2100	136	0	2680043	4	10159328	100	2	4200                              	5026	0	10159328	0
0.5	2100	157	0	2701672	4	10159328	100	2	4200                              	9466	0	10159328	0
0.5	2100	153	0	2698362	4	10159328	100	2	4200                              	8095	0	10159328	0
0.5	2100	248	0	2797992	4	10159328	100	2	4200                              	19060	0	10159328	0
0.5	2100	239	0	2788077	4	10159328	100	2	4200                              	17995	0	10159328	0
0.5	2100	123	0	2666283	4	10159328	100	2	4200                              	5155	0	10159328	0
0.5	2100	133	0	2676353	4	10159328	100	2	4200                              	6236	0	10159328	0
0.5	2100	116	0	2657970	4	10159328	100	2	4200                              	3462	0	10159328	0
0.5	2100	173	0	2718741	4	10159328	100	2	4200                              	9040	0	10159328	0
0.5	2100	209	0	2757482	4	10159328	100	2	4200                              	15870	0	10159328	0
0.5	2100	249	0	2798872	4	10159328	100	2	4200                              	17091	0	10159328	0
0.5	2100	274	0	2823998	4	10159328	100	2	4200                              	18932	0	10159328	0
0.5	2100	250	0	2799182	4	10159328	100	2	4200                              	17585	0	10159328	0
0.5	2100	233	0	2782036	4	10159328	100	2	4200                              	18440	0	10159328	0
0.5	2100	168	0	2713456	4	10159328	100	2	4200                              	9514	0	10159328	0
0.5	2100	151	0	2696096	4	10159328	100	2	4200                              	6285	0	10159328	0
0.5	2100	201	0	2748423	4	10159328	100	2	4200                              	20700	0	10159328	0
0.5	2100	146	0	2690751	4	10159328	100	2	4200                              	7046	0	10159328	0
0.5	2100	122	0	2665167	4	10159328	100	2	4200                              	7461	0	10159328	0
0.5	2100	156	0	2700151	4	10159328	100	2	4200                              	9123	0	10159328	0
0.5	2100	165	0	2710101	4	10159328	100	2	4200                              	8422	0	10159328	0
0.5	2100	135	0	2679404	4	10159328	100	2	4200                              	8147	0	10159328	0
0.5	2100	271	0	2821323	4	10159328	100	2	4200                              	15843	0	10159328	0
0.5	2100	140	0	2684540	4	10159328	100	2	4200                              	7154	0	10159328	0
0.5	2100	200	0	2746923	4	10159328	100	2	4200                              	15462	0	10159328	0
0.5	2100	141	0	2684717	4	10159328	100	2	4200                              	6390	0	10159328	0
0.5	2100	134	0	2678509	4	10159328	100	2	4200                              	7688	0	10159328	0
0.5	2100	152	0	2697294	4	10159328	100	2	4200                              	4940	0	10159328	0
0.5	2100	125	0	2669109	4	10159328	100	2	4200                              	7812	0	10159328	0
0.5	2100	136	0	2679808	4	10159328	100	2	4200                              	7031	0	10159328	0
0.5	2100	126	0	2670107	4	10159328	100	2	4200                              	3759	0	10159328	0
0.5	2100	170	0	2715674	4	10159328	100	2	4200                              	19336	0	10159328	0
0.5	2100	198	0	2745777	4	10159328	100	2	4200                              	16150	0	10159328	0
0.5	2100	238	0	2788043	4	10159328	100	2	4200                              	17838	0	10159328	0
0.5	2100	131	0	2674636	4	10159328	100	2	4200                              	6218	0	10159328	0
0.5	2100	150	0	2694866	4	10159328	100	2	4200                              	6756	0	10159328	0
0.5	2100	135	0	2679909	4	10159328	100	2	4200                              	7399	0	10159328	0
0.5	2100	145	0	2689487	4	10159328	100	2	4200                              	7795	0	10159328	0
0.5	2100	150	0	2693748	4	10159328	100	2	4200                              	7795	0	10159328	0
0.5	2100	222	0	2770378	4	10159328	100	2	4200                              	14955	0	10159328	0
0.5	2100	238	0	2787801	4	10159328	100	2	4200                              	10663	0	10159328	0
0.5	3100	97	0	2686326	4	10159328	100	2	6200                              	5374	0	10159328	0
0.5	3100	113	0	2712593	4	10159328	100	2	6200                              	5256	0	10159328	0
0.5	3100	138	0	2750502	4	10159328	100	2	6200                              	11898	0	10159328	0
0.5	3100	129	0	2735709	4	10159328	100	2	6200                              	5822	0	10159328	0
0.5	3100	161	0	2786279	4	10159328	100	2	6200                              	9589	0	10159328	0
0.5	3100	116	0	2714653	4	10159328	100	2	6200                              	5182	0	10159328	0
0.5	3100	207	0	2857106	4	10159328	100	2	6200                              	15050	0	10159328	0
0.5	3100	113	0	2709885	4	10159328	100	2	6200                              	9238	0	10159328	0
0.5	3100	134	0	2743592	4	10159328	100	2	6200                              	9364	0	10159328	0
0.5	3100	111	0	2708284	4	10159328	100	2	6200                              	8747	0	10159328	0
0.5	3100	182	0	2817762	4	10159328	100	2	6200                              	19345	0	10159328	0
0.5	3100	131	0	2739717	4	10159328	100	2	6200                              	8671	0	10159328	0
0.5	3100	104	0	2697294	4	10159328	100	2	6200                              	5332	0	10159328	0
0.5	3100	128	0	2735980	4	10159328	100	2	6200                              	8799	0	10159328	0
0.5	3100	186	0	2825029	4	10159328	100	2	6200                              	19504	0	10159328	0
0.5	3100	233	0	2896188	4	10159328	100	2	6200                              	20362	0	10159328	0
0.5	3100	86	0	2670020	4	10159328	100	2	6200                              	3820	0	10159328	0
0.5	3100	87	0	2671682	4	10159328	100	2	6200                              	4202	0	10159328	0
0.5	3100	101	0	2692622	4	10159328	100	2	6200                              	5036	0	10159328	0
0.5	3100	107	0	2702022	4	10159328	100	2	6200                              	7622	0	10159328	0
0.5	3100	107	0	2702944	4	10159328	100	2	6200                              	5188	0	10159328	0
0.5	3100	114	0	2712077	4	10159328	100	2	6200                              	7406	0	10159328	0
0.5	3100	215	0	2868557	4	10159328	100	2	6200                              	11858	0	10159328	0
0.5	3100	209	0	2860365	4	10159328	100	2	6200                              	9341	0	10159328	0
0.5	3100	111	0	2707529	4	10159328	100	2	6200                              	8219	0	10159328	0
0.5	3100	112	0	2710745	4	10159328	100	2	6200                              	5955	0	10159328	0
0.5	3100	98	0	2686426	4	10159328	100	2	6200                              	7064	0	10159328	0
0.5	3100	165	0	2790423	4	10159328	100	2	6200                              	9036	0	10159328	0
0.5	3100	189	0	2829948	4	10159328	100	2	6200                              	17639	0	10159328	0
0.5	3100	101	0	2693671	4	10159328	100	2	6200                              	6525	0	10159328	0
0.5	3100	117	0	2716560	4	10159328	100	2	6200                              	7906	0	10159328	0
0.5	3100	116	0	2716785	4	10159328	100	2	6200                              	6196	0	10159328	0
0.5	3100	93	0	2679934	4	10159328	100	2	6200                              	6839	0	10159328	0
0.5	3100	122	0	2724869	4	10159328	100	2	6200                              	5223	0	10159328	0
0.5	3100	122	0	2726368	4	10159328	100	2	6200                              	6963	0	10159328	0
0.5	3100	96	0	2684571	4	10159328	100	2	6200                              	3462	0	10159328	0
0.5	3100	188	0	2828464	4	10159328	100	2	6200                              	18556	0	10159328	0
0.5	3100	106	0	2699890	4	10159328	100	2	6200                              	5378	0	10159328	0
0.5	3100	106	0	2701199	4	10159328	100	2	6200                              	5348	0	10159328	0
0.5	3100	192	0	2831913	4	10159328	100	2	6200                              	14763	0	10159328	0
0.5	3100	223	0	2880462	4	10159328	100	2	6200                              	16227	0	10159328	0
0.5	3100	108	0	2704859	4	10159328	100	2	6200                              	6638	0	10159328	0
0.5	3100	222	0	2879422	4	10159328	100	2	6200                              	15338	0	10159328	0
0.5	3100	149	0	2765702	4	10159328	100	2	6200                              	7927	0	10159328	0
0.5	3100	131	0	2738580	4	10159328	100	2	6200                              	7707	0	10159328	0
0.5	3100	208	0	2857760	4	10159328	100	2	6200                              	16256	0	10159328	0
0.5	3100	148	0	2765883	4	10159328	100	2	6200                              	13769	0	10159328	0
0.5	3100	126	0	2730193	4	10159328	100	2	6200                              	10211	0	10159328	0
0.5	3100	188	0	2826857	4	10159328	100	2	6200                              	20064	0	10159328	0
0.5	3100	173	0	2803100	4	10159328	100	2	6200                              	16825	0	10159328	0
0.5	3100	172	0	2801919	4	10159328	100	2	6200                              	16705	0	10159328	0
0.5	3100	202	0	2848053	4	10159328	100	2	6200                              	26964	0	10159328	0
0.5	3100	115	0	2715209	4	10159328	100	2	6200                              	8521	0	10159328	0
0.5	3100	101	0	2690597	4	10159328	100	2	6200                              	4205	0	10159328	0
0.5	3100	104	0	2698434	4	10159328	100	2	6200                              	4273	0	10159328	0
0.5	3100	119	0	2719823	4	10159328	100	2	6200                              	7153	0	10159328	0
0.5	3100	102	0	2693830	4	10159328	100	2	6200                              	3572	0	10159328	0
0.5	3100	141	0	2755693	4	10159328	100	2	6200                              	12457	0	10159328	0
0.5	3100	224	0	2883083	4	10159328	100	2	6200                              	18132	0	10159328	0
0.5	3100	105	0	2700389	4	10159328	100	2	6200                              	6852	0	10159328	0
0.5	3100	212	0	2863312	4	10159328	100	2	6200                              	11764	0	10159328	0
0.5	3100	228	0	2888858	4	10159328	100	2	6200                              	21829	0	10159328	0
0.5	3100	158	0	2781821	4	10159328	100	2	6200                              	15844	0	10159328	0
0.5	3100	141	0	2755263	4	10159328	100	2	6200                              	9567	0	10159328	0
0.5	3100	112	0	2708013	4	10159328	100	2	6200                              	7049	0	10159328	0
0.5	3100	110	0	2707161	4	10159328	100	2	6200                              	6414	0	10159328	0
0.5	3100	101	0	2692153	4	10159328	100	2	6200                              	6022	0	10159328	0
0.5	3100	142	0	2757987	4	10159328	100	2	6200                              	11536	0	10159328	0
0.5	3100	225	0	2885118	4	10159328	100	2	6200                              	21441	0	10159328	0
0.5	3100	127	0	2733734	4	10159328	100	2	6200                              	6527	0	10159328	0
0.5	3100	101	0	2692621	4	10159328	100	2	6200                              	4181	0	10159328	0
0.5	3100	198	0	2841924	4	10159328	100	2	6200                              	8216	0	10159328	0
0.5	3100	194	0	2837271	4	10159328	100	2	6200                              	16512	0	10159328	0
0.5	3100	98	0	2687993	4	10159328	100	2	6200                              	4798	0	10159328	0
0.5	3100	157	0	2778970	4	10159328	100	2	6200                              	13449	0	10159328	0
0.5	3100	207	0	2856249	4	10159328	100	2	6200                              	10276	0	10159328	0
0.5	3100	223	0	2882845	4	10159328	100	2	6200                              	20386	0	10159328	0
0.5	3100	117	0	2718599	4	10159328	100	2	6200                              	6540	0	10159328	0
0.5	3100	149	0	2767088	4	10159328	100	2	6200                              	12278	0	10159328	0
0.5	3100	102	0	2693501	4	10159328	100	2	6200                              	8540	0	10159328	0
0.5	3100	127	0	2732165	4	10159328	100	2	6200                              	11728	0	10159328	0
0.5	3100	112	0	2709001	4	10159328	100	2	6200                              	5580	0	10159328	0
0.5	3100	115	0	2714553	4	10159328	100	2	6200                              	6386	0	10159328	0
0.5	3100	208	0	2857810	4	10159328	100	2	6200                              	20940	0	10159328	0
0.5	3100	115	0	2714367	4	10159328	100	2	6200                              	7227	0	10159328	0
0.5	3100	92	0	2678488	4	10159328	100	2	6200                              	3596	0	10159328	0
0.5	3100	100	0	2692149	4	10159328	100	2	6200                              	7017	0	10159328	0
0.5	3100	110	0	2706816	4	10159328	100	2	6200                              	9375	0	10159328	0
0.5	3100	108	0	2703721	4	10159328	100	2	6200                              	7216	0	10159328	0
0.5	3100	105	0	2698272	4	10159328	100	2	6200                              	3669	0	10159328	0
0.5	3100	175	0	2806369	4	10159328	100	2	6200                              	8097	0	10159328	0
0.5	3100	98	0	2687908	4	10159328	100	2	6200                              	4489	0	10159328	0
0.5	3100	207	0	2857717	4	10159328	100	2	6200                              	22862	0	10159328	0
0.5	3100	234	0	2898198	4	10159328	100	2	6200                              	12244	0	10159328	0
0.5	3100	184	0	2822262	4	10159328	100	2	6200                              	18294	0	10159328	0
0.5	3100	101	0	2693943	4	10159328	100	2	6200                              	3629	0	10159328	0
0.5	3100	113	0	2711458	4	10159328	100	2	6200                              	8380	0	10159328	0
0.5	3100	107	0	2703238	4	10159328	100	2	6200                              	8860	0	10159328	0
0.5	3100	210	0	2861792	4	10159328	100	2	6200                              	19915	0	10159328	0
0.5	3100	107	0	2700841	4	10159328	100	2	6200                              	6412	0	10159328	0
0.5	4100	115	0	2769984	4	10159328	100	2	8200                              	9354	0	10159328	0
0.5	4100	147	0	2838033	4	10159328	100	2	8200                              	14701	0	10159328	0
0.5	4100	149	0	2839058	4	10159328	100	2	8200                              	25646	0	10159328	0
0.5	4100	78	0	2695267	4	10159328	100	2	8200                              	4385	0	10159328	0
0.5	4100	98	0	2736204	4	10159328	100	2	8200                              	10476	0	10159328	0
0.5	4100	74	0	2685131	4	10159328	100	2	8200                              	3634	0	10159328	0
0.5	4100	138	0	2819857	4	10159328	100	2	8200                              	11912	0	10159328	0
0.5	4100	91	0	2721307	4	10159328	100	2	8200                              	5393	0	10159328	0
0.5	4100	118	0	2776146	4	10159328	100	2	8200                              	14900	0	10159328	0
0.5	4100	150	0	2841090	4	10159328	100	2	8200                              	13869	0	10159328	0
0.5	4100	107	0	2753440	4	10159328	100	2	8200                              	8745	0	10159328	0
0.5	4100	165	0	2875242	4	10159328	100	2	8200                              	10285	0	10159328	0
0.5	4100	122	0	2784047	4	10159328	100	2	8200                              	18810	0	10159328	0
0.5	4100	80	0	2699980	4	10159328	100	2	8200                              	5564	0	10159328	0
0.5	4100	101	0	2742170	4	10159328	100	2	8200                              	7661	0	10159328	0
0.5	4100	170	0	2882107	4	10159328	100	2	8200                              	19515	0	10159328	0
0.5	4100	93	0	2727762	4	10159328	100	2	8200                              	7667	0	10159328	0
0.5	4100	77	0	2692673	4	10159328	100	2	8200                              	3596	0	10159328	0
0.5	4100	130	0	2800955	4	10159328	100	2	8200                              	22166	0	10159328	0
0.5	4100	157	0	2856318	4	10159328	100	2	8200                              	19170	0	10159328	0
0.5	4100	105	0	2750270	4	10159328	100	2	8200                              	8503	0	10159328	0
0.5	4100	142	0	2823888	4	10159328	100	2	8200                              	9166	0	10159328	0
0.5	4100	107	0	2755662	4	10159328	100	2	8200                              	11926	0	10159328	0
0.5	4100	99	0	2738435	4	10159328	100	2	8200                              	7622	0	10159328	0
0.5	4100	129	0	2798886	4	10159328	100	2	8200                              	15396	0	10159328	0
0.5	4100	142	0	2826475	4	10159328	100	2	8200                              	17857	0	10159328	0
0.5	4100	92	0	2722959	4	10159328	100	2	8200                              	4413	0	10159328	0
0.5	4100	168	0	2880344	4	10159328	100	2	8200                              	11345	0	10159328	0
0.5	4100	84	0	2706137	4	10159328	100	2	8200                              	6093	0	10159328	0
0.5	4100	114	0	2768391	4	10159328	100	2	8200                              	8952	0	10159328	0
0.5	4100	92	0	2722567	4	10159328	100	2	8200                              	5378	0	10159328	0
0.5	4100	95	0	2728787	4	10159328	100	2	8200                              	5454	0	10159328	0
0.5	4100	177	0	2897096	4	10159328	100	2	8200                              	18782	0	10159328	0
0.5	4100	94	0	2727079	4	10159328	100	2	8200                              	12447	0	10159328	0
0.5	4100	171	0	2887301	4	10159328	100	2	8200                              	18143	0	10159328	0
0.5	4100	138	0	2817483	4	10159328	100	2	8200                              	8786	0	10159328	0
0.5	4100	159	0	2859390	4	10159328	100	2	8200                              	15981	0	10159328	0
0.5	4100	150	0	2842028	4	10159328	100	2	8200                              	21310	0	10159328	0
0.5	4100	177	0	2896981	4	10159328	100	2	8200                              	19720	0	10159328	0
0.5	4100	81	0	2700507	4	10159328	100	2	8200                              	5382	0	10159328	0
0.5	4100	182	0	2906571	4	10159328	100	2	8200                              	21229	0	10159328	0
0.5	4100	139	0	2819540	4	10159328	100	2	8200                              	20278	0	10159328	0
0.5	4100	88	0	2714687	4	10159328	100	2	8200                              	9324	0	10159328	0
0.5	4100	192	0	2927408	4	10159328	100	2	8200                              	17806	0	10159328	0
0.5	4100	201	0	2947802	4	10159328	100	2	8200                              	22500	0	10159328	0
0.5	4100	134	0	2810948	4	10159328	100	2	8200                              	9873	0	10159328	0
0.5	4100	92	0	2723296	4	10159328	100	2	8200                              	8191	0	10159328	0
0.5	4100	104	0	2748899	4	10159328	100	2	8200                              	4689	0	10159328	0
0.5	4100	117	0	2774223	4	10159328	100	2	8200                              	6424	0	10159328	0
0.5	4100	82	0	2702462	4	10159328	100	2	8200                              	5434	0	10159328	0
0.5	4100	197	0	2937503	4	10159328	100	2	8200                              	21684	0	10159328	0
0.5	4100	183	0	2907181	4	10159328	100	2	8200                              	14972	0	10159328	0
0.5	4100	130	0	2799947	4	10159328	100	2	8200                              	6525	0	10159328	0
0.5	4100	132	0	2806160	4	10159328	100	2	8200                              	15277	0	10159328	0
0.5	4100	99	0	2740274	4	10159328	100	2	8200                              	6918	0	10159328	0
0.5	4100	107	0	2752930	4	10159328	100	2	8200                              	12286	0	10159328	0
0.5	4100	106	0	2753605	4	10159328	100	2	8200                              	10091	0	10159328	0
0.5	4100	112	0	2763703	4	10159328	100	2	8200                              	8493	0	10159328	0
0.5	4100	153	0	2847847	4	10159328	100	2	8200                              	8087	0	10159328	0
0.5	4100	87	0	2713982	4	10159328	100	2	8200                              	6809	0	10159328	0
0.5	4100	113	0	2766586	4	10159328	100	2	8200                              	10156	0	10159328	0
0.5	4100	119	0	2777495	4	10159328	100	2	8200                              	17032	0	10159328	0
0.5	4100	132	0	2806451	4	10159328	100	2	8200                              	14050	0	10159328	0
0.5	4100	104	0	2747885	4	10159328	100	2	8200                              	8825	0	10159328	0
0.5	4100	162	0	2867028	4	10159328	100	2	8200                              	15901	0	10159328	0
0.5	4100	147	0	2833769	4	10159328	100	2	8200                              	6980	0	10159328	0
0.5	4100	197	0	2939335	4	10159328	100	2	8200                              	20096	0	10159328	0
0.5	4100	78	0	2694420	4	10159328	100	2	8200                              	3942	0	10159328	0
0.5	4100	184	0	2911476	4	10159328	100	2	8200                              	20294	0	10159328	0
0.5	4100	157	0	2856238	4	10159328	100	2	8200                              	19160	0	10159328	0
0.5	4100	103	0	2746318	4	10159328	100	2	8200                              	7498	0	10159328	0
0.5	4100	172	0	2886038	4	10159328	100	2	8200                              	12942	0	10159328	0
0.5	4100	100	0	2739039	4	10159328	100	2	8200                              	6597	0	10159328	0
0.5	4100	96	0	2729621	4	10159328	100	2	8200                              	4503	0	10159328	0
0.5	4100	99	0	2736903	4	10159328	100	2	8200                              	6410	0	10159328	0
0.5	4100	130	0	2801459	4	10159328	100	2	8200                              	8336	0	10159328	0
0.5	4100	93	0	2725427	4	10159328	100	2	8200                              	8652	0	10159328	0
0.5	4100	91	0	2721765	4	10159328	100	2	8200                              	4706	0	10159328	0
0.5	4100	85	0	2708138	4	10159328	100	2	8200                              	5252	0	10159328	0
0.5	4100	87	0	2713921	4	10159328	100	2	8200                              	7941	0	10159328	0
0.5	4100	202	0	2948053	4	10159328	100	2	8200                              	21109	0	10159328	0
0.5	4100	94	0	2728638	4	10159328	100	2	8200                              	5124	0	10159328	0
0.5	4100	87	0	2713114	4	10159328	100	2	8200                              	5274	0	10159328	0
0.5	4100	95	0	2728144	4	10159328	100	2	8200                              	5893	0	10159328	0
0.5	4100	94	0	2727730	4	10159328	100	2	8200                              	6176	0	10159328	0
0.5	4100	78	0	2694707	4	10159328	100	2	8200                              	3942	0	10159328	0
0.5	4100	144	0	2830596	4	10159328	100	2	8200                              	8764	0	10159328	0
0.5	4100	104	0	2747456	4	10159328	100	2	8200                              	8910	0	10159328	0
0.5	4100	150	0	2842803	4	10159328	100	2	8200                              	7823	0	10159328	0
0.5	4100	175	0	2893688	4	10159328	100	2	8200                              	19063	0	10159328	0
0.5	4100	148	0	2839590	4	10159328	100	2	8200                              	23691	0	10159328	0
0.5	4100	88	0	2714602	4	10159328	100	2	8200                              	5102	0	10159328	0
0.5	4100	74	0	2685612	4	10159328	100	2	8200                              	3634	0	10159328	0
0.5	4100	92	0	2724978	4	10159328	100	2	8200                              	6422	0	10159328	0
0.5	4100	106	0	2753816	4	10159328	100	2	8200                              	5585	0	10159328	0
0.5	4100	183	0	2908833	4	10159328	100	2	8200                              	11046	0	10159328	0
0.5	4100	92	0	2724416	4	10159328	100	2	8200                              	7560	0	10159328	0
0.5	4100	85	0	2707895	4	10159328	100	2	8200                              	4932	0	10159328	0
0.5	4100	139	0	2819581	4	10159328	100	2	8200                              	15197	0	10159328	0
0.5	4100	133	0	2807495	4	10159328	100	2	8200                              	10363	0	10159328	0
0.5	5100	137	0	2883077	4	10159328	100	2	10200                              	18021	0	10159328	0
0.5	5100	102	0	2792201	4	10159328	100	2	10200                              	17820	0	10159328	0
0.5	5100	109	0	2812404	4	10159328	100	2	10200                              	11670	0	10159328	0
0.5	5100	100	0	2790033	4	10159328	100	2	10200                              	9846	0	10159328	0
0.5	5100	66	0	2701612	4	10159328	100	2	10200                              	5188	0	10159328	0
0.5	5100	126	0	2856794	4	10159328	100	2	10200                              	15215	0	10159328	0
0.5	5100	113	0	2822458	4	10159328	100	2	10200                              	6216	0	10159328	0
0.5	5100	94	0	2775988	4	10159328	100	2	10200                              	9435	0	10159328	0
0.5	5100	172	0	2974121	4	10159328	100	2	10200                              	21300	0	10159328	0
0.5	5100	82	0	2742300	4	10159328	100	2	10200                              	4913	0	10159328	0
0.5	5100	72	0	2718093	4	10159328	100	2	10200                              	6621	0	10159328	0
0.5	5100	85	0	2750888	4	10159328	100	2	10200                              	7240	0	10159328	0
0.5	5100	81	0	2740648	4	10159328	100	2	10200                              	7191	0	10159328	0
0.5	5100	77	0	2729846	4	10159328	100	2	10200                              	3650	0	10159328	0
0.5	5100	127	0	2858521	4	10159328	100	2	10200                              	23663	0	10159328	0
0.5	5100	83	0	2744551	4	10159328	100	2	10200                              	6299	0	10159328	0
0.5	5100	173	0	2976850	4	10159328	100	2	10200                              	10970	0	10159328	0
0.5	5100	138	0	2883662	4	10159328	100	2	10200                              	21779	0	10159328	0
0.5	5100	85	0	2749582	4	10159328	100	2	10200                              	7698	0	10159328	0
0.5	5100	97	0	2779989	4	10159328	100	2	10200                              	6726	0	10159328	0
0.5	5100	84	0	2748334	4	10159328	100	2	10200                              	4453	0	10159328	0
0.5	5100	84	0	2749526	4	10159328	100	2	10200                              	6592	0	10159328	0
0.5	5100	147	0	2907989	4	10159328	100	2	10200                              	26044	0	10159328	0
0.5	5100	101	0	2791783	4	10159328	100	2	10200                              	11154	0	10159328	0
0.5	5100	80	0	2737874	4	10159328	100	2	10200                              	5684	0	10159328	0
0.5	5100	137	0	2884323	4	10159328	100	2	10200                              	19720	0	10159328	0
0.5	5100	123	0	2845024	4	10159328	100	2	10200                              	13949	0	10159328	0
0.5	5100	78	0	2733426	4	10159328	100	2	10200                              	5417	0	10159328	0
0.5	5100	71	0	2714543	4	10159328	100	2	10200                              	7037	0	10159328	0
0.5	5100	78	0	2733883	4	10159328	100	2	10200                              	7817	0	10159328	0
0.5	5100	80	0	2737236	4	10159328	100	2	10200                              	8044	0	10159328	0
0.5	5100	180	0	2992907	4	10159328	100	2	10200                              	20457	0	10159328	0
0.5	5100	131	0	2867575	4	10159328	100	2	10200                              	16989	0	10159328	0
0.5	5100	79	0	2733967	4	10159328	100	2	10200                              	4890	0	10159328	0
0.5	5100	94	0	2774325	4	10159328	100	2	10200                              	7985	0	10159328	0
0.5	5100	91	0	2764798	4	10159328	100	2	10200                              	5863	0	10159328	0
0.5	5100	78	0	2733918	4	10159328	100	2	10200                              	5019	0	10159328	0
0.5	5100	81	0	2739719	4	10159328	100	2	10200                              	3373	0	10159328	0
0.5	5100	95	0	2775458	4	10159328	100	2	10200                              	8874	0	10159328	0
0.5	5100	136	0	2879417	4	10159328	100	2	10200                              	15534	0	10159328	0
0.5	5100	70	0	2710714	4	10159328	100	2	10200                              	3423	0	10159328	0
0.5	5100	75	0	2726502	4	10159328	100	2	10200                              	5227	0	10159328	0
0.5	5100	131	0	2869666	4	10159328	100	2	10200                              	18921	0	10159328	0
0.5	5100	71	0	2713543	4	10159328	100	2	10200                              	6990	0	10159328	0
0.5	5100	87	0	2754448	4	10159328	100	2	10200                              	5736	0	10159328	0
0.5	5100	124	0	2851739	4	10159328	100	2	10200                              	15618	0	10159328	0
0.5	5100	163	0	2950776	4	10159328	100	2	10200                              	13045	0	10159328	0
0.5	5100	122	0	2842657	4	10159328	100	2	10200                              	12335	0	10159328	0
0.5	5100	87	0	2756583	4	10159328	100	2	10200                              	8839	0	10159328	0
0.5	5100	94	0	2774422	4	10159328	100	2	10200                              	8266	0	10159328	0
0.5	5100	143	0	2899495	4	10159328	100	2	10200                              	21756	0	10159328	0
0.5	5100	72	0	2717227	4	10159328	100	2	10200                              	4482	0	10159328	0
0.5	5100	69	0	2706914	4	10159328	100	2	10200                              	4411	0	10159328	0
0.5	5100	93	0	2768909	4	10159328	100	2	10200                              	6645	0	10159328	0
0.5	5100	99	0	2782415	4	10159328	100	2	10200                              	4832	0	10159328	0
0.5	5100	86	0	2752513	4	10159328	100	2	10200                              	6060	0	10159328	0
0.5	5100	91	0	2766490	4	10159328	100	2	10200                              	6905	0	10159328	0
0.5	5100	121	0	2842872	4	10159328	100	2	10200                              	8094	0	10159328	0
0.5	5100	62	0	2691427	4	10159328	100	2	10200                              	3031	0	10159328	0
0.5	5100	91	0	2767036	4	10159328	100	2	10200                              	5765	0	10159328	0
0.5	5100	72	0	2715332	4	10159328	100	2	10200                              	5069	0	10159328	0
0.5	5100	74	0	2722885	4	10159328	100	2	10200                              	7287	0	10159328	0
0.5	5100	86	0	2753195	4	10159328	100	2	10200                              	8435	0	10159328	0
0.5	5100	140	0	2891606	4	10159328	100	2	10200                              	14070	0	10159328	0
0.5	5100	119	0	2836718	4	10159328	100	2	10200                              	14300	0	10159328	0
0.5	5100	171	0	2971263	4	10159328	100	2	10200                              	21295	0	10159328	0
0.5	5100	117	0	2830933	4	10159328	100	2	10200                              	10250	0	10159328	0
0.5	5100	130	0	2864359	4	10159328	100	2	10200                              	12671	0	10159328	0
0.5	5100	85	0	2750387	4	10159328	100	2	10200                              	7259	0	10159328	0
0.5	5100	85	0	2748869	4	10159328	100	2	10200                              	7695	0	10159328	0
0.5	5100	109	0	2812837	4	10159328	100	2	10200                              	13168	0	10159328	0
0.5	5100	88	0	2757704	4	10159328	100	2	10200                              	4799	0	10159328	0
0.5	5100	79	0	2734220	4	10159328	100	2	10200                              	7333	0	10159328	0
0.5	5100	136	0	2877930	4	10159328	100	2	10200                              	17184	0	10159328	0
0.5	5100	75	0	2724498	4	10159328	100	2	10200                              	4991	0	10159328	0
0.5	5100	68	0	2705007	4	10159328	100	2	10200                              	3669	0	10159328	0
0.5	5100	176	0	2982204	4	10159328	100	2	10200                              	21967	0	10159328	0
0.5	5100	100	0	2787946	4	10159328	100	2	10200                              	11968	0	10159328	0
0.5	5100	70	0	2712313	4	10159328	100	2	10200                              	4500	0	10159328	0
0.5	5100	88	0	2758684	4	10159328	100	2	10200                              	7331	0	10159328	0
0.5	5100	143	0	2896700	4	10159328	100	2	10200                              	15743	0	10159328	0
0.5	5100	81	0	2739789	4	10159328	100	2	10200                              	5214	0	10159328	0
0.5	5100	164	0	2950615	4	10159328	100	2	10200                              	18116	0	10159328	0
0.5	5100	151	0	2918252	4	10159328	100	2	10200                              	23225	0	10159328	0
0.5	5100	156	0	2928626	4	10159328	100	2	10200                              	10678	0	10159328	0
0.5	5100	117	0	2831866	4	10159328	100	2	10200                              	18593	0	10159328	0
0.5	5100	117	0	2830751	4	10159328	100	2	10200                              	12384	0	10159328	0
0.5	5100	160	0	2942191	4	10159328	100	2	10200                              	17522	0	10159328	0
0.5	5100	142	0	2895553	4	10159328	100	2	10200                              	7887	0	10159328	0
0.5	5100	88	0	2757977	4	10159328	100	2	10200                              	6894	0	10159328	0
0.5	5100	136	0	2880404	4	10159328	100	2	10200                              	17401	0	10159328	0
0.5	5100	127	0	2857010	4	10159328	100	2	10200                              	13355	0	10159328	0
0.5	5100	160	0	2941749	4	10159328	100	2	10200                              	10247	0	10159328	0
0.5	5100	141	0	2893253	4	10159328	100	2	10200                              	23810	0	10159328	0
0.5	5100	71	0	2714234	4	10159328	100	2	10200                              	5087	0	10159328	0
0.5	5100	106	0	2804810	4	10159328	100	2	10200                              	10592	0	10159328	0
0.5	5100	82	0	2741600	4	10159328	100	2	10200                              	5801	0	10159328	0
0.5	5100	108	0	2807909	4	10159328	100	2	10200                              	10688	0	10159328	0
0.5	5100	77	0	2729099	4	10159328	100	2	10200                              	7791	0	10159328	0
0.5	5100	77	0	2730171	4	10159328	100	2	10200                              	7302	0	10159328	0
0.5	6100	129	0	2924553	4	10159328	100	2	12200                              	16965	0	10159328	0
0.5	6100	84	0	2790486	4	10159328	100	2	12200                              	7375	0	10159328	0
0.5	6100	117	0	2889105	4	10159328	100	2	12200                              	23184	0	10159328	0
0.5	6100	65	0	2729635	4	10159328	100	2	12200                              	4527	0	10159328	0
0.5	6100	73	0	2752548	4	10159328	100	2	12200                              	6462	0	10159328	0
0.5	6100	118	0	2892712	4	10159328	100	2	12200                              	10678	0	10159328	0
0.5	6100	158	0	3017067	4	10159328	100	2	12200                              	17975	0	10159328	0
0.5	6100	84	0	2788864	4	10159328	100	2	12200                              	5920	0	10159328	0
0.5	6100	138	0	2950856	4	10159328	100	2	12200                              	15116	0	10159328	0
0.5	6100	120	0	2899269	4	10159328	100	2	12200                              	14434	0	10159328	0
0.5	6100	78	0	2769199	4	10159328	100	2	12200                              	7207	0	10159328	0
0.5	6100	65	0	2729538	4	10159328	100	2	12200                              	6060	0	10159328	0
0.5	6100	147	0	2980871	4	10159328	100	2	12200                              	14611	0	10159328	0
0.5	6100	80	0	2775568	4	10159328	100	2	12200                              	5540	0	10159328	0
0.5	6100	62	0	2719594	4	10159328	100	2	12200                              	4997	0	10159328	0
0.5	6100	151	0	2993368	4	10159328	100	2	12200                              	18069	0	10159328	0
0.5	6100	74	0	2760274	4	10159328	100	2	12200                              	4963	0	10159328	0
0.5	6100	131	0	2931346	4	10159328	100	2	12200                              	9935	0	10159328	0
0.5	6100	67	0	2736387	4	10159328	100	2	12200                              	4373	0	10159328	0
0.5	6100	68	0	2738604	4	10159328	100	2	12200                              	6606	0	10159328	0
0.5	6100	79	0	2773696	4	10159328	100	2	12200                              	7142	0	10159328	0
0.5	6100	126	0	2914725	4	10159328	100	2	12200                              	12948	0	10159328	0
0.5	6100	66	0	2730744	4	10159328	100	2	12200                              	6461	0	10159328	0
0.5	6100	122	0	2902397	4	10159328	100	2	12200                              	19354	0	10159328	0
0.5	6100	139	0	2953447	4	10159328	100	2	12200                              	19628	0	10159328	0
0.5	6100	78	0	2770258	4	10159328	100	2	12200                              	4897	0	10159328	0
0.5	6100	120	0	2894713	4	10159328	100	2	12200                              	10984	0	10159328	0
0.5	6100	78	0	2771677	4	10159328	100	2	12200                              	5893	0	10159328	0
0.5	6100	94	0	2817461	4	10159328	100	2	12200                              	8817	0	10159328	0
0.5	6100	132	0	2934397	4	10159328	100	2	12200                              	17983	0	10159328	0
0.5	6100	74	0	2757326	4	10159328	100	2	12200                              	4921	0	10159328	0
0.5	6100	97	0	2826869	4	10159328	100	2	12200                              	18304	0	10159328	0
0.5	6100	132	0	2933361	4	10159328	100	2	12200                              	9972	0	10159328	0
0.5	6100	168	0	3044158	4	10159328	100	2	12200                              	22836	0	10159328	0
0.5	6100	105	0	2852287	4	10159328	100	2	12200                              	10633	0	10159328	0
0.5	6100	87	0	2798632	4	10159328	100	2	12200                              	7775	0	10159328	0
0.5	6100	150	0	2989198	4	10159328	100	2	12200                              	9343	0	10159328	0
0.5	6100	92	0	2811741	4	10159328	100	2	12200                              	9045	0	10159328	0
0.5	6100	119	0	2893840	4	10159328	100	2	12200                              	18299	0	10159328	0
0.5	6100	82	0	2781191	4	10159328	100	2	12200                              	9158	0	10159328	0
0.5	6100	92	0	2812295	4	10159328	100	2	12200                              	8819	0	10159328	0
0.5	6100	69	0	2742657	4	10159328	100	2	12200                              	5205	0	10159328	0
0.5	6100	112	0	2872341	4	10159328	100	2	12200                              	17776	0	10159328	0
0.5	6100	130	0	2928963	4	10159328	100	2	12200                              	9885	0	10159328	0
0.5	6100	66	0	2732283	4	10159328	100	2	12200                              	4241	0	10159328	0
0.5	6100	97	0	2828072	4	10159328	100	2	12200                              	8882	0	10159328	0
0.5	6100	69	0	2741500	4	10159328	100	2	12200                              	6860	0	10159328	0
0.5	6100	72	0	2753711	4	10159328	100	2	12200                              	4727	0	10159328	0
0.5	6100	64	0	2726589	4	10159328	100	2	12200                              	4661	0	10159328	0
0.5	6100	126	0	2916126	4	10159328	100	2	12200                              	12645	0	10159328	0
0.5	6100	127	0	2918346	4	10159328	100	2	12200                              	19108	0	10159328	0
0.5	6100	146	0	2978117	4	10159328	100	2	12200                              	14760	0	10159328	0
0.5	6100	113	0	2876165	4	10159328	100	2	12200                              	11976	0	10159328	0
0.5	6100	146	0	2979240	4	10159328	100	2	12200                              	8257	0	10159328	0
0.5	6100	72	0	2751972	4	10159328	100	2	12200                              	6732	0	10159328	0
0.5	6100	79	0	2775163	4	10159328	100	2	12200                              	6727	0	10159328	0
0.5	6100	117	0	2892603	4	10159328	100	2	12200                              	14408	0	10159328	0
0.5	6100	69	0	2741839	4	10159328	100	2	12200                              	6260	0	10159328	0
0.5	6100	139	0	2954797	4	10159328	100	2	12200                              	18416	0	10159328	0
0.5	6100	75	0	2761865	4	10159328	100	2	12200                              	5031	0	10159328	0
0.5	6100	73	0	2755080	4	10159328	100	2	12200                              	6541	0	10159328	0
0.5	6100	97	0	2824552	4	10159328	100	2	12200                              	6482	0	10159328	0
0.5	6100	141	0	2961424	4	10159328	100	2	12200                              	19431	0	10159328	0
0.5	6100	58	0	2708069	4	10159328	100	2	12200                              	3279	0	10159328	0
0.5	6100	64	0	2725457	4	10159328	100	2	12200                              	4676	0	10159328	0
0.5	6100	147	0	2980890	4	10159328	100	2	12200                              	17111	0	10159328	0
0.5	6100	77	0	2766820	4	10159328	100	2	12200                              	7191	0	10159328	0
0.5	6100	133	0	2938395	4	10159328	100	2	12200                              	14042	0	10159328	0
0.5	6100	151	0	2992525	4	10159328	100	2	12200                              	11989	0	10159328	0
0.5	6100	71	0	2748609	4	10159328	100	2	12200                              	5575	0	10159328	0
0.5	6100	109	0	2863792	4	10159328	100	2	12200                              	9811	0	10159328	0
0.5	6100	69	0	2741567	4	10159328	100	2	12200                              	6437	0	10159328	0
0.5	6100	75	0	2758705	4	10159328	100	2	12200                              	11387	0	10159328	0
0.5	6100	62	0	2718810	4	10159328	100	2	12200                              	3998	0	10159328	0
0.5	6100	83	0	2786846	4	10159328	100	2	12200                              	10560	0	10159328	0
0.5	6100	133	0	2938257	4	10159328	100	2	12200                              	15802	0	10159328	0
0.5	6100	66	0	2732033	4	10159328	100	2	12200                              	3744	0	10159328	0
0.5	6100	78	0	2768243	4	10159328	100	2	12200                              	5613	0	10159328	0
0.5	6100	112	0	2872395	4	10159328	100	2	12200                              	16135	0	10159328	0
0.5	6100	98	0	2832683	4	10159328	100	2	12200                              	10754	0	10159328	0
0.5	6100	95	0	2820695	4	10159328	100	2	12200                              	8251	0	10159328	0
0.5	6100	63	0	2722736	4	10159328	100	2	12200                              	4198	0	10159328	0
0.5	6100	109	0	2865588	4	10159328	100	2	12200                              	11399	0	10159328	0
0.5	6100	67	0	2737693	4	10159328	100	2	12200                              	5190	0	10159328	0
0.5	6100	64	0	2725924	4	10159328	100	2	12200                              	4890	0	10159328	0
0.5	6100	121	0	2898626	4	10159328	100	2	12200                              	13890	0	10159328	0
0.5	6100	80	0	2777671	4	10159328	100	2	12200                              	8452	0	10159328	0
0.5	6100	132	0	2937638	4	10159328	100	2	12200                              	14449	0	10159328	0
0.5	6100	89	0	2801994	4	10159328	100	2	12200                              	6605	0	10159328	0
0.5	6100	105	0	2850800	4	10159328	100	2	12200                              	9081	0	10159328	0
0.5	6100	81	0	2781322	4	10159328	100	2	12200                              	8383	0	10159328	0
0.5	6100	64	0	2727578	4	10159328	100	2	12200                              	4125	0	10159328	0
0.5	6100	147	0	2981789	4	10159328	100	2	12200                              	19645	0	10159328	0
0.5	6100	76	0	2764107	4	10159328	100	2	12200                              	6612	0	10159328	0
0.5	6100	112	0	2874792	4	10159328	100	2	12200                              	20398	0	10159328	0
0.5	6100	104	0	2848188	4	10159328	100	2	12200                              	11430	0	10159328	0
0.5	6100	123	0	2906236	4	10159328	100	2	12200                              	14094	0	10159328	0
0.5	6100	150	0	2988522	4	10159328	100	2	12200                              	20877	0	10159328	0
0.5	6100	64	0	2726642	4	10159328	100	2	12200                              	6981	0	10159328	0
0.5	6100	68	0	2741700	4	10159328	100	2	12200                              	5088	0	10159328	0
0.5	7100	70	0	2781593	4	10159328	100	2	14200                              	5072	0	10159328	0
0.5	7100	143	0	3038662	4	10159328	100	2	14200                              	10943	0	10159328	0
0.5	7100	62	0	2753598	4	10159328	100	2	14200                              	4451	0	10159328	0
0.5	7100	114	0	2933626	4	10159328	100	2	14200                              	21376	0	10159328	0
0.5	7100	61	0	2747116	4	10159328	100	2	14200                              	4518	0	10159328	0
0.5	7100	102	0	2892903	4	10159328	100	2	14200                              	7476	0	10159328	0
0.5	7100	70	0	2779949	4	10159328	100	2	14200                              	8383	0	10159328	0
0.5	7100	73	0	2789030	4	10159328	100	2	14200                              	7640	0	10159328	0
0.5	7100	69	0	2774801	4	10159328	100	2	14200                              	6554	0	10159328	0
0.5	7100	89	0	2849006	4	10159328	100	2	14200                              	9416	0	10159328	0
0.5	7100	71	0	2784137	4	10159328	100	2	14200                              	8011	0	10159328	0
0.5	7100	66	0	2764894	4	10159328	100	2	14200                              	4838	0	10159328	0
0.5	7100	79	0	2807133	4	10159328	100	2	14200                              	12323	0	10159328	0
0.5	7100	67	0	2768987	4	10159328	100	2	14200                              	6841	0	10159328	0
0.5	7100	50	0	2708874	4	10159328	100	2	14200                              	3598	0	10159328	0
0.5	7100	79	0	2812891	4	10159328	100	2	14200                              	9071	0	10159328	0
0.5	7100	69	0	2778394	4	10159328	100	2	14200                              	4356	0	10159328	0
0.5	7100	58	0	2737365	4	10159328	100	2	14200                              	3193	0	10159328	0
0.5	7100	114	0	2934357	4	10159328	100	2	14200                              	10634	0	10159328	0
0.5	7100	52	0	2715531	4	10159328	100	2	14200                              	3959	0	10159328	0
0.5	7100	78	0	2808912	4	10159328	100	2	14200                              	6954	0	10159328	0
0.5	7100	65	0	2762272	4	10159328	100	2	14200                              	6684	0	10159328	0
0.5	7100	154	0	3079990	4	10159328	100	2	14200                              	16257	0	10159328	0
0.5	7100	106	0	2907142	4	10159328	100	2	14200                              	20214	0	10159328	0
0.5	7100	124	0	2969774	4	10159328	100	2	14200                              	18644	0	10159328	0
0.5	7100	65	0	2761680	4	10159328	100	2	14200                              	6824	0	10159328	0
0.5	7100	65	0	2764442	4	10159328	100	2	14200                              	10569	0	10159328	0
0.5	7100	90	0	2851435	4	10159328	100	2	14200                              	11014	0	10159328	0
0.5	7100	63	0	2753100	4	10159328	100	2	14200                              	4902	0	10159328	0
0.5	7100	59	0	2743762	4	10159328	100	2	14200                              	5138	0	10159328	0
0.5	7100	63	0	2756196	4	10159328	100	2	14200                              	4374	0	10159328	0
0.5	7100	82	0	2819562	4	10159328	100	2	14200                              	6039	0	10159328	0
0.5	7100	111	0	2928994	4	10159328	100	2	14200                              	24844	0	10159328	0
0.5	7100	67	0	2769590	4	10159328	100	2	14200                              	5057	0	10159328	0
0.5	7100	104	0	2901064	4	10159328	100	2	14200                              	13669	0	10159328	0
0.5	7100	64	0	2759277	4	10159328	100	2	14200                              	5208	0	10159328	0
0.5	7100	71	0	2785770	4	10159328	100	2	14200                              	4843	0	10159328	0
0.5	7100	68	0	2770044	4	10159328	100	2	14200                              	5648	0	10159328	0
0.5	7100	146	0	3051668	4	10159328	100	2	14200                              	16553	0	10159328	0
0.5	7100	63	0	2758655	4	10159328	100	2	14200                              	5647	0	10159328	0
0.5	7100	59	0	2739160	4	10159328	100	2	14200                              	6431	0	10159328	0
0.5	7100	68	0	2773915	4	10159328	100	2	14200                              	7824	0	10159328	0
0.5	7100	69	0	2774328	4	10159328	100	2	14200                              	6336	0	10159328	0
0.5	7100	75	0	2794504	4	10159328	100	2	14200                              	6875	0	10159328	0
0.5	7100	71	0	2781595	4	10159328	100	2	14200                              	7016	0	10159328	0
0.5	7100	64	0	2761862	4	10159328	100	2	14200                              	5506	0	10159328	0
0.5	7100	97	0	2876419	4	10159328	100	2	14200                              	10701	0	10159328	0
0.5	7100	79	0	2807361	4	10159328	100	2	14200                              	4990	0	10159328	0
0.5	7100	96	0	2872703	4	10159328	100	2	14200                              	8667	0	10159328	0
0.5	7100	68	0	2770812	4	10159328	100	2	14200                              	4280	0	10159328	0
0.5	7100	88	0	2843837	4	10159328	100	2	14200                              	11113	0	10159328	0
0.5	7100	94	0	2863428	4	10159328	100	2	14200                              	14754	0	10159328	0
0.5	7100	81	0	2821379	4	10159328	100	2	14200                              	5015	0	10159328	0
0.5	7100	57	0	2735677	4	10159328	100	2	14200                              	4364	0	10159328	0
0.5	7100	67	0	2773202	4	10159328	100	2	14200                              	6834	0	10159328	0
0.5	7100	66	0	2765613	4	10159328	100	2	14200                              	4274	0	10159328	0
0.5	7100	68	0	2771810	4	10159328	100	2	14200                              	8100	0	10159328	0
0.5	7100	132	0	2999741	4	10159328	100	2	14200                              	20955	0	10159328	0
0.5	7100	104	0	2898603	4	10159328	100	2	14200                              	17543	0	10159328	0
0.5	7100	101	0	2891720	4	10159328	100	2	14200                              	14706	0	10159328	0
0.5	7100	56	0	2731542	4	10159328	100	2	14200                              	6805	0	10159328	0
0.5	7100	68	0	2775737	4	10159328	100	2	14200                              	5757	0	10159328	0
0.5	7100	79	0	2814207	4	10159328	100	2	14200                              	5496	0	10159328	0
0.5	7100	78	0	2806517	4	10159328	100	2	14200                              	6942	0	10159328	0
0.5	7100	78	0	2803874	4	10159328	100	2	14200                              	8856	0	10159328	0
0.5	7100	158	0	3090426	4	10159328	100	2	14200                              	17931	0	10159328	0
0.5	7100	100	0	2885476	4	10159328	100	2	14200                              	10707	0	10159328	0
0.5	7100	67	0	2768741	4	10159328	100	2	14200                              	5253	0	10159328	0
0.5	7100	72	0	2784557	4	10159328	100	2	14200                              	6429	0	10159328	0
0.5	7100	126	0	2979696	4	10159328	100	2	14200                              	15293	0	10159328	0
0.5	7100	80	0	2814985	4	10159328	100	2	14200                              	9229	0	10159328	0
0.5	7100	116	0	2943569	4	10159328	100	2	14200                              	17022	0	10159328	0
0.5	7100	68	0	2769385	4	10159328	100	2	14200                              	5363	0	10159328	0
0.5	7100	74	0	2794288	4	10159328	100	2	14200                              	9417	0	10159328	0
0.5	7100	101	0	2890640	4	10159328	100	2	14200                              	10447	0	10159328	0
0.5	7100	71	0	2782277	4	10159328	100	2	14200                              	5798	0	10159328	0
0.5	7100	68	0	2772350	4	10159328	100	2	14200                              	6410	0	10159328	0
0.5	7100	142	0	3036897	4	10159328	100	2	14200                              	20650	0	10159328	0
0.5	7100	142	0	3030444	4	10159328	100	2	14200                              	13923	0	10159328	0
0.5	7100	130	0	2993943	4	10159328	100	2	14200                              	24102	0	10159328	0
0.5	7100	116	0	2942430	4	10159328	100	2	14200                              	15352	0	10159328	0
0.5	7100	57	0	2734005	4	10159328	100	2	14200                              	3410	0	10159328	0
0.5	7100	128	0	2984736	4	10159328	100	2	14200                              	8274	0	10159328	0
0.5	7100	66	0	2766982	4	10159328	100	2	14200                              	7162	0	10159328	0
0.5	7100	111	0	2921749	4	10159328	100	2	14200                              	22483	0	10159328	0
0.5	7100	82	0	2822774	4	10159328	100	2	14200                              	7921	0	10159328	0
0.5	7100	122	0	2967509	4	10159328	100	2	14200                              	20993	0	10159328	0
0.5	7100	115	0	2938529	4	10159328	100	2	14200                              	19050	0	10159328	0
0.5	7100	121	0	2959070	4	10159328	100	2	14200                              	26776	0	10159328	0
0.5	7100	71	0	2784198	4	10159328	100	2	14200                              	5034	0	10159328	0
0.5	7100	78	0	2808014	4	10159328	100	2	14200                              	8375	0	10159328	0
0.5	7100	132	0	2998791	4	10159328	100	2	14200                              	9160	0	10159328	0
0.5	7100	76	0	2797150	4	10159328	100	2	14200                              	8157	0	10159328	0
0.5	7100	58	0	2737400	4	10159328	100	2	14200                              	3147	0	10159328	0
0.5	7100	114	0	2935695	4	10159328	100	2	14200                              	7857	0	10159328	0
0.5	7100	82	0	2819615	4	10159328	100	2	14200                              	6917	0	10159328	0
0.5	7100	82	0	2818603	4	10159328	100	2	14200                              	7942	0	10159328	0
0.5	7100	114	0	2933781	4	10159328	100	2	14200                              	15631	0	10159328	0
0.5	7100	149	0	3062709	4	10159328	100	2	14200                              	9819	0	10159328	0
0.5	7100	104	0	2900276	4	10159328	100	2	14200                              	21039	0	10159328	0
0.5	8100	64	0	2789923	4	10159328	100	2	16200                              	5514	0	10159328	0
0.5	8100	82	0	2864907	4	10159328	100	2	16200                              	8237	0	10159328	0
0.5	8100	66	0	2794987	4	10159328	100	2	16200                              	4717	0	10159328	0
0.5	8100	102	0	2944060	4	10159328	100	2	16200                              	20221	0	10159328	0
0.5	8100	68	0	2803678	4	10159328	100	2	16200                              	5478	0	10159328	0
0.5	8100	80	0	2853410	4	10159328	100	2	16200                              	7029	0	10159328	0
0.5	8100	91	0	2897867	4	10159328	100	2	16200                              	17315	0	10159328	0
0.5	8100	130	0	3057874	4	10159328	100	2	16200                              	12845	0	10159328	0
0.5	8100	58	0	2765238	4	10159328	100	2	16200                              	4839	0	10159328	0
0.5	8100	57	0	2762535	4	10159328	100	2	16200                              	3535	0	10159328	0
0.5	8100	135	0	3077287	4	10159328	100	2	16200                              	21909	0	10159328	0
0.5	8100	65	0	2793123	4	10159328	100	2	16200                              	5593	0	10159328	0
0.5	8100	111	0	2977959	4	10159328	100	2	16200                              	14693	0	10159328	0
0.5	8100	67	0	2798046	4	10159328	100	2	16200                              	5133	0	10159328	0
0.5	8100	78	0	2844450	4	10159328	100	2	16200                              	6629	0	10159328	0
0.5	8100	78	0	2849393	4	10159328	100	2	16200                              	8108	0	10159328	0
0.5	8100	121	0	3023283	4	10159328	100	2	16200                              	20932	0	10159328	0
0.5	8100	62	0	2780690	4	10159328	100	2	16200                              	6989	0	10159328	0
0.5	8100	77	0	2841825	4	10159328	100	2	16200                              	6929	0	10159328	0
0.5	8100	109	0	2971051	4	10159328	100	2	16200                              	10211	0	10159328	0
0.5	8100	77	0	2838855	4	10159328	100	2	16200                              	4709	0	10159328	0
0.5	8100	119	0	3011133	4	10159328	100	2	16200                              	18551	0	10159328	0
0.5	8100	93	0	2906986	4	10159328	100	2	16200                              	18902	0	10159328	0
0.5	8100	56	0	2757476	4	10159328	100	2	16200                              	3827	0	10159328	0
0.5	8100	71	0	2816346	4	10159328	100	2	16200                              	8143	0	10159328	0
0.5	8100	57	0	2762959	4	10159328	100	2	16200                              	3411	0	10159328	0
0.5	8100	109	0	2972737	4	10159328	100	2	16200                              	20439	0	10159328	0
0.5	8100	82	0	2859562	4	10159328	100	2	16200                              	6156	0	10159328	0
0.5	8100	76	0	2837252	4	10159328	100	2	16200                              	7557	0	10159328	0
0.5	8100	125	0	3037248	4	10159328	100	2	16200                              	26028	0	10159328	0
0.5	8100	63	0	2784399	4	10159328	100	2	16200                              	6580	0	10159328	0
0.5	8100	128	0	3048209	4	10159328	100	2	16200                              	12317	0	10159328	0
0.5	8100	121	0	3020108	4	10159328	100	2	16200                              	18198	0	10159328	0
0.5	8100	57	0	2761382	4	10159328	100	2	16200                              	3684	0	10159328	0
0.5	8100	97	0	2921584	4	10159328	100	2	16200                              	17706	0	10159328	0
0.5	8100	52	0	2740953	4	10159328	100	2	16200                              	4179	0	10159328	0
0.5	8100	144	0	3111075	4	10159328	100	2	16200                              	21854	0	10159328	0
0.5	8100	74	0	2829501	4	10159328	100	2	16200                              	7686	0	10159328	0
0.5	8100	127	0	3044477	4	10159328	100	2	16200                              	19008	0	10159328	0
0.5	8100	68	0	2809107	4	10159328	100	2	16200                              	8785	0	10159328	0
0.5	8100	59	0	2770374	4	10159328	100	2	16200                              	4878	0	10159328	0
0.5	8100	86	0	2878203	4	10159328	100	2	16200                              	8193	0	10159328	0
0.5	8100	67	0	2801846	4	10159328	100	2	16200                              	7119	0	10159328	0
0.5	8100	60	0	2774565	4	10159328	100	2	16200                              	6386	0	10159328	0
0.5	8100	71	0	2818014	4	10159328	100	2	16200                              	5445	0	10159328	0
0.5	8100	59	0	2770525	4	10159328	100	2	16200                              	5868	0	10159328	0
0.5	8100	108	0	2969032	4	10159328	100	2	16200                              	7784	0	10159328	0
0.5	8100	121	0	3019732	4	10159328	100	2	16200                              	9838	0	10159328	0
0.5	8100	131	0	3059566	4	10159328	100	2	16200                              	21945	0	10159328	0
0.5	8100	61	0	2776130	4	10159328	100	2	16200                              	4891	0	10159328	0
0.5	8100	76	0	2839899	4	10159328	100	2	16200                              	10469	0	10159328	0
0.5	8100	80	0	2853481	4	10159328	100	2	16200                              	8610	0	10159328	0
0.5	8100	74	0	2833460	4	10159328	100	2	16200                              	3943	0	10159328	0
0.5	8100	121	0	3018758	4	10159328	100	2	16200                              	10726	0	10159328	0
0.5	8100	82	0	2864505	4	10159328	100	2	16200                              	5507	0	10159328	0
0.5	8100	114	0	2991374	4	10159328	100	2	16200                              	17409	0	10159328	0
0.5	8100	119	0	3011792	4	10159328	100	2	16200                              	10725	0	10159328	0
0.5	8100	61	0	2779016	4	10159328	100	2	16200                              	3753	0	10159328	0
0.5	8100	64	0	2791420	4	10159328	100	2	16200                              	5816	0	10159328	0
0.5	8100	69	0	2807764	4	10159328	100	2	16200                              	6970	0	10159328	0
0.5	8100	78	0	2847021	4	10159328	100	2	16200                              	8297	0	10159328	0
0.5	8100	107	0	2964921	4	10159328	100	2	16200                              	11537	0	10159328	0
0.5	8100	109	0	2973612	4	10159328	100	2	16200                              	25128	0	10159328	0
0.5	8100	69	0	2808602	4	10159328	100	2	16200                              	6484	0	10159328	0
0.5	8100	110	0	2976983	4	10159328	100	2	16200                              	9648	0	10159328	0
0.5	8100	165	0	3199507	4	10159328	100	2	16200                              	23533	0	10159328	0
0.5	8100	106	0	2961506	4	10159328	100	2	16200                              	22106	0	10159328	0
0.5	8100	118	0	3011366	4	10159328	100	2	16200                              	23289	0	10159328	0
0.5	8100	83	0	2865134	4	10159328	100	2	16200                              	7709	0	10159328	0
0.5	8100	99	0	2930070	4	10159328	100	2	16200                              	8112	0	10159328	0
0.5	8100	75	0	2836397	4	10159328	100	2	16200                              	5709	0	10159328	0
0.5	8100	129	0	3047687	4	10159328	100	2	16200                              	13033	0	10159328	0
0.5	8100	98	0	2924097	4	10159328	100	2	16200                              	19163	0	10159328	0
0.5	8100	107	0	2963961	4	10159328	100	2	16200                              	20679	0	10159328	0
0.5	8100	51	0	2736779	4	10159328	100	2	16200                              	3150	0	10159328	0
0.5	8100	71	0	2821696	4	10159328	100	2	16200                              	7039	0	10159328	0
0.5	8100	119	0	3009304	4	10159328	100	2	16200                              	17612	0	10159328	0
0.5	8100	114	0	2993492	4	10159328	100	2	16200                              	18966	0	10159328	0
0.5	8100	124	0	3033001	4	10159328	100	2	16200                              	9218	0	10159328	0
0.5	8100	74	0	2829170	4	10159328	100	2	16200                              	5284	0	10159328	0
0.5	8100	133	0	3071193	4	10159328	100	2	16200                              	26051	0	10159328	0
0.5	8100	76	0	2839242	4	10159328	100	2	16200                              	4411	0	10159328	0
0.5	8100	138	0	3087404	4	10159328	100	2	16200                              	21669	0	10159328	0
0.5	8100	122	0	3026850	4	10159328	100	2	16200                              	24002	0	10159328	0
0.5	8100	71	0	2815681	4	10159328	100	2	16200                              	5072	0	10159328	0
0.5	8100	87	0	2883743	4	10159328	100	2	16200                              	17277	0	10159328	0
0.5	8100	123	0	3028584	4	10159328	100	2	16200                              	19114	0	10159328	0
0.5	8100	57	0	2756827	4	10159328	100	2	16200                              	4115	0	10159328	0
0.5	8100	89	0	2888687	4	10159328	100	2	16200                              	8654	0	10159328	0
0.5	8100	58	0	2763604	4	10159328	100	2	16200                              	3629	0	10159328	0
0.5	8100	118	0	3010929	4	10159328	100	2	16200                              	15911	0	10159328	0
0.5	8100	72	0	2823535	4	10159328	100	2	16200                              	8343	0	10159328	0
0.5	8100	79	0	2852324	4	10159328	100	2	16200                              	6014	0	10159328	0
0.5	8100	129	0	3050918	4	10159328	100	2	16200                              	9316	0	10159328	0
0.5	8100	69	0	2807977	4	10159328	100	2	16200                              	6260	0	10159328	0
0.5	8100	57	0	2763655	4	10159328	100	2	16200                              	6227	0	10159328	0
0.5	8100	53	0	2744904	4	10159328	100	2	16200                              	6163	0	10159328	0
0.5	8100	110	0	2973545	4	10159328	100	2	16200                              	21877	0	10159328	0
0.5	8100	102	0	2942629	4	10159328	100	2	16200                              	20966	0	10159328	0
0.5	8100	63	0	2786468	4	10159328	100	2	16200                              	4826	0	10159328	0
0.5	9100	110	0	3029290	4	10159328	100	2	18200                              	18548	0	10159328	0
0.5	9100	92	0	2944705	4	10159328	100	2	18200                              	9358	0	10159328	0
0.5	9100	54	0	2771559	4	10159328	100	2	18200                              	4762	0	10159328	0
0.5	9100	125	0	3095652	4	10159328	100	2	18200                              	11915	0	10159328	0
0.5	9100	61	0	2804938	4	10159328	100	2	18200                              	4457	0	10159328	0
0.5	9100	58	0	2796905	4	10159328	100	2	18200                              	5783	0	10159328	0
0.5	9100	123	0	3087687	4	10159328	100	2	18200                              	12870	0	10159328	0
0.5	9100	55	0	2778923	4	10159328	100	2	18200                              	5123	0	10159328	0
0.5	9100	60	0	2802585	4	10159328	100	2	18200                              	5923	0	10159328	0
0.5	9100	74	0	2861116	4	10159328	100	2	18200                              	6119	0	10159328	0
0.5	9100	85	0	2915861	4	10159328	100	2	18200                              	11203	0	10159328	0
0.5	9100	81	0	2897820	4	10159328	100	2	18200                              	9723	0	10159328	0
0.5	9100	107	0	3015779	4	10159328	100	2	18200                              	19953	0	10159328	0
0.5	9100	117	0	3062300	4	10159328	100	2	18200                              	28177	0	10159328	0
0.5	9100	67	0	2835591	4	10159328	100	2	18200                              	6350	0	10159328	0
0.5	9100	53	0	2768183	4	10159328	100	2	18200                              	3791	0	10159328	0
0.5	9100	135	0	3142675	4	10159328	100	2	18200                              	17849	0	10159328	0
0.5	9100	100	0	2984227	4	10159328	100	2	18200                              	20625	0	10159328	0
0.5	9100	48	0	2746581	4	10159328	100	2	18200                              	4108	0	10159328	0
0.5	9100	71	0	2851579	4	10159328	100	2	18200                              	5328	0	10159328	0
0.5	9100	97	0	2971079	4	10159328	100	2	18200                              	20932	0	10159328	0
0.5	9100	50	0	2755234	4	10159328	100	2	18200                              	7779	0	10159328	0
0.5	9100	55	0	2773489	4	10159328	100	2	18200                              	4215	0	10159328	0
0.5	9100	115	0	3049584	4	10159328	100	2	18200                              	12805	0	10159328	0
0.5	9100	51	0	2762418	4	10159328	100	2	18200                              	4560	0	10159328	0
0.5	9100	56	0	2781446	4	10159328	100	2	18200                              	4295	0	10159328	0
0.5	9100	80	0	2891537	4	10159328	100	2	18200                              	13061	0	10159328	0
0.5	9100	124	0	3091921	4	10159328	100	2	18200                              	19822	0	10159328	0
0.5	9100	59	0	2797617	4	10159328	100	2	18200                              	6920	0	10159328	0
0.5	9100	111	0	3033352	4	10159328	100	2	18200                              	8717	0	10159328	0
0.5	9100	58	0	2790937	4	10159328	100	2	18200                              	3421	0	10159328	0
0.5	9100	79	0	2888334	4	10159328	100	2	18200                              	10736	0	10159328	0
0.5	9100	110	0	3030768	4	10159328	100	2	18200                              	18375	0	10159328	0
0.5	9100	63	0	2817432	4	10159328	100	2	18200                              	4609	0	10159328	0
0.5	9100	109	0	3024996	4	10159328	100	2	18200                              	9661	0	10159328	0
0.5	9100	52	0	2764600	4	10159328	100	2	18200                              	3800	0	10159328	0
0.5	9100	77	0	2876316	4	10159328	100	2	18200                              	6755	0	10159328	0
0.5	9100	116	0	3054370	4	10159328	100	2	18200                              	12436	0	10159328	0
0.5	9100	77	0	2881268	4	10159328	100	2	18200                              	6717	0	10159328	0
0.5	9100	89	0	2934149	4	10159328	100	2	18200                              	18997	0	10159328	0
0.5	9100	121	0	3079673	4	10159328	100	2	18200                              	13174	0	10159328	0
0.5	9100	95	0	2960454	4	10159328	100	2	18200                              	10719	0	10159328	0
0.5	9100	58	0	2792983	4	10159328	100	2	18200                              	6357	0	10159328	0
0.5	9100	115	0	3050412	4	10159328	100	2	18200                              	15459	0	10159328	0
0.5	9100	85	0	2913348	4	10159328	100	2	18200                              	9825	0	10159328	0
0.5	9100	76	0	2876068	4	10159328	100	2	18200                              	12093	0	10159328	0
0.5	9100	67	0	2830392	4	10159328	100	2	18200                              	5449	0	10159328	0
0.5	9100	91	0	2944643	4	10159328	100	2	18200                              	14849	0	10159328	0
0.5	9100	61	0	2803910	4	10159328	100	2	18200                              	4664	0	10159328	0
0.5	9100	61	0	2806784	4	10159328	100	2	18200                              	7884	0	10159328	0
0.5	9100	62	0	2809594	4	10159328	100	2	18200                              	6347	0	10159328	0
0.5	9100	100	0	2984928	4	10159328	100	2	18200                              	10525	0	10159328	0
0.5	9100	125	0	3095628	4	10159328	100	2	18200                              	22695	0	10159328	0
0.5	9100	61	0	2801490	4	10159328	100	2	18200                              	3967	0	10159328	0
0.5	9100	63	0	2816527	4	10159328	100	2	18200                              	3667	0	10159328	0
0.5	9100	149	0	3203785	4	10159328	100	2	18200                              	20137	0	10159328	0
0.5	9100	119	0	3070915	4	10159328	100	2	18200                              	12656	0	10159328	0
0.5	9100	61	0	2808901	4	10159328	100	2	18200                              	7181	0	10159328	0
0.5	9100	95	0	2960871	4	10159328	100	2	18200                              	14055	0	10159328	0
0.5	9100	67	0	2833803	4	10159328	100	2	18200                              	6125	0	10159328	0
0.5	9100	64	0	2820879	4	10159328	100	2	18200                              	4726	0	10159328	0
0.5	9100	56	0	2781998	4	10159328	100	2	18200                              	4533	0	10159328	0
0.5	9100	74	0	2864911	4	10159328	100	2	18200                              	6425	0	10159328	0
0.5	9100	107	0	3012865	4	10159328	100	2	18200                              	23601	0	10159328	0
0.5	9100	55	0	2780238	4	10159328	100	2	18200                              	4452	0	10159328	0
0.5	9100	59	0	2798925	4	10159328	100	2	18200                              	3949	0	10159328	0
0.5	9100	61	0	2807027	4	10159328	100	2	18200                              	3828	0	10159328	0
0.5	9100	79	0	2887981	4	10159328	100	2	18200                              	7287	0	10159328	0
0.5	9100	82	0	2899879	4	10159328	100	2	18200                              	9355	0	10159328	0
0.5	9100	86	0	2917650	4	10159328	100	2	18200                              	19028	0	10159328	0
0.5	9100	59	0	2798001	4	10159328	100	2	18200                              	4849	0	10159328	0
0.5	9100	106	0	3005867	4	10159328	100	2	18200                              	22299	0	10159328	0
0.5	9100	52	0	2762616	4	10159328	100	2	18200                              	4265	0	10159328	0
0.5	9100	47	0	2741935	4	10159328	100	2	18200                              	3277	0	10159328	0
0.5	9100	69	0	2840176	4	10159328	100	2	18200                              	4277	0	10159328	0
0.5	9100	69	0	2841560	4	10159328	100	2	18200                              	7273	0	10159328	0
0.5	9100	69	0	2843449	4	10159328	100	2	18200                              	5316	0	10159328	0
0.5	9100	110	0	3029623	4	10159328	100	2	18200                              	19301	0	10159328	0
0.5	9100	99	0	2975463	4	10159328	100	2	18200                              	7069	0	10159328	0
0.5	9100	95	0	2959690	4	10159328	100	2	18200                              	15250	0	10159328	0
0.5	9100	73	0	2857437	4	10159328	100	2	18200                              	6470	0	10159328	0
0.5	9100	65	0	2827603	4	10159328	100	2	18200                              	5447	0	10159328	0
0.5	9100	137	0	3149266	4	10159328	100	2	18200                              	18070	0	10159328	0
0.5	9100	122	0	3084155	4	10159328	100	2	18200                              	16009	0	10159328	0
0.5	9100	110	0	3029415	4	10159328	100	2	18200                              	11225	0	10159328	0
0.5	9100	61	0	2808726	4	10159328	100	2	18200                              	5397	0	10159328	0
0.5	9100	73	0	2859687	4	10159328	100	2	18200                              	9122	0	10159328	0
0.5	9100	98	0	2978804	4	10159328	100	2	18200                              	15264	0	10159328	0
0.5	9100	47	0	2745075	4	10159328	100	2	18200                              	3725	0	10159328	0
0.5	9100	148	0	3197370	4	10159328	100	2	18200                              	21239	0	10159328	0
0.5	9100	61	0	2805881	4	10159328	100	2	18200                              	5566	0	10159328	0
0.5	9100	59	0	2797513	4	10159328	100	2	18200                              	4791	0	10159328	0
0.5	9100	53	0	2768865	4	10159328	100	2	18200                              	3873	0	10159328	0
0.5	9100	80	0	2893990	4	10159328	100	2	18200                              	5279	0	10159328	0
0.5	9100	80	0	2893046	4	10159328	100	2	18200                              	7235	0	10159328	0
0.5	9100	117	0	3059218	4	10159328	100	2	18200                              	12614	0	10159328	0
0.5	9100	73	0	2859126	4	10159328	100	2	18200                              	7417	0	10159328	0
0.5	9100	98	0	2974974	4	10159328	100	2	18200                              	21134	0	10159328	0
0.5	9100	64	0	2816537	4	10159328	100	2	18200                              	5520	0	10159328	0
0.5	9100	70	0	2849935	4	10159328	100	2	18200                              	7021	0	10159328	0
