#using seed 0.051422
# Work:10088973, depth:432675, work/p+depth:1063235.8125
#PROCESSORS: 16, RUNS: 100
#prb	R-l	ISR	ESR	runTime	processors    	work	taskThreshold	lGranularity	rGranularity	IDATAT	EDATAT	W0	W1
0.5	100	11852	0	778612	16	10088973	100	2	200                              	113246	0	10088973	0
0.5	100	12042	0	780993	16	10088973	100	2	200                              	112586	0	10088973	0
0.5	100	12083	0	781488	16	10088973	100	2	200                              	107436	0	10088973	0
0.5	100	12236	0	783407	16	10088973	100	2	200                              	109709	0	10088973	0
0.5	100	10490	0	761563	16	10088973	100	2	200                              	112730	0	10088973	0
0.5	100	10319	0	759456	16	10088973	100	2	200                              	113281	0	10088973	0
0.5	100	11127	0	769538	16	10088973	100	2	200                              	108047	0	10088973	0
0.5	100	13822	0	803199	16	10088973	100	2	200                              	109172	0	10088973	0
0.5	100	13182	0	795217	16	10088973	100	2	200                              	110890	0	10088973	0
0.5	100	12122	0	781979	16	10088973	100	2	200                              	105618	0	10088973	0
0.5	100	14978	0	817692	16	10088973	100	2	200                              	112440	0	10088973	0
0.5	100	11986	0	780289	16	10088973	100	2	200                              	106182	0	10088973	0
0.5	100	11483	0	773985	16	10088973	100	2	200                              	114526	0	10088973	0
0.5	100	12606	0	788022	16	10088973	100	2	200                              	108158	0	10088973	0
0.5	100	12719	0	789440	16	10088973	100	2	200                              	108089	0	10088973	0
0.5	100	16574	0	837615	16	10088973	100	2	200                              	106050	0	10088973	0
0.5	100	10569	0	762573	16	10088973	100	2	200                              	109848	0	10088973	0
0.5	100	12846	0	791037	16	10088973	100	2	200                              	106863	0	10088973	0
0.5	100	11920	0	779455	16	10088973	100	2	200                              	108617	0	10088973	0
0.5	100	14347	0	809797	16	10088973	100	2	200                              	115168	0	10088973	0
0.5	100	12091	0	781583	16	10088973	100	2	200                              	111122	0	10088973	0
0.5	100	12062	0	781209	16	10088973	100	2	200                              	106934	0	10088973	0
0.5	100	11746	0	777262	16	10088973	100	2	200                              	106186	0	10088973	0
0.5	100	12656	0	788680	16	10088973	100	2	200                              	108396	0	10088973	0
0.5	100	11766	0	777540	16	10088973	100	2	200                              	113207	0	10088973	0
0.5	100	11384	0	772759	16	10088973	100	2	200                              	107239	0	10088973	0
0.5	100	15283	0	821498	16	10088973	100	2	200                              	113189	0	10088973	0
0.5	100	10722	0	764467	16	10088973	100	2	200                              	106553	0	10088973	0
0.5	100	15990	0	830320	16	10088973	100	2	200                              	115279	0	10088973	0
0.5	100	15122	0	819481	16	10088973	100	2	200                              	115566	0	10088973	0
0.5	100	10953	0	767354	16	10088973	100	2	200                              	113972	0	10088973	0
0.5	100	10666	0	763791	16	10088973	100	2	200                              	109802	0	10088973	0
0.5	100	10768	0	765062	16	10088973	100	2	200                              	112355	0	10088973	0
0.5	100	10194	0	757863	16	10088973	100	2	200                              	116181	0	10088973	0
0.5	100	11403	0	773010	16	10088973	100	2	200                              	106858	0	10088973	0
0.5	100	11205	0	770523	16	10088973	100	2	200                              	112433	0	10088973	0
0.5	100	12241	0	783468	16	10088973	100	2	200                              	113019	0	10088973	0
0.5	100	13391	0	797829	16	10088973	100	2	200                              	106204	0	10088973	0
0.5	100	14886	0	816544	16	10088973	100	2	200                              	109654	0	10088973	0
0.5	100	15310	0	821816	16	10088973	100	2	200                              	106678	0	10088973	0
0.5	100	14471	0	811344	16	10088973	100	2	200                              	114842	0	10088973	0
0.5	100	11729	0	777078	16	10088973	100	2	200                              	108417	0	10088973	0
0.5	100	14630	0	813348	16	10088973	100	2	200                              	115603	0	10088973	0
0.5	100	10380	0	760210	16	10088973	100	2	200                              	115380	0	10088973	0
0.5	100	16902	0	841729	16	10088973	100	2	200                              	108645	0	10088973	0
0.5	100	13401	0	797967	16	10088973	100	2	200                              	112605	0	10088973	0
0.5	100	11911	0	779318	16	10088973	100	2	200                              	115313	0	10088973	0
0.5	100	11397	0	772930	16	10088973	100	2	200                              	113936	0	10088973	0
0.5	100	13453	0	798627	16	10088973	100	2	200                              	103400	0	10088973	0
0.5	100	16683	0	838998	16	10088973	100	2	200                              	111698	0	10088973	0
0.5	100	12339	0	784691	16	10088973	100	2	200                              	107489	0	10088973	0
0.5	100	12762	0	790000	16	10088973	100	2	200                              	105908	0	10088973	0
0.5	100	13041	0	793469	16	10088973	100	2	200                              	106184	0	10088973	0
0.5	100	13472	0	798864	16	10088973	100	2	200                              	106944	0	10088973	0
0.5	100	10568	0	762566	16	10088973	100	2	200                              	111149	0	10088973	0
0.5	100	13269	0	796316	16	10088973	100	2	200                              	111971	0	10088973	0
0.5	100	12049	0	781083	16	10088973	100	2	200                              	109267	0	10088973	0
0.5	100	16032	0	830859	16	10088973	100	2	200                              	111947	0	10088973	0
0.5	100	13275	0	796392	16	10088973	100	2	200                              	114480	0	10088973	0
0.5	100	10047	0	756042	16	10088973	100	2	200                              	113579	0	10088973	0
0.5	100	11362	0	772493	16	10088973	100	2	200                              	106447	0	10088973	0
0.5	100	12633	0	788357	16	10088973	100	2	200                              	111510	0	10088973	0
0.5	100	13107	0	794317	16	10088973	100	2	200                              	110782	0	10088973	0
0.5	100	13975	0	805131	16	10088973	100	2	200                              	108598	0	10088973	0
0.5	100	12706	0	789275	16	10088973	100	2	200                              	108645	0	10088973	0
0.5	100	11629	0	775832	16	10088973	100	2	200                              	106874	0	10088973	0
0.5	100	11212	0	770613	16	10088973	100	2	200                              	112975	0	10088973	0
0.5	100	13684	0	801494	16	10088973	100	2	200                              	113647	0	10088973	0
0.5	100	13532	0	799615	16	10088973	100	2	200                              	112598	0	10088973	0
0.5	100	14523	0	812009	16	10088973	100	2	200                              	113953	0	10088973	0
0.5	100	11410	0	773102	16	10088973	100	2	200                              	112742	0	10088973	0
0.5	100	13464	0	798757	16	10088973	100	2	200                              	110331	0	10088973	0
0.5	100	14216	0	808154	16	10088973	100	2	200                              	106043	0	10088973	0
0.5	100	10147	0	757309	16	10088973	100	2	200                              	113862	0	10088973	0
0.5	100	13155	0	794898	16	10088973	100	2	200                              	109404	0	10088973	0
0.5	100	10156	0	757422	16	10088973	100	2	200                              	105546	0	10088973	0
0.5	100	11660	0	776191	16	10088973	100	2	200                              	114243	0	10088973	0
0.5	100	11128	0	769542	16	10088973	100	2	200                              	112727	0	10088973	0
0.5	100	14568	0	812564	16	10088973	100	2	200                              	108588	0	10088973	0
0.5	100	10407	0	760548	16	10088973	100	2	200                              	112600	0	10088973	0
0.5	100	12339	0	784703	16	10088973	100	2	200                              	114074	0	10088973	0
0.5	100	10675	0	763887	16	10088973	100	2	200                              	111201	0	10088973	0
0.5	100	12442	0	785983	16	10088973	100	2	200                              	115780	0	10088973	0
0.5	100	11540	0	774709	16	10088973	100	2	200                              	107878	0	10088973	0
0.5	100	11782	0	777719	16	10088973	100	2	200                              	111559	0	10088973	0
0.5	100	13000	0	792928	16	10088973	100	2	200                              	112607	0	10088973	0
0.5	100	13844	0	803510	16	10088973	100	2	200                              	106164	0	10088973	0
0.5	100	11556	0	774905	16	10088973	100	2	200                              	114202	0	10088973	0
0.5	100	11191	0	770357	16	10088973	100	2	200                              	114767	0	10088973	0
0.5	100	11838	0	778441	16	10088973	100	2	200                              	109059	0	10088973	0
0.5	100	13989	0	805314	16	10088973	100	2	200                              	112122	0	10088973	0
0.5	100	10637	0	763434	16	10088973	100	2	200                              	107109	0	10088973	0
0.5	100	12489	0	786562	16	10088973	100	2	200                              	106715	0	10088973	0
0.5	100	14395	0	810382	16	10088973	100	2	200                              	111278	0	10088973	0
0.5	100	12329	0	784582	16	10088973	100	2	200                              	106833	0	10088973	0
0.5	100	10894	0	766625	16	10088973	100	2	200                              	112732	0	10088973	0
0.5	100	13632	0	800872	16	10088973	100	2	200                              	114797	0	10088973	0
0.5	100	12385	0	785267	16	10088973	100	2	200                              	112323	0	10088973	0
0.5	100	13395	0	797889	16	10088973	100	2	200                              	112431	0	10088973	0
0.5	100	11739	0	777199	16	10088973	100	2	200                              	112449	0	10088973	0
0.5	1100	1685	0	860902	16	10088973	100	2	2200                              	103339	0	10088973	0
0.5	1100	1829	0	881172	16	10088973	100	2	2200                              	103408	0	10088973	0
0.5	1100	1591	0	848309	16	10088973	100	2	2200                              	103371	0	10088973	0
0.5	1100	1862	0	885486	16	10088973	100	2	2200                              	102878	0	10088973	0
0.5	1100	1629	0	853391	16	10088973	100	2	2200                              	102373	0	10088973	0
0.5	1100	1703	0	863854	16	10088973	100	2	2200                              	109788	0	10088973	0
0.5	1100	1870	0	886464	16	10088973	100	2	2200                              	110316	0	10088973	0
0.5	1100	1761	0	871568	16	10088973	100	2	2200                              	100487	0	10088973	0
0.5	1100	1735	0	868182	16	10088973	100	2	2200                              	114129	0	10088973	0
0.5	1100	1848	0	883458	16	10088973	100	2	2200                              	103991	0	10088973	0
0.5	1100	1888	0	888877	16	10088973	100	2	2200                              	108178	0	10088973	0
0.5	1100	1632	0	853870	16	10088973	100	2	2200                              	110268	0	10088973	0
0.5	1100	2311	0	946833	16	10088973	100	2	2200                              	111713	0	10088973	0
0.5	1100	2241	0	937210	16	10088973	100	2	2200                              	104166	0	10088973	0
0.5	1100	1628	0	853287	16	10088973	100	2	2200                              	104528	0	10088973	0
0.5	1100	2593	0	986121	16	10088973	100	2	2200                              	111007	0	10088973	0
0.5	1100	2007	0	905228	16	10088973	100	2	2200                              	113246	0	10088973	0
0.5	1100	2047	0	910907	16	10088973	100	2	2200                              	110398	0	10088973	0
0.5	1100	2360	0	953880	16	10088973	100	2	2200                              	103836	0	10088973	0
0.5	1100	1807	0	877873	16	10088973	100	2	2200                              	108487	0	10088973	0
0.5	1100	1665	0	858307	16	10088973	100	2	2200                              	105399	0	10088973	0
0.5	1100	1765	0	872077	16	10088973	100	2	2200                              	105689	0	10088973	0
0.5	1100	1738	0	868237	16	10088973	100	2	2200                              	106195	0	10088973	0
0.5	1100	1651	0	856069	16	10088973	100	2	2200                              	110839	0	10088973	0
0.5	1100	1951	0	897809	16	10088973	100	2	2200                              	110665	0	10088973	0
0.5	1100	1344	0	814293	16	10088973	100	2	2200                              	107176	0	10088973	0
0.5	1100	2390	0	957959	16	10088973	100	2	2200                              	111011	0	10088973	0
0.5	1100	1969	0	900026	16	10088973	100	2	2200                              	108697	0	10088973	0
0.5	1100	1634	0	853975	16	10088973	100	2	2200                              	108836	0	10088973	0
0.5	1100	2008	0	905342	16	10088973	100	2	2200                              	108632	0	10088973	0
0.5	1100	1747	0	869822	16	10088973	100	2	2200                              	105632	0	10088973	0
0.5	1100	1857	0	884863	16	10088973	100	2	2200                              	110659	0	10088973	0
0.5	1100	2374	0	955964	16	10088973	100	2	2200                              	103010	0	10088973	0
0.5	1100	1873	0	886882	16	10088973	100	2	2200                              	109322	0	10088973	0
0.5	1100	1781	0	874377	16	10088973	100	2	2200                              	108230	0	10088973	0
0.5	1100	2020	0	907187	16	10088973	100	2	2200                              	107416	0	10088973	0
0.5	1100	2327	0	949396	16	10088973	100	2	2200                              	110749	0	10088973	0
0.5	1100	1844	0	883075	16	10088973	100	2	2200                              	112326	0	10088973	0
0.5	1100	1660	0	857567	16	10088973	100	2	2200                              	111484	0	10088973	0
0.5	1100	1844	0	882957	16	10088973	100	2	2200                              	110105	0	10088973	0
0.5	1100	1598	0	849028	16	10088973	100	2	2200                              	104780	0	10088973	0
0.5	1100	1714	0	864999	16	10088973	100	2	2200                              	105891	0	10088973	0
0.5	1100	1755	0	870573	16	10088973	100	2	2200                              	105463	0	10088973	0
0.5	1100	1939	0	895655	16	10088973	100	2	2200                              	110834	0	10088973	0
0.5	1100	1845	0	883393	16	10088973	100	2	2200                              	105230	0	10088973	0
0.5	1100	2215	0	934167	16	10088973	100	2	2200                              	110358	0	10088973	0
0.5	1100	1614	0	850851	16	10088973	100	2	2200                              	105413	0	10088973	0
0.5	1100	2081	0	915797	16	10088973	100	2	2200                              	109528	0	10088973	0
0.5	1100	1773	0	873366	16	10088973	100	2	2200                              	112453	0	10088973	0
0.5	1100	1797	0	876421	16	10088973	100	2	2200                              	104562	0	10088973	0
0.5	1100	2093	0	917187	16	10088973	100	2	2200                              	103594	0	10088973	0
0.5	1100	1780	0	874059	16	10088973	100	2	2200                              	110137	0	10088973	0
0.5	1100	1636	0	854404	16	10088973	100	2	2200                              	110624	0	10088973	0
0.5	1100	1854	0	884603	16	10088973	100	2	2200                              	112000	0	10088973	0
0.5	1100	2380	0	956296	16	10088973	100	2	2200                              	109848	0	10088973	0
0.5	1100	1623	0	852722	16	10088973	100	2	2200                              	102558	0	10088973	0
0.5	1100	1863	0	885294	16	10088973	100	2	2200                              	106320	0	10088973	0
0.5	1100	1717	0	865384	16	10088973	100	2	2200                              	104257	0	10088973	0
0.5	1100	2291	0	944563	16	10088973	100	2	2200                              	111151	0	10088973	0
0.5	1100	2320	0	948283	16	10088973	100	2	2200                              	112236	0	10088973	0
0.5	1100	2204	0	932586	16	10088973	100	2	2200                              	111142	0	10088973	0
0.5	1100	2498	0	972863	16	10088973	100	2	2200                              	109127	0	10088973	0
0.5	1100	1764	0	872154	16	10088973	100	2	2200                              	109569	0	10088973	0
0.5	1100	1631	0	854069	16	10088973	100	2	2200                              	104029	0	10088973	0
0.5	1100	2067	0	913670	16	10088973	100	2	2200                              	110830	0	10088973	0
0.5	1100	1761	0	871251	16	10088973	100	2	2200                              	111021	0	10088973	0
0.5	1100	1888	0	888780	16	10088973	100	2	2200                              	105030	0	10088973	0
0.5	1100	2008	0	905425	16	10088973	100	2	2200                              	111295	0	10088973	0
0.5	1100	1670	0	858982	16	10088973	100	2	2200                              	104185	0	10088973	0
0.5	1100	1683	0	860418	16	10088973	100	2	2200                              	106700	0	10088973	0
0.5	1100	1772	0	873195	16	10088973	100	2	2200                              	104428	0	10088973	0
0.5	1100	1684	0	861274	16	10088973	100	2	2200                              	110038	0	10088973	0
0.5	1100	1903	0	890961	16	10088973	100	2	2200                              	108304	0	10088973	0
0.5	1100	1921	0	893788	16	10088973	100	2	2200                              	107139	0	10088973	0
0.5	1100	1665	0	858320	16	10088973	100	2	2200                              	105487	0	10088973	0
0.5	1100	2300	0	945557	16	10088973	100	2	2200                              	113519	0	10088973	0
0.5	1100	2516	0	975181	16	10088973	100	2	2200                              	109688	0	10088973	0
0.5	1100	1781	0	874263	16	10088973	100	2	2200                              	105028	0	10088973	0
0.5	1100	1994	0	903505	16	10088973	100	2	2200                              	110174	0	10088973	0
0.5	1100	1731	0	867347	16	10088973	100	2	2200                              	111223	0	10088973	0
0.5	1100	2095	0	917481	16	10088973	100	2	2200                              	112411	0	10088973	0
0.5	1100	2051	0	911392	16	10088973	100	2	2200                              	104672	0	10088973	0
0.5	1100	1640	0	854768	16	10088973	100	2	2200                              	101249	0	10088973	0
0.5	1100	1778	0	873918	16	10088973	100	2	2200                              	103340	0	10088973	0
0.5	1100	1735	0	867916	16	10088973	100	2	2200                              	103967	0	10088973	0
0.5	1100	1609	0	850589	16	10088973	100	2	2200                              	103969	0	10088973	0
0.5	1100	2180	0	929267	16	10088973	100	2	2200                              	111496	0	10088973	0
0.5	1100	1763	0	871632	16	10088973	100	2	2200                              	108514	0	10088973	0
0.5	1100	2221	0	934714	16	10088973	100	2	2200                              	110201	0	10088973	0
0.5	1100	2239	0	937161	16	10088973	100	2	2200                              	109159	0	10088973	0
0.5	1100	1826	0	880554	16	10088973	100	2	2200                              	108127	0	10088973	0
0.5	1100	1828	0	880647	16	10088973	100	2	2200                              	111903	0	10088973	0
0.5	1100	1607	0	850238	16	10088973	100	2	2200                              	101413	0	10088973	0
0.5	1100	1616	0	851619	16	10088973	100	2	2200                              	106694	0	10088973	0
0.5	1100	1796	0	876389	16	10088973	100	2	2200                              	112155	0	10088973	0
0.5	1100	1618	0	851701	16	10088973	100	2	2200                              	103145	0	10088973	0
0.5	1100	1714	0	864967	16	10088973	100	2	2200                              	105062	0	10088973	0
0.5	1100	1665	0	858288	16	10088973	100	2	2200                              	108526	0	10088973	0
0.5	1100	1794	0	876038	16	10088973	100	2	2200                              	106159	0	10088973	0
0.5	1100	1820	0	879581	16	10088973	100	2	2200                              	105746	0	10088973	0
0.5	2100	1226	0	950741	16	10088973	100	2	4200                              	105305	0	10088973	0
0.5	2100	1093	0	915388	16	10088973	100	2	4200                              	107643	0	10088973	0
0.5	2100	1245	0	955244	16	10088973	100	2	4200                              	105013	0	10088973	0
0.5	2100	1117	0	921606	16	10088973	100	2	4200                              	102330	0	10088973	0
0.5	2100	1142	0	927943	16	10088973	100	2	4200                              	108280	0	10088973	0
0.5	2100	1454	0	1010227	16	10088973	100	2	4200                              	107312	0	10088973	0
0.5	2100	1261	0	959234	16	10088973	100	2	4200                              	103801	0	10088973	0
0.5	2100	1220	0	948721	16	10088973	100	2	4200                              	107380	0	10088973	0
0.5	2100	1202	0	944032	16	10088973	100	2	4200                              	108169	0	10088973	0
0.5	2100	1399	0	995632	16	10088973	100	2	4200                              	104410	0	10088973	0
0.5	2100	1745	0	1087172	16	10088973	100	2	4200                              	110455	0	10088973	0
0.5	2100	1241	0	954063	16	10088973	100	2	4200                              	108027	0	10088973	0
0.5	2100	1500	0	1021904	16	10088973	100	2	4200                              	107327	0	10088973	0
0.5	2100	1227	0	950595	16	10088973	100	2	4200                              	102294	0	10088973	0
0.5	2100	1427	0	1003345	16	10088973	100	2	4200                              	102062	0	10088973	0
0.5	2100	1378	0	990045	16	10088973	100	2	4200                              	103824	0	10088973	0
0.5	2100	1144	0	928382	16	10088973	100	2	4200                              	104058	0	10088973	0
0.5	2100	1210	0	946320	16	10088973	100	2	4200                              	101488	0	10088973	0
0.5	2100	1229	0	950913	16	10088973	100	2	4200                              	105379	0	10088973	0
0.5	2100	1367	0	986675	16	10088973	100	2	4200                              	102729	0	10088973	0
0.5	2100	1444	0	1007375	16	10088973	100	2	4200                              	103517	0	10088973	0
0.5	2100	1184	0	938611	16	10088973	100	2	4200                              	107122	0	10088973	0
0.5	2100	1265	0	960418	16	10088973	100	2	4200                              	106083	0	10088973	0
0.5	2100	1273	0	962509	16	10088973	100	2	4200                              	110407	0	10088973	0
0.5	2100	1308	0	971756	16	10088973	100	2	4200                              	107743	0	10088973	0
0.5	2100	1435	0	1004854	16	10088973	100	2	4200                              	107366	0	10088973	0
0.5	2100	1227	0	950505	16	10088973	100	2	4200                              	100284	0	10088973	0
0.5	2100	1262	0	960239	16	10088973	100	2	4200                              	109191	0	10088973	0
0.5	2100	1351	0	982910	16	10088973	100	2	4200                              	106882	0	10088973	0
0.5	2100	1159	0	932439	16	10088973	100	2	4200                              	102449	0	10088973	0
0.5	2100	1210	0	945739	16	10088973	100	2	4200                              	111139	0	10088973	0
0.5	2100	1138	0	927218	16	10088973	100	2	4200                              	111380	0	10088973	0
0.5	2100	1489	0	1019131	16	10088973	100	2	4200                              	101414	0	10088973	0
0.5	2100	1675	0	1068272	16	10088973	100	2	4200                              	105419	0	10088973	0
0.5	2100	1328	0	976475	16	10088973	100	2	4200                              	103145	0	10088973	0
0.5	2100	1310	0	971749	16	10088973	100	2	4200                              	107343	0	10088973	0
0.5	2100	1370	0	987269	16	10088973	100	2	4200                              	110442	0	10088973	0
0.5	2100	1326	0	976252	16	10088973	100	2	4200                              	103280	0	10088973	0
0.5	2100	1356	0	984418	16	10088973	100	2	4200                              	102658	0	10088973	0
0.5	2100	1250	0	956188	16	10088973	100	2	4200                              	102482	0	10088973	0
0.5	2100	1173	0	936218	16	10088973	100	2	4200                              	101998	0	10088973	0
0.5	2100	1507	0	1024264	16	10088973	100	2	4200                              	107726	0	10088973	0
0.5	2100	1282	0	965320	16	10088973	100	2	4200                              	110630	0	10088973	0
0.5	2100	1240	0	953687	16	10088973	100	2	4200                              	108604	0	10088973	0
0.5	2100	1319	0	974262	16	10088973	100	2	4200                              	108962	0	10088973	0
0.5	2100	1284	0	964918	16	10088973	100	2	4200                              	109862	0	10088973	0
0.5	2100	1085	0	913386	16	10088973	100	2	4200                              	104551	0	10088973	0
0.5	2100	1181	0	938262	16	10088973	100	2	4200                              	103294	0	10088973	0
0.5	2100	1300	0	969367	16	10088973	100	2	4200                              	101531	0	10088973	0
0.5	2100	1389	0	992894	16	10088973	100	2	4200                              	108535	0	10088973	0
0.5	2100	1288	0	966736	16	10088973	100	2	4200                              	107290	0	10088973	0
0.5	2100	1194	0	941819	16	10088973	100	2	4200                              	99653	0	10088973	0
0.5	2100	1376	0	989278	16	10088973	100	2	4200                              	95525	0	10088973	0
0.5	2100	1440	0	1006519	16	10088973	100	2	4200                              	103734	0	10088973	0
0.5	2100	1214	0	947378	16	10088973	100	2	4200                              	109281	0	10088973	0
0.5	2100	1210	0	945980	16	10088973	100	2	4200                              	102186	0	10088973	0
0.5	2100	1505	0	1023390	16	10088973	100	2	4200                              	102141	0	10088973	0
0.5	2100	1309	0	971969	16	10088973	100	2	4200                              	109839	0	10088973	0
0.5	2100	1298	0	969259	16	10088973	100	2	4200                              	107680	0	10088973	0
0.5	2100	1569	0	1040206	16	10088973	100	2	4200                              	104328	0	10088973	0
0.5	2100	1457	0	1010802	16	10088973	100	2	4200                              	102777	0	10088973	0
0.5	2100	1315	0	973249	16	10088973	100	2	4200                              	108577	0	10088973	0
0.5	2100	1120	0	922224	16	10088973	100	2	4200                              	103623	0	10088973	0
0.5	2100	1340	0	979559	16	10088973	100	2	4200                              	101854	0	10088973	0
0.5	2100	1325	0	976433	16	10088973	100	2	4200                              	108341	0	10088973	0
0.5	2100	1340	0	980461	16	10088973	100	2	4200                              	110225	0	10088973	0
0.5	2100	1459	0	1011226	16	10088973	100	2	4200                              	111191	0	10088973	0
0.5	2100	1183	0	939095	16	10088973	100	2	4200                              	109304	0	10088973	0
0.5	2100	1283	0	964510	16	10088973	100	2	4200                              	107121	0	10088973	0
0.5	2100	1132	0	925257	16	10088973	100	2	4200                              	108910	0	10088973	0
0.5	2100	1215	0	946826	16	10088973	100	2	4200                              	102232	0	10088973	0
0.5	2100	1079	0	911693	16	10088973	100	2	4200                              	108478	0	10088973	0
0.5	2100	1128	0	924351	16	10088973	100	2	4200                              	101905	0	10088973	0
0.5	2100	1251	0	956767	16	10088973	100	2	4200                              	108401	0	10088973	0
0.5	2100	1158	0	932558	16	10088973	100	2	4200                              	100966	0	10088973	0
0.5	2100	1436	0	1005212	16	10088973	100	2	4200                              	106804	0	10088973	0
0.5	2100	1271	0	962169	16	10088973	100	2	4200                              	110975	0	10088973	0
0.5	2100	1058	0	906100	16	10088973	100	2	4200                              	102265	0	10088973	0
0.5	2100	1396	0	994771	16	10088973	100	2	4200                              	106399	0	10088973	0
0.5	2100	1145	0	928680	16	10088973	100	2	4200                              	107605	0	10088973	0
0.5	2100	1351	0	983472	16	10088973	100	2	4200                              	103722	0	10088973	0
0.5	2100	995	0	890047	16	10088973	100	2	4200                              	104603	0	10088973	0
0.5	2100	1189	0	940380	16	10088973	100	2	4200                              	101394	0	10088973	0
0.5	2100	1396	0	993984	16	10088973	100	2	4200                              	108976	0	10088973	0
0.5	2100	1470	0	1013709	16	10088973	100	2	4200                              	108621	0	10088973	0
0.5	2100	1107	0	918993	16	10088973	100	2	4200                              	106434	0	10088973	0
0.5	2100	1240	0	953646	16	10088973	100	2	4200                              	104399	0	10088973	0
0.5	2100	1127	0	924159	16	10088973	100	2	4200                              	101205	0	10088973	0
0.5	2100	1278	0	963959	16	10088973	100	2	4200                              	101162	0	10088973	0
0.5	2100	1269	0	961917	16	10088973	100	2	4200                              	112060	0	10088973	0
0.5	2100	1224	0	949021	16	10088973	100	2	4200                              	108520	0	10088973	0
0.5	2100	1429	0	1003039	16	10088973	100	2	4200                              	107535	0	10088973	0
0.5	2100	1230	0	951059	16	10088973	100	2	4200                              	101382	0	10088973	0
0.5	2100	1249	0	956542	16	10088973	100	2	4200                              	104345	0	10088973	0
0.5	2100	1315	0	973478	16	10088973	100	2	4200                              	109086	0	10088973	0
0.5	2100	1209	0	945601	16	10088973	100	2	4200                              	103470	0	10088973	0
0.5	2100	1185	0	939375	16	10088973	100	2	4200                              	102919	0	10088973	0
0.5	2100	1213	0	946692	16	10088973	100	2	4200                              	101978	0	10088973	0
0.5	2100	1183	0	938758	16	10088973	100	2	4200                              	103755	0	10088973	0
0.5	2100	1479	0	1016090	16	10088973	100	2	4200                              	109069	0	10088973	0
0.5	3100	929	0	988098	16	10088973	100	2	6200                              	101384	0	10088973	0
0.5	3100	997	0	1014242	16	10088973	100	2	6200                              	100591	0	10088973	0
0.5	3100	1073	0	1042998	16	10088973	100	2	6200                              	106101	0	10088973	0
0.5	3100	962	0	1000393	16	10088973	100	2	6200                              	106021	0	10088973	0
0.5	3100	1189	0	1088066	16	10088973	100	2	6200                              	106773	0	10088973	0
0.5	3100	1165	0	1078773	16	10088973	100	2	6200                              	105887	0	10088973	0
0.5	3100	1012	0	1019863	16	10088973	100	2	6200                              	108279	0	10088973	0
0.5	3100	1019	0	1022463	16	10088973	100	2	6200                              	99996	0	10088973	0
0.5	3100	1058	0	1037539	16	10088973	100	2	6200                              	100017	0	10088973	0
0.5	3100	1141	0	1069247	16	10088973	100	2	6200                              	104405	0	10088973	0
0.5	3100	949	0	994713	16	10088973	100	2	6200                              	105857	0	10088973	0
0.5	3100	995	0	1012386	16	10088973	100	2	6200                              	103229	0	10088973	0
0.5	3100	1181	0	1085195	16	10088973	100	2	6200                              	106203	0	10088973	0
0.5	3100	979	0	1006871	16	10088973	100	2	6200                              	101874	0	10088973	0
0.5	3100	1113	0	1058492	16	10088973	100	2	6200                              	100341	0	10088973	0
0.5	3100	1030	0	1026374	16	10088973	100	2	6200                              	106301	0	10088973	0
0.5	3100	1144	0	1070648	16	10088973	100	2	6200                              	106422	0	10088973	0
0.5	3100	1135	0	1066999	16	10088973	100	2	6200                              	101260	0	10088973	0
0.5	3100	945	0	993301	16	10088973	100	2	6200                              	105984	0	10088973	0
0.5	3100	965	0	1001760	16	10088973	100	2	6200                              	100544	0	10088973	0
0.5	3100	1103	0	1054482	16	10088973	100	2	6200                              	99886	0	10088973	0
0.5	3100	994	0	1012265	16	10088973	100	2	6200                              	105751	0	10088973	0
0.5	3100	1089	0	1049668	16	10088973	100	2	6200                              	101730	0	10088973	0
0.5	3100	964	0	1001351	16	10088973	100	2	6200                              	107552	0	10088973	0
0.5	3100	998	0	1014142	16	10088973	100	2	6200                              	99978	0	10088973	0
0.5	3100	1087	0	1048719	16	10088973	100	2	6200                              	108847	0	10088973	0
0.5	3100	1003	0	1015918	16	10088973	100	2	6200                              	100055	0	10088973	0
0.5	3100	872	0	965327	16	10088973	100	2	6200                              	105651	0	10088973	0
0.5	3100	1027	0	1025342	16	10088973	100	2	6200                              	99971	0	10088973	0
0.5	3100	1109	0	1056863	16	10088973	100	2	6200                              	105669	0	10088973	0
0.5	3100	1100	0	1053554	16	10088973	100	2	6200                              	100308	0	10088973	0
0.5	3100	946	0	994008	16	10088973	100	2	6200                              	101582	0	10088973	0
0.5	3100	1080	0	1046240	16	10088973	100	2	6200                              	100352	0	10088973	0
0.5	3100	1077	0	1044396	16	10088973	100	2	6200                              	104773	0	10088973	0
0.5	3100	836	0	950712	16	10088973	100	2	6200                              	104888	0	10088973	0
0.5	3100	1536	0	1222399	16	10088973	100	2	6200                              	105865	0	10088973	0
0.5	3100	1018	0	1021309	16	10088973	100	2	6200                              	107055	0	10088973	0
0.5	3100	1157	0	1076001	16	10088973	100	2	6200                              	99082	0	10088973	0
0.5	3100	1050	0	1034929	16	10088973	100	2	6200                              	104785	0	10088973	0
0.5	3100	1053	0	1035703	16	10088973	100	2	6200                              	100590	0	10088973	0
0.5	3100	920	0	983672	16	10088973	100	2	6200                              	100323	0	10088973	0
0.5	3100	1186	0	1087128	16	10088973	100	2	6200                              	108949	0	10088973	0
0.5	3100	986	0	1009778	16	10088973	100	2	6200                              	106557	0	10088973	0
0.5	3100	1100	0	1054127	16	10088973	100	2	6200                              	100594	0	10088973	0
0.5	3100	1083	0	1047724	16	10088973	100	2	6200                              	102445	0	10088973	0
0.5	3100	1115	0	1059485	16	10088973	100	2	6200                              	109152	0	10088973	0
0.5	3100	966	0	1001054	16	10088973	100	2	6200                              	100904	0	10088973	0
0.5	3100	1003	0	1015952	16	10088973	100	2	6200                              	100378	0	10088973	0
0.5	3100	1269	0	1118714	16	10088973	100	2	6200                              	108035	0	10088973	0
0.5	3100	1003	0	1016141	16	10088973	100	2	6200                              	109105	0	10088973	0
0.5	3100	1046	0	1032591	16	10088973	100	2	6200                              	108645	0	10088973	0
0.5	3100	975	0	1005594	16	10088973	100	2	6200                              	99851	0	10088973	0
0.5	3100	979	0	1007280	16	10088973	100	2	6200                              	98845	0	10088973	0
0.5	3100	1055	0	1035975	16	10088973	100	2	6200                              	108542	0	10088973	0
0.5	3100	973	0	1004419	16	10088973	100	2	6200                              	104684	0	10088973	0
0.5	3100	1126	0	1063835	16	10088973	100	2	6200                              	100147	0	10088973	0
0.5	3100	894	0	973742	16	10088973	100	2	6200                              	99007	0	10088973	0
0.5	3100	982	0	1007650	16	10088973	100	2	6200                              	101088	0	10088973	0
0.5	3100	1057	0	1036564	16	10088973	100	2	6200                              	106209	0	10088973	0
0.5	3100	1135	0	1067958	16	10088973	100	2	6200                              	105467	0	10088973	0
0.5	3100	978	0	1005945	16	10088973	100	2	6200                              	96526	0	10088973	0
0.5	3100	1127	0	1063715	16	10088973	100	2	6200                              	108633	0	10088973	0
0.5	3100	1171	0	1080345	16	10088973	100	2	6200                              	101548	0	10088973	0
0.5	3100	1168	0	1080178	16	10088973	100	2	6200                              	105140	0	10088973	0
0.5	3100	1021	0	1023153	16	10088973	100	2	6200                              	100752	0	10088973	0
0.5	3100	961	0	999776	16	10088973	100	2	6200                              	106974	0	10088973	0
0.5	3100	910	0	979063	16	10088973	100	2	6200                              	101414	0	10088973	0
0.5	3100	986	0	1009676	16	10088973	100	2	6200                              	107835	0	10088973	0
0.5	3100	1005	0	1017066	16	10088973	100	2	6200                              	103499	0	10088973	0
0.5	3100	934	0	989397	16	10088973	100	2	6200                              	105384	0	10088973	0
0.5	3100	1023	0	1023209	16	10088973	100	2	6200                              	102474	0	10088973	0
0.5	3100	990	0	1011646	16	10088973	100	2	6200                              	98457	0	10088973	0
0.5	3100	1025	0	1024250	16	10088973	100	2	6200                              	99632	0	10088973	0
0.5	3100	1123	0	1062801	16	10088973	100	2	6200                              	101747	0	10088973	0
0.5	3100	982	0	1007851	16	10088973	100	2	6200                              	102586	0	10088973	0
0.5	3100	938	0	990748	16	10088973	100	2	6200                              	98030	0	10088973	0
0.5	3100	1344	0	1146821	16	10088973	100	2	6200                              	109660	0	10088973	0
0.5	3100	1016	0	1021509	16	10088973	100	2	6200                              	101100	0	10088973	0
0.5	3100	1092	0	1050014	16	10088973	100	2	6200                              	109725	0	10088973	0
0.5	3100	1248	0	1111986	16	10088973	100	2	6200                              	108546	0	10088973	0
0.5	3100	896	0	974091	16	10088973	100	2	6200                              	105685	0	10088973	0
0.5	3100	1140	0	1068434	16	10088973	100	2	6200                              	109154	0	10088973	0
0.5	3100	879	0	967896	16	10088973	100	2	6200                              	100598	0	10088973	0
0.5	3100	911	0	980320	16	10088973	100	2	6200                              	108807	0	10088973	0
0.5	3100	1090	0	1049932	16	10088973	100	2	6200                              	109079	0	10088973	0
0.5	3100	1106	0	1056250	16	10088973	100	2	6200                              	106979	0	10088973	0
0.5	3100	1068	0	1041442	16	10088973	100	2	6200                              	100020	0	10088973	0
0.5	3100	1045	0	1032726	16	10088973	100	2	6200                              	101570	0	10088973	0
0.5	3100	1051	0	1034711	16	10088973	100	2	6200                              	109943	0	10088973	0
0.5	3100	1071	0	1042514	16	10088973	100	2	6200                              	102305	0	10088973	0
0.5	3100	1170	0	1080852	16	10088973	100	2	6200                              	100622	0	10088973	0
0.5	3100	1145	0	1071246	16	10088973	100	2	6200                              	105178	0	10088973	0
0.5	3100	1166	0	1078743	16	10088973	100	2	6200                              	105584	0	10088973	0
0.5	3100	1122	0	1062670	16	10088973	100	2	6200                              	100187	0	10088973	0
0.5	3100	933	0	988284	16	10088973	100	2	6200                              	98882	0	10088973	0
0.5	3100	1014	0	1020215	16	10088973	100	2	6200                              	104366	0	10088973	0
0.5	3100	1041	0	1030370	16	10088973	100	2	6200                              	101283	0	10088973	0
0.5	3100	1029	0	1025346	16	10088973	100	2	6200                              	100494	0	10088973	0
0.5	3100	1153	0	1073932	16	10088973	100	2	6200                              	100765	0	10088973	0
0.5	3100	1021	0	1022894	16	10088973	100	2	6200                              	99759	0	10088973	0
0.5	4100	901	0	1088135	16	10088973	100	2	8200                              	104924	0	10088973	0
0.5	4100	888	0	1081647	16	10088973	100	2	8200                              	98326	0	10088973	0
0.5	4100	910	0	1092472	16	10088973	100	2	8200                              	102256	0	10088973	0
0.5	4100	907	0	1090992	16	10088973	100	2	8200                              	103635	0	10088973	0
0.5	4100	1010	0	1143998	16	10088973	100	2	8200                              	106384	0	10088973	0
0.5	4100	834	0	1054500	16	10088973	100	2	8200                              	106377	0	10088973	0
0.5	4100	1051	0	1164163	16	10088973	100	2	8200                              	109446	0	10088973	0
0.5	4100	801	0	1037277	16	10088973	100	2	8200                              	99862	0	10088973	0
0.5	4100	891	0	1082532	16	10088973	100	2	8200                              	98837	0	10088973	0
0.5	4100	1076	0	1177691	16	10088973	100	2	8200                              	99531	0	10088973	0
0.5	4100	882	0	1078878	16	10088973	100	2	8200                              	100177	0	10088973	0
0.5	4100	832	0	1051926	16	10088973	100	2	8200                              	95009	0	10088973	0
0.5	4100	987	0	1132312	16	10088973	100	2	8200                              	104828	0	10088973	0
0.5	4100	854	0	1064296	16	10088973	100	2	8200                              	98930	0	10088973	0
0.5	4100	947	0	1110975	16	10088973	100	2	8200                              	93908	0	10088973	0
0.5	4100	1003	0	1140987	16	10088973	100	2	8200                              	102560	0	10088973	0
0.5	4100	808	0	1040190	16	10088973	100	2	8200                              	99340	0	10088973	0
0.5	4100	950	0	1112856	16	10088973	100	2	8200                              	96647	0	10088973	0
0.5	4100	900	0	1087795	16	10088973	100	2	8200                              	95420	0	10088973	0
0.5	4100	999	0	1138517	16	10088973	100	2	8200                              	105958	0	10088973	0
0.5	4100	1008	0	1143425	16	10088973	100	2	8200                              	104657	0	10088973	0
0.5	4100	929	0	1101889	16	10088973	100	2	8200                              	103165	0	10088973	0
0.5	4100	1015	0	1146421	16	10088973	100	2	8200                              	101013	0	10088973	0
0.5	4100	939	0	1107731	16	10088973	100	2	8200                              	107142	0	10088973	0
0.5	4100	940	0	1107876	16	10088973	100	2	8200                              	99236	0	10088973	0
0.5	4100	1006	0	1142721	16	10088973	100	2	8200                              	107218	0	10088973	0
0.5	4100	1034	0	1157349	16	10088973	100	2	8200                              	104701	0	10088973	0
0.5	4100	878	0	1076045	16	10088973	100	2	8200                              	106582	0	10088973	0
0.5	4100	981	0	1127435	16	10088973	100	2	8200                              	101126	0	10088973	0
0.5	4100	1020	0	1149262	16	10088973	100	2	8200                              	106523	0	10088973	0
0.5	4100	993	0	1135292	16	10088973	100	2	8200                              	108010	0	10088973	0
0.5	4100	1154	0	1218539	16	10088973	100	2	8200                              	105175	0	10088973	0
0.5	4100	941	0	1107677	16	10088973	100	2	8200                              	107326	0	10088973	0
0.5	4100	932	0	1103109	16	10088973	100	2	8200                              	104364	0	10088973	0
0.5	4100	1055	0	1167253	16	10088973	100	2	8200                              	105871	0	10088973	0
0.5	4100	928	0	1102364	16	10088973	100	2	8200                              	103551	0	10088973	0
0.5	4100	989	0	1132378	16	10088973	100	2	8200                              	98318	0	10088973	0
0.5	4100	853	0	1063520	16	10088973	100	2	8200                              	98910	0	10088973	0
0.5	4100	913	0	1093714	16	10088973	100	2	8200                              	99041	0	10088973	0
0.5	4100	954	0	1115510	16	10088973	100	2	8200                              	102542	0	10088973	0
0.5	4100	916	0	1095619	16	10088973	100	2	8200                              	103467	0	10088973	0
0.5	4100	931	0	1102904	16	10088973	100	2	8200                              	103763	0	10088973	0
0.5	4100	1025	0	1151042	16	10088973	100	2	8200                              	109688	0	10088973	0
0.5	4100	950	0	1113354	16	10088973	100	2	8200                              	97593	0	10088973	0
0.5	4100	823	0	1048349	16	10088973	100	2	8200                              	104871	0	10088973	0
0.5	4100	851	0	1062930	16	10088973	100	2	8200                              	102611	0	10088973	0
0.5	4100	1029	0	1153695	16	10088973	100	2	8200                              	104848	0	10088973	0
0.5	4100	1023	0	1150243	16	10088973	100	2	8200                              	98336	0	10088973	0
0.5	4100	1213	0	1247761	16	10088973	100	2	8200                              	106260	0	10088973	0
0.5	4100	1005	0	1141760	16	10088973	100	2	8200                              	106990	0	10088973	0
0.5	4100	821	0	1046614	16	10088973	100	2	8200                              	97040	0	10088973	0
0.5	4100	836	0	1053881	16	10088973	100	2	8200                              	107017	0	10088973	0
0.5	4100	914	0	1094767	16	10088973	100	2	8200                              	102777	0	10088973	0
0.5	4100	941	0	1109292	16	10088973	100	2	8200                              	104576	0	10088973	0
0.5	4100	1007	0	1142836	16	10088973	100	2	8200                              	105978	0	10088973	0
0.5	4100	934	0	1104912	16	10088973	100	2	8200                              	100730	0	10088973	0
0.5	4100	905	0	1089739	16	10088973	100	2	8200                              	100597	0	10088973	0
0.5	4100	999	0	1137494	16	10088973	100	2	8200                              	105045	0	10088973	0
0.5	4100	922	0	1097829	16	10088973	100	2	8200                              	97902	0	10088973	0
0.5	4100	907	0	1090482	16	10088973	100	2	8200                              	106989	0	10088973	0
0.5	4100	982	0	1129980	16	10088973	100	2	8200                              	103138	0	10088973	0
0.5	4100	995	0	1135485	16	10088973	100	2	8200                              	100414	0	10088973	0
0.5	4100	889	0	1081598	16	10088973	100	2	8200                              	105606	0	10088973	0
0.5	4100	987	0	1132953	16	10088973	100	2	8200                              	99504	0	10088973	0
0.5	4100	865	0	1069713	16	10088973	100	2	8200                              	99141	0	10088973	0
0.5	4100	807	0	1039922	16	10088973	100	2	8200                              	103110	0	10088973	0
0.5	4100	1064	0	1172040	16	10088973	100	2	8200                              	98050	0	10088973	0
0.5	4100	896	0	1085479	16	10088973	100	2	8200                              	107716	0	10088973	0
0.5	4100	1033	0	1155761	16	10088973	100	2	8200                              	99547	0	10088973	0
0.5	4100	1119	0	1199517	16	10088973	100	2	8200                              	100991	0	10088973	0
0.5	4100	1056	0	1168152	16	10088973	100	2	8200                              	106095	0	10088973	0
0.5	4100	1012	0	1145214	16	10088973	100	2	8200                              	99464	0	10088973	0
0.5	4100	941	0	1108166	16	10088973	100	2	8200                              	98262	0	10088973	0
0.5	4100	740	0	1006002	16	10088973	100	2	8200                              	98825	0	10088973	0
0.5	4100	952	0	1114200	16	10088973	100	2	8200                              	100853	0	10088973	0
0.5	4100	848	0	1059965	16	10088973	100	2	8200                              	99590	0	10088973	0
0.5	4100	995	0	1135592	16	10088973	100	2	8200                              	97656	0	10088973	0
0.5	4100	1056	0	1167569	16	10088973	100	2	8200                              	108576	0	10088973	0
0.5	4100	1003	0	1140253	16	10088973	100	2	8200                              	107783	0	10088973	0
0.5	4100	848	0	1061643	16	10088973	100	2	8200                              	106605	0	10088973	0
0.5	4100	1095	0	1188363	16	10088973	100	2	8200                              	102565	0	10088973	0
0.5	4100	885	0	1079269	16	10088973	100	2	8200                              	99338	0	10088973	0
0.5	4100	861	0	1067721	16	10088973	100	2	8200                              	102509	0	10088973	0
0.5	4100	898	0	1086493	16	10088973	100	2	8200                              	103969	0	10088973	0
0.5	4100	970	0	1122695	16	10088973	100	2	8200                              	103693	0	10088973	0
0.5	4100	948	0	1112435	16	10088973	100	2	8200                              	104034	0	10088973	0
0.5	4100	971	0	1124787	16	10088973	100	2	8200                              	99422	0	10088973	0
0.5	4100	913	0	1093423	16	10088973	100	2	8200                              	98457	0	10088973	0
0.5	4100	1046	0	1161042	16	10088973	100	2	8200                              	105310	0	10088973	0
0.5	4100	819	0	1047163	16	10088973	100	2	8200                              	98746	0	10088973	0
0.5	4100	864	0	1069675	16	10088973	100	2	8200                              	98264	0	10088973	0
0.5	4100	905	0	1090603	16	10088973	100	2	8200                              	102515	0	10088973	0
0.5	4100	812	0	1042347	16	10088973	100	2	8200                              	106680	0	10088973	0
0.5	4100	928	0	1102283	16	10088973	100	2	8200                              	103680	0	10088973	0
0.5	4100	1035	0	1156391	16	10088973	100	2	8200                              	97818	0	10088973	0
0.5	4100	1004	0	1140754	16	10088973	100	2	8200                              	101003	0	10088973	0
0.5	4100	913	0	1093652	16	10088973	100	2	8200                              	106299	0	10088973	0
0.5	4100	943	0	1109885	16	10088973	100	2	8200                              	99099	0	10088973	0
0.5	4100	957	0	1117575	16	10088973	100	2	8200                              	101266	0	10088973	0
0.5	4100	1007	0	1142304	16	10088973	100	2	8200                              	105265	0	10088973	0
0.5	5100	862	0	1173876	16	10088973	100	2	10200                              	98343	0	10088973	0
0.5	5100	865	0	1176911	16	10088973	100	2	10200                              	102085	0	10088973	0
0.5	5100	977	0	1247194	16	10088973	100	2	10200                              	103669	0	10088973	0
0.5	5100	882	0	1187193	16	10088973	100	2	10200                              	102174	0	10088973	0
0.5	5100	995	0	1259197	16	10088973	100	2	10200                              	103686	0	10088973	0
0.5	5100	768	0	1114510	16	10088973	100	2	10200                              	95536	0	10088973	0
0.5	5100	931	0	1218037	16	10088973	100	2	10200                              	104547	0	10088973	0
0.5	5100	851	0	1167024	16	10088973	100	2	10200                              	100139	0	10088973	0
0.5	5100	846	0	1163778	16	10088973	100	2	10200                              	104083	0	10088973	0
0.5	5100	944	0	1226478	16	10088973	100	2	10200                              	96308	0	10088973	0
0.5	5100	763	0	1112461	16	10088973	100	2	10200                              	99072	0	10088973	0
0.5	5100	720	0	1083024	16	10088973	100	2	10200                              	102331	0	10088973	0
0.5	5100	704	0	1074990	16	10088973	100	2	10200                              	96471	0	10088973	0
0.5	5100	868	0	1177754	16	10088973	100	2	10200                              	105776	0	10088973	0
0.5	5100	731	0	1092119	16	10088973	100	2	10200                              	103247	0	10088973	0
0.5	5100	762	0	1109104	16	10088973	100	2	10200                              	103875	0	10088973	0
0.5	5100	938	0	1221912	16	10088973	100	2	10200                              	97070	0	10088973	0
0.5	5100	912	0	1207071	16	10088973	100	2	10200                              	99756	0	10088973	0
0.5	5100	756	0	1106749	16	10088973	100	2	10200                              	104257	0	10088973	0
0.5	5100	949	0	1229464	16	10088973	100	2	10200                              	100088	0	10088973	0
0.5	5100	705	0	1074560	16	10088973	100	2	10200                              	99225	0	10088973	0
0.5	5100	826	0	1151046	16	10088973	100	2	10200                              	101096	0	10088973	0
0.5	5100	785	0	1124567	16	10088973	100	2	10200                              	95218	0	10088973	0
0.5	5100	884	0	1188585	16	10088973	100	2	10200                              	105270	0	10088973	0
0.5	5100	968	0	1241043	16	10088973	100	2	10200                              	104043	0	10088973	0
0.5	5100	816	0	1144955	16	10088973	100	2	10200                              	104691	0	10088973	0
0.5	5100	770	0	1114591	16	10088973	100	2	10200                              	107078	0	10088973	0
0.5	5100	733	0	1091404	16	10088973	100	2	10200                              	96468	0	10088973	0
0.5	5100	825	0	1152063	16	10088973	100	2	10200                              	98991	0	10088973	0
0.5	5100	927	0	1216236	16	10088973	100	2	10200                              	99235	0	10088973	0
0.5	5100	961	0	1237701	16	10088973	100	2	10200                              	106172	0	10088973	0
0.5	5100	920	0	1211223	16	10088973	100	2	10200                              	99233	0	10088973	0
0.5	5100	848	0	1164701	16	10088973	100	2	10200                              	103967	0	10088973	0
0.5	5100	900	0	1199387	16	10088973	100	2	10200                              	105202	0	10088973	0
0.5	5100	879	0	1185272	16	10088973	100	2	10200                              	102465	0	10088973	0
0.5	5100	842	0	1162431	16	10088973	100	2	10200                              	106110	0	10088973	0
0.5	5100	644	0	1034934	16	10088973	100	2	10200                              	102604	0	10088973	0
0.5	5100	743	0	1099989	16	10088973	100	2	10200                              	102804	0	10088973	0
0.5	5100	790	0	1127724	16	10088973	100	2	10200                              	96055	0	10088973	0
0.5	5100	915	0	1207890	16	10088973	100	2	10200                              	106509	0	10088973	0
0.5	5100	966	0	1240913	16	10088973	100	2	10200                              	103928	0	10088973	0
0.5	5100	694	0	1068054	16	10088973	100	2	10200                              	96538	0	10088973	0
0.5	5100	812	0	1142532	16	10088973	100	2	10200                              	98427	0	10088973	0
0.5	5100	710	0	1078847	16	10088973	100	2	10200                              	97362	0	10088973	0
0.5	5100	895	0	1195475	16	10088973	100	2	10200                              	97377	0	10088973	0
0.5	5100	826	0	1150304	16	10088973	100	2	10200                              	104513	0	10088973	0
0.5	5100	873	0	1182092	16	10088973	100	2	10200                              	103945	0	10088973	0
0.5	5100	848	0	1165745	16	10088973	100	2	10200                              	105618	0	10088973	0
0.5	5100	771	0	1115549	16	10088973	100	2	10200                              	94556	0	10088973	0
0.5	5100	852	0	1168909	16	10088973	100	2	10200                              	104555	0	10088973	0
0.5	5100	935	0	1220863	16	10088973	100	2	10200                              	103469	0	10088973	0
0.5	5100	807	0	1138368	16	10088973	100	2	10200                              	101798	0	10088973	0
0.5	5100	779	0	1120722	16	10088973	100	2	10200                              	98674	0	10088973	0
0.5	5100	830	0	1153796	16	10088973	100	2	10200                              	97135	0	10088973	0
0.5	5100	827	0	1152451	16	10088973	100	2	10200                              	96648	0	10088973	0
0.5	5100	1048	0	1292391	16	10088973	100	2	10200                              	105562	0	10088973	0
0.5	5100	810	0	1142739	16	10088973	100	2	10200                              	100229	0	10088973	0
0.5	5100	891	0	1192097	16	10088973	100	2	10200                              	105433	0	10088973	0
0.5	5100	861	0	1174622	16	10088973	100	2	10200                              	103364	0	10088973	0
0.5	5100	839	0	1160816	16	10088973	100	2	10200                              	96979	0	10088973	0
0.5	5100	764	0	1113377	16	10088973	100	2	10200                              	95523	0	10088973	0
0.5	5100	769	0	1114707	16	10088973	100	2	10200                              	105036	0	10088973	0
0.5	5100	884	0	1188845	16	10088973	100	2	10200                              	97384	0	10088973	0
0.5	5100	708	0	1076766	16	10088973	100	2	10200                              	98019	0	10088973	0
0.5	5100	739	0	1094534	16	10088973	100	2	10200                              	97695	0	10088973	0
0.5	5100	811	0	1143590	16	10088973	100	2	10200                              	103749	0	10088973	0
0.5	5100	786	0	1125245	16	10088973	100	2	10200                              	104541	0	10088973	0
0.5	5100	912	0	1206924	16	10088973	100	2	10200                              	102117	0	10088973	0
0.5	5100	779	0	1121116	16	10088973	100	2	10200                              	100456	0	10088973	0
0.5	5100	756	0	1107433	16	10088973	100	2	10200                              	105207	0	10088973	0
0.5	5100	734	0	1093124	16	10088973	100	2	10200                              	95022	0	10088973	0
0.5	5100	846	0	1166047	16	10088973	100	2	10200                              	103921	0	10088973	0
0.5	5100	960	0	1237356	16	10088973	100	2	10200                              	99857	0	10088973	0
0.5	5100	888	0	1191670	16	10088973	100	2	10200                              	105193	0	10088973	0
0.5	5100	847	0	1165396	16	10088973	100	2	10200                              	95926	0	10088973	0
0.5	5100	1024	0	1277727	16	10088973	100	2	10200                              	98606	0	10088973	0
0.5	5100	816	0	1145636	16	10088973	100	2	10200                              	100297	0	10088973	0
0.5	5100	778	0	1119832	16	10088973	100	2	10200                              	98652	0	10088973	0
0.5	5100	958	0	1236623	16	10088973	100	2	10200                              	103147	0	10088973	0
0.5	5100	709	0	1076008	16	10088973	100	2	10200                              	95816	0	10088973	0
0.5	5100	897	0	1197433	16	10088973	100	2	10200                              	98974	0	10088973	0
0.5	5100	767	0	1114665	16	10088973	100	2	10200                              	96006	0	10088973	0
0.5	5100	1061	0	1300503	16	10088973	100	2	10200                              	101432	0	10088973	0
0.5	5100	838	0	1159038	16	10088973	100	2	10200                              	99854	0	10088973	0
0.5	5100	894	0	1196333	16	10088973	100	2	10200                              	101437	0	10088973	0
0.5	5100	763	0	1111049	16	10088973	100	2	10200                              	96821	0	10088973	0
0.5	5100	789	0	1128291	16	10088973	100	2	10200                              	96620	0	10088973	0
0.5	5100	817	0	1146719	16	10088973	100	2	10200                              	103674	0	10088973	0
0.5	5100	897	0	1196968	16	10088973	100	2	10200                              	94461	0	10088973	0
0.5	5100	860	0	1172327	16	10088973	100	2	10200                              	98476	0	10088973	0
0.5	5100	729	0	1089917	16	10088973	100	2	10200                              	96291	0	10088973	0
0.5	5100	898	0	1198387	16	10088973	100	2	10200                              	104442	0	10088973	0
0.5	5100	910	0	1204596	16	10088973	100	2	10200                              	98960	0	10088973	0
0.5	5100	962	0	1238746	16	10088973	100	2	10200                              	105770	0	10088973	0
0.5	5100	865	0	1175354	16	10088973	100	2	10200                              	105993	0	10088973	0
0.5	5100	729	0	1090903	16	10088973	100	2	10200                              	96716	0	10088973	0
0.5	5100	794	0	1132561	16	10088973	100	2	10200                              	97250	0	10088973	0
0.5	5100	854	0	1169552	16	10088973	100	2	10200                              	103443	0	10088973	0
0.5	5100	804	0	1137042	16	10088973	100	2	10200                              	103334	0	10088973	0
0.5	5100	841	0	1160610	16	10088973	100	2	10200                              	96904	0	10088973	0
0.5	6100	817	0	1246497	16	10088973	100	2	12200                              	95642	0	10088973	0
0.5	6100	811	0	1243576	16	10088973	100	2	12200                              	101062	0	10088973	0
0.5	6100	738	0	1187127	16	10088973	100	2	12200                              	103216	0	10088973	0
0.5	6100	695	0	1155205	16	10088973	100	2	12200                              	101107	0	10088973	0
0.5	6100	738	0	1186270	16	10088973	100	2	12200                              	95709	0	10088973	0
0.5	6100	851	0	1273299	16	10088973	100	2	12200                              	102128	0	10088973	0
0.5	6100	799	0	1234195	16	10088973	100	2	12200                              	103002	0	10088973	0
0.5	6100	814	0	1243369	16	10088973	100	2	12200                              	96682	0	10088973	0
0.5	6100	679	0	1141064	16	10088973	100	2	12200                              	101661	0	10088973	0
0.5	6100	709	0	1164631	16	10088973	100	2	12200                              	104763	0	10088973	0
0.5	6100	662	0	1129366	16	10088973	100	2	12200                              	94775	0	10088973	0
0.5	6100	680	0	1141812	16	10088973	100	2	12200                              	98582	0	10088973	0
0.5	6100	787	0	1224076	16	10088973	100	2	12200                              	97493	0	10088973	0
0.5	6100	708	0	1164825	16	10088973	100	2	12200                              	101765	0	10088973	0
0.5	6100	816	0	1246703	16	10088973	100	2	12200                              	93903	0	10088973	0
0.5	6100	814	0	1244967	16	10088973	100	2	12200                              	95613	0	10088973	0
0.5	6100	843	0	1265892	16	10088973	100	2	12200                              	101121	0	10088973	0
0.5	6100	756	0	1201301	16	10088973	100	2	12200                              	93239	0	10088973	0
0.5	6100	746	0	1192317	16	10088973	100	2	12200                              	102387	0	10088973	0
0.5	6100	839	0	1263026	16	10088973	100	2	12200                              	100363	0	10088973	0
0.5	6100	793	0	1228602	16	10088973	100	2	12200                              	97528	0	10088973	0
0.5	6100	794	0	1230151	16	10088973	100	2	12200                              	106020	0	10088973	0
0.5	6100	757	0	1201006	16	10088973	100	2	12200                              	98094	0	10088973	0
0.5	6100	792	0	1226866	16	10088973	100	2	12200                              	103521	0	10088973	0
0.5	6100	659	0	1127196	16	10088973	100	2	12200                              	101416	0	10088973	0
0.5	6100	725	0	1175503	16	10088973	100	2	12200                              	96424	0	10088973	0
0.5	6100	717	0	1170939	16	10088973	100	2	12200                              	96556	0	10088973	0
0.5	6100	713	0	1167984	16	10088973	100	2	12200                              	97905	0	10088973	0
0.5	6100	776	0	1216548	16	10088973	100	2	12200                              	100782	0	10088973	0
0.5	6100	846	0	1268800	16	10088973	100	2	12200                              	95195	0	10088973	0
0.5	6100	699	0	1156345	16	10088973	100	2	12200                              	102313	0	10088973	0
0.5	6100	761	0	1205380	16	10088973	100	2	12200                              	103483	0	10088973	0
0.5	6100	776	0	1215237	16	10088973	100	2	12200                              	103125	0	10088973	0
0.5	6100	762	0	1206250	16	10088973	100	2	12200                              	94137	0	10088973	0
0.5	6100	759	0	1201757	16	10088973	100	2	12200                              	95515	0	10088973	0
0.5	6100	724	0	1176518	16	10088973	100	2	12200                              	103598	0	10088973	0
0.5	6100	758	0	1198741	16	10088973	100	2	12200                              	100051	0	10088973	0
0.5	6100	730	0	1181466	16	10088973	100	2	12200                              	96581	0	10088973	0
0.5	6100	696	0	1154618	16	10088973	100	2	12200                              	102255	0	10088973	0
0.5	6100	832	0	1259965	16	10088973	100	2	12200                              	96160	0	10088973	0
0.5	6100	904	0	1313374	16	10088973	100	2	12200                              	98636	0	10088973	0
0.5	6100	792	0	1227830	16	10088973	100	2	12200                              	103087	0	10088973	0
0.5	6100	771	0	1211493	16	10088973	100	2	12200                              	104265	0	10088973	0
0.5	6100	714	0	1169408	16	10088973	100	2	12200                              	97060	0	10088973	0
0.5	6100	755	0	1199046	16	10088973	100	2	12200                              	96413	0	10088973	0
0.5	6100	832	0	1257651	16	10088973	100	2	12200                              	94867	0	10088973	0
0.5	6100	696	0	1154719	16	10088973	100	2	12200                              	97262	0	10088973	0
0.5	6100	751	0	1197399	16	10088973	100	2	12200                              	104852	0	10088973	0
0.5	6100	853	0	1274370	16	10088973	100	2	12200                              	99222	0	10088973	0
0.5	6100	917	0	1322612	16	10088973	100	2	12200                              	102000	0	10088973	0
0.5	6100	680	0	1142312	16	10088973	100	2	12200                              	100389	0	10088973	0
0.5	6100	742	0	1189014	16	10088973	100	2	12200                              	96127	0	10088973	0
0.5	6100	709	0	1164665	16	10088973	100	2	12200                              	102105	0	10088973	0
0.5	6100	767	0	1208731	16	10088973	100	2	12200                              	103918	0	10088973	0
0.5	6100	776	0	1216953	16	10088973	100	2	12200                              	104111	0	10088973	0
0.5	6100	844	0	1268662	16	10088973	100	2	12200                              	93652	0	10088973	0
0.5	6100	723	0	1176046	16	10088973	100	2	12200                              	106180	0	10088973	0
0.5	6100	818	0	1247452	16	10088973	100	2	12200                              	101871	0	10088973	0
0.5	6100	698	0	1156141	16	10088973	100	2	12200                              	104369	0	10088973	0
0.5	6100	904	0	1313201	16	10088973	100	2	12200                              	98397	0	10088973	0
0.5	6100	756	0	1200445	16	10088973	100	2	12200                              	96033	0	10088973	0
0.5	6100	783	0	1222553	16	10088973	100	2	12200                              	104232	0	10088973	0
0.5	6100	710	0	1165035	16	10088973	100	2	12200                              	94119	0	10088973	0
0.5	6100	829	0	1255483	16	10088973	100	2	12200                              	102306	0	10088973	0
0.5	6100	747	0	1194741	16	10088973	100	2	12200                              	96997	0	10088973	0
0.5	6100	808	0	1240525	16	10088973	100	2	12200                              	102679	0	10088973	0
0.5	6100	882	0	1295950	16	10088973	100	2	12200                              	98016	0	10088973	0
0.5	6100	759	0	1203028	16	10088973	100	2	12200                              	101841	0	10088973	0
0.5	6100	711	0	1166224	16	10088973	100	2	12200                              	97338	0	10088973	0
0.5	6100	786	0	1223751	16	10088973	100	2	12200                              	103889	0	10088973	0
0.5	6100	698	0	1155241	16	10088973	100	2	12200                              	100956	0	10088973	0
0.5	6100	749	0	1193698	16	10088973	100	2	12200                              	102304	0	10088973	0
0.5	6100	810	0	1242647	16	10088973	100	2	12200                              	95951	0	10088973	0
0.5	6100	670	0	1134622	16	10088973	100	2	12200                              	95070	0	10088973	0
0.5	6100	683	0	1143926	16	10088973	100	2	12200                              	105083	0	10088973	0
0.5	6100	755	0	1200051	16	10088973	100	2	12200                              	95489	0	10088973	0
0.5	6100	805	0	1239565	16	10088973	100	2	12200                              	102694	0	10088973	0
0.5	6100	780	0	1218519	16	10088973	100	2	12200                              	95660	0	10088973	0
0.5	6100	861	0	1280157	16	10088973	100	2	12200                              	103966	0	10088973	0
0.5	6100	767	0	1210766	16	10088973	100	2	12200                              	97665	0	10088973	0
0.5	6100	797	0	1231124	16	10088973	100	2	12200                              	96044	0	10088973	0
0.5	6100	829	0	1255578	16	10088973	100	2	12200                              	96357	0	10088973	0
0.5	6100	728	0	1179481	16	10088973	100	2	12200                              	102066	0	10088973	0
0.5	6100	757	0	1200776	16	10088973	100	2	12200                              	96733	0	10088973	0
0.5	6100	686	0	1148592	16	10088973	100	2	12200                              	94717	0	10088973	0
0.5	6100	799	0	1233970	16	10088973	100	2	12200                              	103847	0	10088973	0
0.5	6100	807	0	1239644	16	10088973	100	2	12200                              	106061	0	10088973	0
0.5	6100	713	0	1167592	16	10088973	100	2	12200                              	97933	0	10088973	0
0.5	6100	775	0	1214907	16	10088973	100	2	12200                              	102432	0	10088973	0
0.5	6100	757	0	1200375	16	10088973	100	2	12200                              	102249	0	10088973	0
0.5	6100	853	0	1275136	16	10088973	100	2	12200                              	102314	0	10088973	0
0.5	6100	692	0	1150783	16	10088973	100	2	12200                              	97526	0	10088973	0
0.5	6100	721	0	1173511	16	10088973	100	2	12200                              	102415	0	10088973	0
0.5	6100	787	0	1225244	16	10088973	100	2	12200                              	93928	0	10088973	0
0.5	6100	732	0	1182175	16	10088973	100	2	12200                              	98524	0	10088973	0
0.5	6100	837	0	1262886	16	10088973	100	2	12200                              	103196	0	10088973	0
0.5	6100	741	0	1187288	16	10088973	100	2	12200                              	96372	0	10088973	0
0.5	6100	733	0	1181753	16	10088973	100	2	12200                              	102273	0	10088973	0
0.5	6100	769	0	1209692	16	10088973	100	2	12200                              	96662	0	10088973	0
0.5	6100	772	0	1211612	16	10088973	100	2	12200                              	105602	0	10088973	0
0.5	7100	728	0	1267961	16	10088973	100	2	14200                              	101177	0	10088973	0
0.5	7100	740	0	1279523	16	10088973	100	2	14200                              	95955	0	10088973	0
0.5	7100	737	0	1276052	16	10088973	100	2	14200                              	98829	0	10088973	0
0.5	7100	794	0	1327053	16	10088973	100	2	14200                              	102510	0	10088973	0
0.5	7100	718	0	1259661	16	10088973	100	2	14200                              	100840	0	10088973	0
0.5	7100	704	0	1248896	16	10088973	100	2	14200                              	97768	0	10088973	0
0.5	7100	681	0	1228214	16	10088973	100	2	14200                              	99455	0	10088973	0
0.5	7100	787	0	1321429	16	10088973	100	2	14200                              	100331	0	10088973	0
0.5	7100	619	0	1172896	16	10088973	100	2	14200                              	96153	0	10088973	0
0.5	7100	649	0	1197958	16	10088973	100	2	14200                              	98324	0	10088973	0
0.5	7100	713	0	1255631	16	10088973	100	2	14200                              	96269	0	10088973	0
0.5	7100	701	0	1244582	16	10088973	100	2	14200                              	94341	0	10088973	0
0.5	7100	873	0	1398220	16	10088973	100	2	14200                              	102875	0	10088973	0
0.5	7100	674	0	1218897	16	10088973	100	2	14200                              	98132	0	10088973	0
0.5	7100	788	0	1322739	16	10088973	100	2	14200                              	100414	0	10088973	0
0.5	7100	749	0	1287579	16	10088973	100	2	14200                              	102380	0	10088973	0
0.5	7100	639	0	1190787	16	10088973	100	2	14200                              	103751	0	10088973	0
0.5	7100	739	0	1277462	16	10088973	100	2	14200                              	95043	0	10088973	0
0.5	7100	678	0	1224044	16	10088973	100	2	14200                              	101031	0	10088973	0
0.5	7100	715	0	1254823	16	10088973	100	2	14200                              	101440	0	10088973	0
0.5	7100	697	0	1241905	16	10088973	100	2	14200                              	101575	0	10088973	0
0.5	7100	666	0	1214048	16	10088973	100	2	14200                              	101501	0	10088973	0
0.5	7100	815	0	1346502	16	10088973	100	2	14200                              	99604	0	10088973	0
0.5	7100	744	0	1282327	16	10088973	100	2	14200                              	98402	0	10088973	0
0.5	7100	729	0	1270078	16	10088973	100	2	14200                              	93111	0	10088973	0
0.5	7100	748	0	1285752	16	10088973	100	2	14200                              	103114	0	10088973	0
0.5	7100	759	0	1296931	16	10088973	100	2	14200                              	96015	0	10088973	0
0.5	7100	838	0	1366878	16	10088973	100	2	14200                              	91999	0	10088973	0
0.5	7100	865	0	1391713	16	10088973	100	2	14200                              	96609	0	10088973	0
0.5	7100	816	0	1349463	16	10088973	100	2	14200                              	102482	0	10088973	0
0.5	7100	755	0	1292545	16	10088973	100	2	14200                              	95308	0	10088973	0
0.5	7100	753	0	1292724	16	10088973	100	2	14200                              	100597	0	10088973	0
0.5	7100	806	0	1337470	16	10088973	100	2	14200                              	98063	0	10088973	0
0.5	7100	696	0	1240725	16	10088973	100	2	14200                              	97507	0	10088973	0
0.5	7100	816	0	1346294	16	10088973	100	2	14200                              	104241	0	10088973	0
0.5	7100	711	0	1255284	16	10088973	100	2	14200                              	94948	0	10088973	0
0.5	7100	853	0	1380188	16	10088973	100	2	14200                              	100624	0	10088973	0
0.5	7100	836	0	1366653	16	10088973	100	2	14200                              	106517	0	10088973	0
0.5	7100	615	0	1168259	16	10088973	100	2	14200                              	95889	0	10088973	0
0.5	7100	722	0	1264096	16	10088973	100	2	14200                              	100294	0	10088973	0
0.5	7100	739	0	1278376	16	10088973	100	2	14200                              	102065	0	10088973	0
0.5	7100	775	0	1310255	16	10088973	100	2	14200                              	100833	0	10088973	0
0.5	7100	648	0	1198871	16	10088973	100	2	14200                              	100444	0	10088973	0
0.5	7100	636	0	1185608	16	10088973	100	2	14200                              	93754	0	10088973	0
0.5	7100	630	0	1181814	16	10088973	100	2	14200                              	94605	0	10088973	0
0.5	7100	659	0	1206824	16	10088973	100	2	14200                              	103654	0	10088973	0
0.5	7100	678	0	1224022	16	10088973	100	2	14200                              	95802	0	10088973	0
0.5	7100	689	0	1234925	16	10088973	100	2	14200                              	102589	0	10088973	0
0.5	7100	783	0	1316995	16	10088973	100	2	14200                              	100505	0	10088973	0
0.5	7100	779	0	1312645	16	10088973	100	2	14200                              	96013	0	10088973	0
0.5	7100	720	0	1262534	16	10088973	100	2	14200                              	94849	0	10088973	0
0.5	7100	700	0	1243762	16	10088973	100	2	14200                              	100637	0	10088973	0
0.5	7100	764	0	1301247	16	10088973	100	2	14200                              	99703	0	10088973	0
0.5	7100	639	0	1190887	16	10088973	100	2	14200                              	100357	0	10088973	0
0.5	7100	746	0	1284886	16	10088973	100	2	14200                              	101261	0	10088973	0
0.5	7100	696	0	1241010	16	10088973	100	2	14200                              	93661	0	10088973	0
0.5	7100	746	0	1285380	16	10088973	100	2	14200                              	34997	0	10088973	0
0.5	7100	738	0	1277488	16	10088973	100	2	14200                              	99412	0	10088973	0
0.5	7100	782	0	1316959	16	10088973	100	2	14200                              	99513	0	10088973	0
0.5	7100	694	0	1238499	16	10088973	100	2	14200                              	103151	0	10088973	0
0.5	7100	818	0	1346681	16	10088973	100	2	14200                              	26365	0	10088973	0
0.5	7100	605	0	1159820	16	10088973	100	2	14200                              	94356	0	10088973	0
0.5	7100	708	0	1252536	16	10088973	100	2	14200                              	97922	0	10088973	0
0.5	7100	709	0	1252171	16	10088973	100	2	14200                              	97025	0	10088973	0
0.5	7100	681	0	1226766	16	10088973	100	2	14200                              	94764	0	10088973	0
0.5	7100	764	0	1300900	16	10088973	100	2	14200                              	96710	0	10088973	0
0.5	7100	728	0	1269397	16	10088973	100	2	14200                              	103414	0	10088973	0
0.5	7100	673	0	1219294	16	10088973	100	2	14200                              	102693	0	10088973	0
0.5	7100	739	0	1279596	16	10088973	100	2	14200                              	98247	0	10088973	0
0.5	7100	652	0	1202062	16	10088973	100	2	14200                              	95394	0	10088973	0
0.5	7100	770	0	1303901	16	10088973	100	2	14200                              	94102	0	10088973	0
0.5	7100	673	0	1219532	16	10088973	100	2	14200                              	96478	0	10088973	0
0.5	7100	745	0	1284301	16	10088973	100	2	14200                              	102820	0	10088973	0
0.5	7100	704	0	1247103	16	10088973	100	2	14200                              	95492	0	10088973	0
0.5	7100	821	0	1350360	16	10088973	100	2	14200                              	103545	0	10088973	0
0.5	7100	654	0	1203770	16	10088973	100	2	14200                              	104379	0	10088973	0
0.5	7100	713	0	1255031	16	10088973	100	2	14200                              	94055	0	10088973	0
0.5	7100	736	0	1275317	16	10088973	100	2	14200                              	94677	0	10088973	0
0.5	7100	683	0	1228859	16	10088973	100	2	14200                              	93472	0	10088973	0
0.5	7100	727	0	1268832	16	10088973	100	2	14200                              	103147	0	10088973	0
0.5	7100	756	0	1294294	16	10088973	100	2	14200                              	99276	0	10088973	0
0.5	7100	678	0	1224564	16	10088973	100	2	14200                              	93287	0	10088973	0
0.5	7100	785	0	1321548	16	10088973	100	2	14200                              	95976	0	10088973	0
0.5	7100	756	0	1294298	16	10088973	100	2	14200                              	103793	0	10088973	0
0.5	7100	734	0	1275701	16	10088973	100	2	14200                              	100092	0	10088973	0
0.5	7100	760	0	1298320	16	10088973	100	2	14200                              	102449	0	10088973	0
0.5	7100	756	0	1292732	16	10088973	100	2	14200                              	104655	0	10088973	0
0.5	7100	804	0	1337860	16	10088973	100	2	14200                              	96235	0	10088973	0
0.5	7100	709	0	1251633	16	10088973	100	2	14200                              	103800	0	10088973	0
0.5	7100	826	0	1355886	16	10088973	100	2	14200                              	100694	0	10088973	0
0.5	7100	762	0	1297106	16	10088973	100	2	14200                              	98268	0	10088973	0
0.5	7100	665	0	1212011	16	10088973	100	2	14200                              	99686	0	10088973	0
0.5	7100	964	0	1477377	16	10088973	100	2	14200                              	95391	0	10088973	0
0.5	7100	809	0	1339459	16	10088973	100	2	14200                              	103234	0	10088973	0
0.5	7100	830	0	1358199	16	10088973	100	2	14200                              	31801	0	10088973	0
0.5	7100	717	0	1259452	16	10088973	100	2	14200                              	102024	0	10088973	0
0.5	7100	728	0	1267624	16	10088973	100	2	14200                              	98468	0	10088973	0
0.5	7100	788	0	1322202	16	10088973	100	2	14200                              	101303	0	10088973	0
0.5	7100	699	0	1243692	16	10088973	100	2	14200                              	102199	0	10088973	0
0.5	7100	733	0	1273698	16	10088973	100	2	14200                              	96678	0	10088973	0
0.5	8100	670	0	1298856	16	10088973	100	2	16200                              	101289	0	10088973	0
0.5	8100	731	0	1361575	16	10088973	100	2	16200                              	26375	0	10088973	0
0.5	8100	701	0	1329189	16	10088973	100	2	16200                              	92888	0	10088973	0
0.5	8100	654	0	1284345	16	10088973	100	2	16200                              	101721	0	10088973	0
0.5	8100	684	0	1314201	16	10088973	100	2	16200                              	94094	0	10088973	0
0.5	8100	600	0	1229721	16	10088973	100	2	16200                              	92010	0	10088973	0
0.5	8100	649	0	1280708	16	10088973	100	2	16200                              	100634	0	10088973	0
0.5	8100	700	0	1332048	16	10088973	100	2	16200                              	93754	0	10088973	0
0.5	8100	760	0	1392366	16	10088973	100	2	16200                              	97629	0	10088973	0
0.5	8100	729	0	1359489	16	10088973	100	2	16200                              	99790	0	10088973	0
0.5	8100	687	0	1318084	16	10088973	100	2	16200                              	94451	0	10088973	0
0.5	8100	676	0	1305522	16	10088973	100	2	16200                              	101108	0	10088973	0
0.5	8100	636	0	1266606	16	10088973	100	2	16200                              	98793	0	10088973	0
0.5	8100	658	0	1289535	16	10088973	100	2	16200                              	98112	0	10088973	0
0.5	8100	622	0	1253706	16	10088973	100	2	16200                              	93014	0	10088973	0
0.5	8100	736	0	1369049	16	10088973	100	2	16200                              	95386	0	10088973	0
0.5	8100	712	0	1345285	16	10088973	100	2	16200                              	93800	0	10088973	0
0.5	8100	591	0	1218406	16	10088973	100	2	16200                              	92493	0	10088973	0
0.5	8100	634	0	1263192	16	10088973	100	2	16200                              	99445	0	10088973	0
0.5	8100	794	0	1427000	16	10088973	100	2	16200                              	101237	0	10088973	0
0.5	8100	710	0	1341303	16	10088973	100	2	16200                              	102360	0	10088973	0
0.5	8100	688	0	1318457	16	10088973	100	2	16200                              	98359	0	10088973	0
0.5	8100	720	0	1351697	16	10088973	100	2	16200                              	97656	0	10088973	0
0.5	8100	735	0	1367848	16	10088973	100	2	16200                              	100267	0	10088973	0
0.5	8100	648	0	1277406	16	10088973	100	2	16200                              	93821	0	10088973	0
0.5	8100	595	0	1221402	16	10088973	100	2	16200                              	95432	0	10088973	0
0.5	8100	683	0	1314171	16	10088973	100	2	16200                              	100448	0	10088973	0
0.5	8100	872	0	1506711	16	10088973	100	2	16200                              	104131	0	10088973	0
0.5	8100	646	0	1275777	16	10088973	100	2	16200                              	94965	0	10088973	0
0.5	8100	668	0	1296977	16	10088973	100	2	16200                              	99626	0	10088973	0
0.5	8100	576	0	1206316	16	10088973	100	2	16200                              	95447	0	10088973	0
0.5	8100	734	0	1362111	16	10088973	100	2	16200                              	92734	0	10088973	0
0.5	8100	734	0	1363333	16	10088973	100	2	16200                              	97892	0	10088973	0
0.5	8100	700	0	1330348	16	10088973	100	2	16200                              	102156	0	10088973	0
0.5	8100	737	0	1367973	16	10088973	100	2	16200                              	98384	0	10088973	0
0.5	8100	720	0	1352476	16	10088973	100	2	16200                              	93046	0	10088973	0
0.5	8100	711	0	1341524	16	10088973	100	2	16200                              	102706	0	10088973	0
0.5	8100	745	0	1375172	16	10088973	100	2	16200                              	99254	0	10088973	0
0.5	8100	716	0	1346166	16	10088973	100	2	16200                              	98520	0	10088973	0
0.5	8100	633	0	1261610	16	10088973	100	2	16200                              	99461	0	10088973	0
0.5	8100	673	0	1303174	16	10088973	100	2	16200                              	93657	0	10088973	0
0.5	8100	751	0	1380795	16	10088973	100	2	16200                              	100826	0	10088973	0
0.5	8100	677	0	1307664	16	10088973	100	2	16200                              	95826	0	10088973	0
0.5	8100	638	0	1268523	16	10088973	100	2	16200                              	94613	0	10088973	0
0.5	8100	723	0	1353364	16	10088973	100	2	16200                              	99485	0	10088973	0
0.5	8100	735	0	1365896	16	10088973	100	2	16200                              	93648	0	10088973	0
0.5	8100	712	0	1342503	16	10088973	100	2	16200                              	99315	0	10088973	0
0.5	8100	608	0	1237016	16	10088973	100	2	16200                              	96429	0	10088973	0
0.5	8100	636	0	1266045	16	10088973	100	2	16200                              	92855	0	10088973	0
0.5	8100	641	0	1270396	16	10088973	100	2	16200                              	99025	0	10088973	0
0.5	8100	666	0	1297225	16	10088973	100	2	16200                              	98942	0	10088973	0
0.5	8100	808	0	1438896	16	10088973	100	2	16200                              	93715	0	10088973	0
0.5	8100	710	0	1342828	16	10088973	100	2	16200                              	100711	0	10088973	0
0.5	8100	626	0	1256978	16	10088973	100	2	16200                              	93766	0	10088973	0
0.5	8100	619	0	1248464	16	10088973	100	2	16200                              	98293	0	10088973	0
0.5	8100	725	0	1357930	16	10088973	100	2	16200                              	94901	0	10088973	0
0.5	8100	672	0	1301637	16	10088973	100	2	16200                              	101487	0	10088973	0
0.5	8100	635	0	1267075	16	10088973	100	2	16200                              	99887	0	10088973	0
0.5	8100	620	0	1248850	16	10088973	100	2	16200                              	100476	0	10088973	0
0.5	8100	626	0	1255537	16	10088973	100	2	16200                              	94913	0	10088973	0
0.5	8100	639	0	1270049	16	10088973	100	2	16200                              	93490	0	10088973	0
0.5	8100	690	0	1320956	16	10088973	100	2	16200                              	91562	0	10088973	0
0.5	8100	615	0	1244598	16	10088973	100	2	16200                              	101011	0	10088973	0
0.5	8100	625	0	1253190	16	10088973	100	2	16200                              	95240	0	10088973	0
0.5	8100	710	0	1339413	16	10088973	100	2	16200                              	102472	0	10088973	0
0.5	8100	657	0	1289160	16	10088973	100	2	16200                              	93618	0	10088973	0
0.5	8100	600	0	1230585	16	10088973	100	2	16200                              	90493	0	10088973	0
0.5	8100	670	0	1299416	16	10088973	100	2	16200                              	99678	0	10088973	0
0.5	8100	655	0	1285987	16	10088973	100	2	16200                              	93541	0	10088973	0
0.5	8100	631	0	1263930	16	10088973	100	2	16200                              	99659	0	10088973	0
0.5	8100	598	0	1228003	16	10088973	100	2	16200                              	93571	0	10088973	0
0.5	8100	691	0	1320983	16	10088973	100	2	16200                              	93984	0	10088973	0
0.5	8100	723	0	1352778	16	10088973	100	2	16200                              	98186	0	10088973	0
0.5	8100	649	0	1279400	16	10088973	100	2	16200                              	93119	0	10088973	0
0.5	8100	619	0	1250833	16	10088973	100	2	16200                              	101194	0	10088973	0
0.5	8100	753	0	1383276	16	10088973	100	2	16200                              	94050	0	10088973	0
0.5	8100	719	0	1348433	16	10088973	100	2	16200                              	97129	0	10088973	0
0.5	8100	562	0	1190843	16	10088973	100	2	16200                              	98937	0	10088973	0
0.5	8100	713	0	1343542	16	10088973	100	2	16200                              	96870	0	10088973	0
0.5	8100	762	0	1395109	16	10088973	100	2	16200                              	33127	0	10088973	0
0.5	8100	670	0	1298041	16	10088973	100	2	16200                              	100078	0	10088973	0
0.5	8100	639	0	1269245	16	10088973	100	2	16200                              	95013	0	10088973	0
0.5	8100	662	0	1292296	16	10088973	100	2	16200                              	98031	0	10088973	0
0.5	8100	716	0	1345998	16	10088973	100	2	16200                              	104349	0	10088973	0
0.5	8100	702	0	1332173	16	10088973	100	2	16200                              	98963	0	10088973	0
0.5	8100	762	0	1393020	16	10088973	100	2	16200                              	92788	0	10088973	0
0.5	8100	664	0	1294476	16	10088973	100	2	16200                              	101181	0	10088973	0
0.5	8100	729	0	1360409	16	10088973	100	2	16200                              	101507	0	10088973	0
0.5	8100	659	0	1288421	16	10088973	100	2	16200                              	101804	0	10088973	0
0.5	8100	638	0	1266998	16	10088973	100	2	16200                              	95080	0	10088973	0
0.5	8100	768	0	1399588	16	10088973	100	2	16200                              	95696	0	10088973	0
0.5	8100	634	0	1264137	16	10088973	100	2	16200                              	92523	0	10088973	0
0.5	8100	654	0	1283882	16	10088973	100	2	16200                              	98927	0	10088973	0
0.5	8100	653	0	1283486	16	10088973	100	2	16200                              	94499	0	10088973	0
0.5	8100	756	0	1388422	16	10088973	100	2	16200                              	102012	0	10088973	0
0.5	8100	722	0	1352536	16	10088973	100	2	16200                              	100508	0	10088973	0
0.5	8100	636	0	1264453	16	10088973	100	2	16200                              	98654	0	10088973	0
0.5	8100	638	0	1266876	16	10088973	100	2	16200                              	101264	0	10088973	0
0.5	8100	683	0	1313301	16	10088973	100	2	16200                              	98341	0	10088973	0
0.5	8100	666	0	1295094	16	10088973	100	2	16200                              	96644	0	10088973	0
0.5	9100	648	0	1358605	16	10088973	100	2	18200                              	95135	0	10088973	0
0.5	9100	623	0	1328801	16	10088973	100	2	18200                              	93576	0	10088973	0
0.5	9100	588	0	1288835	16	10088973	100	2	18200                              	92462	0	10088973	0
0.5	9100	687	0	1403228	16	10088973	100	2	18200                              	99690	0	10088973	0
0.5	9100	742	0	1464847	16	10088973	100	2	18200                              	100594	0	10088973	0
0.5	9100	644	0	1353084	16	10088973	100	2	18200                              	93487	0	10088973	0
0.5	9100	650	0	1358201	16	10088973	100	2	18200                              	91438	0	10088973	0
0.5	9100	563	0	1262660	16	10088973	100	2	18200                              	89547	0	10088973	0
0.5	9100	615	0	1322350	16	10088973	100	2	18200                              	93317	0	10088973	0
0.5	9100	755	0	1478136	16	10088973	100	2	18200                              	100961	0	10088973	0
0.5	9100	718	0	1439057	16	10088973	100	2	18200                              	102509	0	10088973	0
0.5	9100	797	0	1528947	16	10088973	100	2	18200                              	97239	0	10088973	0
0.5	9100	817	0	1550145	16	10088973	100	2	18200                              	92804	0	10088973	0
0.5	9100	676	0	1390030	16	10088973	100	2	18200                              	98295	0	10088973	0
0.5	9100	571	0	1271844	16	10088973	100	2	18200                              	93264	0	10088973	0
0.5	9100	620	0	1326421	16	10088973	100	2	18200                              	91440	0	10088973	0
0.5	9100	674	0	1385980	16	10088973	100	2	18200                              	92623	0	10088973	0
0.5	9100	569	0	1268749	16	10088973	100	2	18200                              	92935	0	10088973	0
0.5	9100	585	0	1285578	16	10088973	100	2	18200                              	98696	0	10088973	0
0.5	9100	693	0	1410501	16	10088973	100	2	18200                              	100614	0	10088973	0
0.5	9100	673	0	1388194	16	10088973	100	2	18200                              	95258	0	10088973	0
0.5	9100	741	0	1463061	16	10088973	100	2	18200                              	97672	0	10088973	0
0.5	9100	675	0	1388915	16	10088973	100	2	18200                              	98897	0	10088973	0
0.5	9100	587	0	1289163	16	10088973	100	2	18200                              	98031	0	10088973	0
0.5	9100	652	0	1363252	16	10088973	100	2	18200                              	100941	0	10088973	0
0.5	9100	619	0	1325860	16	10088973	100	2	18200                              	97602	0	10088973	0
0.5	9100	592	0	1294569	16	10088973	100	2	18200                              	94788	0	10088973	0
0.5	9100	596	0	1296875	16	10088973	100	2	18200                              	95035	0	10088973	0
0.5	9100	732	0	1454066	16	10088973	100	2	18200                              	90172	0	10088973	0
0.5	9100	592	0	1292142	16	10088973	100	2	18200                              	93006	0	10088973	0
0.5	9100	657	0	1369084	16	10088973	100	2	18200                              	90527	0	10088973	0
0.5	9100	682	0	1394990	16	10088973	100	2	18200                              	99080	0	10088973	0
0.5	9100	624	0	1331341	16	10088973	100	2	18200                              	98357	0	10088973	0
0.5	9100	770	0	1497231	16	10088973	100	2	18200                              	98439	0	10088973	0
0.5	9100	680	0	1394082	16	10088973	100	2	18200                              	100428	0	10088973	0
0.5	9100	700	0	1417362	16	10088973	100	2	18200                              	99140	0	10088973	0
0.5	9100	572	0	1270738	16	10088973	100	2	18200                              	93089	0	10088973	0
0.5	9100	615	0	1320486	16	10088973	100	2	18200                              	94754	0	10088973	0
0.5	9100	618	0	1321339	16	10088973	100	2	18200                              	94735	0	10088973	0
0.5	9100	589	0	1293590	16	10088973	100	2	18200                              	95215	0	10088973	0
0.5	9100	564	0	1263687	16	10088973	100	2	18200                              	102184	0	10088973	0
0.5	9100	579	0	1278960	16	10088973	100	2	18200                              	91367	0	10088973	0
0.5	9100	641	0	1349838	16	10088973	100	2	18200                              	96135	0	10088973	0
0.5	9100	663	0	1374968	16	10088973	100	2	18200                              	90856	0	10088973	0
0.5	9100	567	0	1264299	16	10088973	100	2	18200                              	94224	0	10088973	0
0.5	9100	719	0	1436790	16	10088973	100	2	18200                              	94291	0	10088973	0
0.5	9100	602	0	1307134	16	10088973	100	2	18200                              	95663	0	10088973	0
0.5	9100	627	0	1335046	16	10088973	100	2	18200                              	99271	0	10088973	0
0.5	9100	626	0	1331977	16	10088973	100	2	18200                              	98866	0	10088973	0
0.5	9100	680	0	1392962	16	10088973	100	2	18200                              	98926	0	10088973	0
0.5	9100	555	0	1252185	16	10088973	100	2	18200                              	99674	0	10088973	0
0.5	9100	769	0	1498591	16	10088973	100	2	18200                              	98728	0	10088973	0
0.5	9100	603	0	1308308	16	10088973	100	2	18200                              	92292	0	10088973	0
0.5	9100	679	0	1394880	16	10088973	100	2	18200                              	98700	0	10088973	0
0.5	9100	680	0	1395428	16	10088973	100	2	18200                              	92235	0	10088973	0
0.5	9100	602	0	1304958	16	10088973	100	2	18200                              	92482	0	10088973	0
0.5	9100	699	0	1415877	16	10088973	100	2	18200                              	93575	0	10088973	0
0.5	9100	663	0	1376439	16	10088973	100	2	18200                              	92884	0	10088973	0
0.5	9100	611	0	1314698	16	10088973	100	2	18200                              	93612	0	10088973	0
0.5	9100	636	0	1343431	16	10088973	100	2	18200                              	98983	0	10088973	0
0.5	9100	665	0	1378536	16	10088973	100	2	18200                              	98098	0	10088973	0
0.5	9100	504	0	1194728	16	10088973	100	2	18200                              	93975	0	10088973	0
0.5	9100	668	0	1380786	16	10088973	100	2	18200                              	91601	0	10088973	0
0.5	9100	580	0	1279867	16	10088973	100	2	18200                              	98518	0	10088973	0
0.5	9100	578	0	1277918	16	10088973	100	2	18200                              	93464	0	10088973	0
0.5	9100	719	0	1436726	16	10088973	100	2	18200                              	99285	0	10088973	0
0.5	9100	610	0	1315726	16	10088973	100	2	18200                              	94343	0	10088973	0
0.5	9100	656	0	1364295	16	10088973	100	2	18200                              	99884	0	10088973	0
0.5	9100	544	0	1238792	16	10088973	100	2	18200                              	98196	0	10088973	0
0.5	9100	727	0	1446901	16	10088973	100	2	18200                              	97250	0	10088973	0
0.5	9100	765	0	1491251	16	10088973	100	2	18200                              	98123	0	10088973	0
0.5	9100	601	0	1303869	16	10088973	100	2	18200                              	100729	0	10088973	0
0.5	9100	735	0	1456975	16	10088973	100	2	18200                              	101206	0	10088973	0
0.5	9100	725	0	1444907	16	10088973	100	2	18200                              	96041	0	10088973	0
0.5	9100	760	0	1482899	16	10088973	100	2	18200                              	100555	0	10088973	0
0.5	9100	718	0	1435565	16	10088973	100	2	18200                              	35319	0	10088973	0
0.5	9100	605	0	1310343	16	10088973	100	2	18200                              	95576	0	10088973	0
0.5	9100	608	0	1313569	16	10088973	100	2	18200                              	95845	0	10088973	0
0.5	9100	670	0	1382352	16	10088973	100	2	18200                              	93167	0	10088973	0
0.5	9100	557	0	1255897	16	10088973	100	2	18200                              	102709	0	10088973	0
0.5	9100	620	0	1327426	16	10088973	100	2	18200                              	92627	0	10088973	0
0.5	9100	699	0	1415478	16	10088973	100	2	18200                              	29660	0	10088973	0
0.5	9100	659	0	1370380	16	10088973	100	2	18200                              	92286	0	10088973	0
0.5	9100	741	0	1463472	16	10088973	100	2	18200                              	102572	0	10088973	0
0.5	9100	671	0	1380800	16	10088973	100	2	18200                              	104129	0	10088973	0
0.5	9100	688	0	1403413	16	10088973	100	2	18200                              	95812	0	10088973	0
0.5	9100	709	0	1427619	16	10088973	100	2	18200                              	90915	0	10088973	0
0.5	9100	668	0	1380907	16	10088973	100	2	18200                              	92434	0	10088973	0
0.5	9100	630	0	1337250	16	10088973	100	2	18200                              	101318	0	10088973	0
0.5	9100	635	0	1342409	16	10088973	100	2	18200                              	94552	0	10088973	0
0.5	9100	552	0	1249770	16	10088973	100	2	18200                              	93896	0	10088973	0
0.5	9100	699	0	1414610	16	10088973	100	2	18200                              	95408	0	10088973	0
0.5	9100	722	0	1441918	16	10088973	100	2	18200                              	88789	0	10088973	0
0.5	9100	613	0	1317828	16	10088973	100	2	18200                              	99971	0	10088973	0
0.5	9100	704	0	1420915	16	10088973	100	2	18200                              	100104	0	10088973	0
0.5	9100	577	0	1275335	16	10088973	100	2	18200                              	92253	0	10088973	0
0.5	9100	671	0	1383774	16	10088973	100	2	18200                              	98324	0	10088973	0
0.5	9100	742	0	1465254	16	10088973	100	2	18200                              	100236	0	10088973	0
0.5	9100	605	0	1308910	16	10088973	100	2	18200                              	91265	0	10088973	0
0.5	9100	584	0	1285447	16	10088973	100	2	18200                              	88028	0	10088973	0
