#using seed 0.049012
# Work:9321255, depth:282845, work/p+depth:574134.21875
#PROCESSORS: 32, RUNS: 100
#prb	R-l	ISR	ESR	runTime	processors    	work	taskThreshold	lGranularity	rGranularity	IDATAT	EDATAT	W0	W1
0.5	100	22676	0	432921	32	9321255	100	2	200                              	48914	0	9321255	0
0.5	100	22533	0	432015	32	9321255	100	2	200                              	49346	0	9321255	0
0.5	100	23878	0	440419	32	9321255	100	2	200                              	48790	0	9321255	0
0.5	100	21793	0	427391	32	9321255	100	2	200                              	49294	0	9321255	0
0.5	100	24294	0	443019	32	9321255	100	2	200                              	48897	0	9321255	0
0.5	100	26002	0	453706	32	9321255	100	2	200                              	47576	0	9321255	0
0.5	100	23716	0	439408	32	9321255	100	2	200                              	48574	0	9321255	0
0.5	100	21111	0	423133	32	9321255	100	2	200                              	48361	0	9321255	0
0.5	100	26836	0	458917	32	9321255	100	2	200                              	48419	0	9321255	0
0.5	100	28678	0	470421	32	9321255	100	2	200                              	48963	0	9321255	0
0.5	100	23769	0	439740	32	9321255	100	2	200                              	48313	0	9321255	0
0.5	100	23145	0	435848	32	9321255	100	2	200                              	48544	0	9321255	0
0.5	100	23890	0	440501	32	9321255	100	2	200                              	49768	0	9321255	0
0.5	100	24482	0	444201	32	9321255	100	2	200                              	48561	0	9321255	0
0.5	100	21232	0	423895	32	9321255	100	2	200                              	48582	0	9321255	0
0.5	100	26094	0	454268	32	9321255	100	2	200                              	49511	0	9321255	0
0.5	100	21746	0	427082	32	9321255	100	2	200                              	48280	0	9321255	0
0.5	100	20151	0	417130	32	9321255	100	2	200                              	45058	0	9321255	0
0.5	100	22997	0	434920	32	9321255	100	2	200                              	48038	0	9321255	0
0.5	100	21274	0	424161	32	9321255	100	2	200                              	45164	0	9321255	0
0.5	100	21967	0	428472	32	9321255	100	2	200                              	48341	0	9321255	0
0.5	100	21343	0	424585	32	9321255	100	2	200                              	48286	0	9321255	0
0.5	100	22330	0	430742	32	9321255	100	2	200                              	47722	0	9321255	0
0.5	100	26413	0	456272	32	9321255	100	2	200                              	45004	0	9321255	0
0.5	100	20999	0	422437	32	9321255	100	2	200                              	48179	0	9321255	0
0.5	100	23845	0	440223	32	9321255	100	2	200                              	45422	0	9321255	0
0.5	100	20319	0	418164	32	9321255	100	2	200                              	48087	0	9321255	0
0.5	100	20467	0	419095	32	9321255	100	2	200                              	48239	0	9321255	0
0.5	100	22572	0	432257	32	9321255	100	2	200                              	48605	0	9321255	0
0.5	100	24268	0	442847	32	9321255	100	2	200                              	48532	0	9321255	0
0.5	100	21704	0	426835	32	9321255	100	2	200                              	48576	0	9321255	0
0.5	100	22445	0	431445	32	9321255	100	2	200                              	48468	0	9321255	0
0.5	100	18420	0	406324	32	9321255	100	2	200                              	45017	0	9321255	0
0.5	100	23002	0	434944	32	9321255	100	2	200                              	48764	0	9321255	0
0.5	100	22881	0	434204	32	9321255	100	2	200                              	49257	0	9321255	0
0.5	100	24466	0	444080	32	9321255	100	2	200                              	48156	0	9321255	0
0.5	100	22688	0	432984	32	9321255	100	2	200                              	48787	0	9321255	0
0.5	100	20953	0	422152	32	9321255	100	2	200                              	49459	0	9321255	0
0.5	100	22016	0	428783	32	9321255	100	2	200                              	49193	0	9321255	0
0.5	100	22175	0	429770	32	9321255	100	2	200                              	48437	0	9321255	0
0.5	100	26823	0	458822	32	9321255	100	2	200                              	45068	0	9321255	0
0.5	100	22366	0	430986	32	9321255	100	2	200                              	49179	0	9321255	0
0.5	100	21596	0	426169	32	9321255	100	2	200                              	48837	0	9321255	0
0.5	100	26311	0	455625	32	9321255	100	2	200                              	48627	0	9321255	0
0.5	100	18796	0	408638	32	9321255	100	2	200                              	47896	0	9321255	0
0.5	100	24133	0	442032	32	9321255	100	2	200                              	44784	0	9321255	0
0.5	100	24498	0	444303	32	9321255	100	2	200                              	49324	0	9321255	0
0.5	100	23644	0	438957	32	9321255	100	2	200                              	44459	0	9321255	0
0.5	100	23689	0	439242	32	9321255	100	2	200                              	44286	0	9321255	0
0.5	100	23274	0	436649	32	9321255	100	2	200                              	48944	0	9321255	0
0.5	100	18611	0	407501	32	9321255	100	2	200                              	44404	0	9321255	0
0.5	100	23275	0	436653	32	9321255	100	2	200                              	48865	0	9321255	0
0.5	100	23142	0	435823	32	9321255	100	2	200                              	48284	0	9321255	0
0.5	100	20940	0	422049	32	9321255	100	2	200                              	49167	0	9321255	0
0.5	100	22616	0	432534	32	9321255	100	2	200                              	48454	0	9321255	0
0.5	100	23227	0	436354	32	9321255	100	2	200                              	48461	0	9321255	0
0.5	100	23006	0	434983	32	9321255	100	2	200                              	46847	0	9321255	0
0.5	100	21853	0	427764	32	9321255	100	2	200                              	48429	0	9321255	0
0.5	100	20211	0	417500	32	9321255	100	2	200                              	47405	0	9321255	0
0.5	100	23198	0	436180	32	9321255	100	2	200                              	48053	0	9321255	0
0.5	100	20744	0	420847	32	9321255	100	2	200                              	44312	0	9321255	0
0.5	100	22504	0	431832	32	9321255	100	2	200                              	48295	0	9321255	0
0.5	100	19848	0	415226	32	9321255	100	2	200                              	49434	0	9321255	0
0.5	100	22639	0	432667	32	9321255	100	2	200                              	48707	0	9321255	0
0.5	100	21782	0	427318	32	9321255	100	2	200                              	48690	0	9321255	0
0.5	100	18262	0	405316	32	9321255	100	2	200                              	48904	0	9321255	0
0.5	100	24245	0	442707	32	9321255	100	2	200                              	48634	0	9321255	0
0.5	100	22820	0	433817	32	9321255	100	2	200                              	49103	0	9321255	0
0.5	100	21385	0	424848	32	9321255	100	2	200                              	48044	0	9321255	0
0.5	100	22887	0	434233	32	9321255	100	2	200                              	47901	0	9321255	0
0.5	100	20357	0	418403	32	9321255	100	2	200                              	48256	0	9321255	0
0.5	100	22015	0	428782	32	9321255	100	2	200                              	47307	0	9321255	0
0.5	100	22810	0	433759	32	9321255	100	2	200                              	48621	0	9321255	0
0.5	100	22496	0	431780	32	9321255	100	2	200                              	48891	0	9321255	0
0.5	100	23446	0	437712	32	9321255	100	2	200                              	48823	0	9321255	0
0.5	100	23390	0	437366	32	9321255	100	2	200                              	45277	0	9321255	0
0.5	100	22172	0	429757	32	9321255	100	2	200                              	48889	0	9321255	0
0.5	100	23738	0	439560	32	9321255	100	2	200                              	48501	0	9321255	0
0.5	100	22268	0	430356	32	9321255	100	2	200                              	48382	0	9321255	0
0.5	100	23663	0	439069	32	9321255	100	2	200                              	47019	0	9321255	0
0.5	100	21450	0	425258	32	9321255	100	2	200                              	48279	0	9321255	0
0.5	100	25051	0	447740	32	9321255	100	2	200                              	48423	0	9321255	0
0.5	100	22308	0	430623	32	9321255	100	2	200                              	48429	0	9321255	0
0.5	100	24040	0	441430	32	9321255	100	2	200                              	44076	0	9321255	0
0.5	100	24013	0	441276	32	9321255	100	2	200                              	43941	0	9321255	0
0.5	100	19549	0	413380	32	9321255	100	2	200                              	48913	0	9321255	0
0.5	100	21832	0	427630	32	9321255	100	2	200                              	48660	0	9321255	0
0.5	100	22630	0	432616	32	9321255	100	2	200                              	48439	0	9321255	0
0.5	100	26302	0	455575	32	9321255	100	2	200                              	48192	0	9321255	0
0.5	100	20711	0	420623	32	9321255	100	2	200                              	48677	0	9321255	0
0.5	100	22263	0	430330	32	9321255	100	2	200                              	48299	0	9321255	0
0.5	100	22181	0	429807	32	9321255	100	2	200                              	48247	0	9321255	0
0.5	100	23268	0	436619	32	9321255	100	2	200                              	49282	0	9321255	0
0.5	100	22828	0	433852	32	9321255	100	2	200                              	48656	0	9321255	0
0.5	100	22392	0	431137	32	9321255	100	2	200                              	48532	0	9321255	0
0.5	100	24247	0	442742	32	9321255	100	2	200                              	48958	0	9321255	0
0.5	100	22329	0	430737	32	9321255	100	2	200                              	44396	0	9321255	0
0.5	100	22411	0	431225	32	9321255	100	2	200                              	48007	0	9321255	0
0.5	100	20951	0	422133	32	9321255	100	2	200                              	48837	0	9321255	0
0.5	100	21243	0	423942	32	9321255	100	2	200                              	44341	0	9321255	0
0.5	1100	3888	0	557527	32	9321255	100	2	2200                              	47569	0	9321255	0
0.5	1100	3561	0	534826	32	9321255	100	2	2200                              	43137	0	9321255	0
0.5	1100	3591	0	536936	32	9321255	100	2	2200                              	45614	0	9321255	0
0.5	1100	3587	0	536626	32	9321255	100	2	2200                              	44699	0	9321255	0
0.5	1100	3601	0	537543	32	9321255	100	2	2200                              	41122	0	9321255	0
0.5	1100	3483	0	529736	32	9321255	100	2	2200                              	47219	0	9321255	0
0.5	1100	3669	0	542177	32	9321255	100	2	2200                              	47464	0	9321255	0
0.5	1100	3320	0	518462	32	9321255	100	2	2200                              	42287	0	9321255	0
0.5	1100	3792	0	550925	32	9321255	100	2	2200                              	45486	0	9321255	0
0.5	1100	3783	0	550182	32	9321255	100	2	2200                              	46445	0	9321255	0
0.5	1100	3251	0	513703	32	9321255	100	2	2200                              	46660	0	9321255	0
0.5	1100	3578	0	536064	32	9321255	100	2	2200                              	42642	0	9321255	0
0.5	1100	3331	0	519175	32	9321255	100	2	2200                              	47522	0	9321255	0
0.5	1100	3477	0	529243	32	9321255	100	2	2200                              	46051	0	9321255	0
0.5	1100	3299	0	517035	32	9321255	100	2	2200                              	45477	0	9321255	0
0.5	1100	3563	0	535108	32	9321255	100	2	2200                              	47136	0	9321255	0
0.5	1100	3356	0	520918	32	9321255	100	2	2200                              	46508	0	9321255	0
0.5	1100	3650	0	541071	32	9321255	100	2	2200                              	47306	0	9321255	0
0.5	1100	3257	0	513978	32	9321255	100	2	2200                              	46825	0	9321255	0
0.5	1100	3250	0	513621	32	9321255	100	2	2200                              	47382	0	9321255	0
0.5	1100	3939	0	560941	32	9321255	100	2	2200                              	40245	0	9321255	0
0.5	1100	3675	0	542815	32	9321255	100	2	2200                              	43418	0	9321255	0
0.5	1100	3233	0	512492	32	9321255	100	2	2200                              	47287	0	9321255	0
0.5	1100	3377	0	522493	32	9321255	100	2	2200                              	43552	0	9321255	0
0.5	1100	3897	0	557952	32	9321255	100	2	2200                              	48025	0	9321255	0
0.5	1100	3530	0	533004	32	9321255	100	2	2200                              	45980	0	9321255	0
0.5	1100	3862	0	555662	32	9321255	100	2	2200                              	46912	0	9321255	0
0.5	1100	3587	0	536763	32	9321255	100	2	2200                              	44713	0	9321255	0
0.5	1100	4167	0	576583	32	9321255	100	2	2200                              	46963	0	9321255	0
0.5	1100	3786	0	550299	32	9321255	100	2	2200                              	46448	0	9321255	0
0.5	1100	3177	0	508360	32	9321255	100	2	2200                              	46935	0	9321255	0
0.5	1100	3347	0	520105	32	9321255	100	2	2200                              	47268	0	9321255	0
0.5	1100	3407	0	524473	32	9321255	100	2	2200                              	45253	0	9321255	0
0.5	1100	3839	0	554137	32	9321255	100	2	2200                              	43250	0	9321255	0
0.5	1100	3246	0	513369	32	9321255	100	2	2200                              	44838	0	9321255	0
0.5	1100	3266	0	514791	32	9321255	100	2	2200                              	44141	0	9321255	0
0.5	1100	3552	0	534365	32	9321255	100	2	2200                              	47460	0	9321255	0
0.5	1100	3286	0	516105	32	9321255	100	2	2200                              	46592	0	9321255	0
0.5	1100	3513	0	531738	32	9321255	100	2	2200                              	47272	0	9321255	0
0.5	1100	3366	0	521585	32	9321255	100	2	2200                              	41640	0	9321255	0
0.5	1100	3663	0	541812	32	9321255	100	2	2200                              	40093	0	9321255	0
0.5	1100	3340	0	519783	32	9321255	100	2	2200                              	47055	0	9321255	0
0.5	1100	4211	0	579600	32	9321255	100	2	2200                              	48322	0	9321255	0
0.5	1100	3587	0	536868	32	9321255	100	2	2200                              	40562	0	9321255	0
0.5	1100	3388	0	523022	32	9321255	100	2	2200                              	41165	0	9321255	0
0.5	1100	3749	0	547988	32	9321255	100	2	2200                              	43205	0	9321255	0
0.5	1100	3728	0	546444	32	9321255	100	2	2200                              	41510	0	9321255	0
0.5	1100	3357	0	520941	32	9321255	100	2	2200                              	48712	0	9321255	0
0.5	1100	3750	0	547752	32	9321255	100	2	2200                              	48286	0	9321255	0
0.5	1100	3289	0	516199	32	9321255	100	2	2200                              	47698	0	9321255	0
0.5	1100	3836	0	553893	32	9321255	100	2	2200                              	42819	0	9321255	0
0.5	1100	3629	0	539601	32	9321255	100	2	2200                              	45327	0	9321255	0
0.5	1100	3793	0	550943	32	9321255	100	2	2200                              	46073	0	9321255	0
0.5	1100	3859	0	555508	32	9321255	100	2	2200                              	45293	0	9321255	0
0.5	1100	3564	0	534850	32	9321255	100	2	2200                              	47848	0	9321255	0
0.5	1100	3410	0	524675	32	9321255	100	2	2200                              	45235	0	9321255	0
0.5	1100	3651	0	540973	32	9321255	100	2	2200                              	47300	0	9321255	0
0.5	1100	3426	0	525562	32	9321255	100	2	2200                              	46660	0	9321255	0
0.5	1100	3278	0	515587	32	9321255	100	2	2200                              	41932	0	9321255	0
0.5	1100	4236	0	581425	32	9321255	100	2	2200                              	42429	0	9321255	0
0.5	1100	3728	0	546618	32	9321255	100	2	2200                              	47174	0	9321255	0
0.5	1100	3619	0	538839	32	9321255	100	2	2200                              	46694	0	9321255	0
0.5	1100	3687	0	543540	32	9321255	100	2	2200                              	47007	0	9321255	0
0.5	1100	3138	0	505934	32	9321255	100	2	2200                              	45438	0	9321255	0
0.5	1100	3345	0	520094	32	9321255	100	2	2200                              	46544	0	9321255	0
0.5	1100	3453	0	527556	32	9321255	100	2	2200                              	46686	0	9321255	0
0.5	1100	3242	0	513093	32	9321255	100	2	2200                              	45099	0	9321255	0
0.5	1100	3510	0	531445	32	9321255	100	2	2200                              	42304	0	9321255	0
0.5	1100	3358	0	520853	32	9321255	100	2	2200                              	41576	0	9321255	0
0.5	1100	3982	0	563752	32	9321255	100	2	2200                              	47038	0	9321255	0
0.5	1100	3442	0	526867	32	9321255	100	2	2200                              	45608	0	9321255	0
0.5	1100	3522	0	532359	32	9321255	100	2	2200                              	47118	0	9321255	0
0.5	1100	3435	0	526181	32	9321255	100	2	2200                              	43707	0	9321255	0
0.5	1100	3566	0	535316	32	9321255	100	2	2200                              	47433	0	9321255	0
0.5	1100	3450	0	527150	32	9321255	100	2	2200                              	41219	0	9321255	0
0.5	1100	3552	0	534306	32	9321255	100	2	2200                              	44370	0	9321255	0
0.5	1100	3181	0	508816	32	9321255	100	2	2200                              	44360	0	9321255	0
0.5	1100	3649	0	541059	32	9321255	100	2	2200                              	45670	0	9321255	0
0.5	1100	3886	0	557253	32	9321255	100	2	2200                              	47206	0	9321255	0
0.5	1100	3275	0	515020	32	9321255	100	2	2200                              	40699	0	9321255	0
0.5	1100	3503	0	530982	32	9321255	100	2	2200                              	46800	0	9321255	0
0.5	1100	3846	0	554649	32	9321255	100	2	2200                              	45982	0	9321255	0
0.5	1100	3510	0	531378	32	9321255	100	2	2200                              	41065	0	9321255	0
0.5	1100	3654	0	541288	32	9321255	100	2	2200                              	45268	0	9321255	0
0.5	1100	3413	0	524837	32	9321255	100	2	2200                              	48122	0	9321255	0
0.5	1100	3699	0	544598	32	9321255	100	2	2200                              	47222	0	9321255	0
0.5	1100	3907	0	558824	32	9321255	100	2	2200                              	47850	0	9321255	0
0.5	1100	3509	0	531442	32	9321255	100	2	2200                              	46584	0	9321255	0
0.5	1100	3662	0	541815	32	9321255	100	2	2200                              	40788	0	9321255	0
0.5	1100	3367	0	521619	32	9321255	100	2	2200                              	47364	0	9321255	0
0.5	1100	3634	0	540133	32	9321255	100	2	2200                              	46558	0	9321255	0
0.5	1100	3509	0	531328	32	9321255	100	2	2200                              	47451	0	9321255	0
0.5	1100	3514	0	531806	32	9321255	100	2	2200                              	42522	0	9321255	0
0.5	1100	3716	0	545590	32	9321255	100	2	2200                              	46241	0	9321255	0
0.5	1100	3678	0	542913	32	9321255	100	2	2200                              	45157	0	9321255	0
0.5	1100	3769	0	549429	32	9321255	100	2	2200                              	44209	0	9321255	0
0.5	1100	3326	0	519052	32	9321255	100	2	2200                              	42488	0	9321255	0
0.5	1100	3531	0	532823	32	9321255	100	2	2200                              	44456	0	9321255	0
0.5	1100	3791	0	550781	32	9321255	100	2	2200                              	43935	0	9321255	0
0.5	1100	3606	0	538052	32	9321255	100	2	2200                              	43604	0	9321255	0
0.5	2100	2400	0	603833	32	9321255	100	2	4200                              	41616	0	9321255	0
0.5	2100	2330	0	595271	32	9321255	100	2	4200                              	42295	0	9321255	0
0.5	2100	2573	0	626137	32	9321255	100	2	4200                              	40147	0	9321255	0
0.5	2100	2491	0	616061	32	9321255	100	2	4200                              	43374	0	9321255	0
0.5	2100	2453	0	611092	32	9321255	100	2	4200                              	43734	0	9321255	0
0.5	2100	2468	0	613158	32	9321255	100	2	4200                              	44114	0	9321255	0
0.5	2100	2504	0	617804	32	9321255	100	2	4200                              	43981	0	9321255	0
0.5	2100	2536	0	621907	32	9321255	100	2	4200                              	43487	0	9321255	0
0.5	2100	2458	0	612019	32	9321255	100	2	4200                              	43265	0	9321255	0
0.5	2100	2740	0	649123	32	9321255	100	2	4200                              	46145	0	9321255	0
0.5	2100	2426	0	607176	32	9321255	100	2	4200                              	43070	0	9321255	0
0.5	2100	2333	0	595499	32	9321255	100	2	4200                              	45674	0	9321255	0
0.5	2100	2375	0	601136	32	9321255	100	2	4200                              	45734	0	9321255	0
0.5	2100	2439	0	609268	32	9321255	100	2	4200                              	41172	0	9321255	0
0.5	2100	2575	0	627154	32	9321255	100	2	4200                              	44000	0	9321255	0
0.5	2100	2369	0	600003	32	9321255	100	2	4200                              	42179	0	9321255	0
0.5	2100	2473	0	613965	32	9321255	100	2	4200                              	41272	0	9321255	0
0.5	2100	2575	0	627319	32	9321255	100	2	4200                              	46426	0	9321255	0
0.5	2100	2452	0	611089	32	9321255	100	2	4200                              	44674	0	9321255	0
0.5	2100	2376	0	600881	32	9321255	100	2	4200                              	40443	0	9321255	0
0.5	2100	2527	0	621001	32	9321255	100	2	4200                              	45252	0	9321255	0
0.5	2100	2645	0	636333	32	9321255	100	2	4200                              	43116	0	9321255	0
0.5	2100	2879	0	667086	32	9321255	100	2	4200                              	39929	0	9321255	0
0.5	2100	2486	0	615491	32	9321255	100	2	4200                              	45967	0	9321255	0
0.5	2100	2398	0	603896	32	9321255	100	2	4200                              	43881	0	9321255	0
0.5	2100	2442	0	609600	32	9321255	100	2	4200                              	44570	0	9321255	0
0.5	2100	2834	0	661116	32	9321255	100	2	4200                              	42397	0	9321255	0
0.5	2100	2622	0	633486	32	9321255	100	2	4200                              	37852	0	9321255	0
0.5	2100	2416	0	606150	32	9321255	100	2	4200                              	42620	0	9321255	0
0.5	2100	2379	0	601417	32	9321255	100	2	4200                              	42041	0	9321255	0
0.5	2100	2299	0	590596	32	9321255	100	2	4200                              	41769	0	9321255	0
0.5	2100	2830	0	660353	32	9321255	100	2	4200                              	45380	0	9321255	0
0.5	2100	2471	0	613530	32	9321255	100	2	4200                              	43025	0	9321255	0
0.5	2100	2631	0	634494	32	9321255	100	2	4200                              	40608	0	9321255	0
0.5	2100	2338	0	596244	32	9321255	100	2	4200                              	43121	0	9321255	0
0.5	2100	2313	0	592656	32	9321255	100	2	4200                              	44280	0	9321255	0
0.5	2100	2448	0	610311	32	9321255	100	2	4200                              	43552	0	9321255	0
0.5	2100	2152	0	571757	32	9321255	100	2	4200                              	45106	0	9321255	0
0.5	2100	2890	0	668483	32	9321255	100	2	4200                              	41832	0	9321255	0
0.5	2100	2853	0	663614	32	9321255	100	2	4200                              	45857	0	9321255	0
0.5	2100	2405	0	604439	32	9321255	100	2	4200                              	43115	0	9321255	0
0.5	2100	2473	0	613581	32	9321255	100	2	4200                              	45623	0	9321255	0
0.5	2100	2684	0	641391	32	9321255	100	2	4200                              	43378	0	9321255	0
0.5	2100	2464	0	612581	32	9321255	100	2	4200                              	38884	0	9321255	0
0.5	2100	2727	0	646831	32	9321255	100	2	4200                              	42126	0	9321255	0
0.5	2100	2423	0	607083	32	9321255	100	2	4200                              	40370	0	9321255	0
0.5	2100	2442	0	609207	32	9321255	100	2	4200                              	45141	0	9321255	0
0.5	2100	3053	0	689268	32	9321255	100	2	4200                              	43127	0	9321255	0
0.5	2100	2259	0	585772	32	9321255	100	2	4200                              	42426	0	9321255	0
0.5	2100	2480	0	614905	32	9321255	100	2	4200                              	40108	0	9321255	0
0.5	2100	2483	0	614998	32	9321255	100	2	4200                              	43838	0	9321255	0
0.5	2100	2526	0	620839	32	9321255	100	2	4200                              	44938	0	9321255	0
0.5	2100	2555	0	624920	32	9321255	100	2	4200                              	41658	0	9321255	0
0.5	2100	2930	0	673711	32	9321255	100	2	4200                              	44409	0	9321255	0
0.5	2100	2438	0	609202	32	9321255	100	2	4200                              	43671	0	9321255	0
0.5	2100	2280	0	588375	32	9321255	100	2	4200                              	40424	0	9321255	0
0.5	2100	2475	0	613967	32	9321255	100	2	4200                              	42325	0	9321255	0
0.5	2100	2390	0	602751	32	9321255	100	2	4200                              	46363	0	9321255	0
0.5	2100	2567	0	626136	32	9321255	100	2	4200                              	43460	0	9321255	0
0.5	2100	2404	0	604453	32	9321255	100	2	4200                              	42952	0	9321255	0
0.5	2100	2396	0	603531	32	9321255	100	2	4200                              	45993	0	9321255	0
0.5	2100	2350	0	597749	32	9321255	100	2	4200                              	38298	0	9321255	0
0.5	2100	2436	0	609169	32	9321255	100	2	4200                              	42533	0	9321255	0
0.5	2100	2382	0	601822	32	9321255	100	2	4200                              	42667	0	9321255	0
0.5	2100	2596	0	629417	32	9321255	100	2	4200                              	42356	0	9321255	0
0.5	2100	2619	0	632848	32	9321255	100	2	4200                              	46777	0	9321255	0
0.5	2100	2463	0	612495	32	9321255	100	2	4200                              	40255	0	9321255	0
0.5	2100	2255	0	585344	32	9321255	100	2	4200                              	38850	0	9321255	0
0.5	2100	2629	0	634176	32	9321255	100	2	4200                              	43499	0	9321255	0
0.5	2100	2778	0	654052	32	9321255	100	2	4200                              	42870	0	9321255	0
0.5	2100	2489	0	616048	32	9321255	100	2	4200                              	44318	0	9321255	0
0.5	2100	2673	0	639761	32	9321255	100	2	4200                              	43448	0	9321255	0
0.5	2100	2825	0	659971	32	9321255	100	2	4200                              	39646	0	9321255	0
0.5	2100	2768	0	652474	32	9321255	100	2	4200                              	43248	0	9321255	0
0.5	2100	2365	0	599476	32	9321255	100	2	4200                              	44331	0	9321255	0
0.5	2100	2448	0	609946	32	9321255	100	2	4200                              	43148	0	9321255	0
0.5	2100	2514	0	619181	32	9321255	100	2	4200                              	43695	0	9321255	0
0.5	2100	2548	0	623478	32	9321255	100	2	4200                              	44011	0	9321255	0
0.5	2100	2246	0	584000	32	9321255	100	2	4200                              	42911	0	9321255	0
0.5	2100	2363	0	599104	32	9321255	100	2	4200                              	40541	0	9321255	0
0.5	2100	2539	0	622335	32	9321255	100	2	4200                              	46695	0	9321255	0
0.5	2100	2510	0	618641	32	9321255	100	2	4200                              	44575	0	9321255	0
0.5	2100	2512	0	618852	32	9321255	100	2	4200                              	45707	0	9321255	0
0.5	2100	2496	0	616995	32	9321255	100	2	4200                              	45646	0	9321255	0
0.5	2100	2502	0	617486	32	9321255	100	2	4200                              	43202	0	9321255	0
0.5	2100	2559	0	624957	32	9321255	100	2	4200                              	47231	0	9321255	0
0.5	2100	2447	0	610227	32	9321255	100	2	4200                              	43133	0	9321255	0
0.5	2100	2263	0	586547	32	9321255	100	2	4200                              	45839	0	9321255	0
0.5	2100	2468	0	613149	32	9321255	100	2	4200                              	43751	0	9321255	0
0.5	2100	2438	0	609093	32	9321255	100	2	4200                              	43894	0	9321255	0
0.5	2100	2505	0	617538	32	9321255	100	2	4200                              	42936	0	9321255	0
0.5	2100	2363	0	599311	32	9321255	100	2	4200                              	45121	0	9321255	0
0.5	2100	2642	0	636004	32	9321255	100	2	4200                              	39035	0	9321255	0
0.5	2100	2555	0	624406	32	9321255	100	2	4200                              	41475	0	9321255	0
0.5	2100	2383	0	602046	32	9321255	100	2	4200                              	44856	0	9321255	0
0.5	2100	2363	0	599173	32	9321255	100	2	4200                              	40323	0	9321255	0
0.5	2100	2553	0	624470	32	9321255	100	2	4200                              	46142	0	9321255	0
0.5	2100	2803	0	657077	32	9321255	100	2	4200                              	42719	0	9321255	0
0.5	2100	2510	0	618817	32	9321255	100	2	4200                              	42136	0	9321255	0
0.5	2100	2605	0	631062	32	9321255	100	2	4200                              	45043	0	9321255	0
0.5	3100	1983	0	672253	32	9321255	100	2	6200                              	41349	0	9321255	0
0.5	3100	2035	0	682498	32	9321255	100	2	6200                              	41906	0	9321255	0
0.5	3100	1851	0	647119	32	9321255	100	2	6200                              	37966	0	9321255	0
0.5	3100	2019	0	679169	32	9321255	100	2	6200                              	37564	0	9321255	0
0.5	3100	2213	0	717330	32	9321255	100	2	6200                              	42375	0	9321255	0
0.5	3100	1909	0	657620	32	9321255	100	2	6200                              	39049	0	9321255	0
0.5	3100	2341	0	741400	32	9321255	100	2	6200                              	41324	0	9321255	0
0.5	3100	2115	0	697666	32	9321255	100	2	6200                              	41914	0	9321255	0
0.5	3100	2264	0	726603	32	9321255	100	2	6200                              	41126	0	9321255	0
0.5	3100	2077	0	690385	32	9321255	100	2	6200                              	41783	0	9321255	0
0.5	3100	2179	0	710093	32	9321255	100	2	6200                              	41758	0	9321255	0
0.5	3100	2171	0	708990	32	9321255	100	2	6200                              	37799	0	9321255	0
0.5	3100	2312	0	736086	32	9321255	100	2	6200                              	42072	0	9321255	0
0.5	3100	1944	0	664418	32	9321255	100	2	6200                              	42012	0	9321255	0
0.5	3100	2102	0	694990	32	9321255	100	2	6200                              	41228	0	9321255	0
0.5	3100	2013	0	678554	32	9321255	100	2	6200                              	40691	0	9321255	0
0.5	3100	2093	0	693557	32	9321255	100	2	6200                              	41766	0	9321255	0
0.5	3100	2207	0	715459	32	9321255	100	2	6200                              	40524	0	9321255	0
0.5	3100	2164	0	707714	32	9321255	100	2	6200                              	41442	0	9321255	0
0.5	3100	2493	0	770653	32	9321255	100	2	6200                              	37033	0	9321255	0
0.5	3100	1995	0	674905	32	9321255	100	2	6200                              	41364	0	9321255	0
0.5	3100	1932	0	662900	32	9321255	100	2	6200                              	37134	0	9321255	0
0.5	3100	1988	0	673713	32	9321255	100	2	6200                              	39997	0	9321255	0
0.5	3100	1912	0	658298	32	9321255	100	2	6200                              	41986	0	9321255	0
0.5	3100	2029	0	681493	32	9321255	100	2	6200                              	41706	0	9321255	0
0.5	3100	2037	0	682185	32	9321255	100	2	6200                              	42830	0	9321255	0
0.5	3100	1988	0	673287	32	9321255	100	2	6200                              	42054	0	9321255	0
0.5	3100	2373	0	748344	32	9321255	100	2	6200                              	37363	0	9321255	0
0.5	3100	1928	0	661395	32	9321255	100	2	6200                              	36362	0	9321255	0
0.5	3100	1844	0	644859	32	9321255	100	2	6200                              	38299	0	9321255	0
0.5	3100	1915	0	658831	32	9321255	100	2	6200                              	38656	0	9321255	0
0.5	3100	2205	0	715435	32	9321255	100	2	6200                              	44427	0	9321255	0
0.5	3100	2086	0	692570	32	9321255	100	2	6200                              	41274	0	9321255	0
0.5	3100	2006	0	676880	32	9321255	100	2	6200                              	38522	0	9321255	0
0.5	3100	2135	0	701241	32	9321255	100	2	6200                              	40730	0	9321255	0
0.5	3100	1861	0	648664	32	9321255	100	2	6200                              	37189	0	9321255	0
0.5	3100	2227	0	719704	32	9321255	100	2	6200                              	41036	0	9321255	0
0.5	3100	1997	0	675130	32	9321255	100	2	6200                              	41860	0	9321255	0
0.5	3100	1978	0	671163	32	9321255	100	2	6200                              	38243	0	9321255	0
0.5	3100	2337	0	740804	32	9321255	100	2	6200                              	42135	0	9321255	0
0.5	3100	2064	0	688613	32	9321255	100	2	6200                              	40850	0	9321255	0
0.5	3100	2086	0	692677	32	9321255	100	2	6200                              	39093	0	9321255	0
0.5	3100	2057	0	686377	32	9321255	100	2	6200                              	41348	0	9321255	0
0.5	3100	2155	0	705969	32	9321255	100	2	6200                              	41551	0	9321255	0
0.5	3100	2144	0	703208	32	9321255	100	2	6200                              	41413	0	9321255	0
0.5	3100	1982	0	671991	32	9321255	100	2	6200                              	41315	0	9321255	0
0.5	3100	2019	0	679014	32	9321255	100	2	6200                              	38072	0	9321255	0
0.5	3100	2230	0	720203	32	9321255	100	2	6200                              	37158	0	9321255	0
0.5	3100	2030	0	681653	32	9321255	100	2	6200                              	40578	0	9321255	0
0.5	3100	2065	0	688172	32	9321255	100	2	6200                              	40483	0	9321255	0
0.5	3100	2094	0	693703	32	9321255	100	2	6200                              	40922	0	9321255	0
0.5	3100	2069	0	689279	32	9321255	100	2	6200                              	42045	0	9321255	0
0.5	3100	2090	0	693029	32	9321255	100	2	6200                              	36996	0	9321255	0
0.5	3100	2136	0	701954	32	9321255	100	2	6200                              	41015	0	9321255	0
0.5	3100	2068	0	688845	32	9321255	100	2	6200                              	40669	0	9321255	0
0.5	3100	1908	0	657681	32	9321255	100	2	6200                              	36945	0	9321255	0
0.5	3100	2364	0	746101	32	9321255	100	2	6200                              	38258	0	9321255	0
0.5	3100	2057	0	686556	32	9321255	100	2	6200                              	41479	0	9321255	0
0.5	3100	2075	0	690477	32	9321255	100	2	6200                              	42340	0	9321255	0
0.5	3100	2352	0	744179	32	9321255	100	2	6200                              	41979	0	9321255	0
0.5	3100	2348	0	743017	32	9321255	100	2	6200                              	41650	0	9321255	0
0.5	3100	2115	0	698109	32	9321255	100	2	6200                              	42635	0	9321255	0
0.5	3100	2134	0	701824	32	9321255	100	2	6200                              	38260	0	9321255	0
0.5	3100	2107	0	696785	32	9321255	100	2	6200                              	37007	0	9321255	0
0.5	3100	2246	0	723262	32	9321255	100	2	6200                              	42735	0	9321255	0
0.5	3100	2072	0	689558	32	9321255	100	2	6200                              	35106	0	9321255	0
0.5	3100	2021	0	679825	32	9321255	100	2	6200                              	41298	0	9321255	0
0.5	3100	1934	0	663608	32	9321255	100	2	6200                              	38594	0	9321255	0
0.5	3100	1979	0	671129	32	9321255	100	2	6200                              	41447	0	9321255	0
0.5	3100	2032	0	681331	32	9321255	100	2	6200                              	43098	0	9321255	0
0.5	3100	2342	0	741234	32	9321255	100	2	6200                              	37669	0	9321255	0
0.5	3100	2018	0	678938	32	9321255	100	2	6200                              	42113	0	9321255	0
0.5	3100	1667	0	611174	32	9321255	100	2	6200                              	37778	0	9321255	0
0.5	3100	2200	0	714282	32	9321255	100	2	6200                              	41303	0	9321255	0
0.5	3100	2035	0	682168	32	9321255	100	2	6200                              	40490	0	9321255	0
0.5	3100	2072	0	690007	32	9321255	100	2	6200                              	39569	0	9321255	0
0.5	3100	2442	0	761025	32	9321255	100	2	6200                              	42598	0	9321255	0
0.5	3100	1904	0	657193	32	9321255	100	2	6200                              	37457	0	9321255	0
0.5	3100	2141	0	703188	32	9321255	100	2	6200                              	44106	0	9321255	0
0.5	3100	2164	0	707329	32	9321255	100	2	6200                              	38983	0	9321255	0
0.5	3100	2238	0	721137	32	9321255	100	2	6200                              	42015	0	9321255	0
0.5	3100	2090	0	692639	32	9321255	100	2	6200                              	37815	0	9321255	0
0.5	3100	2111	0	697196	32	9321255	100	2	6200                              	36096	0	9321255	0
0.5	3100	2205	0	715150	32	9321255	100	2	6200                              	42349	0	9321255	0
0.5	3100	2014	0	678151	32	9321255	100	2	6200                              	37629	0	9321255	0
0.5	3100	2045	0	684159	32	9321255	100	2	6200                              	39712	0	9321255	0
0.5	3100	2039	0	683296	32	9321255	100	2	6200                              	41519	0	9321255	0
0.5	3100	1871	0	650434	32	9321255	100	2	6200                              	41073	0	9321255	0
0.5	3100	2208	0	715989	32	9321255	100	2	6200                              	40080	0	9321255	0
0.5	3100	1934	0	662971	32	9321255	100	2	6200                              	37444	0	9321255	0
0.5	3100	2040	0	683393	32	9321255	100	2	6200                              	40379	0	9321255	0
0.5	3100	2098	0	694981	32	9321255	100	2	6200                              	38091	0	9321255	0
0.5	3100	2478	0	768369	32	9321255	100	2	6200                              	36387	0	9321255	0
0.5	3100	2159	0	707005	32	9321255	100	2	6200                              	39725	0	9321255	0
0.5	3100	2189	0	712146	32	9321255	100	2	6200                              	41649	0	9321255	0
0.5	3100	2043	0	683789	32	9321255	100	2	6200                              	41462	0	9321255	0
0.5	3100	1919	0	659878	32	9321255	100	2	6200                              	41591	0	9321255	0
0.5	3100	2175	0	708950	32	9321255	100	2	6200                              	42750	0	9321255	0
0.5	3100	2034	0	681727	32	9321255	100	2	6200                              	41121	0	9321255	0
0.5	3100	2061	0	687744	32	9321255	100	2	6200                              	43423	0	9321255	0
0.5	4100	1824	0	754353	32	9321255	100	2	8200                              	40690	0	9321255	0
0.5	4100	1870	0	766372	32	9321255	100	2	8200                              	40487	0	9321255	0
0.5	4100	1712	0	725309	32	9321255	100	2	8200                              	38706	0	9321255	0
0.5	4100	1941	0	784268	32	9321255	100	2	8200                              	39155	0	9321255	0
0.5	4100	1947	0	785809	32	9321255	100	2	8200                              	35967	0	9321255	0
0.5	4100	2002	0	800541	32	9321255	100	2	8200                              	37678	0	9321255	0
0.5	4100	1828	0	755828	32	9321255	100	2	8200                              	35581	0	9321255	0
0.5	4100	1870	0	766372	32	9321255	100	2	8200                              	40367	0	9321255	0
0.5	4100	1823	0	753909	32	9321255	100	2	8200                              	38398	0	9321255	0
0.5	4100	1910	0	776512	32	9321255	100	2	8200                              	41087	0	9321255	0
0.5	4100	1697	0	722475	32	9321255	100	2	8200                              	35836	0	9321255	0
0.5	4100	2064	0	815917	32	9321255	100	2	8200                              	35001	0	9321255	0
0.5	4100	2041	0	810994	32	9321255	100	2	8200                              	34762	0	9321255	0
0.5	4100	1933	0	781765	32	9321255	100	2	8200                              	40081	0	9321255	0
0.5	4100	1779	0	742762	32	9321255	100	2	8200                              	38809	0	9321255	0
0.5	4100	1833	0	757302	32	9321255	100	2	8200                              	36609	0	9321255	0
0.5	4100	1985	0	795620	32	9321255	100	2	8200                              	35390	0	9321255	0
0.5	4100	2023	0	805429	32	9321255	100	2	8200                              	39728	0	9321255	0
0.5	4100	1795	0	747402	32	9321255	100	2	8200                              	39502	0	9321255	0
0.5	4100	1750	0	735579	32	9321255	100	2	8200                              	39166	0	9321255	0
0.5	4100	1982	0	794963	32	9321255	100	2	8200                              	40089	0	9321255	0
0.5	4100	1743	0	733565	32	9321255	100	2	8200                              	39639	0	9321255	0
0.5	4100	1895	0	772145	32	9321255	100	2	8200                              	39788	0	9321255	0
0.5	4100	1788	0	745407	32	9321255	100	2	8200                              	39585	0	9321255	0
0.5	4100	1875	0	768031	32	9321255	100	2	8200                              	40186	0	9321255	0
0.5	4100	1933	0	782674	32	9321255	100	2	8200                              	38541	0	9321255	0
0.5	4100	1831	0	755775	32	9321255	100	2	8200                              	39129	0	9321255	0
0.5	4100	1754	0	736600	32	9321255	100	2	8200                              	41229	0	9321255	0
0.5	4100	1865	0	765541	32	9321255	100	2	8200                              	39191	0	9321255	0
0.5	4100	1881	0	768416	32	9321255	100	2	8200                              	39509	0	9321255	0
0.5	4100	1667	0	714857	32	9321255	100	2	8200                              	38446	0	9321255	0
0.5	4100	1770	0	740490	32	9321255	100	2	8200                              	40984	0	9321255	0
0.5	4100	1987	0	796360	32	9321255	100	2	8200                              	40398	0	9321255	0
0.5	4100	1978	0	794480	32	9321255	100	2	8200                              	39500	0	9321255	0
0.5	4100	1853	0	761797	32	9321255	100	2	8200                              	39870	0	9321255	0
0.5	4100	2052	0	812813	32	9321255	100	2	8200                              	36279	0	9321255	0
0.5	4100	2143	0	835910	32	9321255	100	2	8200                              	40327	0	9321255	0
0.5	4100	1814	0	752019	32	9321255	100	2	8200                              	39853	0	9321255	0
0.5	4100	1723	0	729108	32	9321255	100	2	8200                              	43132	0	9321255	0
0.5	4100	1772	0	740520	32	9321255	100	2	8200                              	40541	0	9321255	0
0.5	4100	1817	0	752324	32	9321255	100	2	8200                              	35857	0	9321255	0
0.5	4100	2001	0	800256	32	9321255	100	2	8200                              	39845	0	9321255	0
0.5	4100	1837	0	757180	32	9321255	100	2	8200                              	39082	0	9321255	0
0.5	4100	1839	0	758376	32	9321255	100	2	8200                              	36794	0	9321255	0
0.5	4100	1724	0	729080	32	9321255	100	2	8200                              	35021	0	9321255	0
0.5	4100	2099	0	825599	32	9321255	100	2	8200                              	39609	0	9321255	0
0.5	4100	1977	0	793528	32	9321255	100	2	8200                              	37978	0	9321255	0
0.5	4100	2072	0	818319	32	9321255	100	2	8200                              	39085	0	9321255	0
0.5	4100	1721	0	728088	32	9321255	100	2	8200                              	37408	0	9321255	0
0.5	4100	1807	0	749370	32	9321255	100	2	8200                              	40120	0	9321255	0
0.5	4100	1869	0	766397	32	9321255	100	2	8200                              	38814	0	9321255	0
0.5	4100	1907	0	776052	32	9321255	100	2	8200                              	39407	0	9321255	0
0.5	4100	1956	0	787789	32	9321255	100	2	8200                              	40312	0	9321255	0
0.5	4100	1572	0	689451	32	9321255	100	2	8200                              	37100	0	9321255	0
0.5	4100	1900	0	774021	32	9321255	100	2	8200                              	40142	0	9321255	0
0.5	4100	1917	0	778265	32	9321255	100	2	8200                              	39340	0	9321255	0
0.5	4100	1698	0	721891	32	9321255	100	2	8200                              	36020	0	9321255	0
0.5	4100	2056	0	814458	32	9321255	100	2	8200                              	41835	0	9321255	0
0.5	4100	1775	0	741776	32	9321255	100	2	8200                              	34557	0	9321255	0
0.5	4100	1954	0	788289	32	9321255	100	2	8200                              	39957	0	9321255	0
0.5	4100	2189	0	847769	32	9321255	100	2	8200                              	39211	0	9321255	0
0.5	4100	1838	0	758263	32	9321255	100	2	8200                              	37827	0	9321255	0
0.5	4100	2094	0	823500	32	9321255	100	2	8200                              	40169	0	9321255	0
0.5	4100	1916	0	778493	32	9321255	100	2	8200                              	39702	0	9321255	0
0.5	4100	1926	0	780643	32	9321255	100	2	8200                              	34703	0	9321255	0
0.5	4100	2042	0	810645	32	9321255	100	2	8200                              	39322	0	9321255	0
0.5	4100	1694	0	721068	32	9321255	100	2	8200                              	35329	0	9321255	0
0.5	4100	1850	0	760977	32	9321255	100	2	8200                              	36895	0	9321255	0
0.5	4100	1754	0	735623	32	9321255	100	2	8200                              	39197	0	9321255	0
0.5	4100	1866	0	765394	32	9321255	100	2	8200                              	39131	0	9321255	0
0.5	4100	1974	0	793188	32	9321255	100	2	8200                              	36362	0	9321255	0
0.5	4100	1649	0	709323	32	9321255	100	2	8200                              	36092	0	9321255	0
0.5	4100	1928	0	782164	32	9321255	100	2	8200                              	39646	0	9321255	0
0.5	4100	1947	0	786321	32	9321255	100	2	8200                              	39627	0	9321255	0
0.5	4100	1787	0	745290	32	9321255	100	2	8200                              	35960	0	9321255	0
0.5	4100	1612	0	699889	32	9321255	100	2	8200                              	35978	0	9321255	0
0.5	4100	1852	0	761167	32	9321255	100	2	8200                              	37289	0	9321255	0
0.5	4100	1793	0	746404	32	9321255	100	2	8200                              	38526	0	9321255	0
0.5	4100	2029	0	806820	32	9321255	100	2	8200                              	35813	0	9321255	0
0.5	4100	1914	0	777652	32	9321255	100	2	8200                              	33766	0	9321255	0
0.5	4100	1925	0	780486	32	9321255	100	2	8200                              	36482	0	9321255	0
0.5	4100	1875	0	766951	32	9321255	100	2	8200                              	39001	0	9321255	0
0.5	4100	1849	0	761799	32	9321255	100	2	8200                              	39252	0	9321255	0
0.5	4100	2035	0	809265	32	9321255	100	2	8200                              	39488	0	9321255	0
0.5	4100	1707	0	724475	32	9321255	100	2	8200                              	38944	0	9321255	0
0.5	4100	1939	0	784604	32	9321255	100	2	8200                              	39668	0	9321255	0
0.5	4100	2020	0	805125	32	9321255	100	2	8200                              	40460	0	9321255	0
0.5	4100	1953	0	786489	32	9321255	100	2	8200                              	40608	0	9321255	0
0.5	4100	1845	0	759145	32	9321255	100	2	8200                              	41589	0	9321255	0
0.5	4100	1921	0	778690	32	9321255	100	2	8200                              	38786	0	9321255	0
0.5	4100	1973	0	792295	32	9321255	100	2	8200                              	37952	0	9321255	0
0.5	4100	1845	0	759992	32	9321255	100	2	8200                              	40327	0	9321255	0
0.5	4100	1876	0	768098	32	9321255	100	2	8200                              	39053	0	9321255	0
0.5	4100	2114	0	828365	32	9321255	100	2	8200                              	39950	0	9321255	0
0.5	4100	1735	0	732491	32	9321255	100	2	8200                              	40548	0	9321255	0
0.5	4100	1849	0	761432	32	9321255	100	2	8200                              	35072	0	9321255	0
0.5	4100	2036	0	809040	32	9321255	100	2	8200                              	39848	0	9321255	0
0.5	4100	1841	0	759197	32	9321255	100	2	8200                              	34627	0	9321255	0
0.5	4100	2175	0	844671	32	9321255	100	2	8200                              	38409	0	9321255	0
0.5	4100	1859	0	763739	32	9321255	100	2	8200                              	36579	0	9321255	0
0.5	5100	1707	0	830197	32	9321255	100	2	10200                              	38754	0	9321255	0
0.5	5100	1874	0	883863	32	9321255	100	2	10200                              	38310	0	9321255	0
0.5	5100	1526	0	772930	32	9321255	100	2	10200                              	38951	0	9321255	0
0.5	5100	1739	0	840569	32	9321255	100	2	10200                              	37229	0	9321255	0
0.5	5100	1462	0	752568	32	9321255	100	2	10200                              	34904	0	9321255	0
0.5	5100	1952	0	908704	32	9321255	100	2	10200                              	38666	0	9321255	0
0.5	5100	1875	0	884737	32	9321255	100	2	10200                              	31215	0	9321255	0
0.5	5100	1784	0	854676	32	9321255	100	2	10200                              	39717	0	9321255	0
0.5	5100	1582	0	790429	32	9321255	100	2	10200                              	37850	0	9321255	0
0.5	5100	1723	0	834832	32	9321255	100	2	10200                              	38344	0	9321255	0
0.5	5100	1500	0	764460	32	9321255	100	2	10200                              	38522	0	9321255	0
0.5	5100	1711	0	831920	32	9321255	100	2	10200                              	35577	0	9321255	0
0.5	5100	1796	0	857602	32	9321255	100	2	10200                              	39848	0	9321255	0
0.5	5100	1851	0	875977	32	9321255	100	2	10200                              	38536	0	9321255	0
0.5	5100	1540	0	777425	32	9321255	100	2	10200                              	34825	0	9321255	0
0.5	5100	1819	0	865608	32	9321255	100	2	10200                              	33483	0	9321255	0
0.5	5100	1498	0	763783	32	9321255	100	2	10200                              	36258	0	9321255	0
0.5	5100	1635	0	807267	32	9321255	100	2	10200                              	38379	0	9321255	0
0.5	5100	1659	0	814534	32	9321255	100	2	10200                              	38887	0	9321255	0
0.5	5100	1678	0	820832	32	9321255	100	2	10200                              	37997	0	9321255	0
0.5	5100	1770	0	849629	32	9321255	100	2	10200                              	32962	0	9321255	0
0.5	5100	1623	0	803809	32	9321255	100	2	10200                              	38215	0	9321255	0
0.5	5100	1566	0	785028	32	9321255	100	2	10200                              	35103	0	9321255	0
0.5	5100	1634	0	806970	32	9321255	100	2	10200                              	38195	0	9321255	0
0.5	5100	1916	0	896783	32	9321255	100	2	10200                              	39261	0	9321255	0
0.5	5100	1609	0	798445	32	9321255	100	2	10200                              	37984	0	9321255	0
0.5	5100	1721	0	834827	32	9321255	100	2	10200                              	36762	0	9321255	0
0.5	5100	1993	0	921587	32	9321255	100	2	10200                              	35828	0	9321255	0
0.5	5100	1656	0	814245	32	9321255	100	2	10200                              	37487	0	9321255	0
0.5	5100	1750	0	843638	32	9321255	100	2	10200                              	36879	0	9321255	0
0.5	5100	1739	0	840440	32	9321255	100	2	10200                              	37866	0	9321255	0
0.5	5100	1587	0	792131	32	9321255	100	2	10200                              	32606	0	9321255	0
0.5	5100	1613	0	799322	32	9321255	100	2	10200                              	33738	0	9321255	0
0.5	5100	1848	0	874087	32	9321255	100	2	10200                              	37857	0	9321255	0
0.5	5100	1546	0	777936	32	9321255	100	2	10200                              	34552	0	9321255	0
0.5	5100	1704	0	829171	32	9321255	100	2	10200                              	39032	0	9321255	0
0.5	5100	1720	0	833977	32	9321255	100	2	10200                              	39778	0	9321255	0
0.5	5100	1561	0	783746	32	9321255	100	2	10200                              	37144	0	9321255	0
0.5	5100	1678	0	820562	32	9321255	100	2	10200                              	38610	0	9321255	0
0.5	5100	1724	0	835875	32	9321255	100	2	10200                              	39097	0	9321255	0
0.5	5100	1457	0	751081	32	9321255	100	2	10200                              	35134	0	9321255	0
0.5	5100	1614	0	799265	32	9321255	100	2	10200                              	38020	0	9321255	0
0.5	5100	1724	0	835302	32	9321255	100	2	10200                              	37521	0	9321255	0
0.5	5100	1719	0	834140	32	9321255	100	2	10200                              	33834	0	9321255	0
0.5	5100	1613	0	800022	32	9321255	100	2	10200                              	38804	0	9321255	0
0.5	5100	1721	0	835302	32	9321255	100	2	10200                              	39338	0	9321255	0
0.5	5100	1710	0	830562	32	9321255	100	2	10200                              	38702	0	9321255	0
0.5	5100	1662	0	815773	32	9321255	100	2	10200                              	34981	0	9321255	0
0.5	5100	1655	0	814500	32	9321255	100	2	10200                              	36680	0	9321255	0
0.5	5100	1728	0	836593	32	9321255	100	2	10200                              	35800	0	9321255	0
0.5	5100	1671	0	818874	32	9321255	100	2	10200                              	33828	0	9321255	0
0.5	5100	1569	0	785679	32	9321255	100	2	10200                              	38975	0	9321255	0
0.5	5100	1601	0	795944	32	9321255	100	2	10200                              	37961	0	9321255	0
0.5	5100	1830	0	869249	32	9321255	100	2	10200                              	38612	0	9321255	0
0.5	5100	1672	0	818112	32	9321255	100	2	10200                              	37513	0	9321255	0
0.5	5100	1712	0	830442	32	9321255	100	2	10200                              	37488	0	9321255	0
0.5	5100	1754	0	844443	32	9321255	100	2	10200                              	35146	0	9321255	0
0.5	5100	1596	0	795057	32	9321255	100	2	10200                              	33713	0	9321255	0
0.5	5100	1729	0	837638	32	9321255	100	2	10200                              	38696	0	9321255	0
0.5	5100	1757	0	845928	32	9321255	100	2	10200                              	38411	0	9321255	0
0.5	5100	1780	0	853399	32	9321255	100	2	10200                              	35627	0	9321255	0
0.5	5100	1857	0	877394	32	9321255	100	2	10200                              	37995	0	9321255	0
0.5	5100	1684	0	822937	32	9321255	100	2	10200                              	35581	0	9321255	0
0.5	5100	1597	0	794089	32	9321255	100	2	10200                              	39575	0	9321255	0
0.5	5100	1624	0	804372	32	9321255	100	2	10200                              	34416	0	9321255	0
0.5	5100	1902	0	893051	32	9321255	100	2	10200                              	33682	0	9321255	0
0.5	5100	1764	0	847795	32	9321255	100	2	10200                              	37788	0	9321255	0
0.5	5100	1645	0	810005	32	9321255	100	2	10200                              	34185	0	9321255	0
0.5	5100	1988	0	920273	32	9321255	100	2	10200                              	33944	0	9321255	0
0.5	5100	1606	0	797681	32	9321255	100	2	10200                              	38594	0	9321255	0
0.5	5100	1760	0	846951	32	9321255	100	2	10200                              	38820	0	9321255	0
0.5	5100	1607	0	798562	32	9321255	100	2	10200                              	34829	0	9321255	0
0.5	5100	1915	0	897432	32	9321255	100	2	10200                              	38092	0	9321255	0
0.5	5100	2023	0	930956	32	9321255	100	2	10200                              	39105	0	9321255	0
0.5	5100	1805	0	861239	32	9321255	100	2	10200                              	36703	0	9321255	0
0.5	5100	1722	0	834839	32	9321255	100	2	10200                              	38507	0	9321255	0
0.5	5100	1660	0	815994	32	9321255	100	2	10200                              	33502	0	9321255	0
0.5	5100	1713	0	831884	32	9321255	100	2	10200                              	38540	0	9321255	0
0.5	5100	1887	0	887311	32	9321255	100	2	10200                              	36265	0	9321255	0
0.5	5100	1769	0	849835	32	9321255	100	2	10200                              	39080	0	9321255	0
0.5	5100	1852	0	875829	32	9321255	100	2	10200                              	39090	0	9321255	0
0.5	5100	1650	0	811266	32	9321255	100	2	10200                              	37995	0	9321255	0
0.5	5100	1759	0	847058	32	9321255	100	2	10200                              	40059	0	9321255	0
0.5	5100	1674	0	819816	32	9321255	100	2	10200                              	39542	0	9321255	0
0.5	5100	1846	0	874540	32	9321255	100	2	10200                              	32781	0	9321255	0
0.5	5100	1584	0	789819	32	9321255	100	2	10200                              	37519	0	9321255	0
0.5	5100	1787	0	855478	32	9321255	100	2	10200                              	33732	0	9321255	0
0.5	5100	1718	0	834253	32	9321255	100	2	10200                              	38834	0	9321255	0
0.5	5100	1584	0	791020	32	9321255	100	2	10200                              	40180	0	9321255	0
0.5	5100	1609	0	799129	32	9321255	100	2	10200                              	35080	0	9321255	0
0.5	5100	1787	0	855626	32	9321255	100	2	10200                              	34042	0	9321255	0
0.5	5100	1482	0	758477	32	9321255	100	2	10200                              	34288	0	9321255	0
0.5	5100	1656	0	814501	32	9321255	100	2	10200                              	33583	0	9321255	0
0.5	5100	1994	0	922082	32	9321255	100	2	10200                              	39812	0	9321255	0
0.5	5100	1930	0	900621	32	9321255	100	2	10200                              	39461	0	9321255	0
0.5	5100	1739	0	839741	32	9321255	100	2	10200                              	38381	0	9321255	0
0.5	5100	1587	0	792297	32	9321255	100	2	10200                              	34027	0	9321255	0
0.5	5100	1625	0	804546	32	9321255	100	2	10200                              	34848	0	9321255	0
0.5	5100	1671	0	818940	32	9321255	100	2	10200                              	38645	0	9321255	0
0.5	5100	1623	0	802946	32	9321255	100	2	10200                              	38812	0	9321255	0
0.5	6100	1469	0	845013	32	9321255	100	2	12200                              	38816	0	9321255	0
0.5	6100	1679	0	924382	32	9321255	100	2	12200                              	36944	0	9321255	0
0.5	6100	1764	0	957037	32	9321255	100	2	12200                              	32743	0	9321255	0
0.5	6100	1558	0	878537	32	9321255	100	2	12200                              	36686	0	9321255	0
0.5	6100	1709	0	936044	32	9321255	100	2	12200                              	36701	0	9321255	0
0.5	6100	1637	0	907767	32	9321255	100	2	12200                              	36695	0	9321255	0
0.5	6100	1418	0	826256	32	9321255	100	2	12200                              	36893	0	9321255	0
0.5	6100	1636	0	909611	32	9321255	100	2	12200                              	36809	0	9321255	0
0.5	6100	1657	0	917684	32	9321255	100	2	12200                              	35393	0	9321255	0
0.5	6100	1512	0	861516	32	9321255	100	2	12200                              	37889	0	9321255	0
0.5	6100	1630	0	908003	32	9321255	100	2	12200                              	36222	0	9321255	0
0.5	6100	1588	0	890132	32	9321255	100	2	12200                              	28705	0	9321255	0
0.5	6100	1485	0	851535	32	9321255	100	2	12200                              	36637	0	9321255	0
0.5	6100	1666	0	919797	32	9321255	100	2	12200                              	38615	0	9321255	0
0.5	6100	1726	0	942291	32	9321255	100	2	12200                              	36187	0	9321255	0
0.5	6100	1450	0	837794	32	9321255	100	2	12200                              	34492	0	9321255	0
0.5	6100	1535	0	871888	32	9321255	100	2	12200                              	30678	0	9321255	0
0.5	6100	1702	0	933903	32	9321255	100	2	12200                              	37733	0	9321255	0
0.5	6100	1392	0	816109	32	9321255	100	2	12200                              	32589	0	9321255	0
0.5	6100	1726	0	944871	32	9321255	100	2	12200                              	29702	0	9321255	0
0.5	6100	1542	0	872907	32	9321255	100	2	12200                              	34955	0	9321255	0
0.5	6100	1520	0	863068	32	9321255	100	2	12200                              	34082	0	9321255	0
0.5	6100	1507	0	859893	32	9321255	100	2	12200                              	35462	0	9321255	0
0.5	6100	1622	0	903546	32	9321255	100	2	12200                              	33117	0	9321255	0
0.5	6100	1439	0	833494	32	9321255	100	2	12200                              	34804	0	9321255	0
0.5	6100	1578	0	886612	32	9321255	100	2	12200                              	37034	0	9321255	0
0.5	6100	1489	0	852987	32	9321255	100	2	12200                              	36258	0	9321255	0
0.5	6100	1710	0	936506	32	9321255	100	2	12200                              	33146	0	9321255	0
0.5	6100	1551	0	877453	32	9321255	100	2	12200                              	33919	0	9321255	0
0.5	6100	1700	0	934304	32	9321255	100	2	12200                              	36493	0	9321255	0
0.5	6100	1689	0	929289	32	9321255	100	2	12200                              	36334	0	9321255	0
0.5	6100	1630	0	906181	32	9321255	100	2	12200                              	32572	0	9321255	0
0.5	6100	1418	0	824987	32	9321255	100	2	12200                              	37604	0	9321255	0
0.5	6100	1708	0	936190	32	9321255	100	2	12200                              	37083	0	9321255	0
0.5	6100	1765	0	958212	32	9321255	100	2	12200                              	37504	0	9321255	0
0.5	6100	1455	0	840063	32	9321255	100	2	12200                              	30412	0	9321255	0
0.5	6100	1469	0	844885	32	9321255	100	2	12200                              	35957	0	9321255	0
0.5	6100	1745	0	950965	32	9321255	100	2	12200                              	35267	0	9321255	0
0.5	6100	1247	0	761006	32	9321255	100	2	12200                              	32800	0	9321255	0
0.5	6100	1682	0	926919	32	9321255	100	2	12200                              	35815	0	9321255	0
0.5	6100	1601	0	895560	32	9321255	100	2	12200                              	33723	0	9321255	0
0.5	6100	1776	0	961717	32	9321255	100	2	12200                              	38537	0	9321255	0
0.5	6100	1939	0	1023560	32	9321255	100	2	12200                              	37499	0	9321255	0
0.5	6100	1599	0	894704	32	9321255	100	2	12200                              	31468	0	9321255	0
0.5	6100	1634	0	908662	32	9321255	100	2	12200                              	30275	0	9321255	0
0.5	6100	1541	0	872852	32	9321255	100	2	12200                              	36701	0	9321255	0
0.5	6100	1526	0	867493	32	9321255	100	2	12200                              	35207	0	9321255	0
0.5	6100	1639	0	910065	32	9321255	100	2	12200                              	34655	0	9321255	0
0.5	6100	1604	0	896776	32	9321255	100	2	12200                              	39577	0	9321255	0
0.5	6100	1851	0	990801	32	9321255	100	2	12200                              	34133	0	9321255	0
0.5	6100	1771	0	960884	32	9321255	100	2	12200                              	29820	0	9321255	0
0.5	6100	1461	0	842042	32	9321255	100	2	12200                              	33574	0	9321255	0
0.5	6100	1607	0	896634	32	9321255	100	2	12200                              	36535	0	9321255	0
0.5	6100	1585	0	889603	32	9321255	100	2	12200                              	35794	0	9321255	0
0.5	6100	1654	0	914760	32	9321255	100	2	12200                              	37881	0	9321255	0
0.5	6100	1632	0	907009	32	9321255	100	2	12200                              	37685	0	9321255	0
0.5	6100	1369	0	806597	32	9321255	100	2	12200                              	36989	0	9321255	0
0.5	6100	1683	0	926308	32	9321255	100	2	12200                              	35918	0	9321255	0
0.5	6100	1721	0	940950	32	9321255	100	2	12200                              	36475	0	9321255	0
0.5	6100	1522	0	864995	32	9321255	100	2	12200                              	37113	0	9321255	0
0.5	6100	1714	0	938656	32	9321255	100	2	12200                              	38277	0	9321255	0
0.5	6100	1594	0	892291	32	9321255	100	2	12200                              	31183	0	9321255	0
0.5	6100	1546	0	874375	32	9321255	100	2	12200                              	36932	0	9321255	0
0.5	6100	1741	0	949154	32	9321255	100	2	12200                              	33148	0	9321255	0
0.5	6100	1666	0	920374	32	9321255	100	2	12200                              	36788	0	9321255	0
0.5	6100	1558	0	878168	32	9321255	100	2	12200                              	34871	0	9321255	0
0.5	6100	1646	0	911989	32	9321255	100	2	12200                              	31716	0	9321255	0
0.5	6100	1658	0	917317	32	9321255	100	2	12200                              	33668	0	9321255	0
0.5	6100	1475	0	848017	32	9321255	100	2	12200                              	34460	0	9321255	0
0.5	6100	1392	0	815995	32	9321255	100	2	12200                              	37047	0	9321255	0
0.5	6100	1526	0	866342	32	9321255	100	2	12200                              	37025	0	9321255	0
0.5	6100	1711	0	936606	32	9321255	100	2	12200                              	37660	0	9321255	0
0.5	6100	1577	0	886607	32	9321255	100	2	12200                              	31894	0	9321255	0
0.5	6100	1701	0	933466	32	9321255	100	2	12200                              	35610	0	9321255	0
0.5	6100	1472	0	846158	32	9321255	100	2	12200                              	35781	0	9321255	0
0.5	6100	1439	0	833210	32	9321255	100	2	12200                              	37047	0	9321255	0
0.5	6100	1592	0	891536	32	9321255	100	2	12200                              	35247	0	9321255	0
0.5	6100	1778	0	961967	32	9321255	100	2	12200                              	31293	0	9321255	0
0.5	6100	1422	0	827102	32	9321255	100	2	12200                              	33773	0	9321255	0
0.5	6100	1395	0	817302	32	9321255	100	2	12200                              	36398	0	9321255	0
0.5	6100	1682	0	925231	32	9321255	100	2	12200                              	37470	0	9321255	0
0.5	6100	1513	0	861478	32	9321255	100	2	12200                              	37530	0	9321255	0
0.5	6100	1762	0	956599	32	9321255	100	2	12200                              	30022	0	9321255	0
0.5	6100	1669	0	921337	32	9321255	100	2	12200                              	36711	0	9321255	0
0.5	6100	1857	0	992509	32	9321255	100	2	12200                              	35163	0	9321255	0
0.5	6100	1509	0	859776	32	9321255	100	2	12200                              	38157	0	9321255	0
0.5	6100	1811	0	974760	32	9321255	100	2	12200                              	34517	0	9321255	0
0.5	6100	1689	0	928518	32	9321255	100	2	12200                              	32517	0	9321255	0
0.5	6100	1662	0	918656	32	9321255	100	2	12200                              	36205	0	9321255	0
0.5	6100	1597	0	894646	32	9321255	100	2	12200                              	36179	0	9321255	0
0.5	6100	1362	0	804336	32	9321255	100	2	12200                              	37893	0	9321255	0
0.5	6100	1678	0	924524	32	9321255	100	2	12200                              	33920	0	9321255	0
0.5	6100	1706	0	935283	32	9321255	100	2	12200                              	35999	0	9321255	0
0.5	6100	1644	0	911218	32	9321255	100	2	12200                              	35617	0	9321255	0
0.5	6100	1808	0	974710	32	9321255	100	2	12200                              	36080	0	9321255	0
0.5	6100	1561	0	879834	32	9321255	100	2	12200                              	32110	0	9321255	0
0.5	6100	1497	0	855701	32	9321255	100	2	12200                              	34709	0	9321255	0
0.5	6100	1672	0	923008	32	9321255	100	2	12200                              	36557	0	9321255	0
0.5	6100	1570	0	882785	32	9321255	100	2	12200                              	38021	0	9321255	0
0.5	6100	1699	0	933698	32	9321255	100	2	12200                              	36317	0	9321255	0
0.5	7100	1451	0	927782	32	9321255	100	2	14200                              	36057	0	9321255	0
0.5	7100	1306	0	864435	32	9321255	100	2	14200                              	36088	0	9321255	0
0.5	7100	1541	0	968297	32	9321255	100	2	14200                              	33519	0	9321255	0
0.5	7100	1620	0	1002606	32	9321255	100	2	14200                              	31456	0	9321255	0
0.5	7100	1494	0	946398	32	9321255	100	2	14200                              	36776	0	9321255	0
0.5	7100	1615	0	1001103	32	9321255	100	2	14200                              	30478	0	9321255	0
0.5	7100	1392	0	901449	32	9321255	100	2	14200                              	33911	0	9321255	0
0.5	7100	1568	0	980330	32	9321255	100	2	14200                              	33766	0	9321255	0
0.5	7100	1709	0	1042931	32	9321255	100	2	14200                              	31461	0	9321255	0
0.5	7100	1476	0	938705	32	9321255	100	2	14200                              	37040	0	9321255	0
0.5	7100	1397	0	904622	32	9321255	100	2	14200                              	36334	0	9321255	0
0.5	7100	1418	0	913049	32	9321255	100	2	14200                              	30639	0	9321255	0
0.5	7100	1367	0	890749	32	9321255	100	2	14200                              	35325	0	9321255	0
0.5	7100	1517	0	955529	32	9321255	100	2	14200                              	33747	0	9321255	0
0.5	7100	1459	0	930875	32	9321255	100	2	14200                              	37319	0	9321255	0
0.5	7100	1490	0	945266	32	9321255	100	2	14200                              	34695	0	9321255	0
0.5	7100	1443	0	924665	32	9321255	100	2	14200                              	35672	0	9321255	0
0.5	7100	1342	0	881434	32	9321255	100	2	14200                              	35971	0	9321255	0
0.5	7100	1573	0	981666	32	9321255	100	2	14200                              	30554	0	9321255	0
0.5	7100	1619	0	1001224	32	9321255	100	2	14200                              	35786	0	9321255	0
0.5	7100	1413	0	911084	32	9321255	100	2	14200                              	36617	0	9321255	0
0.5	7100	1481	0	941508	32	9321255	100	2	14200                              	34907	0	9321255	0
0.5	7100	1637	0	1010525	32	9321255	100	2	14200                              	36571	0	9321255	0
0.5	7100	1400	0	903038	32	9321255	100	2	14200                              	33252	0	9321255	0
0.5	7100	1654	0	1018606	32	9321255	100	2	14200                              	31482	0	9321255	0
0.5	7100	1531	0	963573	32	9321255	100	2	14200                              	34879	0	9321255	0
0.5	7100	1440	0	922249	32	9321255	100	2	14200                              	25990	0	9321255	0
0.5	7100	1376	0	894638	32	9321255	100	2	14200                              	32371	0	9321255	0
0.5	7100	1421	0	915451	32	9321255	100	2	14200                              	34055	0	9321255	0
0.5	7100	1518	0	957336	32	9321255	100	2	14200                              	34193	0	9321255	0
0.5	7100	1614	0	999960	32	9321255	100	2	14200                              	36226	0	9321255	0
0.5	7100	1423	0	915495	32	9321255	100	2	14200                              	35271	0	9321255	0
0.5	7100	1389	0	899436	32	9321255	100	2	14200                              	32682	0	9321255	0
0.5	7100	1622	0	1003719	32	9321255	100	2	14200                              	31488	0	9321255	0
0.5	7100	1470	0	935957	32	9321255	100	2	14200                              	36830	0	9321255	0
0.5	7100	1417	0	913199	32	9321255	100	2	14200                              	35588	0	9321255	0
0.5	7100	1360	0	886496	32	9321255	100	2	14200                              	37727	0	9321255	0
0.5	7100	1510	0	955084	32	9321255	100	2	14200                              	37430	0	9321255	0
0.5	7100	1461	0	932328	32	9321255	100	2	14200                              	36037	0	9321255	0
0.5	7100	1613	0	999657	32	9321255	100	2	14200                              	33125	0	9321255	0
0.5	7100	1392	0	901118	32	9321255	100	2	14200                              	31740	0	9321255	0
0.5	7100	1615	0	999940	32	9321255	100	2	14200                              	34833	0	9321255	0
0.5	7100	1290	0	855706	32	9321255	100	2	14200                              	34385	0	9321255	0
0.5	7100	1441	0	922666	32	9321255	100	2	14200                              	29221	0	9321255	0
0.5	7100	1596	0	992357	32	9321255	100	2	14200                              	35934	0	9321255	0
0.5	7100	1443	0	923156	32	9321255	100	2	14200                              	29837	0	9321255	0
0.5	7100	1627	0	1006283	32	9321255	100	2	14200                              	37087	0	9321255	0
0.5	7100	1603	0	995374	32	9321255	100	2	14200                              	33447	0	9321255	0
0.5	7100	1582	0	986089	32	9321255	100	2	14200                              	35872	0	9321255	0
0.5	7100	1650	0	1015187	32	9321255	100	2	14200                              	26822	0	9321255	0
0.5	7100	1524	0	960065	32	9321255	100	2	14200                              	33336	0	9321255	0
0.5	7100	1655	0	1018255	32	9321255	100	2	14200                              	34669	0	9321255	0
0.5	7100	1456	0	929435	32	9321255	100	2	14200                              	28873	0	9321255	0
0.5	7100	1617	0	1001189	32	9321255	100	2	14200                              	31644	0	9321255	0
0.5	7100	1381	0	897449	32	9321255	100	2	14200                              	36344	0	9321255	0
0.5	7100	1425	0	915939	32	9321255	100	2	14200                              	35486	0	9321255	0
0.5	7100	1356	0	885603	32	9321255	100	2	14200                              	35840	0	9321255	0
0.5	7100	1540	0	967234	32	9321255	100	2	14200                              	36533	0	9321255	0
0.5	7100	1519	0	957989	32	9321255	100	2	14200                              	34824	0	9321255	0
0.5	7100	1719	0	1046122	32	9321255	100	2	14200                              	36569	0	9321255	0
0.5	7100	1596	0	992444	32	9321255	100	2	14200                              	34333	0	9321255	0
0.5	7100	1657	0	1020004	32	9321255	100	2	14200                              	30972	0	9321255	0
0.5	7100	1650	0	1016231	32	9321255	100	2	14200                              	33170	0	9321255	0
0.5	7100	1368	0	891585	32	9321255	100	2	14200                              	32596	0	9321255	0
0.5	7100	1508	0	954179	32	9321255	100	2	14200                              	33314	0	9321255	0
0.5	7100	1375	0	894240	32	9321255	100	2	14200                              	35345	0	9321255	0
0.5	7100	1569	0	979908	32	9321255	100	2	14200                              	31605	0	9321255	0
0.5	7100	1524	0	959907	32	9321255	100	2	14200                              	34809	0	9321255	0
0.5	7100	1587	0	987383	32	9321255	100	2	14200                              	35919	0	9321255	0
0.5	7100	1395	0	902459	32	9321255	100	2	14200                              	35162	0	9321255	0
0.5	7100	1538	0	966603	32	9321255	100	2	14200                              	34880	0	9321255	0
0.5	7100	1243	0	836580	32	9321255	100	2	14200                              	27004	0	9321255	0
0.5	7100	1537	0	965880	32	9321255	100	2	14200                              	36477	0	9321255	0
0.5	7100	1895	0	1124704	32	9321255	100	2	14200                              	31939	0	9321255	0
0.5	7100	1483	0	943041	32	9321255	100	2	14200                              	31369	0	9321255	0
0.5	7100	1630	0	1007854	32	9321255	100	2	14200                              	32267	0	9321255	0
0.5	7100	1523	0	960881	32	9321255	100	2	14200                              	31217	0	9321255	0
0.5	7100	1421	0	915106	32	9321255	100	2	14200                              	34946	0	9321255	0
0.5	7100	1534	0	964841	32	9321255	100	2	14200                              	28896	0	9321255	0
0.5	7100	1514	0	953875	32	9321255	100	2	14200                              	34398	0	9321255	0
0.5	7100	1495	0	947535	32	9321255	100	2	14200                              	37135	0	9321255	0
0.5	7100	1540	0	966657	32	9321255	100	2	14200                              	35007	0	9321255	0
0.5	7100	1597	0	992415	32	9321255	100	2	14200                              	34666	0	9321255	0
0.5	7100	1422	0	914199	32	9321255	100	2	14200                              	36838	0	9321255	0
0.5	7100	1449	0	926661	32	9321255	100	2	14200                              	36631	0	9321255	0
0.5	7100	1413	0	910384	32	9321255	100	2	14200                              	35865	0	9321255	0
0.5	7100	1354	0	885083	32	9321255	100	2	14200                              	36627	0	9321255	0
0.5	7100	1605	0	995593	32	9321255	100	2	14200                              	35793	0	9321255	0
0.5	7100	1702	0	1038749	32	9321255	100	2	14200                              	31202	0	9321255	0
0.5	7100	1439	0	921917	32	9321255	100	2	14200                              	35354	0	9321255	0
0.5	7100	1436	0	921298	32	9321255	100	2	14200                              	33446	0	9321255	0
0.5	7100	1505	0	951335	32	9321255	100	2	14200                              	36464	0	9321255	0
0.5	7100	1425	0	915956	32	9321255	100	2	14200                              	32716	0	9321255	0
0.5	7100	1423	0	915550	32	9321255	100	2	14200                              	33377	0	9321255	0
0.5	7100	1459	0	931486	32	9321255	100	2	14200                              	36391	0	9321255	0
0.5	7100	1508	0	952320	32	9321255	100	2	14200                              	34406	0	9321255	0
0.5	7100	1439	0	921762	32	9321255	100	2	14200                              	34476	0	9321255	0
0.5	7100	1512	0	954840	32	9321255	100	2	14200                              	32179	0	9321255	0
0.5	7100	1470	0	936728	32	9321255	100	2	14200                              	34041	0	9321255	0
0.5	7100	1515	0	954947	32	9321255	100	2	14200                              	35286	0	9321255	0
0.5	8100	1450	0	1018562	32	9321255	100	2	16200                              	33087	0	9321255	0
0.5	8100	1338	0	959829	32	9321255	100	2	16200                              	30925	0	9321255	0
0.5	8100	1460	0	1021792	32	9321255	100	2	16200                              	34035	0	9321255	0
0.5	8100	1362	0	973081	32	9321255	100	2	16200                              	34199	0	9321255	0
0.5	8100	1455	0	1020460	32	9321255	100	2	16200                              	34210	0	9321255	0
0.5	8100	1500	0	1041777	32	9321255	100	2	16200                              	27425	0	9321255	0
0.5	8100	1564	0	1075603	32	9321255	100	2	16200                              	33877	0	9321255	0
0.5	8100	1389	0	985235	32	9321255	100	2	16200                              	36140	0	9321255	0
0.5	8100	1501	0	1041535	32	9321255	100	2	16200                              	30021	0	9321255	0
0.5	8100	1322	0	951972	32	9321255	100	2	16200                              	34456	0	9321255	0
0.5	8100	1488	0	1036469	32	9321255	100	2	16200                              	33837	0	9321255	0
0.5	8100	1484	0	1034724	32	9321255	100	2	16200                              	34464	0	9321255	0
0.5	8100	1552	0	1067637	32	9321255	100	2	16200                              	30512	0	9321255	0
0.5	8100	1476	0	1030423	32	9321255	100	2	16200                              	34672	0	9321255	0
0.5	8100	1299	0	940165	32	9321255	100	2	16200                              	34275	0	9321255	0
0.5	8100	1386	0	985497	32	9321255	100	2	16200                              	34063	0	9321255	0
0.5	8100	1576	0	1081349	32	9321255	100	2	16200                              	28910	0	9321255	0
0.5	8100	1449	0	1016929	32	9321255	100	2	16200                              	27049	0	9321255	0
0.5	8100	1363	0	974139	32	9321255	100	2	16200                              	31142	0	9321255	0
0.5	8100	1260	0	919587	32	9321255	100	2	16200                              	33679	0	9321255	0
0.5	8100	1375	0	979746	32	9321255	100	2	16200                              	28740	0	9321255	0
0.5	8100	1429	0	1006615	32	9321255	100	2	16200                              	33569	0	9321255	0
0.5	8100	1587	0	1086005	32	9321255	100	2	16200                              	30769	0	9321255	0
0.5	8100	1452	0	1018306	32	9321255	100	2	16200                              	32720	0	9321255	0
0.5	8100	1168	0	874127	32	9321255	100	2	16200                              	35083	0	9321255	0
0.5	8100	1479	0	1031280	32	9321255	100	2	16200                              	27365	0	9321255	0
0.5	8100	1500	0	1041498	32	9321255	100	2	16200                              	35062	0	9321255	0
0.5	8100	1277	0	929757	32	9321255	100	2	16200                              	30383	0	9321255	0
0.5	8100	1354	0	965847	32	9321255	100	2	16200                              	30115	0	9321255	0
0.5	8100	1480	0	1031695	32	9321255	100	2	16200                              	32740	0	9321255	0
0.5	8100	1354	0	968891	32	9321255	100	2	16200                              	34931	0	9321255	0
0.5	8100	1489	0	1037773	32	9321255	100	2	16200                              	33457	0	9321255	0
0.5	8100	1306	0	944846	32	9321255	100	2	16200                              	28691	0	9321255	0
0.5	8100	1223	0	901001	32	9321255	100	2	16200                              	30606	0	9321255	0
0.5	8100	1305	0	944282	32	9321255	100	2	16200                              	31316	0	9321255	0
0.5	8100	1488	0	1034693	32	9321255	100	2	16200                              	34613	0	9321255	0
0.5	8100	1496	0	1041899	32	9321255	100	2	16200                              	32946	0	9321255	0
0.5	8100	1388	0	986633	32	9321255	100	2	16200                              	35935	0	9321255	0
0.5	8100	1272	0	927589	32	9321255	100	2	16200                              	34192	0	9321255	0
0.5	8100	1456	0	1020169	32	9321255	100	2	16200                              	35016	0	9321255	0
0.5	8100	1532	0	1059097	32	9321255	100	2	16200                              	31073	0	9321255	0
0.5	8100	1377	0	979701	32	9321255	100	2	16200                              	33583	0	9321255	0
0.5	8100	1369	0	976549	32	9321255	100	2	16200                              	34796	0	9321255	0
0.5	8100	1285	0	932375	32	9321255	100	2	16200                              	33365	0	9321255	0
0.5	8100	1440	0	1010563	32	9321255	100	2	16200                              	35101	0	9321255	0
0.5	8100	1327	0	954556	32	9321255	100	2	16200                              	33692	0	9321255	0
0.5	8100	1691	0	1139740	32	9321255	100	2	16200                              	34205	0	9321255	0
0.5	8100	1453	0	1017477	32	9321255	100	2	16200                              	35902	0	9321255	0
0.5	8100	1713	0	1150744	32	9321255	100	2	16200                              	30879	0	9321255	0
0.5	8100	1454	0	1017793	32	9321255	100	2	16200                              	34926	0	9321255	0
0.5	8100	1494	0	1040866	32	9321255	100	2	16200                              	35246	0	9321255	0
0.5	8100	1338	0	960844	32	9321255	100	2	16200                              	34154	0	9321255	0
0.5	8100	1323	0	954544	32	9321255	100	2	16200                              	31215	0	9321255	0
0.5	8100	1332	0	956313	32	9321255	100	2	16200                              	32634	0	9321255	0
0.5	8100	1290	0	936140	32	9321255	100	2	16200                              	35235	0	9321255	0
0.5	8100	1636	0	1110865	32	9321255	100	2	16200                              	33736	0	9321255	0
0.5	8100	1377	0	979657	32	9321255	100	2	16200                              	29093	0	9321255	0
0.5	8100	1523	0	1052389	32	9321255	100	2	16200                              	29792	0	9321255	0
0.5	8100	1319	0	950476	32	9321255	100	2	16200                              	32111	0	9321255	0
0.5	8100	1476	0	1028934	32	9321255	100	2	16200                              	28372	0	9321255	0
0.5	8100	1337	0	959653	32	9321255	100	2	16200                              	32364	0	9321255	0
0.5	8100	1279	0	929574	32	9321255	100	2	16200                              	35511	0	9321255	0
0.5	8100	1316	0	950721	32	9321255	100	2	16200                              	32637	0	9321255	0
0.5	8100	1347	0	963674	32	9321255	100	2	16200                              	31778	0	9321255	0
0.5	8100	1307	0	944305	32	9321255	100	2	16200                              	34262	0	9321255	0
0.5	8100	1285	0	933698	32	9321255	100	2	16200                              	30082	0	9321255	0
0.5	8100	1265	0	922928	32	9321255	100	2	16200                              	35089	0	9321255	0
0.5	8100	1305	0	943201	32	9321255	100	2	16200                              	34842	0	9321255	0
0.5	8100	1432	0	1009261	32	9321255	100	2	16200                              	34553	0	9321255	0
0.5	8100	1419	0	1001054	32	9321255	100	2	16200                              	33150	0	9321255	0
0.5	8100	1407	0	995022	32	9321255	100	2	16200                              	34243	0	9321255	0
0.5	8100	1382	0	983027	32	9321255	100	2	16200                              	30073	0	9321255	0
0.5	8100	1478	0	1031924	32	9321255	100	2	16200                              	27298	0	9321255	0
0.5	8100	1490	0	1037069	32	9321255	100	2	16200                              	28442	0	9321255	0
0.5	8100	1296	0	938659	32	9321255	100	2	16200                              	33518	0	9321255	0
0.5	8100	1425	0	1003980	32	9321255	100	2	16200                              	34545	0	9321255	0
0.5	8100	1351	0	966862	32	9321255	100	2	16200                              	34739	0	9321255	0
0.5	8100	1228	0	903001	32	9321255	100	2	16200                              	32688	0	9321255	0
0.5	8100	1289	0	936812	32	9321255	100	2	16200                              	33184	0	9321255	0
0.5	8100	1403	0	993700	32	9321255	100	2	16200                              	35937	0	9321255	0
0.5	8100	1602	0	1093683	32	9321255	100	2	16200                              	33175	0	9321255	0
0.5	8100	1242	0	911209	32	9321255	100	2	16200                              	30346	0	9321255	0
0.5	8100	1439	0	1010175	32	9321255	100	2	16200                              	30498	0	9321255	0
0.5	8100	1471	0	1026797	32	9321255	100	2	16200                              	33810	0	9321255	0
0.5	8100	1387	0	984438	32	9321255	100	2	16200                              	34769	0	9321255	0
0.5	8100	1444	0	1015854	32	9321255	100	2	16200                              	30687	0	9321255	0
0.5	8100	1514	0	1049282	32	9321255	100	2	16200                              	34098	0	9321255	0
0.5	8100	1727	0	1157078	32	9321255	100	2	16200                              	35868	0	9321255	0
0.5	8100	1596	0	1088760	32	9321255	100	2	16200                              	35570	0	9321255	0
0.5	8100	1248	0	914517	32	9321255	100	2	16200                              	30803	0	9321255	0
0.5	8100	1497	0	1040210	32	9321255	100	2	16200                              	30686	0	9321255	0
0.5	8100	1330	0	957017	32	9321255	100	2	16200                              	31782	0	9321255	0
0.5	8100	1529	0	1056876	32	9321255	100	2	16200                              	30306	0	9321255	0
0.5	8100	1267	0	923418	32	9321255	100	2	16200                              	33198	0	9321255	0
0.5	8100	1267	0	925515	32	9321255	100	2	16200                              	29965	0	9321255	0
0.5	8100	1443	0	1012769	32	9321255	100	2	16200                              	30297	0	9321255	0
0.5	8100	1408	0	996599	32	9321255	100	2	16200                              	29722	0	9321255	0
0.5	8100	1414	0	998790	32	9321255	100	2	16200                              	35513	0	9321255	0
0.5	8100	1581	0	1082530	32	9321255	100	2	16200                              	34343	0	9321255	0
0.5	8100	1430	0	1007430	32	9321255	100	2	16200                              	31329	0	9321255	0
0.5	9100	1413	0	1085364	32	9321255	100	2	18200                              	30616	0	9321255	0
0.5	9100	1249	0	992773	32	9321255	100	2	18200                              	32042	0	9321255	0
0.5	9100	1331	0	1037243	32	9321255	100	2	18200                              	32202	0	9321255	0
0.5	9100	1374	0	1062530	32	9321255	100	2	18200                              	30670	0	9321255	0
0.5	9100	1419	0	1088791	32	9321255	100	2	18200                              	25610	0	9321255	0
0.5	9100	1266	0	1000520	32	9321255	100	2	18200                              	26953	0	9321255	0
0.5	9100	1323	0	1034258	32	9321255	100	2	18200                              	31565	0	9321255	0
0.5	9100	1421	0	1088652	32	9321255	100	2	18200                              	33047	0	9321255	0
0.5	9100	1318	0	1033112	32	9321255	100	2	18200                              	24984	0	9321255	0
0.5	9100	1522	0	1147481	32	9321255	100	2	18200                              	31578	0	9321255	0
0.5	9100	1270	0	1001568	32	9321255	100	2	18200                              	32917	0	9321255	0
0.5	9100	1447	0	1106193	32	9321255	100	2	18200                              	33833	0	9321255	0
0.5	9100	1287	0	1014566	32	9321255	100	2	18200                              	30802	0	9321255	0
0.5	9100	1553	0	1164118	32	9321255	100	2	18200                              	32007	0	9321255	0
0.5	9100	1489	0	1127152	32	9321255	100	2	18200                              	29529	0	9321255	0
0.5	9100	1378	0	1065047	32	9321255	100	2	18200                              	32463	0	9321255	0
0.5	9100	1261	0	998957	32	9321255	100	2	18200                              	34401	0	9321255	0
0.5	9100	1459	0	1111747	32	9321255	100	2	18200                              	31116	0	9321255	0
0.5	9100	1399	0	1077645	32	9321255	100	2	18200                              	33164	0	9321255	0
0.5	9100	1346	0	1049348	32	9321255	100	2	18200                              	32476	0	9321255	0
0.5	9100	1603	0	1192912	32	9321255	100	2	18200                              	31594	0	9321255	0
0.5	9100	1190	0	959284	32	9321255	100	2	18200                              	33491	0	9321255	0
0.5	9100	1301	0	1022528	32	9321255	100	2	18200                              	29887	0	9321255	0
0.5	9100	1320	0	1032706	32	9321255	100	2	18200                              	27680	0	9321255	0
0.5	9100	1280	0	1010018	32	9321255	100	2	18200                              	29559	0	9321255	0
0.5	9100	1283	0	1011486	32	9321255	100	2	18200                              	33938	0	9321255	0
0.5	9100	1264	0	1001145	32	9321255	100	2	18200                              	27868	0	9321255	0
0.5	9100	1516	0	1145105	32	9321255	100	2	18200                              	28818	0	9321255	0
0.5	9100	1242	0	987893	32	9321255	100	2	18200                              	28074	0	9321255	0
0.5	9100	1329	0	1037064	32	9321255	100	2	18200                              	31261	0	9321255	0
0.5	9100	1264	0	999944	32	9321255	100	2	18200                              	27947	0	9321255	0
0.5	9100	1147	0	931710	32	9321255	100	2	18200                              	32771	0	9321255	0
0.5	9100	1232	0	982468	32	9321255	100	2	18200                              	28523	0	9321255	0
0.5	9100	1366	0	1058630	32	9321255	100	2	18200                              	27812	0	9321255	0
0.5	9100	1395	0	1075116	32	9321255	100	2	18200                              	31761	0	9321255	0
0.5	9100	1425	0	1092316	32	9321255	100	2	18200                              	29242	0	9321255	0
0.5	9100	1313	0	1026983	32	9321255	100	2	18200                              	27297	0	9321255	0
0.5	9100	1388	0	1071466	32	9321255	100	2	18200                              	30229	0	9321255	0
0.5	9100	1281	0	1009189	32	9321255	100	2	18200                              	29451	0	9321255	0
0.5	9100	1474	0	1118802	32	9321255	100	2	18200                              	32431	0	9321255	0
0.5	9100	1257	0	996725	32	9321255	100	2	18200                              	33299	0	9321255	0
0.5	9100	1270	0	1002805	32	9321255	100	2	18200                              	30656	0	9321255	0
0.5	9100	1363	0	1058238	32	9321255	100	2	18200                              	29328	0	9321255	0
0.5	9100	1430	0	1094988	32	9321255	100	2	18200                              	34022	0	9321255	0
0.5	9100	1258	0	997780	32	9321255	100	2	18200                              	30530	0	9321255	0
0.5	9100	1522	0	1147293	32	9321255	100	2	18200                              	34033	0	9321255	0
0.5	9100	1391	0	1073485	32	9321255	100	2	18200                              	34614	0	9321255	0
0.5	9100	1366	0	1058180	32	9321255	100	2	18200                              	33175	0	9321255	0
0.5	9100	1472	0	1118782	32	9321255	100	2	18200                              	31502	0	9321255	0
0.5	9100	1317	0	1029960	32	9321255	100	2	18200                              	30526	0	9321255	0
0.5	9100	1313	0	1029811	32	9321255	100	2	18200                              	29964	0	9321255	0
0.5	9100	1446	0	1104960	32	9321255	100	2	18200                              	30014	0	9321255	0
0.5	9100	1613	0	1198739	32	9321255	100	2	18200                              	29467	0	9321255	0
0.5	9100	1256	0	995169	32	9321255	100	2	18200                              	30819	0	9321255	0
0.5	9100	1387	0	1070272	32	9321255	100	2	18200                              	25770	0	9321255	0
0.5	9100	1321	0	1032193	32	9321255	100	2	18200                              	31492	0	9321255	0
0.5	9100	1423	0	1089569	32	9321255	100	2	18200                              	29608	0	9321255	0
0.5	9100	1541	0	1157224	32	9321255	100	2	18200                              	31204	0	9321255	0
0.5	9100	1699	0	1247482	32	9321255	100	2	18200                              	30061	0	9321255	0
0.5	9100	1160	0	941321	32	9321255	100	2	18200                              	27824	0	9321255	0
0.5	9100	1495	0	1133735	32	9321255	100	2	18200                              	30964	0	9321255	0
0.5	9100	1345	0	1046614	32	9321255	100	2	18200                              	31534	0	9321255	0
0.5	9100	1181	0	954038	32	9321255	100	2	18200                              	30685	0	9321255	0
0.5	9100	1441	0	1100312	32	9321255	100	2	18200                              	31294	0	9321255	0
0.5	9100	1301	0	1021421	32	9321255	100	2	18200                              	33427	0	9321255	0
0.5	9100	1445	0	1103414	32	9321255	100	2	18200                              	29807	0	9321255	0
0.5	9100	1351	0	1051009	32	9321255	100	2	18200                              	30697	0	9321255	0
0.5	9100	1350	0	1049011	32	9321255	100	2	18200                              	30922	0	9321255	0
0.5	9100	1407	0	1080731	32	9321255	100	2	18200                              	31434	0	9321255	0
0.5	9100	1289	0	1014948	32	9321255	100	2	18200                              	33809	0	9321255	0
0.5	9100	1272	0	1005274	32	9321255	100	2	18200                              	33119	0	9321255	0
0.5	9100	1496	0	1131066	32	9321255	100	2	18200                              	27469	0	9321255	0
0.5	9100	1338	0	1044245	32	9321255	100	2	18200                              	27120	0	9321255	0
0.5	9100	1229	0	980504	32	9321255	100	2	18200                              	33777	0	9321255	0
0.5	9100	1396	0	1074408	32	9321255	100	2	18200                              	28018	0	9321255	0
0.5	9100	1447	0	1104760	32	9321255	100	2	18200                              	31864	0	9321255	0
0.5	9100	1387	0	1071360	32	9321255	100	2	18200                              	34732	0	9321255	0
0.5	9100	1319	0	1032979	32	9321255	100	2	18200                              	23958	0	9321255	0
0.5	9100	1435	0	1098752	32	9321255	100	2	18200                              	33554	0	9321255	0
0.5	9100	1314	0	1028219	32	9321255	100	2	18200                              	31168	0	9321255	0
0.5	9100	1202	0	966334	32	9321255	100	2	18200                              	28621	0	9321255	0
0.5	9100	1559	0	1169304	32	9321255	100	2	18200                              	30814	0	9321255	0
0.5	9100	1308	0	1024432	32	9321255	100	2	18200                              	34726	0	9321255	0
0.5	9100	1242	0	987107	32	9321255	100	2	18200                              	32359	0	9321255	0
0.5	9100	1178	0	951068	32	9321255	100	2	18200                              	32992	0	9321255	0
0.5	9100	1417	0	1088322	32	9321255	100	2	18200                              	30202	0	9321255	0
0.5	9100	1250	0	993689	32	9321255	100	2	18200                              	32597	0	9321255	0
0.5	9100	1340	0	1043237	32	9321255	100	2	18200                              	27070	0	9321255	0
0.5	9100	1284	0	1012679	32	9321255	100	2	18200                              	31368	0	9321255	0
0.5	9100	1407	0	1082531	32	9321255	100	2	18200                              	33796	0	9321255	0
0.5	9100	1256	0	995418	32	9321255	100	2	18200                              	33064	0	9321255	0
0.5	9100	1198	0	964129	32	9321255	100	2	18200                              	36180	0	9321255	0
0.5	9100	1253	0	996044	32	9321255	100	2	18200                              	27246	0	9321255	0
0.5	9100	1230	0	979481	32	9321255	100	2	18200                              	33893	0	9321255	0
0.5	9100	1317	0	1031764	32	9321255	100	2	18200                              	27943	0	9321255	0
0.5	9100	1438	0	1100828	32	9321255	100	2	18200                              	32200	0	9321255	0
0.5	9100	1376	0	1063144	32	9321255	100	2	18200                              	33923	0	9321255	0
0.5	9100	1322	0	1033252	32	9321255	100	2	18200                              	29462	0	9321255	0
0.5	9100	1498	0	1134353	32	9321255	100	2	18200                              	26706	0	9321255	0
0.5	9100	1572	0	1175369	32	9321255	100	2	18200                              	28503	0	9321255	0
