#using seed 0.056969
# Work:9321255, depth:282845, work/p+depth:2613158.75
#PROCESSORS: 4, RUNS: 100
#prb	R-l	ISR	ESR	runTime	processors    	work	taskThreshold	lGranularity	rGranularity	IDATAT	EDATAT	W0	W1
0.5	100	1162	0	2388347	4	9321255	100	2	200                              	9911	0	9321255	0
0.5	100	635	0	2361945	4	9321255	100	2	200                              	3254	0	9321255	0
0.5	100	926	0	2376497	4	9321255	100	2	200                              	7264	0	9321255	0
0.5	100	853	0	2372893	4	9321255	100	2	200                              	8716	0	9321255	0
0.5	100	909	0	2375601	4	9321255	100	2	200                              	7688	0	9321255	0
0.5	100	1393	0	2399808	4	9321255	100	2	200                              	7706	0	9321255	0
0.5	100	2253	0	2442832	4	9321255	100	2	200                              	6864	0	9321255	0
0.5	100	1107	0	2385563	4	9321255	100	2	200                              	11988	0	9321255	0
0.5	100	716	0	2365998	4	9321255	100	2	200                              	7899	0	9321255	0
0.5	100	887	0	2374545	4	9321255	100	2	200                              	10902	0	9321255	0
0.5	100	740	0	2367154	4	9321255	100	2	200                              	8091	0	9321255	0
0.5	100	1410	0	2400675	4	9321255	100	2	200                              	7706	0	9321255	0
0.5	100	2113	0	2435862	4	9321255	100	2	200                              	8069	0	9321255	0
0.5	100	1415	0	2400946	4	9321255	100	2	200                              	8360	0	9321255	0
0.5	100	817	0	2371060	4	9321255	100	2	200                              	9375	0	9321255	0
0.5	100	1422	0	2401268	4	9321255	100	2	200                              	8843	0	9321255	0
0.5	100	1414	0	2400885	4	9321255	100	2	200                              	8238	0	9321255	0
0.5	100	2168	0	2438608	4	9321255	100	2	200                              	7426	0	9321255	0
0.5	100	895	0	2374918	4	9321255	100	2	200                              	10618	0	9321255	0
0.5	100	712	0	2365808	4	9321255	100	2	200                              	7437	0	9321255	0
0.5	100	964	0	2378366	4	9321255	100	2	200                              	11822	0	9321255	0
0.5	100	945	0	2377482	4	9321255	100	2	200                              	10274	0	9321255	0
0.5	100	1875	0	2423919	4	9321255	100	2	200                              	6311	0	9321255	0
0.5	100	675	0	2363925	4	9321255	100	2	200                              	4332	0	9321255	0
0.5	100	928	0	2376635	4	9321255	100	2	200                              	8579	0	9321255	0
0.5	100	1615	0	2410931	4	9321255	100	2	200                              	7998	0	9321255	0
0.5	100	1447	0	2402496	4	9321255	100	2	200                              	7134	0	9321255	0
0.5	100	836	0	2371975	4	9321255	100	2	200                              	9912	0	9321255	0
0.5	100	1457	0	2403009	4	9321255	100	2	200                              	8084	0	9321255	0
0.5	100	2268	0	2443624	4	9321255	100	2	200                              	7268	0	9321255	0
0.5	100	1011	0	2380702	4	9321255	100	2	200                              	10464	0	9321255	0
0.5	100	1770	0	2418706	4	9321255	100	2	200                              	8695	0	9321255	0
0.5	100	1059	0	2383140	4	9321255	100	2	200                              	9311	0	9321255	0
0.5	100	1445	0	2402408	4	9321255	100	2	200                              	11632	0	9321255	0
0.5	100	1127	0	2386583	4	9321255	100	2	200                              	7391	0	9321255	0
0.5	100	1940	0	2427161	4	9321255	100	2	200                              	10134	0	9321255	0
0.5	100	929	0	2376623	4	9321255	100	2	200                              	9960	0	9321255	0
0.5	100	1398	0	2400114	4	9321255	100	2	200                              	7134	0	9321255	0
0.5	100	1007	0	2380527	4	9321255	100	2	200                              	7717	0	9321255	0
0.5	100	1554	0	2407910	4	9321255	100	2	200                              	7591	0	9321255	0
0.5	100	1865	0	2423466	4	9321255	100	2	200                              	10281	0	9321255	0
0.5	100	905	0	2375385	4	9321255	100	2	200                              	8964	0	9321255	0
0.5	100	2597	0	2460016	4	9321255	100	2	200                              	10171	0	9321255	0
0.5	100	790	0	2369678	4	9321255	100	2	200                              	8480	0	9321255	0
0.5	100	739	0	2367147	4	9321255	100	2	200                              	7357	0	9321255	0
0.5	100	1211	0	2390758	4	9321255	100	2	200                              	8421	0	9321255	0
0.5	100	1422	0	2401271	4	9321255	100	2	200                              	7556	0	9321255	0
0.5	100	925	0	2376453	4	9321255	100	2	200                              	7542	0	9321255	0
0.5	100	1715	0	2415995	4	9321255	100	2	200                              	6021	0	9321255	0
0.5	100	739	0	2367118	4	9321255	100	2	200                              	8486	0	9321255	0
0.5	100	628	0	2361604	4	9321255	100	2	200                              	3255	0	9321255	0
0.5	100	884	0	2374347	4	9321255	100	2	200                              	9371	0	9321255	0
0.5	100	747	0	2367500	4	9321255	100	2	200                              	10352	0	9321255	0
0.5	100	1447	0	2402536	4	9321255	100	2	200                              	8105	0	9321255	0
0.5	100	1153	0	2387833	4	9321255	100	2	200                              	13120	0	9321255	0
0.5	100	1035	0	2381948	4	9321255	100	2	200                              	10536	0	9321255	0
0.5	100	1655	0	2412926	4	9321255	100	2	200                              	6576	0	9321255	0
0.5	100	1756	0	2417970	4	9321255	100	2	200                              	11663	0	9321255	0
0.5	100	1976	0	2428994	4	9321255	100	2	200                              	12426	0	9321255	0
0.5	100	1016	0	2381003	4	9321255	100	2	200                              	9143	0	9321255	0
0.5	100	1944	0	2427325	4	9321255	100	2	200                              	8350	0	9321255	0
0.5	100	956	0	2378020	4	9321255	100	2	200                              	7675	0	9321255	0
0.5	100	714	0	2365856	4	9321255	100	2	200                              	6895	0	9321255	0
0.5	100	665	0	2363422	4	9321255	100	2	200                              	5950	0	9321255	0
0.5	100	1238	0	2392105	4	9321255	100	2	200                              	6526	0	9321255	0
0.5	100	704	0	2365391	4	9321255	100	2	200                              	7655	0	9321255	0
0.5	100	1414	0	2400907	4	9321255	100	2	200                              	7134	0	9321255	0
0.5	100	858	0	2373115	4	9321255	100	2	200                              	7219	0	9321255	0
0.5	100	1419	0	2401187	4	9321255	100	2	200                              	8255	0	9321255	0
0.5	100	811	0	2370762	4	9321255	100	2	200                              	8814	0	9321255	0
0.5	100	1146	0	2387504	4	9321255	100	2	200                              	10677	0	9321255	0
0.5	100	961	0	2378288	4	9321255	100	2	200                              	10737	0	9321255	0
0.5	100	948	0	2377547	4	9321255	100	2	200                              	9793	0	9321255	0
0.5	100	913	0	2375872	4	9321255	100	2	200                              	12602	0	9321255	0
0.5	100	639	0	2362081	4	9321255	100	2	200                              	3255	0	9321255	0
0.5	100	861	0	2373222	4	9321255	100	2	200                              	12689	0	9321255	0
0.5	100	2070	0	2433672	4	9321255	100	2	200                              	8776	0	9321255	0
0.5	100	2476	0	2454008	4	9321255	100	2	200                              	6010	0	9321255	0
0.5	100	1856	0	2422978	4	9321255	100	2	200                              	11453	0	9321255	0
0.5	100	637	0	2362035	4	9321255	100	2	200                              	6690	0	9321255	0
0.5	100	1619	0	2411146	4	9321255	100	2	200                              	6986	0	9321255	0
0.5	100	763	0	2368349	4	9321255	100	2	200                              	7175	0	9321255	0
0.5	100	1412	0	2400833	4	9321255	100	2	200                              	8402	0	9321255	0
0.5	100	2105	0	2435487	4	9321255	100	2	200                              	6365	0	9321255	0
0.5	100	1712	0	2415770	4	9321255	100	2	200                              	6886	0	9321255	0
0.5	100	1704	0	2415409	4	9321255	100	2	200                              	6284	0	9321255	0
0.5	100	775	0	2368879	4	9321255	100	2	200                              	8797	0	9321255	0
0.5	100	870	0	2373714	4	9321255	100	2	200                              	7553	0	9321255	0
0.5	100	2101	0	2435216	4	9321255	100	2	200                              	6616	0	9321255	0
0.5	100	833	0	2371859	4	9321255	100	2	200                              	8870	0	9321255	0
0.5	100	2013	0	2430827	4	9321255	100	2	200                              	8511	0	9321255	0
0.5	100	967	0	2378559	4	9321255	100	2	200                              	11263	0	9321255	0
0.5	100	742	0	2367291	4	9321255	100	2	200                              	5049	0	9321255	0
0.5	100	925	0	2376415	4	9321255	100	2	200                              	9943	0	9321255	0
0.5	100	1682	0	2414300	4	9321255	100	2	200                              	8508	0	9321255	0
0.5	100	1001	0	2380248	4	9321255	100	2	200                              	7278	0	9321255	0
0.5	100	2295	0	2444897	4	9321255	100	2	200                              	8700	0	9321255	0
0.5	100	968	0	2378587	4	9321255	100	2	200                              	10127	0	9321255	0
0.5	100	1389	0	2399632	4	9321255	100	2	200                              	9154	0	9321255	0
0.5	100	856	0	2373005	4	9321255	100	2	200                              	6515	0	9321255	0
0.5	1100	84	0	2375416	4	9321255	100	2	2200                              	2609	0	9321255	0
0.5	1100	92	0	2379526	4	9321255	100	2	2200                              	2609	0	9321255	0
0.5	1100	97	0	2382108	4	9321255	100	2	2200                              	4953	0	9321255	0
0.5	1100	138	0	2405091	4	9321255	100	2	2200                              	5710	0	9321255	0
0.5	1100	157	0	2415529	4	9321255	100	2	2200                              	5741	0	9321255	0
0.5	1100	300	0	2493537	4	9321255	100	2	2200                              	10508	0	9321255	0
0.5	1100	89	0	2377547	4	9321255	100	2	2200                              	3609	0	9321255	0
0.5	1100	242	0	2461855	4	9321255	100	2	2200                              	8068	0	9321255	0
0.5	1100	149	0	2410690	4	9321255	100	2	2200                              	6752	0	9321255	0
0.5	1100	209	0	2444009	4	9321255	100	2	2200                              	7257	0	9321255	0
0.5	1100	214	0	2446585	4	9321255	100	2	2200                              	6250	0	9321255	0
0.5	1100	167	0	2420930	4	9321255	100	2	2200                              	7228	0	9321255	0
0.5	1100	180	0	2428346	4	9321255	100	2	2200                              	7334	0	9321255	0
0.5	1100	101	0	2384955	4	9321255	100	2	2200                              	4709	0	9321255	0
0.5	1100	286	0	2485791	4	9321255	100	2	2200                              	9635	0	9321255	0
0.5	1100	144	0	2407783	4	9321255	100	2	2200                              	6545	0	9321255	0
0.5	1100	140	0	2406350	4	9321255	100	2	2200                              	7073	0	9321255	0
0.5	1100	204	0	2441136	4	9321255	100	2	2200                              	12827	0	9321255	0
0.5	1100	112	0	2390883	4	9321255	100	2	2200                              	4524	0	9321255	0
0.5	1100	112	0	2390711	4	9321255	100	2	2200                              	4159	0	9321255	0
0.5	1100	128	0	2399546	4	9321255	100	2	2200                              	7361	0	9321255	0
0.5	1100	117	0	2393223	4	9321255	100	2	2200                              	5237	0	9321255	0
0.5	1100	89	0	2377547	4	9321255	100	2	2200                              	2609	0	9321255	0
0.5	1100	218	0	2448801	4	9321255	100	2	2200                              	14296	0	9321255	0
0.5	1100	167	0	2420983	4	9321255	100	2	2200                              	17648	0	9321255	0
0.5	1100	254	0	2468576	4	9321255	100	2	2200                              	10011	0	9321255	0
0.5	1100	103	0	2386126	4	9321255	100	2	2200                              	2609	0	9321255	0
0.5	1100	143	0	2407157	4	9321255	100	2	2200                              	6698	0	9321255	0
0.5	1100	147	0	2409969	4	9321255	100	2	2200                              	8631	0	9321255	0
0.5	1100	135	0	2403098	4	9321255	100	2	2200                              	6067	0	9321255	0
0.5	1100	105	0	2386593	4	9321255	100	2	2200                              	5301	0	9321255	0
0.5	1100	184	0	2430038	4	9321255	100	2	2200                              	7239	0	9321255	0
0.5	1100	138	0	2404488	4	9321255	100	2	2200                              	10102	0	9321255	0
0.5	1100	114	0	2391682	4	9321255	100	2	2200                              	6692	0	9321255	0
0.5	1100	128	0	2399499	4	9321255	100	2	2200                              	6312	0	9321255	0
0.5	1100	279	0	2482547	4	9321255	100	2	2200                              	7105	0	9321255	0
0.5	1100	135	0	2402979	4	9321255	100	2	2200                              	7054	0	9321255	0
0.5	1100	188	0	2432088	4	9321255	100	2	2200                              	11562	0	9321255	0
0.5	1100	151	0	2411986	4	9321255	100	2	2200                              	8300	0	9321255	0
0.5	1100	195	0	2436209	4	9321255	100	2	2200                              	11807	0	9321255	0
0.5	1100	121	0	2395603	4	9321255	100	2	2200                              	4074	0	9321255	0
0.5	1100	93	0	2379747	4	9321255	100	2	2200                              	2609	0	9321255	0
0.5	1100	199	0	2438977	4	9321255	100	2	2200                              	11548	0	9321255	0
0.5	1100	84	0	2375126	4	9321255	100	2	2200                              	2609	0	9321255	0
0.5	1100	82	0	2374704	4	9321255	100	2	2200                              	3229	0	9321255	0
0.5	1100	137	0	2404033	4	9321255	100	2	2200                              	5623	0	9321255	0
0.5	1100	207	0	2442474	4	9321255	100	2	2200                              	11253	0	9321255	0
0.5	1100	175	0	2425290	4	9321255	100	2	2200                              	11134	0	9321255	0
0.5	1100	178	0	2427008	4	9321255	100	2	2200                              	9089	0	9321255	0
0.5	1100	100	0	2383648	4	9321255	100	2	2200                              	4162	0	9321255	0
0.5	1100	94	0	2380806	4	9321255	100	2	2200                              	3158	0	9321255	0
0.5	1100	219	0	2449285	4	9321255	100	2	2200                              	11111	0	9321255	0
0.5	1100	132	0	2401808	4	9321255	100	2	2200                              	7456	0	9321255	0
0.5	1100	217	0	2448300	4	9321255	100	2	2200                              	17687	0	9321255	0
0.5	1100	102	0	2384952	4	9321255	100	2	2200                              	5560	0	9321255	0
0.5	1100	124	0	2397415	4	9321255	100	2	2200                              	7169	0	9321255	0
0.5	1100	186	0	2431322	4	9321255	100	2	2200                              	14457	0	9321255	0
0.5	1100	192	0	2434932	4	9321255	100	2	2200                              	14040	0	9321255	0
0.5	1100	110	0	2389151	4	9321255	100	2	2200                              	3498	0	9321255	0
0.5	1100	90	0	2378598	4	9321255	100	2	2200                              	3229	0	9321255	0
0.5	1100	221	0	2450680	4	9321255	100	2	2200                              	8891	0	9321255	0
0.5	1100	88	0	2377326	4	9321255	100	2	2200                              	2609	0	9321255	0
0.5	1100	114	0	2392086	4	9321255	100	2	2200                              	4951	0	9321255	0
0.5	1100	142	0	2407129	4	9321255	100	2	2200                              	6464	0	9321255	0
0.5	1100	139	0	2404771	4	9321255	100	2	2200                              	5875	0	9321255	0
0.5	1100	87	0	2377326	4	9321255	100	2	2200                              	2609	0	9321255	0
0.5	1100	273	0	2478775	4	9321255	100	2	2200                              	8364	0	9321255	0
0.5	1100	118	0	2393916	4	9321255	100	2	2200                              	4895	0	9321255	0
0.5	1100	114	0	2391899	4	9321255	100	2	2200                              	6244	0	9321255	0
0.5	1100	102	0	2385099	4	9321255	100	2	2200                              	4110	0	9321255	0
0.5	1100	259	0	2471160	4	9321255	100	2	2200                              	12752	0	9321255	0
0.5	1100	201	0	2439256	4	9321255	100	2	2200                              	13127	0	9321255	0
0.5	1100	137	0	2404801	4	9321255	100	2	2200                              	5502	0	9321255	0
0.5	1100	195	0	2435735	4	9321255	100	2	2200                              	11518	0	9321255	0
0.5	1100	126	0	2398189	4	9321255	100	2	2200                              	5493	0	9321255	0
0.5	1100	215	0	2447377	4	9321255	100	2	2200                              	12100	0	9321255	0
0.5	1100	107	0	2387991	4	9321255	100	2	2200                              	5557	0	9321255	0
0.5	1100	181	0	2428346	4	9321255	100	2	2200                              	11233	0	9321255	0
0.5	1100	169	0	2421901	4	9321255	100	2	2200                              	6325	0	9321255	0
0.5	1100	138	0	2404710	4	9321255	100	2	2200                              	6083	0	9321255	0
0.5	1100	210	0	2444032	4	9321255	100	2	2200                              	5750	0	9321255	0
0.5	1100	84	0	2375204	4	9321255	100	2	2200                              	2609	0	9321255	0
0.5	1100	182	0	2428773	4	9321255	100	2	2200                              	9213	0	9321255	0
0.5	1100	95	0	2381338	4	9321255	100	2	2200                              	4170	0	9321255	0
0.5	1100	129	0	2400046	4	9321255	100	2	2200                              	6018	0	9321255	0
0.5	1100	150	0	2411333	4	9321255	100	2	2200                              	7161	0	9321255	0
0.5	1100	196	0	2436655	4	9321255	100	2	2200                              	12401	0	9321255	0
0.5	1100	109	0	2388892	4	9321255	100	2	2200                              	3859	0	9321255	0
0.5	1100	130	0	2399893	4	9321255	100	2	2200                              	5271	0	9321255	0
0.5	1100	127	0	2398646	4	9321255	100	2	2200                              	7114	0	9321255	0
0.5	1100	274	0	2479634	4	9321255	100	2	2200                              	8550	0	9321255	0
0.5	1100	188	0	2432407	4	9321255	100	2	2200                              	13037	0	9321255	0
0.5	1100	110	0	2389342	4	9321255	100	2	2200                              	5573	0	9321255	0
0.5	1100	92	0	2379925	4	9321255	100	2	2200                              	3162	0	9321255	0
0.5	1100	114	0	2391331	4	9321255	100	2	2200                              	4671	0	9321255	0
0.5	1100	233	0	2456858	4	9321255	100	2	2200                              	11009	0	9321255	0
0.5	1100	144	0	2408386	4	9321255	100	2	2200                              	7801	0	9321255	0
0.5	1100	114	0	2391690	4	9321255	100	2	2200                              	6633	0	9321255	0
0.5	1100	116	0	2392482	4	9321255	100	2	2200                              	5762	0	9321255	0
0.5	1100	102	0	2385480	4	9321255	100	2	2200                              	4143	0	9321255	0
0.5	2100	169	0	2504765	4	9321255	100	2	4200                              	12056	0	9321255	0
0.5	2100	128	0	2462825	4	9321255	100	2	4200                              	6002	0	9321255	0
0.5	2100	68	0	2399276	4	9321255	100	2	4200                              	3922	0	9321255	0
0.5	2100	90	0	2421353	4	9321255	100	2	4200                              	6272	0	9321255	0
0.5	2100	141	0	2475305	4	9321255	100	2	4200                              	13487	0	9321255	0
0.5	2100	65	0	2396155	4	9321255	100	2	4200                              	4730	0	9321255	0
0.5	2100	200	0	2537234	4	9321255	100	2	4200                              	12546	0	9321255	0
0.5	2100	171	0	2506778	4	9321255	100	2	4200                              	6961	0	9321255	0
0.5	2100	163	0	2498786	4	9321255	100	2	4200                              	14324	0	9321255	0
0.5	2100	165	0	2501953	4	9321255	100	2	4200                              	11587	0	9321255	0
0.5	2100	83	0	2414305	4	9321255	100	2	4200                              	4445	0	9321255	0
0.5	2100	112	0	2445694	4	9321255	100	2	4200                              	5960	0	9321255	0
0.5	2100	82	0	2412533	4	9321255	100	2	4200                              	5448	0	9321255	0
0.5	2100	149	0	2484856	4	9321255	100	2	4200                              	10248	0	9321255	0
0.5	2100	208	0	2546417	4	9321255	100	2	4200                              	9030	0	9321255	0
0.5	2100	106	0	2439504	4	9321255	100	2	4200                              	6704	0	9321255	0
0.5	2100	175	0	2510990	4	9321255	100	2	4200                              	14711	0	9321255	0
0.5	2100	85	0	2416248	4	9321255	100	2	4200                              	4833	0	9321255	0
0.5	2100	146	0	2480676	4	9321255	100	2	4200                              	9252	0	9321255	0
0.5	2100	122	0	2455310	4	9321255	100	2	4200                              	10206	0	9321255	0
0.5	2100	149	0	2485258	4	9321255	100	2	4200                              	8090	0	9321255	0
0.5	2100	78	0	2409700	4	9321255	100	2	4200                              	4699	0	9321255	0
0.5	2100	117	0	2450975	4	9321255	100	2	4200                              	11168	0	9321255	0
0.5	2100	67	0	2397861	4	9321255	100	2	4200                              	5013	0	9321255	0
0.5	2100	77	0	2408399	4	9321255	100	2	4200                              	4462	0	9321255	0
0.5	2100	162	0	2498395	4	9321255	100	2	4200                              	8262	0	9321255	0
0.5	2100	90	0	2422752	4	9321255	100	2	4200                              	3537	0	9321255	0
0.5	2100	104	0	2437306	4	9321255	100	2	4200                              	5928	0	9321255	0
0.5	2100	234	0	2573110	4	9321255	100	2	4200                              	7596	0	9321255	0
0.5	2100	113	0	2446078	4	9321255	100	2	4200                              	7912	0	9321255	0
0.5	2100	109	0	2443220	4	9321255	100	2	4200                              	8099	0	9321255	0
0.5	2100	185	0	2522115	4	9321255	100	2	4200                              	10031	0	9321255	0
0.5	2100	177	0	2512859	4	9321255	100	2	4200                              	10070	0	9321255	0
0.5	2100	145	0	2479740	4	9321255	100	2	4200                              	10508	0	9321255	0
0.5	2100	200	0	2537581	4	9321255	100	2	4200                              	9776	0	9321255	0
0.5	2100	157	0	2493014	4	9321255	100	2	4200                              	10024	0	9321255	0
0.5	2100	64	0	2394982	4	9321255	100	2	4200                              	2609	0	9321255	0
0.5	2100	236	0	2575120	4	9321255	100	2	4200                              	12954	0	9321255	0
0.5	2100	96	0	2428025	4	9321255	100	2	4200                              	5784	0	9321255	0
0.5	2100	113	0	2446500	4	9321255	100	2	4200                              	6826	0	9321255	0
0.5	2100	159	0	2495352	4	9321255	100	2	4200                              	9123	0	9321255	0
0.5	2100	179	0	2515610	4	9321255	100	2	4200                              	9621	0	9321255	0
0.5	2100	192	0	2528712	4	9321255	100	2	4200                              	6085	0	9321255	0
0.5	2100	203	0	2541737	4	9321255	100	2	4200                              	7749	0	9321255	0
0.5	2100	71	0	2401476	4	9321255	100	2	4200                              	3669	0	9321255	0
0.5	2100	134	0	2467578	4	9321255	100	2	4200                              	11964	0	9321255	0
0.5	2100	95	0	2427786	4	9321255	100	2	4200                              	7288	0	9321255	0
0.5	2100	101	0	2433258	4	9321255	100	2	4200                              	9956	0	9321255	0
0.5	2100	134	0	2469762	4	9321255	100	2	4200                              	11452	0	9321255	0
0.5	2100	102	0	2434359	4	9321255	100	2	4200                              	6152	0	9321255	0
0.5	2100	93	0	2424904	4	9321255	100	2	4200                              	3229	0	9321255	0
0.5	2100	99	0	2430913	4	9321255	100	2	4200                              	5157	0	9321255	0
0.5	2100	97	0	2428763	4	9321255	100	2	4200                              	6509	0	9321255	0
0.5	2100	138	0	2472129	4	9321255	100	2	4200                              	7808	0	9321255	0
0.5	2100	188	0	2525716	4	9321255	100	2	4200                              	11160	0	9321255	0
0.5	2100	132	0	2466282	4	9321255	100	2	4200                              	11168	0	9321255	0
0.5	2100	99	0	2431474	4	9321255	100	2	4200                              	6380	0	9321255	0
0.5	2100	62	0	2391947	4	9321255	100	2	4200                              	2609	0	9321255	0
0.5	2100	65	0	2396147	4	9321255	100	2	4200                              	2609	0	9321255	0
0.5	2100	196	0	2533028	4	9321255	100	2	4200                              	12281	0	9321255	0
0.5	2100	91	0	2423298	4	9321255	100	2	4200                              	6563	0	9321255	0
0.5	2100	168	0	2503965	4	9321255	100	2	4200                              	12204	0	9321255	0
0.5	2100	59	0	2390822	4	9321255	100	2	4200                              	4229	0	9321255	0
0.5	2100	139	0	2474011	4	9321255	100	2	4200                              	10337	0	9321255	0
0.5	2100	178	0	2514090	4	9321255	100	2	4200                              	10206	0	9321255	0
0.5	2100	166	0	2501948	4	9321255	100	2	4200                              	7089	0	9321255	0
0.5	2100	71	0	2402298	4	9321255	100	2	4200                              	3392	0	9321255	0
0.5	2100	145	0	2480285	4	9321255	100	2	4200                              	13887	0	9321255	0
0.5	2100	114	0	2446750	4	9321255	100	2	4200                              	7739	0	9321255	0
0.5	2100	172	0	2508350	4	9321255	100	2	4200                              	9353	0	9321255	0
0.5	2100	164	0	2499494	4	9321255	100	2	4200                              	10667	0	9321255	0
0.5	2100	149	0	2483937	4	9321255	100	2	4200                              	8379	0	9321255	0
0.5	2100	164	0	2499630	4	9321255	100	2	4200                              	10719	0	9321255	0
0.5	2100	202	0	2540027	4	9321255	100	2	4200                              	10263	0	9321255	0
0.5	2100	155	0	2489871	4	9321255	100	2	4200                              	7704	0	9321255	0
0.5	2100	100	0	2432424	4	9321255	100	2	4200                              	6453	0	9321255	0
0.5	2100	152	0	2486990	4	9321255	100	2	4200                              	14234	0	9321255	0
0.5	2100	82	0	2414098	4	9321255	100	2	4200                              	4692	0	9321255	0
0.5	2100	129	0	2462725	4	9321255	100	2	4200                              	9790	0	9321255	0
0.5	2100	62	0	2392729	4	9321255	100	2	4200                              	3229	0	9321255	0
0.5	2100	99	0	2431250	4	9321255	100	2	4200                              	6574	0	9321255	0
0.5	2100	140	0	2474215	4	9321255	100	2	4200                              	9017	0	9321255	0
0.5	2100	120	0	2453248	4	9321255	100	2	4200                              	9535	0	9321255	0
0.5	2100	123	0	2456839	4	9321255	100	2	4200                              	7703	0	9321255	0
0.5	2100	110	0	2442931	4	9321255	100	2	4200                              	7119	0	9321255	0
0.5	2100	72	0	2403348	4	9321255	100	2	4200                              	4778	0	9321255	0
0.5	2100	133	0	2467145	4	9321255	100	2	4200                              	7242	0	9321255	0
0.5	2100	168	0	2503743	4	9321255	100	2	4200                              	9349	0	9321255	0
0.5	2100	88	0	2419540	4	9321255	100	2	4200                              	4135	0	9321255	0
0.5	2100	83	0	2416059	4	9321255	100	2	4200                              	5539	0	9321255	0
0.5	2100	136	0	2470697	4	9321255	100	2	4200                              	8849	0	9321255	0
0.5	2100	68	0	2398508	4	9321255	100	2	4200                              	3254	0	9321255	0
0.5	2100	129	0	2462400	4	9321255	100	2	4200                              	8467	0	9321255	0
0.5	2100	78	0	2409889	4	9321255	100	2	4200                              	5030	0	9321255	0
0.5	2100	92	0	2424926	4	9321255	100	2	4200                              	5671	0	9321255	0
0.5	2100	103	0	2436262	4	9321255	100	2	4200                              	6121	0	9321255	0
0.5	2100	87	0	2418306	4	9321255	100	2	4200                              	4119	0	9321255	0
0.5	2100	142	0	2476649	4	9321255	100	2	4200                              	5849	0	9321255	0
0.5	2100	93	0	2425230	4	9321255	100	2	4200                              	5951	0	9321255	0
0.5	2100	86	0	2417801	4	9321255	100	2	4200                              	3886	0	9321255	0
0.5	3100	92	0	2468410	4	9321255	100	2	6200                              	6786	0	9321255	0
0.5	3100	75	0	2443576	4	9321255	100	2	6200                              	4820	0	9321255	0
0.5	3100	97	0	2476618	4	9321255	100	2	6200                              	12187	0	9321255	0
0.5	3100	91	0	2466950	4	9321255	100	2	6200                              	5863	0	9321255	0
0.5	3100	147	0	2554780	4	9321255	100	2	6200                              	6079	0	9321255	0
0.5	3100	76	0	2443495	4	9321255	100	2	6200                              	4017	0	9321255	0
0.5	3100	88	0	2462493	4	9321255	100	2	6200                              	6770	0	9321255	0
0.5	3100	79	0	2448828	4	9321255	100	2	6200                              	5939	0	9321255	0
0.5	3100	91	0	2468309	4	9321255	100	2	6200                              	6200	0	9321255	0
0.5	3100	54	0	2411226	4	9321255	100	2	6200                              	3162	0	9321255	0
0.5	3100	81	0	2452314	4	9321255	100	2	6200                              	4710	0	9321255	0
0.5	3100	86	0	2459278	4	9321255	100	2	6200                              	7362	0	9321255	0
0.5	3100	79	0	2447667	4	9321255	100	2	6200                              	5921	0	9321255	0
0.5	3100	80	0	2450853	4	9321255	100	2	6200                              	5255	0	9321255	0
0.5	3100	83	0	2455075	4	9321255	100	2	6200                              	5552	0	9321255	0
0.5	3100	54	0	2409899	4	9321255	100	2	6200                              	3498	0	9321255	0
0.5	3100	128	0	2523949	4	9321255	100	2	6200                              	8392	0	9321255	0
0.5	3100	126	0	2523030	4	9321255	100	2	6200                              	9096	0	9321255	0
0.5	3100	115	0	2503833	4	9321255	100	2	6200                              	12650	0	9321255	0
0.5	3100	65	0	2427661	4	9321255	100	2	6200                              	4579	0	9321255	0
0.5	3100	142	0	2545582	4	9321255	100	2	6200                              	8672	0	9321255	0
0.5	3100	174	0	2595406	4	9321255	100	2	6200                              	12358	0	9321255	0
0.5	3100	140	0	2542644	4	9321255	100	2	6200                              	7607	0	9321255	0
0.5	3100	141	0	2546357	4	9321255	100	2	6200                              	10801	0	9321255	0
0.5	3100	105	0	2488038	4	9321255	100	2	6200                              	7124	0	9321255	0
0.5	3100	187	0	2616317	4	9321255	100	2	6200                              	10772	0	9321255	0
0.5	3100	82	0	2453142	4	9321255	100	2	6200                              	5251	0	9321255	0
0.5	3100	58	0	2415824	4	9321255	100	2	6200                              	3807	0	9321255	0
0.5	3100	71	0	2436919	4	9321255	100	2	6200                              	5223	0	9321255	0
0.5	3100	77	0	2445958	4	9321255	100	2	6200                              	6709	0	9321255	0
0.5	3100	159	0	2571808	4	9321255	100	2	6200                              	10578	0	9321255	0
0.5	3100	85	0	2458483	4	9321255	100	2	6200                              	6265	0	9321255	0
0.5	3100	149	0	2557866	4	9321255	100	2	6200                              	9132	0	9321255	0
0.5	3100	53	0	2409204	4	9321255	100	2	6200                              	2609	0	9321255	0
0.5	3100	193	0	2626311	4	9321255	100	2	6200                              	7986	0	9321255	0
0.5	3100	75	0	2441858	4	9321255	100	2	6200                              	5033	0	9321255	0
0.5	3100	76	0	2442326	4	9321255	100	2	6200                              	4428	0	9321255	0
0.5	3100	73	0	2439876	4	9321255	100	2	6200                              	3943	0	9321255	0
0.5	3100	118	0	2509838	4	9321255	100	2	6200                              	11463	0	9321255	0
0.5	3100	114	0	2503604	4	9321255	100	2	6200                              	5944	0	9321255	0
0.5	3100	111	0	2499120	4	9321255	100	2	6200                              	12244	0	9321255	0
0.5	3100	158	0	2571393	4	9321255	100	2	6200                              	12366	0	9321255	0
0.5	3100	94	0	2472124	4	9321255	100	2	6200                              	5984	0	9321255	0
0.5	3100	139	0	2542356	4	9321255	100	2	6200                              	9817	0	9321255	0
0.5	3100	112	0	2500271	4	9321255	100	2	6200                              	11544	0	9321255	0
0.5	3100	80	0	2451167	4	9321255	100	2	6200                              	4745	0	9321255	0
0.5	3100	100	0	2480804	4	9321255	100	2	6200                              	8932	0	9321255	0
0.5	3100	118	0	2509284	4	9321255	100	2	6200                              	13458	0	9321255	0
0.5	3100	76	0	2445552	4	9321255	100	2	6200                              	5893	0	9321255	0
0.5	3100	62	0	2422034	4	9321255	100	2	6200                              	3997	0	9321255	0
0.5	3100	78	0	2446829	4	9321255	100	2	6200                              	5712	0	9321255	0
0.5	3100	116	0	2507864	4	9321255	100	2	6200                              	10862	0	9321255	0
0.5	3100	175	0	2596989	4	9321255	100	2	6200                              	11740	0	9321255	0
0.5	3100	92	0	2468436	4	9321255	100	2	6200                              	7705	0	9321255	0
0.5	3100	90	0	2466002	4	9321255	100	2	6200                              	7084	0	9321255	0
0.5	3100	58	0	2416145	4	9321255	100	2	6200                              	3254	0	9321255	0
0.5	3100	141	0	2544050	4	9321255	100	2	6200                              	11940	0	9321255	0
0.5	3100	155	0	2566080	4	9321255	100	2	6200                              	7595	0	9321255	0
0.5	3100	162	0	2577085	4	9321255	100	2	6200                              	9617	0	9321255	0
0.5	3100	55	0	2411547	4	9321255	100	2	6200                              	2609	0	9321255	0
0.5	3100	73	0	2439043	4	9321255	100	2	6200                              	5146	0	9321255	0
0.5	3100	152	0	2561468	4	9321255	100	2	6200                              	8289	0	9321255	0
0.5	3100	61	0	2421214	4	9321255	100	2	6200                              	3959	0	9321255	0
0.5	3100	87	0	2461747	4	9321255	100	2	6200                              	6454	0	9321255	0
0.5	3100	59	0	2418869	4	9321255	100	2	6200                              	3944	0	9321255	0
0.5	3100	137	0	2539160	4	9321255	100	2	6200                              	9629	0	9321255	0
0.5	3100	71	0	2436855	4	9321255	100	2	6200                              	5405	0	9321255	0
0.5	3100	59	0	2418013	4	9321255	100	2	6200                              	5034	0	9321255	0
0.5	3100	174	0	2596768	4	9321255	100	2	6200                              	10258	0	9321255	0
0.5	3100	161	0	2574260	4	9321255	100	2	6200                              	7683	0	9321255	0
0.5	3100	55	0	2411547	4	9321255	100	2	6200                              	2609	0	9321255	0
0.5	3100	175	0	2599071	4	9321255	100	2	6200                              	8690	0	9321255	0
0.5	3100	89	0	2463448	4	9321255	100	2	6200                              	6078	0	9321255	0
0.5	3100	133	0	2533160	4	9321255	100	2	6200                              	10591	0	9321255	0
0.5	3100	101	0	2483342	4	9321255	100	2	6200                              	6153	0	9321255	0
0.5	3100	126	0	2521007	4	9321255	100	2	6200                              	9048	0	9321255	0
0.5	3100	59	0	2417616	4	9321255	100	2	6200                              	2609	0	9321255	0
0.5	3100	74	0	2441214	4	9321255	100	2	6200                              	6542	0	9321255	0
0.5	3100	84	0	2457437	4	9321255	100	2	6200                              	5498	0	9321255	0
0.5	3100	60	0	2418874	4	9321255	100	2	6200                              	3181	0	9321255	0
0.5	3100	159	0	2572225	4	9321255	100	2	6200                              	11284	0	9321255	0
0.5	3100	123	0	2515960	4	9321255	100	2	6200                              	7703	0	9321255	0
0.5	3100	56	0	2414650	4	9321255	100	2	6200                              	2609	0	9321255	0
0.5	3100	131	0	2529902	4	9321255	100	2	6200                              	10999	0	9321255	0
0.5	3100	127	0	2523073	4	9321255	100	2	6200                              	9296	0	9321255	0
0.5	3100	122	0	2516083	4	9321255	100	2	6200                              	9266	0	9321255	0
0.5	3100	68	0	2432473	4	9321255	100	2	6200                              	4248	0	9321255	0
0.5	3100	83	0	2456740	4	9321255	100	2	6200                              	5626	0	9321255	0
0.5	3100	89	0	2464782	4	9321255	100	2	6200                              	6605	0	9321255	0
0.5	3100	162	0	2577339	4	9321255	100	2	6200                              	11951	0	9321255	0
0.5	3100	76	0	2444151	4	9321255	100	2	6200                              	4394	0	9321255	0
0.5	3100	108	0	2493347	4	9321255	100	2	6200                              	6976	0	9321255	0
0.5	3100	69	0	2433421	4	9321255	100	2	6200                              	3535	0	9321255	0
0.5	3100	152	0	2562946	4	9321255	100	2	6200                              	11087	0	9321255	0
0.5	3100	116	0	2507303	4	9321255	100	2	6200                              	6623	0	9321255	0
0.5	3100	166	0	2584480	4	9321255	100	2	6200                              	11814	0	9321255	0
0.5	3100	65	0	2428202	4	9321255	100	2	6200                              	4077	0	9321255	0
0.5	3100	99	0	2479088	4	9321255	100	2	6200                              	7122	0	9321255	0
0.5	3100	184	0	2611692	4	9321255	100	2	6200                              	7465	0	9321255	0
0.5	3100	78	0	2448143	4	9321255	100	2	6200                              	4591	0	9321255	0
0.5	4100	111	0	2550913	4	9321255	100	2	8200                              	13822	0	9321255	0
0.5	4100	124	0	2580615	4	9321255	100	2	8200                              	7771	0	9321255	0
0.5	4100	103	0	2536417	4	9321255	100	2	8200                              	7446	0	9321255	0
0.5	4100	112	0	2556938	4	9321255	100	2	8200                              	6821	0	9321255	0
0.5	4100	116	0	2563355	4	9321255	100	2	8200                              	7927	0	9321255	0
0.5	4100	73	0	2476002	4	9321255	100	2	8200                              	5162	0	9321255	0
0.5	4100	98	0	2523615	4	9321255	100	2	8200                              	6807	0	9321255	0
0.5	4100	72	0	2472366	4	9321255	100	2	8200                              	4952	0	9321255	0
0.5	4100	103	0	2534025	4	9321255	100	2	8200                              	12374	0	9321255	0
0.5	4100	153	0	2639124	4	9321255	100	2	8200                              	11199	0	9321255	0
0.5	4100	56	0	2440474	4	9321255	100	2	8200                              	3997	0	9321255	0
0.5	4100	58	0	2444689	4	9321255	100	2	8200                              	2910	0	9321255	0
0.5	4100	140	0	2613546	4	9321255	100	2	8200                              	10454	0	9321255	0
0.5	4100	93	0	2516599	4	9321255	100	2	8200                              	6550	0	9321255	0
0.5	4100	152	0	2636990	4	9321255	100	2	8200                              	9502	0	9321255	0
0.5	4100	91	0	2511815	4	9321255	100	2	8200                              	6861	0	9321255	0
0.5	4100	72	0	2472300	4	9321255	100	2	8200                              	5069	0	9321255	0
0.5	4100	121	0	2573925	4	9321255	100	2	8200                              	10143	0	9321255	0
0.5	4100	79	0	2486370	4	9321255	100	2	8200                              	8846	0	9321255	0
0.5	4100	132	0	2595321	4	9321255	100	2	8200                              	9131	0	9321255	0
0.5	4100	73	0	2476341	4	9321255	100	2	8200                              	6459	0	9321255	0
0.5	4100	146	0	2625679	4	9321255	100	2	8200                              	7751	0	9321255	0
0.5	4100	72	0	2473294	4	9321255	100	2	8200                              	6592	0	9321255	0
0.5	4100	82	0	2492035	4	9321255	100	2	8200                              	6716	0	9321255	0
0.5	4100	123	0	2575840	4	9321255	100	2	8200                              	9855	0	9321255	0
0.5	4100	141	0	2613800	4	9321255	100	2	8200                              	10680	0	9321255	0
0.5	4100	114	0	2558807	4	9321255	100	2	8200                              	8483	0	9321255	0
0.5	4100	152	0	2637008	4	9321255	100	2	8200                              	10867	0	9321255	0
0.5	4100	118	0	2567554	4	9321255	100	2	8200                              	11550	0	9321255	0
0.5	4100	106	0	2541961	4	9321255	100	2	8200                              	5874	0	9321255	0
0.5	4100	56	0	2439568	4	9321255	100	2	8200                              	4191	0	9321255	0
0.5	4100	87	0	2504094	4	9321255	100	2	8200                              	6741	0	9321255	0
0.5	4100	138	0	2606702	4	9321255	100	2	8200                              	9322	0	9321255	0
0.5	4100	76	0	2479998	4	9321255	100	2	8200                              	4468	0	9321255	0
0.5	4100	83	0	2496145	4	9321255	100	2	8200                              	5483	0	9321255	0
0.5	4100	109	0	2548557	4	9321255	100	2	8200                              	11739	0	9321255	0
0.5	4100	76	0	2480697	4	9321255	100	2	8200                              	5699	0	9321255	0
0.5	4100	153	0	2639789	4	9321255	100	2	8200                              	6180	0	9321255	0
0.5	4100	130	0	2592271	4	9321255	100	2	8200                              	9495	0	9321255	0
0.5	4100	67	0	2463146	4	9321255	100	2	8200                              	5634	0	9321255	0
0.5	4100	66	0	2459884	4	9321255	100	2	8200                              	4613	0	9321255	0
0.5	4100	100	0	2529822	4	9321255	100	2	8200                              	11535	0	9321255	0
0.5	4100	88	0	2505139	4	9321255	100	2	8200                              	7608	0	9321255	0
0.5	4100	83	0	2496254	4	9321255	100	2	8200                              	6926	0	9321255	0
0.5	4100	65	0	2456226	4	9321255	100	2	8200                              	4764	0	9321255	0
0.5	4100	78	0	2484738	4	9321255	100	2	8200                              	5877	0	9321255	0
0.5	4100	134	0	2600538	4	9321255	100	2	8200                              	8159	0	9321255	0
0.5	4100	108	0	2547130	4	9321255	100	2	8200                              	7120	0	9321255	0
0.5	4100	72	0	2472978	4	9321255	100	2	8200                              	5889	0	9321255	0
0.5	4100	65	0	2458345	4	9321255	100	2	8200                              	4058	0	9321255	0
0.5	4100	137	0	2605799	4	9321255	100	2	8200                              	8472	0	9321255	0
0.5	4100	135	0	2601924	4	9321255	100	2	8200                              	11237	0	9321255	0
0.5	4100	151	0	2634693	4	9321255	100	2	8200                              	7959	0	9321255	0
0.5	4100	69	0	2467319	4	9321255	100	2	8200                              	6525	0	9321255	0
0.5	4100	111	0	2552319	4	9321255	100	2	8200                              	7514	0	9321255	0
0.5	4100	55	0	2437084	4	9321255	100	2	8200                              	4340	0	9321255	0
0.5	4100	79	0	2486471	4	9321255	100	2	8200                              	6173	0	9321255	0
0.5	4100	129	0	2590384	4	9321255	100	2	8200                              	10302	0	9321255	0
0.5	4100	68	0	2465679	4	9321255	100	2	8200                              	5078	0	9321255	0
0.5	4100	112	0	2554945	4	9321255	100	2	8200                              	8300	0	9321255	0
0.5	4100	115	0	2561468	4	9321255	100	2	8200                              	7367	0	9321255	0
0.5	4100	165	0	2662340	4	9321255	100	2	8200                              	7312	0	9321255	0
0.5	4100	123	0	2577177	4	9321255	100	2	8200                              	13379	0	9321255	0
0.5	4100	127	0	2585482	4	9321255	100	2	8200                              	9825	0	9321255	0
0.5	4100	74	0	2477166	4	9321255	100	2	8200                              	5729	0	9321255	0
0.5	4100	60	0	2447992	4	9321255	100	2	8200                              	4993	0	9321255	0
0.5	4100	114	0	2558174	4	9321255	100	2	8200                              	8947	0	9321255	0
0.5	4100	65	0	2457196	4	9321255	100	2	8200                              	4393	0	9321255	0
0.5	4100	93	0	2516374	4	9321255	100	2	8200                              	12874	0	9321255	0
0.5	4100	58	0	2445015	4	9321255	100	2	8200                              	5657	0	9321255	0
0.5	4100	94	0	2516075	4	9321255	100	2	8200                              	5437	0	9321255	0
0.5	4100	116	0	2564123	4	9321255	100	2	8200                              	8724	0	9321255	0
0.5	4100	67	0	2461544	4	9321255	100	2	8200                              	4502	0	9321255	0
0.5	4100	61	0	2451221	4	9321255	100	2	8200                              	5386	0	9321255	0
0.5	4100	74	0	2476638	4	9321255	100	2	8200                              	4899	0	9321255	0
0.5	4100	74	0	2476353	4	9321255	100	2	8200                              	5204	0	9321255	0
0.5	4100	114	0	2559219	4	9321255	100	2	8200                              	7685	0	9321255	0
0.5	4100	67	0	2462092	4	9321255	100	2	8200                              	5230	0	9321255	0
0.5	4100	84	0	2497908	4	9321255	100	2	8200                              	5827	0	9321255	0
0.5	4100	91	0	2510692	4	9321255	100	2	8200                              	9170	0	9321255	0
0.5	4100	153	0	2638124	4	9321255	100	2	8200                              	9444	0	9321255	0
0.5	4100	139	0	2610460	4	9321255	100	2	8200                              	11257	0	9321255	0
0.5	4100	168	0	2668953	4	9321255	100	2	8200                              	13277	0	9321255	0
0.5	4100	69	0	2466747	4	9321255	100	2	8200                              	5348	0	9321255	0
0.5	4100	68	0	2464821	4	9321255	100	2	8200                              	4103	0	9321255	0
0.5	4100	179	0	2691884	4	9321255	100	2	8200                              	11671	0	9321255	0
0.5	4100	146	0	2623051	4	9321255	100	2	8200                              	8140	0	9321255	0
0.5	4100	128	0	2585344	4	9321255	100	2	8200                              	10903	0	9321255	0
0.5	4100	77	0	2482012	4	9321255	100	2	8200                              	6572	0	9321255	0
0.5	4100	159	0	2650413	4	9321255	100	2	8200                              	13538	0	9321255	0
0.5	4100	85	0	2498795	4	9321255	100	2	8200                              	7200	0	9321255	0
0.5	4100	66	0	2460477	4	9321255	100	2	8200                              	4415	0	9321255	0
0.5	4100	110	0	2551640	4	9321255	100	2	8200                              	10906	0	9321255	0
0.5	4100	90	0	2508168	4	9321255	100	2	8200                              	6543	0	9321255	0
0.5	4100	50	0	2427337	4	9321255	100	2	8200                              	2609	0	9321255	0
0.5	4100	80	0	2488921	4	9321255	100	2	8200                              	5946	0	9321255	0
0.5	4100	56	0	2442435	4	9321255	100	2	8200                              	3648	0	9321255	0
0.5	4100	107	0	2545557	4	9321255	100	2	8200                              	7398	0	9321255	0
0.5	4100	68	0	2464054	4	9321255	100	2	8200                              	5486	0	9321255	0
0.5	4100	83	0	2493816	4	9321255	100	2	8200                              	5589	0	9321255	0
0.5	5100	115	0	2615492	4	9321255	100	2	10200                              	7176	0	9321255	0
0.5	5100	77	0	2519612	4	9321255	100	2	10200                              	4380	0	9321255	0
0.5	5100	70	0	2504418	4	9321255	100	2	10200                              	3983	0	9321255	0
0.5	5100	122	0	2635738	4	9321255	100	2	10200                              	12592	0	9321255	0
0.5	5100	115	0	2617462	4	9321255	100	2	10200                              	6709	0	9321255	0
0.5	5100	125	0	2645049	4	9321255	100	2	10200                              	7985	0	9321255	0
0.5	5100	60	0	2476566	4	9321255	100	2	10200                              	4825	0	9321255	0
0.5	5100	79	0	2526678	4	9321255	100	2	10200                              	6627	0	9321255	0
0.5	5100	79	0	2522998	4	9321255	100	2	10200                              	6102	0	9321255	0
0.5	5100	74	0	2512031	4	9321255	100	2	10200                              	5760	0	9321255	0
0.5	5100	57	0	2467314	4	9321255	100	2	10200                              	4062	0	9321255	0
0.5	5100	105	0	2590750	4	9321255	100	2	10200                              	6500	0	9321255	0
0.5	5100	61	0	2481291	4	9321255	100	2	10200                              	5942	0	9321255	0
0.5	5100	88	0	2549273	4	9321255	100	2	10200                              	10173	0	9321255	0
0.5	5100	139	0	2677538	4	9321255	100	2	10200                              	8507	0	9321255	0
0.5	5100	63	0	2485143	4	9321255	100	2	10200                              	5731	0	9321255	0
0.5	5100	69	0	2500493	4	9321255	100	2	10200                              	4991	0	9321255	0
0.5	5100	92	0	2557219	4	9321255	100	2	10200                              	8857	0	9321255	0
0.5	5100	80	0	2527605	4	9321255	100	2	10200                              	6821	0	9321255	0
0.5	5100	51	0	2455456	4	9321255	100	2	10200                              	4520	0	9321255	0
0.5	5100	90	0	2555578	4	9321255	100	2	10200                              	6629	0	9321255	0
0.5	5100	53	0	2457506	4	9321255	100	2	10200                              	3586	0	9321255	0
0.5	5100	96	0	2567990	4	9321255	100	2	10200                              	8678	0	9321255	0
0.5	5100	70	0	2503532	4	9321255	100	2	10200                              	4467	0	9321255	0
0.5	5100	67	0	2495464	4	9321255	100	2	10200                              	4496	0	9321255	0
0.5	5100	68	0	2497444	4	9321255	100	2	10200                              	5537	0	9321255	0
0.5	5100	82	0	2531809	4	9321255	100	2	10200                              	5621	0	9321255	0
0.5	5100	68	0	2495683	4	9321255	100	2	10200                              	4528	0	9321255	0
0.5	5100	90	0	2554831	4	9321255	100	2	10200                              	10077	0	9321255	0
0.5	5100	144	0	2692640	4	9321255	100	2	10200                              	8226	0	9321255	0
0.5	5100	77	0	2522636	4	9321255	100	2	10200                              	7041	0	9321255	0
0.5	5100	97	0	2571050	4	9321255	100	2	10200                              	8517	0	9321255	0
0.5	5100	121	0	2633576	4	9321255	100	2	10200                              	7606	0	9321255	0
0.5	5100	90	0	2553615	4	9321255	100	2	10200                              	7714	0	9321255	0
0.5	5100	74	0	2511447	4	9321255	100	2	10200                              	8454	0	9321255	0
0.5	5100	108	0	2597188	4	9321255	100	2	10200                              	7543	0	9321255	0
0.5	5100	71	0	2505916	4	9321255	100	2	10200                              	5932	0	9321255	0
0.5	5100	59	0	2473408	4	9321255	100	2	10200                              	4494	0	9321255	0
0.5	5100	73	0	2510782	4	9321255	100	2	10200                              	6569	0	9321255	0
0.5	5100	135	0	2667920	4	9321255	100	2	10200                              	9203	0	9321255	0
0.5	5100	57	0	2469505	4	9321255	100	2	10200                              	4425	0	9321255	0
0.5	5100	79	0	2527305	4	9321255	100	2	10200                              	6872	0	9321255	0
0.5	5100	100	0	2578016	4	9321255	100	2	10200                              	10052	0	9321255	0
0.5	5100	64	0	2487474	4	9321255	100	2	10200                              	4199	0	9321255	0
0.5	5100	79	0	2526627	4	9321255	100	2	10200                              	6659	0	9321255	0
0.5	5100	104	0	2590353	4	9321255	100	2	10200                              	8775	0	9321255	0
0.5	5100	105	0	2590704	4	9321255	100	2	10200                              	7059	0	9321255	0
0.5	5100	60	0	2477288	4	9321255	100	2	10200                              	4274	0	9321255	0
0.5	5100	99	0	2575615	4	9321255	100	2	10200                              	7234	0	9321255	0
0.5	5100	102	0	2583672	4	9321255	100	2	10200                              	9911	0	9321255	0
0.5	5100	93	0	2562787	4	9321255	100	2	10200                              	7352	0	9321255	0
0.5	5100	94	0	2563995	4	9321255	100	2	10200                              	10984	0	9321255	0
0.5	5100	79	0	2526669	4	9321255	100	2	10200                              	5044	0	9321255	0
0.5	5100	68	0	2496987	4	9321255	100	2	10200                              	4299	0	9321255	0
0.5	5100	118	0	2623701	4	9321255	100	2	10200                              	5216	0	9321255	0
0.5	5100	136	0	2671080	4	9321255	100	2	10200                              	9666	0	9321255	0
0.5	5100	130	0	2653714	4	9321255	100	2	10200                              	12831	0	9321255	0
0.5	5100	111	0	2605777	4	9321255	100	2	10200                              	9740	0	9321255	0
0.5	5100	115	0	2616904	4	9321255	100	2	10200                              	13154	0	9321255	0
0.5	5100	67	0	2495798	4	9321255	100	2	10200                              	5782	0	9321255	0
0.5	5100	59	0	2474940	4	9321255	100	2	10200                              	4990	0	9321255	0
0.5	5100	56	0	2465526	4	9321255	100	2	10200                              	4355	0	9321255	0
0.5	5100	68	0	2495677	4	9321255	100	2	10200                              	5182	0	9321255	0
0.5	5100	73	0	2507838	4	9321255	100	2	10200                              	5130	0	9321255	0
0.5	5100	69	0	2500785	4	9321255	100	2	10200                              	3895	0	9321255	0
0.5	5100	57	0	2471098	4	9321255	100	2	10200                              	4780	0	9321255	0
0.5	5100	117	0	2622828	4	9321255	100	2	10200                              	11361	0	9321255	0
0.5	5100	104	0	2588021	4	9321255	100	2	10200                              	9460	0	9321255	0
0.5	5100	66	0	2492886	4	9321255	100	2	10200                              	4649	0	9321255	0
0.5	5100	109	0	2599573	4	9321255	100	2	10200                              	9674	0	9321255	0
0.5	5100	55	0	2464578	4	9321255	100	2	10200                              	4439	0	9321255	0
0.5	5100	51	0	2454272	4	9321255	100	2	10200                              	3099	0	9321255	0
0.5	5100	110	0	2602437	4	9321255	100	2	10200                              	8400	0	9321255	0
0.5	5100	57	0	2469352	4	9321255	100	2	10200                              	4379	0	9321255	0
0.5	5100	118	0	2625428	4	9321255	100	2	10200                              	8816	0	9321255	0
0.5	5100	55	0	2464054	4	9321255	100	2	10200                              	3966	0	9321255	0
0.5	5100	130	0	2656489	4	9321255	100	2	10200                              	9825	0	9321255	0
0.5	5100	109	0	2599498	4	9321255	100	2	10200                              	11240	0	9321255	0
0.5	5100	53	0	2459890	4	9321255	100	2	10200                              	3338	0	9321255	0
0.5	5100	113	0	2609954	4	9321255	100	2	10200                              	12992	0	9321255	0
0.5	5100	65	0	2488251	4	9321255	100	2	10200                              	5861	0	9321255	0
0.5	5100	118	0	2625549	4	9321255	100	2	10200                              	7635	0	9321255	0
0.5	5100	65	0	2489353	4	9321255	100	2	10200                              	4842	0	9321255	0
0.5	5100	78	0	2520874	4	9321255	100	2	10200                              	7685	0	9321255	0
0.5	5100	61	0	2479612	4	9321255	100	2	10200                              	5181	0	9321255	0
0.5	5100	79	0	2526894	4	9321255	100	2	10200                              	6710	0	9321255	0
0.5	5100	100	0	2580743	4	9321255	100	2	10200                              	6674	0	9321255	0
0.5	5100	110	0	2603446	4	9321255	100	2	10200                              	5733	0	9321255	0
0.5	5100	88	0	2547521	4	9321255	100	2	10200                              	10795	0	9321255	0
0.5	5100	64	0	2486171	4	9321255	100	2	10200                              	5388	0	9321255	0
0.5	5100	64	0	2488306	4	9321255	100	2	10200                              	4605	0	9321255	0
0.5	5100	106	0	2592325	4	9321255	100	2	10200                              	10654	0	9321255	0
0.5	5100	50	0	2453244	4	9321255	100	2	10200                              	2941	0	9321255	0
0.5	5100	52	0	2457126	4	9321255	100	2	10200                              	2790	0	9321255	0
0.5	5100	45	0	2438172	4	9321255	100	2	10200                              	3314	0	9321255	0
0.5	5100	89	0	2551623	4	9321255	100	2	10200                              	11125	0	9321255	0
0.5	5100	113	0	2611685	4	9321255	100	2	10200                              	12929	0	9321255	0
0.5	5100	68	0	2497384	4	9321255	100	2	10200                              	5262	0	9321255	0
0.5	5100	67	0	2495531	4	9321255	100	2	10200                              	4764	0	9321255	0
0.5	5100	48	0	2447175	4	9321255	100	2	10200                              	3695	0	9321255	0
0.5	6100	55	0	2491351	4	9321255	100	2	12200                              	5309	0	9321255	0
0.5	6100	97	0	2618622	4	9321255	100	2	12200                              	10529	0	9321255	0
0.5	6100	107	0	2647010	4	9321255	100	2	12200                              	11095	0	9321255	0
0.5	6100	88	0	2591305	4	9321255	100	2	12200                              	9505	0	9321255	0
0.5	6100	75	0	2551459	4	9321255	100	2	12200                              	6029	0	9321255	0
0.5	6100	74	0	2547315	4	9321255	100	2	12200                              	6349	0	9321255	0
0.5	6100	59	0	2502066	4	9321255	100	2	12200                              	4683	0	9321255	0
0.5	6100	51	0	2479097	4	9321255	100	2	12200                              	4349	0	9321255	0
0.5	6100	99	0	2624924	4	9321255	100	2	12200                              	10649	0	9321255	0
0.5	6100	85	0	2578852	4	9321255	100	2	12200                              	6916	0	9321255	0
0.5	6100	153	0	2788348	4	9321255	100	2	12200                              	9384	0	9321255	0
0.5	6100	129	0	2714500	4	9321255	100	2	12200                              	12894	0	9321255	0
0.5	6100	51	0	2478062	4	9321255	100	2	12200                              	4181	0	9321255	0
0.5	6100	49	0	2472765	4	9321255	100	2	12200                              	2941	0	9321255	0
0.5	6100	114	0	2671841	4	9321255	100	2	12200                              	8765	0	9321255	0
0.5	6100	50	0	2473133	4	9321255	100	2	12200                              	3846	0	9321255	0
0.5	6100	66	0	2525758	4	9321255	100	2	12200                              	6425	0	9321255	0
0.5	6100	64	0	2517111	4	9321255	100	2	12200                              	5959	0	9321255	0
0.5	6100	129	0	2713564	4	9321255	100	2	12200                              	8386	0	9321255	0
0.5	6100	58	0	2496431	4	9321255	100	2	12200                              	4903	0	9321255	0
0.5	6100	77	0	2558685	4	9321255	100	2	12200                              	6780	0	9321255	0
0.5	6100	80	0	2566146	4	9321255	100	2	12200                              	5401	0	9321255	0
0.5	6100	126	0	2705190	4	9321255	100	2	12200                              	8140	0	9321255	0
0.5	6100	63	0	2515830	4	9321255	100	2	12200                              	5007	0	9321255	0
0.5	6100	79	0	2566022	4	9321255	100	2	12200                              	6371	0	9321255	0
0.5	6100	50	0	2474631	4	9321255	100	2	12200                              	3104	0	9321255	0
0.5	6100	54	0	2487999	4	9321255	100	2	12200                              	5385	0	9321255	0
0.5	6100	97	0	2619939	4	9321255	100	2	12200                              	6981	0	9321255	0
0.5	6100	84	0	2577043	4	9321255	100	2	12200                              	5697	0	9321255	0
0.5	6100	74	0	2547257	4	9321255	100	2	12200                              	6429	0	9321255	0
0.5	6100	60	0	2506741	4	9321255	100	2	12200                              	4361	0	9321255	0
0.5	6100	122	0	2694429	4	9321255	100	2	12200                              	10713	0	9321255	0
0.5	6100	100	0	2628734	4	9321255	100	2	12200                              	8677	0	9321255	0
0.5	6100	111	0	2660722	4	9321255	100	2	12200                              	11311	0	9321255	0
0.5	6100	56	0	2494246	4	9321255	100	2	12200                              	3644	0	9321255	0
0.5	6100	85	0	2582657	4	9321255	100	2	12200                              	6292	0	9321255	0
0.5	6100	65	0	2523051	4	9321255	100	2	12200                              	4795	0	9321255	0
0.5	6100	71	0	2540574	4	9321255	100	2	12200                              	4464	0	9321255	0
0.5	6100	59	0	2500970	4	9321255	100	2	12200                              	5142	0	9321255	0
0.5	6100	84	0	2579316	4	9321255	100	2	12200                              	8021	0	9321255	0
0.5	6100	63	0	2514658	4	9321255	100	2	12200                              	5179	0	9321255	0
0.5	6100	139	0	2747354	4	9321255	100	2	12200                              	11989	0	9321255	0
0.5	6100	62	0	2513675	4	9321255	100	2	12200                              	5076	0	9321255	0
0.5	6100	72	0	2541515	4	9321255	100	2	12200                              	9218	0	9321255	0
0.5	6100	87	0	2588084	4	9321255	100	2	12200                              	6749	0	9321255	0
0.5	6100	55	0	2491716	4	9321255	100	2	12200                              	5425	0	9321255	0
0.5	6100	69	0	2532098	4	9321255	100	2	12200                              	4947	0	9321255	0
0.5	6100	85	0	2580261	4	9321255	100	2	12200                              	6854	0	9321255	0
0.5	6100	75	0	2551931	4	9321255	100	2	12200                              	5018	0	9321255	0
0.5	6100	140	0	2748795	4	9321255	100	2	12200                              	12112	0	9321255	0
0.5	6100	112	0	2661558	4	9321255	100	2	12200                              	9497	0	9321255	0
0.5	6100	69	0	2532209	4	9321255	100	2	12200                              	5755	0	9321255	0
0.5	6100	87	0	2587106	4	9321255	100	2	12200                              	6735	0	9321255	0
0.5	6100	79	0	2564482	4	9321255	100	2	12200                              	7236	0	9321255	0
0.5	6100	56	0	2492530	4	9321255	100	2	12200                              	5074	0	9321255	0
0.5	6100	117	0	2679127	4	9321255	100	2	12200                              	10923	0	9321255	0
0.5	6100	103	0	2637631	4	9321255	100	2	12200                              	8894	0	9321255	0
0.5	6100	76	0	2550824	4	9321255	100	2	12200                              	5029	0	9321255	0
0.5	6100	62	0	2513511	4	9321255	100	2	12200                              	4678	0	9321255	0
0.5	6100	114	0	2670282	4	9321255	100	2	12200                              	8045	0	9321255	0
0.5	6100	113	0	2670021	4	9321255	100	2	12200                              	9144	0	9321255	0
0.5	6100	100	0	2624096	4	9321255	100	2	12200                              	11879	0	9321255	0
0.5	6100	93	0	2607193	4	9321255	100	2	12200                              	7037	0	9321255	0
0.5	6100	65	0	2519183	4	9321255	100	2	12200                              	5674	0	9321255	0
0.5	6100	62	0	2509619	4	9321255	100	2	12200                              	4582	0	9321255	0
0.5	6100	68	0	2532498	4	9321255	100	2	12200                              	3854	0	9321255	0
0.5	6100	107	0	2649044	4	9321255	100	2	12200                              	14808	0	9321255	0
0.5	6100	68	0	2528327	4	9321255	100	2	12200                              	6139	0	9321255	0
0.5	6100	95	0	2613456	4	9321255	100	2	12200                              	6996	0	9321255	0
0.5	6100	112	0	2663412	4	9321255	100	2	12200                              	10075	0	9321255	0
0.5	6100	107	0	2646742	4	9321255	100	2	12200                              	6813	0	9321255	0
0.5	6100	129	0	2717007	4	9321255	100	2	12200                              	12276	0	9321255	0
0.5	6100	63	0	2517588	4	9321255	100	2	12200                              	4733	0	9321255	0
0.5	6100	57	0	2495380	4	9321255	100	2	12200                              	5469	0	9321255	0
0.5	6100	74	0	2550824	4	9321255	100	2	12200                              	7903	0	9321255	0
0.5	6100	92	0	2601767	4	9321255	100	2	12200                              	10968	0	9321255	0
0.5	6100	87	0	2588018	4	9321255	100	2	12200                              	7407	0	9321255	0
0.5	6100	46	0	2461342	4	9321255	100	2	12200                              	3091	0	9321255	0
0.5	6100	60	0	2506555	4	9321255	100	2	12200                              	5351	0	9321255	0
0.5	6100	79	0	2562037	4	9321255	100	2	12200                              	5956	0	9321255	0
0.5	6100	65	0	2520546	4	9321255	100	2	12200                              	5244	0	9321255	0
0.5	6100	136	0	2739530	4	9321255	100	2	12200                              	9181	0	9321255	0
0.5	6100	77	0	2556577	4	9321255	100	2	12200                              	6210	0	9321255	0
0.5	6100	59	0	2502881	4	9321255	100	2	12200                              	4181	0	9321255	0
0.5	6100	75	0	2552593	4	9321255	100	2	12200                              	6136	0	9321255	0
0.5	6100	106	0	2644746	4	9321255	100	2	12200                              	7556	0	9321255	0
0.5	6100	77	0	2558798	4	9321255	100	2	12200                              	6606	0	9321255	0
0.5	6100	60	0	2506597	4	9321255	100	2	12200                              	5179	0	9321255	0
0.5	6100	77	0	2556362	4	9321255	100	2	12200                              	6825	0	9321255	0
0.5	6100	53	0	2482670	4	9321255	100	2	12200                              	4142	0	9321255	0
0.5	6100	99	0	2626173	4	9321255	100	2	12200                              	9357	0	9321255	0
0.5	6100	68	0	2529735	4	9321255	100	2	12200                              	4584	0	9321255	0
0.5	6100	85	0	2584097	4	9321255	100	2	12200                              	9637	0	9321255	0
0.5	6100	56	0	2493071	4	9321255	100	2	12200                              	3341	0	9321255	0
0.5	6100	115	0	2674058	4	9321255	100	2	12200                              	8058	0	9321255	0
0.5	6100	114	0	2669377	4	9321255	100	2	12200                              	8302	0	9321255	0
0.5	6100	67	0	2529449	4	9321255	100	2	12200                              	6096	0	9321255	0
0.5	6100	84	0	2580874	4	9321255	100	2	12200                              	10694	0	9321255	0
0.5	6100	106	0	2647371	4	9321255	100	2	12200                              	12316	0	9321255	0
0.5	6100	62	0	2510858	4	9321255	100	2	12200                              	5587	0	9321255	0
0.5	7100	88	0	2630202	4	9321255	100	2	14200                              	6897	0	9321255	0
0.5	7100	55	0	2515814	4	9321255	100	2	14200                              	4664	0	9321255	0
0.5	7100	100	0	2674954	4	9321255	100	2	14200                              	9197	0	9321255	0
0.5	7100	104	0	2691309	4	9321255	100	2	14200                              	12167	0	9321255	0
0.5	7100	61	0	2535727	4	9321255	100	2	14200                              	4235	0	9321255	0
0.5	7100	113	0	2720895	4	9321255	100	2	14200                              	12685	0	9321255	0
0.5	7100	52	0	2504145	4	9321255	100	2	14200                              	4591	0	9321255	0
0.5	7100	51	0	2506324	4	9321255	100	2	14200                              	3981	0	9321255	0
0.5	7100	68	0	2564472	4	9321255	100	2	14200                              	7619	0	9321255	0
0.5	7100	79	0	2601502	4	9321255	100	2	14200                              	5652	0	9321255	0
0.5	7100	71	0	2573643	4	9321255	100	2	14200                              	6207	0	9321255	0
0.5	7100	49	0	2497498	4	9321255	100	2	14200                              	3525	0	9321255	0
0.5	7100	81	0	2604868	4	9321255	100	2	14200                              	9293	0	9321255	0
0.5	7100	110	0	2712579	4	9321255	100	2	14200                              	8063	0	9321255	0
0.5	7100	112	0	2719155	4	9321255	100	2	14200                              	8404	0	9321255	0
0.5	7100	120	0	2751580	4	9321255	100	2	14200                              	8388	0	9321255	0
0.5	7100	93	0	2650562	4	9321255	100	2	14200                              	11101	0	9321255	0
0.5	7100	104	0	2690674	4	9321255	100	2	14200                              	12025	0	9321255	0
0.5	7100	104	0	2689749	4	9321255	100	2	14200                              	11260	0	9321255	0
0.5	7100	128	0	2779648	4	9321255	100	2	14200                              	15059	0	9321255	0
0.5	7100	44	0	2477462	4	9321255	100	2	14200                              	3829	0	9321255	0
0.5	7100	84	0	2620764	4	9321255	100	2	14200                              	12100	0	9321255	0
0.5	7100	54	0	2511943	4	9321255	100	2	14200                              	4809	0	9321255	0
0.5	7100	92	0	2648777	4	9321255	100	2	14200                              	10002	0	9321255	0
0.5	7100	75	0	2587909	4	9321255	100	2	14200                              	6086	0	9321255	0
0.5	7100	113	0	2722582	4	9321255	100	2	14200                              	6244	0	9321255	0
0.5	7100	59	0	2529344	4	9321255	100	2	14200                              	5054	0	9321255	0
0.5	7100	105	0	2690160	4	9321255	100	2	14200                              	11237	0	9321255	0
0.5	7100	102	0	2683213	4	9321255	100	2	14200                              	10118	0	9321255	0
0.5	7100	103	0	2689166	4	9321255	100	2	14200                              	6214	0	9321255	0
0.5	7100	65	0	2553702	4	9321255	100	2	14200                              	4566	0	9321255	0
0.5	7100	92	0	2650587	4	9321255	100	2	14200                              	11672	0	9321255	0
0.5	7100	47	0	2485810	4	9321255	100	2	14200                              	3815	0	9321255	0
0.5	7100	53	0	2513121	4	9321255	100	2	14200                              	3786	0	9321255	0
0.5	7100	77	0	2595384	4	9321255	100	2	14200                              	5927	0	9321255	0
0.5	7100	72	0	2573858	4	9321255	100	2	14200                              	5684	0	9321255	0
0.5	7100	55	0	2515844	4	9321255	100	2	14200                              	4084	0	9321255	0
0.5	7100	149	0	2852484	4	9321255	100	2	14200                              	13984	0	9321255	0
0.5	7100	58	0	2527951	4	9321255	100	2	14200                              	5454	0	9321255	0
0.5	7100	53	0	2513122	4	9321255	100	2	14200                              	3889	0	9321255	0
0.5	7100	70	0	2571720	4	9321255	100	2	14200                              	5658	0	9321255	0
0.5	7100	129	0	2782970	4	9321255	100	2	14200                              	9776	0	9321255	0
0.5	7100	57	0	2524475	4	9321255	100	2	14200                              	5223	0	9321255	0
0.5	7100	52	0	2510445	4	9321255	100	2	14200                              	4148	0	9321255	0
0.5	7100	50	0	2499026	4	9321255	100	2	14200                              	3809	0	9321255	0
0.5	7100	100	0	2676706	4	9321255	100	2	14200                              	12545	0	9321255	0
0.5	7100	99	0	2673448	4	9321255	100	2	14200                              	5755	0	9321255	0
0.5	7100	61	0	2538476	4	9321255	100	2	14200                              	5834	0	9321255	0
0.5	7100	53	0	2511028	4	9321255	100	2	14200                              	4491	0	9321255	0
0.5	7100	45	0	2479201	4	9321255	100	2	14200                              	2928	0	9321255	0
0.5	7100	66	0	2555420	4	9321255	100	2	14200                              	5145	0	9321255	0
0.5	7100	68	0	2564421	4	9321255	100	2	14200                              	5668	0	9321255	0
0.5	7100	109	0	2707670	4	9321255	100	2	14200                              	8860	0	9321255	0
0.5	7100	101	0	2679555	4	9321255	100	2	14200                              	15411	0	9321255	0
0.5	7100	74	0	2583202	4	9321255	100	2	14200                              	4912	0	9321255	0
0.5	7100	55	0	2519575	4	9321255	100	2	14200                              	6084	0	9321255	0
0.5	7100	133	0	2794912	4	9321255	100	2	14200                              	12691	0	9321255	0
0.5	7100	48	0	2488410	4	9321255	100	2	14200                              	2924	0	9321255	0
0.5	7100	80	0	2607615	4	9321255	100	2	14200                              	6719	0	9321255	0
0.5	7100	43	0	2471655	4	9321255	100	2	14200                              	2761	0	9321255	0
0.5	7100	71	0	2574742	4	9321255	100	2	14200                              	6523	0	9321255	0
0.5	7100	101	0	2680117	4	9321255	100	2	14200                              	6839	0	9321255	0
0.5	7100	59	0	2531489	4	9321255	100	2	14200                              	5066	0	9321255	0
0.5	7100	111	0	2714774	4	9321255	100	2	14200                              	10432	0	9321255	0
0.5	7100	89	0	2638685	4	9321255	100	2	14200                              	7842	0	9321255	0
0.5	7100	97	0	2665905	4	9321255	100	2	14200                              	7121	0	9321255	0
0.5	7100	68	0	2559515	4	9321255	100	2	14200                              	5098	0	9321255	0
0.5	7100	113	0	2721704	4	9321255	100	2	14200                              	6347	0	9321255	0
0.5	7100	54	0	2515610	4	9321255	100	2	14200                              	5042	0	9321255	0
0.5	7100	121	0	2751533	4	9321255	100	2	14200                              	11431	0	9321255	0
0.5	7100	77	0	2594739	4	9321255	100	2	14200                              	9757	0	9321255	0
0.5	7100	134	0	2797980	4	9321255	100	2	14200                              	10520	0	9321255	0
0.5	7100	64	0	2550450	4	9321255	100	2	14200                              	6067	0	9321255	0
0.5	7100	116	0	2729777	4	9321255	100	2	14200                              	7718	0	9321255	0
0.5	7100	60	0	2536504	4	9321255	100	2	14200                              	9773	0	9321255	0
0.5	7100	113	0	2721147	4	9321255	100	2	14200                              	7081	0	9321255	0
0.5	7100	56	0	2521934	4	9321255	100	2	14200                              	4342	0	9321255	0
0.5	7100	105	0	2692753	4	9321255	100	2	14200                              	6777	0	9321255	0
0.5	7100	47	0	2489626	4	9321255	100	2	14200                              	4448	0	9321255	0
0.5	7100	120	0	2748562	4	9321255	100	2	14200                              	8794	0	9321255	0
0.5	7100	59	0	2529143	4	9321255	100	2	14200                              	5021	0	9321255	0
0.5	7100	67	0	2556505	4	9321255	100	2	14200                              	5105	0	9321255	0
0.5	7100	40	0	2463827	4	9321255	100	2	14200                              	2916	0	9321255	0
0.5	7100	50	0	2497824	4	9321255	100	2	14200                              	4711	0	9321255	0
0.5	7100	98	0	2673149	4	9321255	100	2	14200                              	10603	0	9321255	0
0.5	7100	52	0	2504398	4	9321255	100	2	14200                              	4383	0	9321255	0
0.5	7100	66	0	2553074	4	9321255	100	2	14200                              	4639	0	9321255	0
0.5	7100	126	0	2769860	4	9321255	100	2	14200                              	7298	0	9321255	0
0.5	7100	116	0	2734274	4	9321255	100	2	14200                              	8152	0	9321255	0
0.5	7100	94	0	2653292	4	9321255	100	2	14200                              	5381	0	9321255	0
0.5	7100	112	0	2718301	4	9321255	100	2	14200                              	7227	0	9321255	0
0.5	7100	109	0	2705950	4	9321255	100	2	14200                              	6755	0	9321255	0
0.5	7100	51	0	2502430	4	9321255	100	2	14200                              	3783	0	9321255	0
0.5	7100	54	0	2514030	4	9321255	100	2	14200                              	4120	0	9321255	0
0.5	7100	70	0	2571153	4	9321255	100	2	14200                              	6747	0	9321255	0
0.5	7100	73	0	2579035	4	9321255	100	2	14200                              	5895	0	9321255	0
0.5	7100	69	0	2566480	4	9321255	100	2	14200                              	5645	0	9321255	0
0.5	7100	52	0	2503547	4	9321255	100	2	14200                              	3223	0	9321255	0
0.5	7100	81	0	2609226	4	9321255	100	2	14200                              	6482	0	9321255	0
0.5	7100	133	0	2793100	4	9321255	100	2	14200                              	8381	0	9321255	0
0.5	8100	115	0	2786024	4	9321255	100	2	16200                              	7594	0	9321255	0
0.5	8100	77	0	2634101	4	9321255	100	2	16200                              	6933	0	9321255	0
0.5	8100	93	0	2696124	4	9321255	100	2	16200                              	7120	0	9321255	0
0.5	8100	78	0	2634474	4	9321255	100	2	16200                              	4729	0	9321255	0
0.5	8100	34	0	2460177	4	9321255	100	2	16200                              	2934	0	9321255	0
0.5	8100	66	0	2590495	4	9321255	100	2	16200                              	6176	0	9321255	0
0.5	8100	91	0	2684168	4	9321255	100	2	16200                              	9506	0	9321255	0
0.5	8100	55	0	2545366	4	9321255	100	2	16200                              	5532	0	9321255	0
0.5	8100	57	0	2551612	4	9321255	100	2	16200                              	4939	0	9321255	0
0.5	8100	65	0	2580831	4	9321255	100	2	16200                              	5034	0	9321255	0
0.5	8100	97	0	2712351	4	9321255	100	2	16200                              	11063	0	9321255	0
0.5	8100	68	0	2593501	4	9321255	100	2	16200                              	6824	0	9321255	0
0.5	8100	71	0	2606232	4	9321255	100	2	16200                              	5392	0	9321255	0
0.5	8100	103	0	2735543	4	9321255	100	2	16200                              	12466	0	9321255	0
0.5	8100	38	0	2476003	4	9321255	100	2	16200                              	2910	0	9321255	0
0.5	8100	76	0	2628780	4	9321255	100	2	16200                              	5381	0	9321255	0
0.5	8100	55	0	2543507	4	9321255	100	2	16200                              	5948	0	9321255	0
0.5	8100	59	0	2556886	4	9321255	100	2	16200                              	4389	0	9321255	0
0.5	8100	36	0	2467270	4	9321255	100	2	16200                              	2609	0	9321255	0
0.5	8100	52	0	2529011	4	9321255	100	2	16200                              	4386	0	9321255	0
0.5	8100	101	0	2728072	4	9321255	100	2	16200                              	6381	0	9321255	0
0.5	8100	101	0	2731984	4	9321255	100	2	16200                              	9727	0	9321255	0
0.5	8100	58	0	2555683	4	9321255	100	2	16200                              	6404	0	9321255	0
0.5	8100	76	0	2627954	4	9321255	100	2	16200                              	5535	0	9321255	0
0.5	8100	61	0	2566433	4	9321255	100	2	16200                              	4847	0	9321255	0
0.5	8100	93	0	2696394	4	9321255	100	2	16200                              	9308	0	9321255	0
0.5	8100	43	0	2493498	4	9321255	100	2	16200                              	2924	0	9321255	0
0.5	8100	76	0	2625009	4	9321255	100	2	16200                              	6814	0	9321255	0
0.5	8100	108	0	2754747	4	9321255	100	2	16200                              	6086	0	9321255	0
0.5	8100	66	0	2583936	4	9321255	100	2	16200                              	4776	0	9321255	0
0.5	8100	84	0	2656282	4	9321255	100	2	16200                              	5903	0	9321255	0
0.5	8100	73	0	2615069	4	9321255	100	2	16200                              	6761	0	9321255	0
0.5	8100	115	0	2782161	4	9321255	100	2	16200                              	11116	0	9321255	0
0.5	8100	65	0	2583660	4	9321255	100	2	16200                              	4993	0	9321255	0
0.5	8100	75	0	2622748	4	9321255	100	2	16200                              	5663	0	9321255	0
0.5	8100	62	0	2568760	4	9321255	100	2	16200                              	4855	0	9321255	0
0.5	8100	93	0	2697563	4	9321255	100	2	16200                              	11295	0	9321255	0
0.5	8100	95	0	2704700	4	9321255	100	2	16200                              	9531	0	9321255	0
0.5	8100	117	0	2794786	4	9321255	100	2	16200                              	7411	0	9321255	0
0.5	8100	71	0	2603216	4	9321255	100	2	16200                              	10394	0	9321255	0
0.5	8100	91	0	2688511	4	9321255	100	2	16200                              	11768	0	9321255	0
0.5	8100	103	0	2739527	4	9321255	100	2	16200                              	8184	0	9321255	0
0.5	8100	75	0	2622095	4	9321255	100	2	16200                              	5563	0	9321255	0
0.5	8100	104	0	2738078	4	9321255	100	2	16200                              	10087	0	9321255	0
0.5	8100	61	0	2567829	4	9321255	100	2	16200                              	5723	0	9321255	0
0.5	8100	119	0	2801785	4	9321255	100	2	16200                              	12117	0	9321255	0
0.5	8100	96	0	2705272	4	9321255	100	2	16200                              	9540	0	9321255	0
0.5	8100	104	0	2739513	4	9321255	100	2	16200                              	5960	0	9321255	0
0.5	8100	71	0	2606498	4	9321255	100	2	16200                              	10459	0	9321255	0
0.5	8100	112	0	2774375	4	9321255	100	2	16200                              	7280	0	9321255	0
0.5	8100	85	0	2665628	4	9321255	100	2	16200                              	10308	0	9321255	0
0.5	8100	77	0	2629528	4	9321255	100	2	16200                              	6465	0	9321255	0
0.5	8100	72	0	2610099	4	9321255	100	2	16200                              	5191	0	9321255	0
0.5	8100	84	0	2659997	4	9321255	100	2	16200                              	6049	0	9321255	0
0.5	8100	53	0	2536937	4	9321255	100	2	16200                              	4356	0	9321255	0
0.5	8100	79	0	2643353	4	9321255	100	2	16200                              	4400	0	9321255	0
0.5	8100	60	0	2564077	4	9321255	100	2	16200                              	5513	0	9321255	0
0.5	8100	66	0	2588430	4	9321255	100	2	16200                              	7252	0	9321255	0
0.5	8100	118	0	2798146	4	9321255	100	2	16200                              	7834	0	9321255	0
0.5	8100	87	0	2671107	4	9321255	100	2	16200                              	7977	0	9321255	0
0.5	8100	42	0	2494847	4	9321255	100	2	16200                              	3261	0	9321255	0
0.5	8100	67	0	2590232	4	9321255	100	2	16200                              	4927	0	9321255	0
0.5	8100	67	0	2593999	4	9321255	100	2	16200                              	5549	0	9321255	0
0.5	8100	111	0	2769839	4	9321255	100	2	16200                              	9993	0	9321255	0
0.5	8100	49	0	2518420	4	9321255	100	2	16200                              	3278	0	9321255	0
0.5	8100	37	0	2468454	4	9321255	100	2	16200                              	2947	0	9321255	0
0.5	8100	52	0	2531147	4	9321255	100	2	16200                              	4545	0	9321255	0
0.5	8100	60	0	2563294	4	9321255	100	2	16200                              	5792	0	9321255	0
0.5	8100	65	0	2582293	4	9321255	100	2	16200                              	5555	0	9321255	0
0.5	8100	102	0	2731034	4	9321255	100	2	16200                              	6323	0	9321255	0
0.5	8100	114	0	2782543	4	9321255	100	2	16200                              	8831	0	9321255	0
0.5	8100	69	0	2596936	4	9321255	100	2	16200                              	6253	0	9321255	0
0.5	8100	101	0	2726876	4	9321255	100	2	16200                              	7178	0	9321255	0
0.5	8100	52	0	2532496	4	9321255	100	2	16200                              	3997	0	9321255	0
0.5	8100	116	0	2785274	4	9321255	100	2	16200                              	8971	0	9321255	0
0.5	8100	126	0	2828567	4	9321255	100	2	16200                              	8785	0	9321255	0
0.5	8100	65	0	2583520	4	9321255	100	2	16200                              	6199	0	9321255	0
0.5	8100	34	0	2458055	4	9321255	100	2	16200                              	2928	0	9321255	0
0.5	8100	130	0	2845534	4	9321255	100	2	16200                              	11105	0	9321255	0
0.5	8100	52	0	2530990	4	9321255	100	2	16200                              	5669	0	9321255	0
0.5	8100	68	0	2594593	4	9321255	100	2	16200                              	7763	0	9321255	0
0.5	8100	121	0	2808582	4	9321255	100	2	16200                              	11069	0	9321255	0
0.5	8100	112	0	2775023	4	9321255	100	2	16200                              	11225	0	9321255	0
0.5	8100	84	0	2662986	4	9321255	100	2	16200                              	6741	0	9321255	0
0.5	8100	59	0	2555381	4	9321255	100	2	16200                              	4805	0	9321255	0
0.5	8100	107	0	2750247	4	9321255	100	2	16200                              	11794	0	9321255	0
0.5	8100	114	0	2779187	4	9321255	100	2	16200                              	11753	0	9321255	0
0.5	8100	66	0	2590253	4	9321255	100	2	16200                              	5974	0	9321255	0
0.5	8100	46	0	2506685	4	9321255	100	2	16200                              	4484	0	9321255	0
0.5	8100	87	0	2668493	4	9321255	100	2	16200                              	5297	0	9321255	0
0.5	8100	101	0	2729077	4	9321255	100	2	16200                              	7960	0	9321255	0
0.5	8100	52	0	2529083	4	9321255	100	2	16200                              	4189	0	9321255	0
0.5	8100	112	0	2772893	4	9321255	100	2	16200                              	7606	0	9321255	0
0.5	8100	98	0	2717044	4	9321255	100	2	16200                              	8893	0	9321255	0
0.5	8100	100	0	2721140	4	9321255	100	2	16200                              	9966	0	9321255	0
0.5	8100	106	0	2751515	4	9321255	100	2	16200                              	12361	0	9321255	0
0.5	8100	54	0	2537177	4	9321255	100	2	16200                              	5219	0	9321255	0
0.5	8100	78	0	2633973	4	9321255	100	2	16200                              	6748	0	9321255	0
0.5	8100	91	0	2686268	4	9321255	100	2	16200                              	5509	0	9321255	0
0.5	8100	93	0	2695835	4	9321255	100	2	16200                              	7373	0	9321255	0
0.5	9100	128	0	2901101	4	9321255	100	2	18200                              	7134	0	9321255	0
0.5	9100	106	0	2800796	4	9321255	100	2	18200                              	10376	0	9321255	0
0.5	9100	56	0	2569130	4	9321255	100	2	18200                              	3614	0	9321255	0
0.5	9100	94	0	2747786	4	9321255	100	2	18200                              	12881	0	9321255	0
0.5	9100	68	0	2627201	4	9321255	100	2	18200                              	5741	0	9321255	0
0.5	9100	60	0	2587853	4	9321255	100	2	18200                              	4624	0	9321255	0
0.5	9100	46	0	2526619	4	9321255	100	2	18200                              	4291	0	9321255	0
0.5	9100	45	0	2522427	4	9321255	100	2	18200                              	4356	0	9321255	0
0.5	9100	112	0	2828950	4	9321255	100	2	18200                              	10275	0	9321255	0
0.5	9100	59	0	2589155	4	9321255	100	2	18200                              	4140	0	9321255	0
0.5	9100	52	0	2556596	4	9321255	100	2	18200                              	4810	0	9321255	0
0.5	9100	104	0	2793428	4	9321255	100	2	18200                              	10266	0	9321255	0
0.5	9100	92	0	2734200	4	9321255	100	2	18200                              	7380	0	9321255	0
0.5	9100	82	0	2692767	4	9321255	100	2	18200                              	8067	0	9321255	0
0.5	9100	118	0	2857381	4	9321255	100	2	18200                              	8129	0	9321255	0
0.5	9100	106	0	2802520	4	9321255	100	2	18200                              	8252	0	9321255	0
0.5	9100	55	0	2571862	4	9321255	100	2	18200                              	5808	0	9321255	0
0.5	9100	105	0	2794182	4	9321255	100	2	18200                              	11516	0	9321255	0
0.5	9100	97	0	2762793	4	9321255	100	2	18200                              	11340	0	9321255	0
0.5	9100	67	0	2620931	4	9321255	100	2	18200                              	4769	0	9321255	0
0.5	9100	104	0	2789572	4	9321255	100	2	18200                              	8330	0	9321255	0
0.5	9100	48	0	2539613	4	9321255	100	2	18200                              	3888	0	9321255	0
0.5	9100	66	0	2616974	4	9321255	100	2	18200                              	6224	0	9321255	0
0.5	9100	92	0	2736880	4	9321255	100	2	18200                              	10367	0	9321255	0
0.5	9100	105	0	2796345	4	9321255	100	2	18200                              	6243	0	9321255	0
0.5	9100	51	0	2546603	4	9321255	100	2	18200                              	3543	0	9321255	0
0.5	9100	62	0	2603951	4	9321255	100	2	18200                              	5004	0	9321255	0
0.5	9100	105	0	2795094	4	9321255	100	2	18200                              	7429	0	9321255	0
0.5	9100	81	0	2689908	4	9321255	100	2	18200                              	6666	0	9321255	0
0.5	9100	81	0	2682100	4	9321255	100	2	18200                              	6917	0	9321255	0
0.5	9100	97	0	2760179	4	9321255	100	2	18200                              	10606	0	9321255	0
0.5	9100	47	0	2532695	4	9321255	100	2	18200                              	3603	0	9321255	0
0.5	9100	91	0	2728846	4	9321255	100	2	18200                              	10889	0	9321255	0
0.5	9100	87	0	2713241	4	9321255	100	2	18200                              	9423	0	9321255	0
0.5	9100	76	0	2666924	4	9321255	100	2	18200                              	12017	0	9321255	0
0.5	9100	55	0	2569728	4	9321255	100	2	18200                              	5113	0	9321255	0
0.5	9100	117	0	2848405	4	9321255	100	2	18200                              	9573	0	9321255	0
0.5	9100	50	0	2543614	4	9321255	100	2	18200                              	4021	0	9321255	0
0.5	9100	55	0	2570372	4	9321255	100	2	18200                              	5005	0	9321255	0
0.5	9100	66	0	2617106	4	9321255	100	2	18200                              	6259	0	9321255	0
0.5	9100	49	0	2540410	4	9321255	100	2	18200                              	3278	0	9321255	0
0.5	9100	54	0	2563615	4	9321255	100	2	18200                              	5059	0	9321255	0
0.5	9100	116	0	2842263	4	9321255	100	2	18200                              	10968	0	9321255	0
0.5	9100	96	0	2759902	4	9321255	100	2	18200                              	11569	0	9321255	0
0.5	9100	72	0	2643605	4	9321255	100	2	18200                              	5702	0	9321255	0
0.5	9100	100	0	2772953	4	9321255	100	2	18200                              	9856	0	9321255	0
0.5	9100	42	0	2506825	4	9321255	100	2	18200                              	3689	0	9321255	0
0.5	9100	64	0	2609599	4	9321255	100	2	18200                              	5534	0	9321255	0
0.5	9100	68	0	2628025	4	9321255	100	2	18200                              	6647	0	9321255	0
0.5	9100	84	0	2698394	4	9321255	100	2	18200                              	7778	0	9321255	0
0.5	9100	89	0	2724572	4	9321255	100	2	18200                              	6565	0	9321255	0
0.5	9100	62	0	2604957	4	9321255	100	2	18200                              	5861	0	9321255	0
0.5	9100	76	0	2666828	4	9321255	100	2	18200                              	7295	0	9321255	0
0.5	9100	101	0	2776388	4	9321255	100	2	18200                              	10233	0	9321255	0
0.5	9100	63	0	2608973	4	9321255	100	2	18200                              	5999	0	9321255	0
0.5	9100	99	0	2771787	4	9321255	100	2	18200                              	7138	0	9321255	0
0.5	9100	71	0	2639536	4	9321255	100	2	18200                              	4934	0	9321255	0
0.5	9100	59	0	2590647	4	9321255	100	2	18200                              	4574	0	9321255	0
0.5	9100	79	0	2677660	4	9321255	100	2	18200                              	6608	0	9321255	0
0.5	9100	100	0	2773552	4	9321255	100	2	18200                              	6565	0	9321255	0
0.5	9100	65	0	2616813	4	9321255	100	2	18200                              	6043	0	9321255	0
0.5	9100	72	0	2644732	4	9321255	100	2	18200                              	4034	0	9321255	0
0.5	9100	87	0	2717180	4	9321255	100	2	18200                              	11504	0	9321255	0
0.5	9100	50	0	2546068	4	9321255	100	2	18200                              	4761	0	9321255	0
0.5	9100	97	0	2763116	4	9321255	100	2	18200                              	12563	0	9321255	0
0.5	9100	58	0	2583290	4	9321255	100	2	18200                              	5455	0	9321255	0
0.5	9100	55	0	2570328	4	9321255	100	2	18200                              	4731	0	9321255	0
0.5	9100	76	0	2666498	4	9321255	100	2	18200                              	5605	0	9321255	0
0.5	9100	53	0	2558785	4	9321255	100	2	18200                              	3860	0	9321255	0
0.5	9100	81	0	2693299	4	9321255	100	2	18200                              	7822	0	9321255	0
0.5	9100	62	0	2602989	4	9321255	100	2	18200                              	5758	0	9321255	0
0.5	9100	103	0	2785873	4	9321255	100	2	18200                              	7429	0	9321255	0
0.5	9100	67	0	2627334	4	9321255	100	2	18200                              	5185	0	9321255	0
0.5	9100	107	0	2800249	4	9321255	100	2	18200                              	10005	0	9321255	0
0.5	9100	52	0	2551311	4	9321255	100	2	18200                              	4078	0	9321255	0
0.5	9100	58	0	2582667	4	9321255	100	2	18200                              	4559	0	9321255	0
0.5	9100	100	0	2773271	4	9321255	100	2	18200                              	6559	0	9321255	0
0.5	9100	60	0	2589636	4	9321255	100	2	18200                              	4960	0	9321255	0
0.5	9100	50	0	2545280	4	9321255	100	2	18200                              	4380	0	9321255	0
0.5	9100	57	0	2576542	4	9321255	100	2	18200                              	4419	0	9321255	0
0.5	9100	88	0	2716162	4	9321255	100	2	18200                              	7399	0	9321255	0
0.5	9100	68	0	2630115	4	9321255	100	2	18200                              	10768	0	9321255	0
0.5	9100	97	0	2757867	4	9321255	100	2	18200                              	7418	0	9321255	0
0.5	9100	60	0	2591193	4	9321255	100	2	18200                              	4896	0	9321255	0
0.5	9100	115	0	2842595	4	9321255	100	2	18200                              	7369	0	9321255	0
0.5	9100	57	0	2578890	4	9321255	100	2	18200                              	5945	0	9321255	0
0.5	9100	53	0	2559745	4	9321255	100	2	18200                              	4382	0	9321255	0
0.5	9100	66	0	2617783	4	9321255	100	2	18200                              	5600	0	9321255	0
0.5	9100	68	0	2626067	4	9321255	100	2	18200                              	8542	0	9321255	0
0.5	9100	42	0	2506747	4	9321255	100	2	18200                              	3085	0	9321255	0
0.5	9100	95	0	2753448	4	9321255	100	2	18200                              	10542	0	9321255	0
0.5	9100	77	0	2666282	4	9321255	100	2	18200                              	6543	0	9321255	0
0.5	9100	75	0	2663363	4	9321255	100	2	18200                              	5410	0	9321255	0
0.5	9100	98	0	2764817	4	9321255	100	2	18200                              	6517	0	9321255	0
0.5	9100	71	0	2643141	4	9321255	100	2	18200                              	6428	0	9321255	0
0.5	9100	48	0	2540855	4	9321255	100	2	18200                              	4448	0	9321255	0
0.5	9100	93	0	2737231	4	9321255	100	2	18200                              	11496	0	9321255	0
0.5	9100	108	0	2812544	4	9321255	100	2	18200                              	11748	0	9321255	0
0.5	9100	105	0	2795648	4	9321255	100	2	18200                              	6893	0	9321255	0
0.5	9100	51	0	2552022	4	9321255	100	2	18200                              	4919	0	9321255	0
