#using seed 0.047118
# Work:10088973, depth:432675, work/p+depth:511495.1015625
#PROCESSORS: 128, RUNS: 100
#prb	R-l	ISR	ESR	runTime	processors    	work	taskThreshold	lGranularity	rGranularity	IDATAT	EDATAT	W0	W1
0.5	100	229198	0	436824	128	10088973	100	2	200                              	122990	0	10088973	0
0.5	100	230125	0	438283	128	10088973	100	2	200                              	122990	0	10088973	0
0.5	100	229595	0	437456	128	10088973	100	2	200                              	122990	0	10088973	0
0.5	100	229627	0	437506	128	10088973	100	2	200                              	122990	0	10088973	0
0.5	100	229083	0	436658	128	10088973	100	2	200                              	122990	0	10088973	0
0.5	100	229826	0	437802	128	10088973	100	2	200                              	122990	0	10088973	0
0.5	100	229531	0	437372	128	10088973	100	2	200                              	122990	0	10088973	0
0.5	100	229724	0	437656	128	10088973	100	2	200                              	122990	0	10088973	0
0.5	100	229845	0	437853	128	10088973	100	2	200                              	122990	0	10088973	0
0.5	100	229378	0	437121	128	10088973	100	2	200                              	122990	0	10088973	0
0.5	100	229912	0	437966	128	10088973	100	2	200                              	122990	0	10088973	0
0.5	100	228982	0	436508	128	10088973	100	2	200                              	122990	0	10088973	0
0.5	100	230213	0	438412	128	10088973	100	2	200                              	122990	0	10088973	0
0.5	100	229848	0	437847	128	10088973	100	2	200                              	122990	0	10088973	0
0.5	100	229324	0	437026	128	10088973	100	2	200                              	122990	0	10088973	0
0.5	100	230631	0	439071	128	10088973	100	2	200                              	122990	0	10088973	0
0.5	100	230099	0	438256	128	10088973	100	2	200                              	122990	0	10088973	0
0.5	100	229864	0	437873	128	10088973	100	2	200                              	122990	0	10088973	0
0.5	100	229992	0	438076	128	10088973	100	2	200                              	122990	0	10088973	0
0.5	100	231034	0	439708	128	10088973	100	2	200                              	122990	0	10088973	0
0.5	100	229505	0	437320	128	10088973	100	2	200                              	122990	0	10088973	0
0.5	100	229954	0	438008	128	10088973	100	2	200                              	122990	0	10088973	0
0.5	100	229418	0	437198	128	10088973	100	2	200                              	122990	0	10088973	0
0.5	100	230508	0	438884	128	10088973	100	2	200                              	122990	0	10088973	0
0.5	100	229335	0	437056	128	10088973	100	2	200                              	122990	0	10088973	0
0.5	100	229334	0	437048	128	10088973	100	2	200                              	122990	0	10088973	0
0.5	100	230367	0	438656	128	10088973	100	2	200                              	122990	0	10088973	0
0.5	100	229183	0	436811	128	10088973	100	2	200                              	122990	0	10088973	0
0.5	100	229758	0	437721	128	10088973	100	2	200                              	122990	0	10088973	0
0.5	100	230748	0	439256	128	10088973	100	2	200                              	122990	0	10088973	0
0.5	100	230472	0	438819	128	10088973	100	2	200                              	122990	0	10088973	0
0.5	100	232037	0	441268	128	10088973	100	2	200                              	122990	0	10088973	0
0.5	100	229719	0	437655	128	10088973	100	2	200                              	122990	0	10088973	0
0.5	100	230416	0	438749	128	10088973	100	2	200                              	122990	0	10088973	0
0.5	100	230386	0	438689	128	10088973	100	2	200                              	122990	0	10088973	0
0.5	100	229651	0	437564	128	10088973	100	2	200                              	122990	0	10088973	0
0.5	100	230032	0	438154	128	10088973	100	2	200                              	122990	0	10088973	0
0.5	100	229624	0	437501	128	10088973	100	2	200                              	122990	0	10088973	0
0.5	100	230144	0	438319	128	10088973	100	2	200                              	122990	0	10088973	0
0.5	100	229750	0	437688	128	10088973	100	2	200                              	122990	0	10088973	0
0.5	100	230375	0	438677	128	10088973	100	2	200                              	122990	0	10088973	0
0.5	100	230328	0	438601	128	10088973	100	2	200                              	122990	0	10088973	0
0.5	100	230400	0	438721	128	10088973	100	2	200                              	122990	0	10088973	0
0.5	100	229912	0	437972	128	10088973	100	2	200                              	122990	0	10088973	0
0.5	100	229123	0	436737	128	10088973	100	2	200                              	122990	0	10088973	0
0.5	100	231576	0	440569	128	10088973	100	2	200                              	122990	0	10088973	0
0.5	100	229723	0	437656	128	10088973	100	2	200                              	122990	0	10088973	0
0.5	100	230606	0	439034	128	10088973	100	2	200                              	122990	0	10088973	0
0.5	100	229224	0	436873	128	10088973	100	2	200                              	122990	0	10088973	0
0.5	100	229209	0	436846	128	10088973	100	2	200                              	122990	0	10088973	0
0.5	100	229357	0	437086	128	10088973	100	2	200                              	122990	0	10088973	0
0.5	100	229535	0	437385	128	10088973	100	2	200                              	122990	0	10088973	0
0.5	100	229634	0	437521	128	10088973	100	2	200                              	122990	0	10088973	0
0.5	100	228985	0	436507	128	10088973	100	2	200                              	122990	0	10088973	0
0.5	100	229134	0	436742	128	10088973	100	2	200                              	122990	0	10088973	0
0.5	100	229376	0	437123	128	10088973	100	2	200                              	122990	0	10088973	0
0.5	100	229516	0	437363	128	10088973	100	2	200                              	122990	0	10088973	0
0.5	100	229995	0	438089	128	10088973	100	2	200                              	122990	0	10088973	0
0.5	100	230694	0	439194	128	10088973	100	2	200                              	122990	0	10088973	0
0.5	100	231277	0	440090	128	10088973	100	2	200                              	122990	0	10088973	0
0.5	100	229883	0	437908	128	10088973	100	2	200                              	122990	0	10088973	0
0.5	100	231235	0	440012	128	10088973	100	2	200                              	122990	0	10088973	0
0.5	100	230129	0	438298	128	10088973	100	2	200                              	122990	0	10088973	0
0.5	100	231005	0	439652	128	10088973	100	2	200                              	122990	0	10088973	0
0.5	100	230358	0	438656	128	10088973	100	2	200                              	122990	0	10088973	0
0.5	100	229619	0	437494	128	10088973	100	2	200                              	122990	0	10088973	0
0.5	100	230108	0	438256	128	10088973	100	2	200                              	122990	0	10088973	0
0.5	100	228870	0	436324	128	10088973	100	2	200                              	122990	0	10088973	0
0.5	100	230263	0	438500	128	10088973	100	2	200                              	122990	0	10088973	0
0.5	100	230821	0	439395	128	10088973	100	2	200                              	122990	0	10088973	0
0.5	100	231195	0	439955	128	10088973	100	2	200                              	122990	0	10088973	0
0.5	100	230105	0	438256	128	10088973	100	2	200                              	122990	0	10088973	0
0.5	100	230299	0	438578	128	10088973	100	2	200                              	122990	0	10088973	0
0.5	100	229889	0	437927	128	10088973	100	2	200                              	122990	0	10088973	0
0.5	100	229308	0	437007	128	10088973	100	2	200                              	122990	0	10088973	0
0.5	100	230227	0	438440	128	10088973	100	2	200                              	122990	0	10088973	0
0.5	100	229725	0	437656	128	10088973	100	2	200                              	122990	0	10088973	0
0.5	100	229083	0	436656	128	10088973	100	2	200                              	122990	0	10088973	0
0.5	100	229885	0	437918	128	10088973	100	2	200                              	122990	0	10088973	0
0.5	100	230001	0	438096	128	10088973	100	2	200                              	122990	0	10088973	0
0.5	100	229599	0	437464	128	10088973	100	2	200                              	122990	0	10088973	0
0.5	100	231567	0	440544	128	10088973	100	2	200                              	122990	0	10088973	0
0.5	100	229598	0	437456	128	10088973	100	2	200                              	122990	0	10088973	0
0.5	100	230037	0	438163	128	10088973	100	2	200                              	122990	0	10088973	0
0.5	100	229353	0	437079	128	10088973	100	2	200                              	122990	0	10088973	0
0.5	100	229868	0	437884	128	10088973	100	2	200                              	122990	0	10088973	0
0.5	100	230297	0	438572	128	10088973	100	2	200                              	122990	0	10088973	0
0.5	100	230527	0	438918	128	10088973	100	2	200                              	122990	0	10088973	0
0.5	100	229974	0	438054	128	10088973	100	2	200                              	122990	0	10088973	0
0.5	100	229132	0	436737	128	10088973	100	2	200                              	122990	0	10088973	0
0.5	100	231186	0	439954	128	10088973	100	2	200                              	122990	0	10088973	0
0.5	100	228964	0	436480	128	10088973	100	2	200                              	122990	0	10088973	0
0.5	100	230142	0	438322	128	10088973	100	2	200                              	122990	0	10088973	0
0.5	100	230693	0	439189	128	10088973	100	2	200                              	122990	0	10088973	0
0.5	100	229520	0	437342	128	10088973	100	2	200                              	122990	0	10088973	0
0.5	100	230263	0	438501	128	10088973	100	2	200                              	122990	0	10088973	0
0.5	100	230079	0	438208	128	10088973	100	2	200                              	122990	0	10088973	0
0.5	100	229380	0	437130	128	10088973	100	2	200                              	122990	0	10088973	0
0.5	100	229384	0	437137	128	10088973	100	2	200                              	122990	0	10088973	0
0.5	100	230796	0	439344	128	10088973	100	2	200                              	122990	0	10088973	0
0.5	1100	24960	0	506578	128	10088973	100	2	2200                              	122990	0	10088973	0
0.5	1100	25778	0	520883	128	10088973	100	2	2200                              	122990	0	10088973	0
0.5	1100	25114	0	509337	128	10088973	100	2	2200                              	122990	0	10088973	0
0.5	1100	25664	0	518876	128	10088973	100	2	2200                              	122990	0	10088973	0
0.5	1100	27274	0	546456	128	10088973	100	2	2200                              	122990	0	10088973	0
0.5	1100	24246	0	494661	128	10088973	100	2	2200                              	122824	0	10088973	0
0.5	1100	25542	0	516879	128	10088973	100	2	2200                              	122823	0	10088973	0
0.5	1100	24772	0	503557	128	10088973	100	2	2200                              	122990	0	10088973	0
0.5	1100	25883	0	522519	128	10088973	100	2	2200                              	122828	0	10088973	0
0.5	1100	24328	0	495856	128	10088973	100	2	2200                              	122990	0	10088973	0
0.5	1100	24711	0	502456	128	10088973	100	2	2200                              	122990	0	10088973	0
0.5	1100	24879	0	505397	128	10088973	100	2	2200                              	122990	0	10088973	0
0.5	1100	25150	0	510094	128	10088973	100	2	2200                              	122990	0	10088973	0
0.5	1100	25027	0	508004	128	10088973	100	2	2200                              	122834	0	10088973	0
0.5	1100	25313	0	512693	128	10088973	100	2	2200                              	122990	0	10088973	0
0.5	1100	24965	0	506757	128	10088973	100	2	2200                              	122823	0	10088973	0
0.5	1100	25773	0	520747	128	10088973	100	2	2200                              	122813	0	10088973	0
0.5	1100	25456	0	515137	128	10088973	100	2	2200                              	122990	0	10088973	0
0.5	1100	24472	0	498350	128	10088973	100	2	2200                              	122990	0	10088973	0
0.5	1100	26423	0	532005	128	10088973	100	2	2200                              	122990	0	10088973	0
0.5	1100	24511	0	499231	128	10088973	100	2	2200                              	122835	0	10088973	0
0.5	1100	24644	0	501459	128	10088973	100	2	2200                              	122990	0	10088973	0
0.5	1100	24729	0	502715	128	10088973	100	2	2200                              	122990	0	10088973	0
0.5	1100	26117	0	526656	128	10088973	100	2	2200                              	122833	0	10088973	0
0.5	1100	24117	0	492174	128	10088973	100	2	2200                              	122838	0	10088973	0
0.5	1100	25214	0	511049	128	10088973	100	2	2200                              	122828	0	10088973	0
0.5	1100	25533	0	516692	128	10088973	100	2	2200                              	122844	0	10088973	0
0.5	1100	24472	0	498270	128	10088973	100	2	2200                              	122828	0	10088973	0
0.5	1100	24513	0	499195	128	10088973	100	2	2200                              	122990	0	10088973	0
0.5	1100	23849	0	487670	128	10088973	100	2	2200                              	122990	0	10088973	0
0.5	1100	25516	0	516297	128	10088973	100	2	2200                              	122990	0	10088973	0
0.5	1100	24848	0	504759	128	10088973	100	2	2200                              	122990	0	10088973	0
0.5	1100	25290	0	512493	128	10088973	100	2	2200                              	122828	0	10088973	0
0.5	1100	24745	0	503054	128	10088973	100	2	2200                              	122990	0	10088973	0
0.5	1100	25396	0	514243	128	10088973	100	2	2200                              	122990	0	10088973	0
0.5	1100	25752	0	520330	128	10088973	100	2	2200                              	122990	0	10088973	0
0.5	1100	24352	0	496228	128	10088973	100	2	2200                              	122990	0	10088973	0
0.5	1100	24683	0	501852	128	10088973	100	2	2200                              	122990	0	10088973	0
0.5	1100	24880	0	505228	128	10088973	100	2	2200                              	122990	0	10088973	0
0.5	1100	25407	0	514462	128	10088973	100	2	2200                              	122827	0	10088973	0
0.5	1100	24838	0	504551	128	10088973	100	2	2200                              	122990	0	10088973	0
0.5	1100	25765	0	520543	128	10088973	100	2	2200                              	122990	0	10088973	0
0.5	1100	25407	0	514492	128	10088973	100	2	2200                              	122990	0	10088973	0
0.5	1100	25658	0	518748	128	10088973	100	2	2200                              	122813	0	10088973	0
0.5	1100	25653	0	518766	128	10088973	100	2	2200                              	122990	0	10088973	0
0.5	1100	24304	0	495252	128	10088973	100	2	2200                              	122990	0	10088973	0
0.5	1100	27190	0	545242	128	10088973	100	2	2200                              	122838	0	10088973	0
0.5	1100	24972	0	506856	128	10088973	100	2	2200                              	122990	0	10088973	0
0.5	1100	24770	0	503596	128	10088973	100	2	2200                              	122990	0	10088973	0
0.5	1100	25719	0	519711	128	10088973	100	2	2200                              	122990	0	10088973	0
0.5	1100	25132	0	509814	128	10088973	100	2	2200                              	122823	0	10088973	0
0.5	1100	23851	0	487787	128	10088973	100	2	2200                              	122990	0	10088973	0
0.5	1100	23823	0	487056	128	10088973	100	2	2200                              	122990	0	10088973	0
0.5	1100	26124	0	526656	128	10088973	100	2	2200                              	122990	0	10088973	0
0.5	1100	24586	0	500256	128	10088973	100	2	2200                              	122990	0	10088973	0
0.5	1100	24931	0	506116	128	10088973	100	2	2200                              	122990	0	10088973	0
0.5	1100	25270	0	512159	128	10088973	100	2	2200                              	122813	0	10088973	0
0.5	1100	26004	0	524688	128	10088973	100	2	2200                              	122990	0	10088973	0
0.5	1100	24371	0	496659	128	10088973	100	2	2200                              	122990	0	10088973	0
0.5	1100	24692	0	501946	128	10088973	100	2	2200                              	122990	0	10088973	0
0.5	1100	26095	0	526185	128	10088973	100	2	2200                              	122990	0	10088973	0
0.5	1100	25003	0	507486	128	10088973	100	2	2200                              	122990	0	10088973	0
0.5	1100	25922	0	523447	128	10088973	100	2	2200                              	122618	0	10088973	0
0.5	1100	24845	0	504759	128	10088973	100	2	2200                              	122990	0	10088973	0
0.5	1100	27018	0	542002	128	10088973	100	2	2200                              	122990	0	10088973	0
0.5	1100	25099	0	509007	128	10088973	100	2	2200                              	122990	0	10088973	0
0.5	1100	25660	0	518796	128	10088973	100	2	2200                              	122990	0	10088973	0
0.5	1100	25107	0	509205	128	10088973	100	2	2200                              	122990	0	10088973	0
0.5	1100	25409	0	514676	128	10088973	100	2	2200                              	122990	0	10088973	0
0.5	1100	25141	0	509814	128	10088973	100	2	2200                              	122838	0	10088973	0
0.5	1100	26882	0	539657	128	10088973	100	2	2200                              	122990	0	10088973	0
0.5	1100	24989	0	507251	128	10088973	100	2	2200                              	122990	0	10088973	0
0.5	1100	24907	0	505869	128	10088973	100	2	2200                              	122990	0	10088973	0
0.5	1100	25263	0	511967	128	10088973	100	2	2200                              	122990	0	10088973	0
0.5	1100	25156	0	510321	128	10088973	100	2	2200                              	122844	0	10088973	0
0.5	1100	25847	0	521759	128	10088973	100	2	2200                              	122990	0	10088973	0
0.5	1100	25498	0	515888	128	10088973	100	2	2200                              	122990	0	10088973	0
0.5	1100	25123	0	509533	128	10088973	100	2	2200                              	122990	0	10088973	0
0.5	1100	24948	0	506396	128	10088973	100	2	2200                              	122990	0	10088973	0
0.5	1100	25505	0	516088	128	10088973	100	2	2200                              	122990	0	10088973	0
0.5	1100	25232	0	511409	128	10088973	100	2	2200                              	122990	0	10088973	0
0.5	1100	25407	0	514512	128	10088973	100	2	2200                              	122864	0	10088973	0
0.5	1100	26131	0	526873	128	10088973	100	2	2200                              	122662	0	10088973	0
0.5	1100	26152	0	527294	128	10088973	100	2	2200                              	122990	0	10088973	0
0.5	1100	24974	0	506957	128	10088973	100	2	2200                              	122844	0	10088973	0
0.5	1100	25232	0	511291	128	10088973	100	2	2200                              	122990	0	10088973	0
0.5	1100	25378	0	513942	128	10088973	100	2	2200                              	122990	0	10088973	0
0.5	1100	25475	0	515451	128	10088973	100	2	2200                              	122831	0	10088973	0
0.5	1100	25032	0	508069	128	10088973	100	2	2200                              	122990	0	10088973	0
0.5	1100	24611	0	500743	128	10088973	100	2	2200                              	122990	0	10088973	0
0.5	1100	25420	0	514743	128	10088973	100	2	2200                              	122858	0	10088973	0
0.5	1100	25406	0	514492	128	10088973	100	2	2200                              	122990	0	10088973	0
0.5	1100	24965	0	506620	128	10088973	100	2	2200                              	122990	0	10088973	0
0.5	1100	24206	0	493720	128	10088973	100	2	2200                              	122990	0	10088973	0
0.5	1100	26171	0	527721	128	10088973	100	2	2200                              	122990	0	10088973	0
0.5	1100	26265	0	529132	128	10088973	100	2	2200                              	122990	0	10088973	0
0.5	1100	24847	0	504778	128	10088973	100	2	2200                              	122990	0	10088973	0
0.5	1100	24874	0	505295	128	10088973	100	2	2200                              	122618	0	10088973	0
0.5	1100	25639	0	518364	128	10088973	100	2	2200                              	122990	0	10088973	0
0.5	1100	24894	0	505586	128	10088973	100	2	2200                              	122816	0	10088973	0
0.5	2100	15860	0	596877	128	10088973	100	2	4200                              	122149	0	10088973	0
0.5	2100	15667	0	590892	128	10088973	100	2	4200                              	121579	0	10088973	0
0.5	2100	14537	0	554218	128	10088973	100	2	4200                              	122209	0	10088973	0
0.5	2100	13962	0	534922	128	10088973	100	2	4200                              	122683	0	10088973	0
0.5	2100	16107	0	605049	128	10088973	100	2	4200                              	121710	0	10088973	0
0.5	2100	17817	0	661199	128	10088973	100	2	4200                              	122199	0	10088973	0
0.5	2100	15287	0	578270	128	10088973	100	2	4200                              	122385	0	10088973	0
0.5	2100	15594	0	588307	128	10088973	100	2	4200                              	121496	0	10088973	0
0.5	2100	15400	0	581969	128	10088973	100	2	4200                              	122180	0	10088973	0
0.5	2100	14068	0	537993	128	10088973	100	2	4200                              	122371	0	10088973	0
0.5	2100	15356	0	580362	128	10088973	100	2	4200                              	121278	0	10088973	0
0.5	2100	15368	0	580541	128	10088973	100	2	4200                              	122210	0	10088973	0
0.5	2100	16067	0	604254	128	10088973	100	2	4200                              	121680	0	10088973	0
0.5	2100	15618	0	588750	128	10088973	100	2	4200                              	121360	0	10088973	0
0.5	2100	14010	0	536292	128	10088973	100	2	4200                              	121846	0	10088973	0
0.5	2100	15395	0	581769	128	10088973	100	2	4200                              	122214	0	10088973	0
0.5	2100	15672	0	590957	128	10088973	100	2	4200                              	122504	0	10088973	0
0.5	2100	15018	0	569357	128	10088973	100	2	4200                              	122257	0	10088973	0
0.5	2100	16120	0	605356	128	10088973	100	2	4200                              	122056	0	10088973	0
0.5	2100	14587	0	554980	128	10088973	100	2	4200                              	121865	0	10088973	0
0.5	2100	14961	0	567286	128	10088973	100	2	4200                              	121769	0	10088973	0
0.5	2100	15567	0	587856	128	10088973	100	2	4200                              	122388	0	10088973	0
0.5	2100	14967	0	567674	128	10088973	100	2	4200                              	121644	0	10088973	0
0.5	2100	15128	0	573059	128	10088973	100	2	4200                              	122135	0	10088973	0
0.5	2100	16184	0	608100	128	10088973	100	2	4200                              	121547	0	10088973	0
0.5	2100	14737	0	560148	128	10088973	100	2	4200                              	122137	0	10088973	0
0.5	2100	15547	0	587103	128	10088973	100	2	4200                              	122194	0	10088973	0
0.5	2100	15030	0	569967	128	10088973	100	2	4200                              	121988	0	10088973	0
0.5	2100	15868	0	597155	128	10088973	100	2	4200                              	122058	0	10088973	0
0.5	2100	14670	0	558517	128	10088973	100	2	4200                              	122405	0	10088973	0
0.5	2100	15155	0	574100	128	10088973	100	2	4200                              	122373	0	10088973	0
0.5	2100	14573	0	554706	128	10088973	100	2	4200                              	121850	0	10088973	0
0.5	2100	15854	0	596662	128	10088973	100	2	4200                              	122357	0	10088973	0
0.5	2100	16332	0	612775	128	10088973	100	2	4200                              	121905	0	10088973	0
0.5	2100	15820	0	596256	128	10088973	100	2	4200                              	121907	0	10088973	0
0.5	2100	15225	0	576006	128	10088973	100	2	4200                              	121588	0	10088973	0
0.5	2100	14540	0	554081	128	10088973	100	2	4200                              	122230	0	10088973	0
0.5	2100	15129	0	573119	128	10088973	100	2	4200                              	121531	0	10088973	0
0.5	2100	15534	0	586595	128	10088973	100	2	4200                              	121493	0	10088973	0
0.5	2100	15342	0	579881	128	10088973	100	2	4200                              	121819	0	10088973	0
0.5	2100	14604	0	555637	128	10088973	100	2	4200                              	122278	0	10088973	0
0.5	2100	15011	0	569195	128	10088973	100	2	4200                              	122043	0	10088973	0
0.5	2100	15210	0	575681	128	10088973	100	2	4200                              	122274	0	10088973	0
0.5	2100	15435	0	583656	128	10088973	100	2	4200                              	121796	0	10088973	0
0.5	2100	16128	0	605778	128	10088973	100	2	4200                              	122508	0	10088973	0
0.5	2100	14801	0	562746	128	10088973	100	2	4200                              	121836	0	10088973	0
0.5	2100	17102	0	638256	128	10088973	100	2	4200                              	122240	0	10088973	0
0.5	2100	14876	0	564674	128	10088973	100	2	4200                              	121251	0	10088973	0
0.5	2100	16101	0	604836	128	10088973	100	2	4200                              	122685	0	10088973	0
0.5	2100	14506	0	552569	128	10088973	100	2	4200                              	122667	0	10088973	0
0.5	2100	14238	0	543944	128	10088973	100	2	4200                              	121800	0	10088973	0
0.5	2100	17330	0	645492	128	10088973	100	2	4200                              	121393	0	10088973	0
0.5	2100	16035	0	603092	128	10088973	100	2	4200                              	121633	0	10088973	0
0.5	2100	16176	0	607469	128	10088973	100	2	4200                              	121739	0	10088973	0
0.5	2100	14415	0	549979	128	10088973	100	2	4200                              	121535	0	10088973	0
0.5	2100	15146	0	573865	128	10088973	100	2	4200                              	121824	0	10088973	0
0.5	2100	14731	0	560022	128	10088973	100	2	4200                              	121038	0	10088973	0
0.5	2100	15671	0	591168	128	10088973	100	2	4200                              	121810	0	10088973	0
0.5	2100	17997	0	667798	128	10088973	100	2	4200                              	121912	0	10088973	0
0.5	2100	14508	0	552969	128	10088973	100	2	4200                              	122173	0	10088973	0
0.5	2100	14537	0	553968	128	10088973	100	2	4200                              	121835	0	10088973	0
0.5	2100	15950	0	600546	128	10088973	100	2	4200                              	121728	0	10088973	0
0.5	2100	15669	0	590892	128	10088973	100	2	4200                              	121495	0	10088973	0
0.5	2100	14916	0	566151	128	10088973	100	2	4200                              	122500	0	10088973	0
0.5	2100	14725	0	559741	128	10088973	100	2	4200                              	122517	0	10088973	0
0.5	2100	14592	0	555314	128	10088973	100	2	4200                              	121155	0	10088973	0
0.5	2100	15484	0	584586	128	10088973	100	2	4200                              	122189	0	10088973	0
0.5	2100	14983	0	568159	128	10088973	100	2	4200                              	121604	0	10088973	0
0.5	2100	14410	0	550056	128	10088973	100	2	4200                              	122103	0	10088973	0
0.5	2100	16266	0	610470	128	10088973	100	2	4200                              	122227	0	10088973	0
0.5	2100	16667	0	623483	128	10088973	100	2	4200                              	121540	0	10088973	0
0.5	2100	15115	0	572566	128	10088973	100	2	4200                              	122372	0	10088973	0
0.5	2100	14923	0	566856	128	10088973	100	2	4200                              	121677	0	10088973	0
0.5	2100	15689	0	591758	128	10088973	100	2	4200                              	121945	0	10088973	0
0.5	2100	13982	0	535553	128	10088973	100	2	4200                              	122096	0	10088973	0
0.5	2100	15061	0	571056	128	10088973	100	2	4200                              	121896	0	10088973	0
0.5	2100	15768	0	594094	128	10088973	100	2	4200                              	121494	0	10088973	0
0.5	2100	14928	0	566856	128	10088973	100	2	4200                              	121769	0	10088973	0
0.5	2100	15743	0	592932	128	10088973	100	2	4200                              	122365	0	10088973	0
0.5	2100	15979	0	601087	128	10088973	100	2	4200                              	121644	0	10088973	0
0.5	2100	15308	0	579456	128	10088973	100	2	4200                              	122838	0	10088973	0
0.5	2100	15179	0	575256	128	10088973	100	2	4200                              	121972	0	10088973	0
0.5	2100	15055	0	571056	128	10088973	100	2	4200                              	122055	0	10088973	0
0.5	2100	16014	0	601817	128	10088973	100	2	4200                              	121230	0	10088973	0
0.5	2100	16317	0	612398	128	10088973	100	2	4200                              	122129	0	10088973	0
0.5	2100	15216	0	575874	128	10088973	100	2	4200                              	122352	0	10088973	0
0.5	2100	15500	0	585219	128	10088973	100	2	4200                              	121280	0	10088973	0
0.5	2100	15818	0	596256	128	10088973	100	2	4200                              	122052	0	10088973	0
0.5	2100	15757	0	593674	128	10088973	100	2	4200                              	122139	0	10088973	0
0.5	2100	16501	0	617976	128	10088973	100	2	4200                              	121708	0	10088973	0
0.5	2100	15183	0	575256	128	10088973	100	2	4200                              	121829	0	10088973	0
0.5	2100	15167	0	574542	128	10088973	100	2	4200                              	121659	0	10088973	0
0.5	2100	14510	0	552975	128	10088973	100	2	4200                              	122116	0	10088973	0
0.5	2100	15635	0	589512	128	10088973	100	2	4200                              	122195	0	10088973	0
0.5	2100	16633	0	622522	128	10088973	100	2	4200                              	120999	0	10088973	0
0.5	2100	14898	0	565692	128	10088973	100	2	4200                              	122029	0	10088973	0
0.5	2100	16561	0	620510	128	10088973	100	2	4200                              	121345	0	10088973	0
0.5	2100	15618	0	589050	128	10088973	100	2	4200                              	122151	0	10088973	0
0.5	2100	15400	0	581820	128	10088973	100	2	4200                              	121857	0	10088973	0
0.5	2100	14408	0	549681	128	10088973	100	2	4200                              	122292	0	10088973	0
0.5	3100	11656	0	640199	128	10088973	100	2	6200                              	120044	0	10088973	0
0.5	3100	11928	0	653262	128	10088973	100	2	6200                              	119613	0	10088973	0
0.5	3100	11553	0	635451	128	10088973	100	2	6200                              	120835	0	10088973	0
0.5	3100	12023	0	657655	128	10088973	100	2	6200                              	120690	0	10088973	0
0.5	3100	11306	0	623445	128	10088973	100	2	6200                              	120408	0	10088973	0
0.5	3100	11093	0	613399	128	10088973	100	2	6200                              	120400	0	10088973	0
0.5	3100	11188	0	617800	128	10088973	100	2	6200                              	120517	0	10088973	0
0.5	3100	11895	0	651256	128	10088973	100	2	6200                              	120341	0	10088973	0
0.5	3100	12175	0	665405	128	10088973	100	2	6200                              	120975	0	10088973	0
0.5	3100	11910	0	652604	128	10088973	100	2	6200                              	120197	0	10088973	0
0.5	3100	12066	0	660052	128	10088973	100	2	6200                              	120926	0	10088973	0
0.5	3100	11717	0	643125	128	10088973	100	2	6200                              	120678	0	10088973	0
0.5	3100	11646	0	639450	128	10088973	100	2	6200                              	121133	0	10088973	0
0.5	3100	12028	0	657787	128	10088973	100	2	6200                              	120210	0	10088973	0
0.5	3100	12719	0	691943	128	10088973	100	2	6200                              	119824	0	10088973	0
0.5	3100	12156	0	664099	128	10088973	100	2	6200                              	120629	0	10088973	0
0.5	3100	14284	0	767902	128	10088973	100	2	6200                              	120358	0	10088973	0
0.5	3100	13864	0	747130	128	10088973	100	2	6200                              	119723	0	10088973	0
0.5	3100	11935	0	653808	128	10088973	100	2	6200                              	120774	0	10088973	0
0.5	3100	12329	0	672498	128	10088973	100	2	6200                              	120515	0	10088973	0
0.5	3100	12571	0	684354	128	10088973	100	2	6200                              	120654	0	10088973	0
0.5	3100	12331	0	672750	128	10088973	100	2	6200                              	119903	0	10088973	0
0.5	3100	12147	0	663656	128	10088973	100	2	6200                              	120749	0	10088973	0
0.5	3100	12225	0	667606	128	10088973	100	2	6200                              	120570	0	10088973	0
0.5	3100	12362	0	674324	128	10088973	100	2	6200                              	119983	0	10088973	0
0.5	3100	11853	0	650099	128	10088973	100	2	6200                              	120765	0	10088973	0
0.5	3100	12539	0	682398	128	10088973	100	2	6200                              	120275	0	10088973	0
0.5	3100	11949	0	654284	128	10088973	100	2	6200                              	119795	0	10088973	0
0.5	3100	11451	0	630146	128	10088973	100	2	6200                              	121392	0	10088973	0
0.5	3100	12301	0	671549	128	10088973	100	2	6200                              	119633	0	10088973	0
0.5	3100	11421	0	628874	128	10088973	100	2	6200                              	120388	0	10088973	0
0.5	3100	12278	0	669856	128	10088973	100	2	6200                              	120402	0	10088973	0
0.5	3100	10777	0	597569	128	10088973	100	2	6200                              	120607	0	10088973	0
0.5	3100	11888	0	651256	128	10088973	100	2	6200                              	121061	0	10088973	0
0.5	3100	12164	0	664719	128	10088973	100	2	6200                              	120886	0	10088973	0
0.5	3100	12671	0	689147	128	10088973	100	2	6200                              	120885	0	10088973	0
0.5	3100	12231	0	668379	128	10088973	100	2	6200                              	120177	0	10088973	0
0.5	3100	12363	0	674313	128	10088973	100	2	6200                              	120790	0	10088973	0
0.5	3100	12405	0	676056	128	10088973	100	2	6200                              	119068	0	10088973	0
0.5	3100	11917	0	652986	128	10088973	100	2	6200                              	120412	0	10088973	0
0.5	3100	11986	0	656456	128	10088973	100	2	6200                              	120235	0	10088973	0
0.5	3100	12565	0	684323	128	10088973	100	2	6200                              	121054	0	10088973	0
0.5	3100	11224	0	619886	128	10088973	100	2	6200                              	120197	0	10088973	0
0.5	3100	13125	0	711838	128	10088973	100	2	6200                              	120618	0	10088973	0
0.5	3100	12241	0	669019	128	10088973	100	2	6200                              	119792	0	10088973	0
0.5	3100	10945	0	606040	128	10088973	100	2	6200                              	121364	0	10088973	0
0.5	3100	11796	0	647074	128	10088973	100	2	6200                              	120760	0	10088973	0
0.5	3100	11724	0	643892	128	10088973	100	2	6200                              	121549	0	10088973	0
0.5	3100	13723	0	740352	128	10088973	100	2	6200                              	119766	0	10088973	0
0.5	3100	12322	0	672455	128	10088973	100	2	6200                              	121378	0	10088973	0
0.5	3100	11433	0	629446	128	10088973	100	2	6200                              	121041	0	10088973	0
0.5	3100	12316	0	671929	128	10088973	100	2	6200                              	119824	0	10088973	0
0.5	3100	11029	0	609921	128	10088973	100	2	6200                              	120576	0	10088973	0
0.5	3100	11903	0	651963	128	10088973	100	2	6200                              	121074	0	10088973	0
0.5	3100	11944	0	654342	128	10088973	100	2	6200                              	119991	0	10088973	0
0.5	3100	12602	0	686000	128	10088973	100	2	6200                              	120451	0	10088973	0
0.5	3100	12167	0	664796	128	10088973	100	2	6200                              	119900	0	10088973	0
0.5	3100	11256	0	620256	128	10088973	100	2	6200                              	120748	0	10088973	0
0.5	3100	11247	0	620256	128	10088973	100	2	6200                              	120409	0	10088973	0
0.5	3100	11925	0	653225	128	10088973	100	2	6200                              	121121	0	10088973	0
0.5	3100	11227	0	619929	128	10088973	100	2	6200                              	120204	0	10088973	0
0.5	3100	11410	0	628570	128	10088973	100	2	6200                              	121415	0	10088973	0
0.5	3100	12085	0	661015	128	10088973	100	2	6200                              	120015	0	10088973	0
0.5	3100	11034	0	609964	128	10088973	100	2	6200                              	120579	0	10088973	0
0.5	3100	11766	0	645056	128	10088973	100	2	6200                              	120412	0	10088973	0
0.5	3100	11532	0	634469	128	10088973	100	2	6200                              	121003	0	10088973	0
0.5	3100	11822	0	648547	128	10088973	100	2	6200                              	120208	0	10088973	0
0.5	3100	12186	0	665686	128	10088973	100	2	6200                              	120421	0	10088973	0
0.5	3100	11268	0	621396	128	10088973	100	2	6200                              	119345	0	10088973	0
0.5	3100	12161	0	664502	128	10088973	100	2	6200                              	121319	0	10088973	0
0.5	3100	11908	0	652305	128	10088973	100	2	6200                              	120542	0	10088973	0
0.5	3100	11003	0	607856	128	10088973	100	2	6200                              	120784	0	10088973	0
0.5	3100	12962	0	703188	128	10088973	100	2	6200                              	119955	0	10088973	0
0.5	3100	12082	0	660847	128	10088973	100	2	6200                              	120110	0	10088973	0
0.5	3100	12497	0	681516	128	10088973	100	2	6200                              	119937	0	10088973	0
0.5	3100	12483	0	680355	128	10088973	100	2	6200                              	120514	0	10088973	0
0.5	3100	11510	0	632620	128	10088973	100	2	6200                              	120952	0	10088973	0
0.5	3100	11573	0	636529	128	10088973	100	2	6200                              	120266	0	10088973	0
0.5	3100	11583	0	636991	128	10088973	100	2	6200                              	118999	0	10088973	0
0.5	3100	11987	0	657087	128	10088973	100	2	6200                              	120135	0	10088973	0
0.5	3100	10403	0	579754	128	10088973	100	2	6200                              	120577	0	10088973	0
0.5	3100	11716	0	643235	128	10088973	100	2	6200                              	119297	0	10088973	0
0.5	3100	12535	0	682202	128	10088973	100	2	6200                              	121020	0	10088973	0
0.5	3100	12201	0	666633	128	10088973	100	2	6200                              	120640	0	10088973	0
0.5	3100	12148	0	663656	128	10088973	100	2	6200                              	120103	0	10088973	0
0.5	3100	11595	0	637682	128	10088973	100	2	6200                              	120526	0	10088973	0
0.5	3100	11806	0	647362	128	10088973	100	2	6200                              	120102	0	10088973	0
0.5	3100	11300	0	623047	128	10088973	100	2	6200                              	119983	0	10088973	0
0.5	3100	11334	0	624919	128	10088973	100	2	6200                              	120676	0	10088973	0
0.5	3100	11778	0	645978	128	10088973	100	2	6200                              	119292	0	10088973	0
0.5	3100	10939	0	605589	128	10088973	100	2	6200                              	120831	0	10088973	0
0.5	3100	11352	0	625918	128	10088973	100	2	6200                              	120962	0	10088973	0
0.5	3100	11987	0	656767	128	10088973	100	2	6200                              	119871	0	10088973	0
0.5	3100	11037	0	610217	128	10088973	100	2	6200                              	121163	0	10088973	0
0.5	3100	11913	0	652914	128	10088973	100	2	6200                              	121032	0	10088973	0
0.5	3100	12025	0	657456	128	10088973	100	2	6200                              	120947	0	10088973	0
0.5	3100	12152	0	663656	128	10088973	100	2	6200                              	120624	0	10088973	0
0.5	3100	12535	0	682256	128	10088973	100	2	6200                              	120867	0	10088973	0
0.5	3100	11795	0	646795	128	10088973	100	2	6200                              	120416	0	10088973	0
0.5	3100	11381	0	626456	128	10088973	100	2	6200                              	120425	0	10088973	0
0.5	4100	9732	0	697553	128	10088973	100	2	8200                              	117395	0	10088973	0
0.5	4100	10078	0	721022	128	10088973	100	2	8200                              	117925	0	10088973	0
0.5	4100	9753	0	698884	128	10088973	100	2	8200                              	119505	0	10088973	0
0.5	4100	10263	0	731451	128	10088973	100	2	8200                              	118027	0	10088973	0
0.5	4100	9948	0	712604	128	10088973	100	2	8200                              	118915	0	10088973	0
0.5	4100	9823	0	704492	128	10088973	100	2	8200                              	119362	0	10088973	0
0.5	4100	9938	0	711918	128	10088973	100	2	8200                              	118861	0	10088973	0
0.5	4100	9699	0	696400	128	10088973	100	2	8200                              	118675	0	10088973	0
0.5	4100	9679	0	695196	128	10088973	100	2	8200                              	118074	0	10088973	0
0.5	4100	9526	0	685060	128	10088973	100	2	8200                              	117847	0	10088973	0
0.5	4100	10307	0	735182	128	10088973	100	2	8200                              	118285	0	10088973	0
0.5	4100	9936	0	711600	128	10088973	100	2	8200                              	118571	0	10088973	0
0.5	4100	10757	0	763056	128	10088973	100	2	8200                              	118283	0	10088973	0
0.5	4100	9698	0	696884	128	10088973	100	2	8200                              	118836	0	10088973	0
0.5	4100	10159	0	725325	128	10088973	100	2	8200                              	119056	0	10088973	0
0.5	4100	10070	0	720659	128	10088973	100	2	8200                              	117008	0	10088973	0
0.5	4100	10769	0	764159	128	10088973	100	2	8200                              	117896	0	10088973	0
0.5	4100	10367	0	738456	128	10088973	100	2	8200                              	118381	0	10088973	0
0.5	4100	10243	0	730256	128	10088973	100	2	8200                              	117888	0	10088973	0
0.5	4100	10589	0	753692	128	10088973	100	2	8200                              	119158	0	10088973	0
0.5	4100	10017	0	715926	128	10088973	100	2	8200                              	118457	0	10088973	0
0.5	4100	11051	0	783176	128	10088973	100	2	8200                              	118531	0	10088973	0
0.5	4100	10717	0	761892	128	10088973	100	2	8200                              	118006	0	10088973	0
0.5	4100	10035	0	717869	128	10088973	100	2	8200                              	118402	0	10088973	0
0.5	4100	9802	0	703101	128	10088973	100	2	8200                              	117649	0	10088973	0
0.5	4100	9257	0	667611	128	10088973	100	2	8200                              	119062	0	10088973	0
0.5	4100	10266	0	731725	128	10088973	100	2	8200                              	117887	0	10088973	0
0.5	4100	9907	0	709558	128	10088973	100	2	8200                              	119177	0	10088973	0
0.5	4100	9520	0	685082	128	10088973	100	2	8200                              	118407	0	10088973	0
0.5	4100	10140	0	723627	128	10088973	100	2	8200                              	117654	0	10088973	0
0.5	4100	10499	0	746656	128	10088973	100	2	8200                              	118364	0	10088973	0
0.5	4100	9631	0	691498	128	10088973	100	2	8200                              	119204	0	10088973	0
0.5	4100	10370	0	738456	128	10088973	100	2	8200                              	118925	0	10088973	0
0.5	4100	9821	0	704492	128	10088973	100	2	8200                              	119247	0	10088973	0
0.5	4100	9734	0	697456	128	10088973	100	2	8200                              	119222	0	10088973	0
0.5	4100	11198	0	792508	128	10088973	100	2	8200                              	117432	0	10088973	0
0.5	4100	9486	0	681955	128	10088973	100	2	8200                              	119218	0	10088973	0
0.5	4100	10572	0	752804	128	10088973	100	2	8200                              	118602	0	10088973	0
0.5	4100	9985	0	713856	128	10088973	100	2	8200                              	118783	0	10088973	0
0.5	4100	11162	0	789084	128	10088973	100	2	8200                              	117850	0	10088973	0
0.5	4100	10577	0	752600	128	10088973	100	2	8200                              	117904	0	10088973	0
0.5	4100	9550	0	687000	128	10088973	100	2	8200                              	118853	0	10088973	0
0.5	4100	10926	0	774730	128	10088973	100	2	8200                              	118672	0	10088973	0
0.5	4100	10300	0	734933	128	10088973	100	2	8200                              	119804	0	10088973	0
0.5	4100	10318	0	736133	128	10088973	100	2	8200                              	118620	0	10088973	0
0.5	4100	10379	0	738991	128	10088973	100	2	8200                              	119684	0	10088973	0
0.5	4100	10109	0	722056	128	10088973	100	2	8200                              	117482	0	10088973	0
0.5	4100	10450	0	744400	128	10088973	100	2	8200                              	118644	0	10088973	0
0.5	4100	10344	0	737839	128	10088973	100	2	8200                              	117621	0	10088973	0
0.5	4100	9886	0	707595	128	10088973	100	2	8200                              	114528	0	10088973	0
0.5	4100	10127	0	722704	128	10088973	100	2	8200                              	118129	0	10088973	0
0.5	4100	11093	0	785400	128	10088973	100	2	8200                              	118438	0	10088973	0
0.5	4100	10364	0	738287	128	10088973	100	2	8200                              	119598	0	10088973	0
0.5	4100	9764	0	699772	128	10088973	100	2	8200                              	119298	0	10088973	0
0.5	4100	11050	0	782649	128	10088973	100	2	8200                              	118610	0	10088973	0
0.5	4100	9315	0	672168	128	10088973	100	2	8200                              	118906	0	10088973	0
0.5	4100	10882	0	771256	128	10088973	100	2	8200                              	118886	0	10088973	0
0.5	4100	9752	0	698667	128	10088973	100	2	8200                              	118373	0	10088973	0
0.5	4100	9918	0	710464	128	10088973	100	2	8200                              	119142	0	10088973	0
0.5	4100	9524	0	684505	128	10088973	100	2	8200                              	119709	0	10088973	0
0.5	4100	9225	0	665211	128	10088973	100	2	8200                              	119399	0	10088973	0
0.5	4100	10305	0	735313	128	10088973	100	2	8200                              	117889	0	10088973	0
0.5	4100	10434	0	743404	128	10088973	100	2	8200                              	118082	0	10088973	0
0.5	4100	9729	0	697456	128	10088973	100	2	8200                              	118682	0	10088973	0
0.5	4100	9827	0	705063	128	10088973	100	2	8200                              	118792	0	10088973	0
0.5	4100	10022	0	716267	128	10088973	100	2	8200                              	118654	0	10088973	0
0.5	4100	10314	0	735683	128	10088973	100	2	8200                              	117601	0	10088973	0
0.5	4100	9787	0	702007	128	10088973	100	2	8200                              	118935	0	10088973	0
0.5	4100	10317	0	736196	128	10088973	100	2	8200                              	118331	0	10088973	0
0.5	4100	10389	0	739632	128	10088973	100	2	8200                              	117163	0	10088973	0
0.5	4100	9267	0	668087	128	10088973	100	2	8200                              	119022	0	10088973	0
0.5	4100	9773	0	700460	128	10088973	100	2	8200                              	118653	0	10088973	0
0.5	4100	11275	0	796523	128	10088973	100	2	8200                              	117672	0	10088973	0
0.5	4100	9222	0	664656	128	10088973	100	2	8200                              	118628	0	10088973	0
0.5	4100	10114	0	721687	128	10088973	100	2	8200                              	118744	0	10088973	0
0.5	4100	10312	0	736011	128	10088973	100	2	8200                              	117174	0	10088973	0
0.5	4100	9793	0	702725	128	10088973	100	2	8200                              	118232	0	10088973	0
0.5	4100	9755	0	699158	128	10088973	100	2	8200                              	117916	0	10088973	0
0.5	4100	9750	0	698851	128	10088973	100	2	8200                              	118670	0	10088973	0
0.5	4100	9374	0	674293	128	10088973	100	2	8200                              	119141	0	10088973	0
0.5	4100	9879	0	707224	128	10088973	100	2	8200                              	117974	0	10088973	0
0.5	4100	10391	0	740008	128	10088973	100	2	8200                              	118096	0	10088973	0
0.5	4100	9807	0	703391	128	10088973	100	2	8200                              	119212	0	10088973	0
0.5	4100	10622	0	754681	128	10088973	100	2	8200                              	118934	0	10088973	0
0.5	4100	9183	0	663492	128	10088973	100	2	8200                              	119373	0	10088973	0
0.5	4100	10901	0	772673	128	10088973	100	2	8200                              	119014	0	10088973	0
0.5	4100	9812	0	703889	128	10088973	100	2	8200                              	119821	0	10088973	0
0.5	4100	10573	0	752596	128	10088973	100	2	8200                              	118286	0	10088973	0
0.5	4100	9690	0	695725	128	10088973	100	2	8200                              	119872	0	10088973	0
0.5	4100	10290	0	734220	128	10088973	100	2	8200                              	118682	0	10088973	0
0.5	4100	9384	0	675540	128	10088973	100	2	8200                              	118191	0	10088973	0
0.5	4100	10844	0	770346	128	10088973	100	2	8200                              	117531	0	10088973	0
0.5	4100	10236	0	730256	128	10088973	100	2	8200                              	118554	0	10088973	0
0.5	4100	10111	0	722009	128	10088973	100	2	8200                              	118334	0	10088973	0
0.5	4100	9765	0	699947	128	10088973	100	2	8200                              	118121	0	10088973	0
0.5	4100	9727	0	697456	128	10088973	100	2	8200                              	117950	0	10088973	0
0.5	4100	10066	0	720111	128	10088973	100	2	8200                              	118739	0	10088973	0
0.5	4100	10173	0	726573	128	10088973	100	2	8200                              	117474	0	10088973	0
0.5	4100	10757	0	763056	128	10088973	100	2	8200                              	118376	0	10088973	0
0.5	4100	10391	0	739559	128	10088973	100	2	8200                              	118045	0	10088973	0
0.5	5100	8608	0	758467	128	10088973	100	2	10200                              	117776	0	10088973	0
0.5	5100	8261	0	733386	128	10088973	100	2	10200                              	116687	0	10088973	0
0.5	5100	8745	0	769656	128	10088973	100	2	10200                              	116351	0	10088973	0
0.5	5100	9383	0	820656	128	10088973	100	2	10200                              	116377	0	10088973	0
0.5	5100	8383	0	743090	128	10088973	100	2	10200                              	117725	0	10088973	0
0.5	5100	9270	0	812771	128	10088973	100	2	10200                              	116428	0	10088973	0
0.5	5100	9246	0	809381	128	10088973	100	2	10200                              	116918	0	10088973	0
0.5	5100	8222	0	728130	128	10088973	100	2	10200                              	116850	0	10088973	0
0.5	5100	8219	0	727692	128	10088973	100	2	10200                              	116413	0	10088973	0
0.5	5100	9767	0	851310	128	10088973	100	2	10200                              	116818	0	10088973	0
0.5	5100	9140	0	802419	128	10088973	100	2	10200                              	115610	0	10088973	0
0.5	5100	10138	0	880662	128	10088973	100	2	10200                              	115566	0	10088973	0
0.5	5100	9785	0	854321	128	10088973	100	2	10200                              	116425	0	10088973	0
0.5	5100	9381	0	820656	128	10088973	100	2	10200                              	116299	0	10088973	0
0.5	5100	9799	0	855807	128	10088973	100	2	10200                              	115726	0	10088973	0
0.5	5100	9140	0	802047	128	10088973	100	2	10200                              	114111	0	10088973	0
0.5	5100	8721	0	767597	128	10088973	100	2	10200                              	116400	0	10088973	0
0.5	5100	9777	0	853051	128	10088973	100	2	10200                              	116610	0	10088973	0
0.5	5100	8488	0	749256	128	10088973	100	2	10200                              	115519	0	10088973	0
0.5	5100	10787	0	932856	128	10088973	100	2	10200                              	114663	0	10088973	0
0.5	5100	8362	0	739056	128	10088973	100	2	10200                              	117329	0	10088973	0
0.5	5100	8615	0	759215	128	10088973	100	2	10200                              	117318	0	10088973	0
0.5	5100	9359	0	818192	128	10088973	100	2	10200                              	116147	0	10088973	0
0.5	5100	8640	0	762613	128	10088973	100	2	10200                              	116519	0	10088973	0
0.5	5100	8958	0	787116	128	10088973	100	2	10200                              	117659	0	10088973	0
0.5	5100	8765	0	773082	128	10088973	100	2	10200                              	117349	0	10088973	0
0.5	5100	7855	0	699248	128	10088973	100	2	10200                              	116454	0	10088973	0
0.5	5100	9143	0	802317	128	10088973	100	2	10200                              	117068	0	10088973	0
0.5	5100	8363	0	739056	128	10088973	100	2	10200                              	116035	0	10088973	0
0.5	5100	9242	0	809364	128	10088973	100	2	10200                              	116719	0	10088973	0
0.5	5100	9923	0	866304	128	10088973	100	2	10200                              	116986	0	10088973	0
0.5	5100	8565	0	755760	128	10088973	100	2	10200                              	117049	0	10088973	0
0.5	5100	8909	0	785067	128	10088973	100	2	10200                              	117082	0	10088973	0
0.5	5100	8630	0	761564	128	10088973	100	2	10200                              	115545	0	10088973	0
0.5	5100	9130	0	800256	128	10088973	100	2	10200                              	116561	0	10088973	0
0.5	5100	8890	0	782649	128	10088973	100	2	10200                              	116622	0	10088973	0
0.5	5100	9272	0	812302	128	10088973	100	2	10200                              	116922	0	10088973	0
0.5	5100	8810	0	775288	128	10088973	100	2	10200                              	117227	0	10088973	0
0.5	5100	9659	0	844377	128	10088973	100	2	10200                              	116314	0	10088973	0
0.5	5100	8739	0	769656	128	10088973	100	2	10200                              	116292	0	10088973	0
0.5	5100	8638	0	762379	128	10088973	100	2	10200                              	117323	0	10088973	0
0.5	5100	8392	0	743579	128	10088973	100	2	10200                              	117581	0	10088973	0
0.5	5100	9128	0	800256	128	10088973	100	2	10200                              	117263	0	10088973	0
0.5	5100	8895	0	783828	128	10088973	100	2	10200                              	117113	0	10088973	0
0.5	5100	8596	0	757360	128	10088973	100	2	10200                              	117117	0	10088973	0
0.5	5100	8370	0	741000	128	10088973	100	2	10200                              	116972	0	10088973	0
0.5	5100	9468	0	827659	128	10088973	100	2	10200                              	114858	0	10088973	0
0.5	5100	8768	0	772933	128	10088973	100	2	10200                              	116563	0	10088973	0
0.5	5100	9248	0	810456	128	10088973	100	2	10200                              	115714	0	10088973	0
0.5	5100	8859	0	778705	128	10088973	100	2	10200                              	115822	0	10088973	0
0.5	5100	9075	0	796688	128	10088973	100	2	10200                              	116640	0	10088973	0
0.5	5100	8239	0	729869	128	10088973	100	2	10200                              	116893	0	10088973	0
0.5	5100	8630	0	761723	128	10088973	100	2	10200                              	116965	0	10088973	0
0.5	5100	9003	0	790056	128	10088973	100	2	10200                              	115531	0	10088973	0
0.5	5100	8487	0	749256	128	10088973	100	2	10200                              	117270	0	10088973	0
0.5	5100	9128	0	800256	128	10088973	100	2	10200                              	117319	0	10088973	0
0.5	5100	9511	0	830856	128	10088973	100	2	10200                              	115494	0	10088973	0
0.5	5100	8873	0	779418	128	10088973	100	2	10200                              	116389	0	10088973	0
0.5	5100	9768	0	851256	128	10088973	100	2	10200                              	116183	0	10088973	0
0.5	5100	9280	0	814440	128	10088973	100	2	10200                              	115486	0	10088973	0
0.5	5100	8609	0	759142	128	10088973	100	2	10200                              	115670	0	10088973	0
0.5	5100	8495	0	750055	128	10088973	100	2	10200                              	116993	0	10088973	0
0.5	5100	8987	0	789160	128	10088973	100	2	10200                              	117807	0	10088973	0
0.5	5100	8939	0	786246	128	10088973	100	2	10200                              	116803	0	10088973	0
0.5	5100	9240	0	809322	128	10088973	100	2	10200                              	115536	0	10088973	0
0.5	5100	7971	0	708456	128	10088973	100	2	10200                              	117693	0	10088973	0
0.5	5100	8483	0	748983	128	10088973	100	2	10200                              	115392	0	10088973	0
0.5	5100	9333	0	816796	128	10088973	100	2	10200                              	116371	0	10088973	0
0.5	5100	8999	0	790056	128	10088973	100	2	10200                              	117253	0	10088973	0
0.5	5100	9114	0	799005	128	10088973	100	2	10200                              	116954	0	10088973	0
0.5	5100	9520	0	832434	128	10088973	100	2	10200                              	114273	0	10088973	0
0.5	5100	9005	0	791155	128	10088973	100	2	10200                              	115741	0	10088973	0
0.5	5100	8485	0	749256	128	10088973	100	2	10200                              	115988	0	10088973	0
0.5	5100	8498	0	750589	128	10088973	100	2	10200                              	115894	0	10088973	0
0.5	5100	9109	0	798271	128	10088973	100	2	10200                              	117032	0	10088973	0
0.5	5100	8882	0	781647	128	10088973	100	2	10200                              	117213	0	10088973	0
0.5	5100	9002	0	790056	128	10088973	100	2	10200                              	115141	0	10088973	0
0.5	5100	8764	0	773682	128	10088973	100	2	10200                              	116689	0	10088973	0
0.5	5100	8876	0	780709	128	10088973	100	2	10200                              	116782	0	10088973	0
0.5	5100	8640	0	762939	128	10088973	100	2	10200                              	115802	0	10088973	0
0.5	5100	9464	0	827444	128	10088973	100	2	10200                              	115905	0	10088973	0
0.5	5100	8897	0	783345	128	10088973	100	2	10200                              	116363	0	10088973	0
0.5	5100	9272	0	812889	128	10088973	100	2	10200                              	115685	0	10088973	0
0.5	5100	8488	0	749256	128	10088973	100	2	10200                              	116944	0	10088973	0
0.5	5100	8734	0	768761	128	10088973	100	2	10200                              	116057	0	10088973	0
0.5	5100	8736	0	768857	128	10088973	100	2	10200                              	118069	0	10088973	0
0.5	5100	9637	0	841056	128	10088973	100	2	10200                              	115665	0	10088973	0
0.5	5100	9007	0	791258	128	10088973	100	2	10200                              	116889	0	10088973	0
0.5	5100	9283	0	814547	128	10088973	100	2	10200                              	115267	0	10088973	0
0.5	5100	8623	0	760968	128	10088973	100	2	10200                              	117051	0	10088973	0
0.5	5100	8895	0	783916	128	10088973	100	2	10200                              	116378	0	10088973	0
0.5	5100	9649	0	842618	128	10088973	100	2	10200                              	114603	0	10088973	0
0.5	5100	8100	0	718342	128	10088973	100	2	10200                              	118461	0	10088973	0
0.5	5100	9243	0	809292	128	10088973	100	2	10200                              	117414	0	10088973	0
0.5	5100	10300	0	895417	128	10088973	100	2	10200                              	115050	0	10088973	0
0.5	5100	8394	0	744333	128	10088973	100	2	10200                              	116140	0	10088973	0
0.5	5100	9722	0	848359	128	10088973	100	2	10200                              	116734	0	10088973	0
0.5	5100	9212	0	807074	128	10088973	100	2	10200                              	115717	0	10088973	0
0.5	5100	9152	0	804687	128	10088973	100	2	10200                              	116401	0	10088973	0
0.5	5100	9909	0	863313	128	10088973	100	2	10200                              	115478	0	10088973	0
0.5	6100	7971	0	830256	128	10088973	100	2	12200                              	116058	0	10088973	0
0.5	6100	7679	0	804640	128	10088973	100	2	12200                              	116406	0	10088973	0
0.5	6100	8489	0	880205	128	10088973	100	2	12200                              	115873	0	10088973	0
0.5	6100	8029	0	839011	128	10088973	100	2	12200                              	116953	0	10088973	0
0.5	6100	7585	0	793656	128	10088973	100	2	12200                              	115959	0	10088973	0
0.5	6100	7591	0	793656	128	10088973	100	2	12200                              	114442	0	10088973	0
0.5	6100	8046	0	840400	128	10088973	100	2	12200                              	115917	0	10088973	0
0.5	6100	8658	0	899337	128	10088973	100	2	12200                              	113882	0	10088973	0
0.5	6100	8119	0	846630	128	10088973	100	2	12200                              	115023	0	10088973	0
0.5	6100	7587	0	793656	128	10088973	100	2	12200                              	115149	0	10088973	0
0.5	6100	7857	0	820596	128	10088973	100	2	12200                              	114814	0	10088973	0
0.5	6100	7754	0	812774	128	10088973	100	2	12200                              	115485	0	10088973	0
0.5	6100	7548	0	792564	128	10088973	100	2	12200                              	115260	0	10088973	0
0.5	6100	8940	0	925293	128	10088973	100	2	12200                              	110177	0	10088973	0
0.5	6100	8058	0	841292	128	10088973	100	2	12200                              	115701	0	10088973	0
0.5	6100	7515	0	790071	128	10088973	100	2	12200                              	116269	0	10088973	0
0.5	6100	7974	0	830256	128	10088973	100	2	12200                              	115659	0	10088973	0
0.5	6100	7885	0	824952	128	10088973	100	2	12200                              	113408	0	10088973	0
0.5	6100	8384	0	872574	128	10088973	100	2	12200                              	115445	0	10088973	0
0.5	6100	7639	0	802321	128	10088973	100	2	12200                              	116379	0	10088973	0
0.5	6100	8819	0	913600	128	10088973	100	2	12200                              	114762	0	10088973	0
0.5	6100	7675	0	805127	128	10088973	100	2	12200                              	115000	0	10088973	0
0.5	6100	8168	0	851657	128	10088973	100	2	12200                              	114718	0	10088973	0
0.5	6100	8261	0	861175	128	10088973	100	2	12200                              	115677	0	10088973	0
0.5	6100	8689	0	901633	128	10088973	100	2	12200                              	114464	0	10088973	0
0.5	6100	8401	0	874572	128	10088973	100	2	12200                              	112102	0	10088973	0
0.5	6100	8052	0	841136	128	10088973	100	2	12200                              	114003	0	10088973	0
0.5	6100	7460	0	781059	128	10088973	100	2	12200                              	114583	0	10088973	0
0.5	6100	7406	0	779251	128	10088973	100	2	12200                              	112296	0	10088973	0
0.5	6100	7994	0	834617	128	10088973	100	2	12200                              	113810	0	10088973	0
0.5	6100	7997	0	834300	128	10088973	100	2	12200                              	114899	0	10088973	0
0.5	6100	8231	0	854656	128	10088973	100	2	12200                              	113317	0	10088973	0
0.5	6100	7123	0	753432	128	10088973	100	2	12200                              	115044	0	10088973	0
0.5	6100	7603	0	797412	128	10088973	100	2	12200                              	116275	0	10088973	0
0.5	6100	8778	0	910566	128	10088973	100	2	12200                              	114377	0	10088973	0
0.5	6100	7727	0	808396	128	10088973	100	2	12200                              	116343	0	10088973	0
0.5	6100	7999	0	835609	128	10088973	100	2	12200                              	113646	0	10088973	0
0.5	6100	8632	0	895625	128	10088973	100	2	12200                              	116074	0	10088973	0
0.5	6100	7864	0	823133	128	10088973	100	2	12200                              	116384	0	10088973	0
0.5	6100	7521	0	790712	128	10088973	100	2	12200                              	114755	0	10088973	0
0.5	6100	7620	0	799851	128	10088973	100	2	12200                              	114879	0	10088973	0
0.5	6100	8233	0	854656	128	10088973	100	2	12200                              	114474	0	10088973	0
0.5	6100	8491	0	880781	128	10088973	100	2	12200                              	115638	0	10088973	0
0.5	6100	8229	0	854038	128	10088973	100	2	12200                              	113132	0	10088973	0
0.5	6100	8880	0	918196	128	10088973	100	2	12200                              	113611	0	10088973	0
0.5	6100	8237	0	856472	128	10088973	100	2	12200                              	115065	0	10088973	0
0.5	6100	8043	0	840167	128	10088973	100	2	12200                              	114388	0	10088973	0
0.5	6100	8293	0	863855	128	10088973	100	2	12200                              	115335	0	10088973	0
0.5	6100	7983	0	832796	128	10088973	100	2	12200                              	112591	0	10088973	0
0.5	6100	8229	0	854656	128	10088973	100	2	12200                              	116236	0	10088973	0
0.5	6100	8238	0	856903	128	10088973	100	2	12200                              	115115	0	10088973	0
0.5	6100	8739	0	903456	128	10088973	100	2	12200                              	114416	0	10088973	0
0.5	6100	8620	0	892167	128	10088973	100	2	12200                              	116443	0	10088973	0
0.5	6100	8037	0	839527	128	10088973	100	2	12200                              	115994	0	10088973	0
0.5	6100	8481	0	879056	128	10088973	100	2	12200                              	114677	0	10088973	0
0.5	6100	8646	0	897861	128	10088973	100	2	12200                              	114582	0	10088973	0
0.5	6100	7842	0	817866	128	10088973	100	2	12200                              	114906	0	10088973	0
0.5	6100	8050	0	840400	128	10088973	100	2	12200                              	113000	0	10088973	0
0.5	6100	8054	0	840673	128	10088973	100	2	12200                              	113155	0	10088973	0
0.5	6100	7471	0	784567	128	10088973	100	2	12200                              	114121	0	10088973	0
0.5	6100	8039	0	839475	128	10088973	100	2	12200                              	115669	0	10088973	0
0.5	6100	8624	0	893752	128	10088973	100	2	12200                              	114107	0	10088973	0
0.5	6100	7637	0	801834	128	10088973	100	2	12200                              	116321	0	10088973	0
0.5	6100	8357	0	866856	128	10088973	100	2	12200                              	111960	0	10088973	0
0.5	6100	7628	0	800963	128	10088973	100	2	12200                              	116556	0	10088973	0
0.5	6100	8521	0	885927	128	10088973	100	2	12200                              	112610	0	10088973	0
0.5	6100	8277	0	863169	128	10088973	100	2	12200                              	116015	0	10088973	0
0.5	6100	8613	0	891256	128	10088973	100	2	12200                              	114982	0	10088973	0
0.5	6100	8160	0	851574	128	10088973	100	2	12200                              	114833	0	10088973	0
0.5	6100	8678	0	900822	128	10088973	100	2	12200                              	114045	0	10088973	0
0.5	6100	9408	0	970455	128	10088973	100	2	12200                              	113932	0	10088973	0
0.5	6100	8613	0	890740	128	10088973	100	2	12200                              	115226	0	10088973	0
0.5	6100	8955	0	926408	128	10088973	100	2	12200                              	114731	0	10088973	0
0.5	6100	7616	0	799452	128	10088973	100	2	12200                              	115939	0	10088973	0
0.5	6100	8624	0	893796	128	10088973	100	2	12200                              	115075	0	10088973	0
0.5	6100	8739	0	903456	128	10088973	100	2	12200                              	115562	0	10088973	0
0.5	6100	7680	0	804912	128	10088973	100	2	12200                              	114943	0	10088973	0
0.5	6100	8229	0	854656	128	10088973	100	2	12200                              	115886	0	10088973	0
0.5	6100	7404	0	778680	128	10088973	100	2	12200                              	115915	0	10088973	0
0.5	6100	8663	0	899759	128	10088973	100	2	12200                              	114024	0	10088973	0
0.5	6100	8395	0	873844	128	10088973	100	2	12200                              	113636	0	10088973	0
0.5	6100	8100	0	842525	128	10088973	100	2	12200                              	115580	0	10088973	0
0.5	6100	8562	0	890312	128	10088973	100	2	12200                              	114261	0	10088973	0
0.5	6100	8649	0	898884	128	10088973	100	2	12200                              	115032	0	10088973	0
0.5	6100	7764	0	813907	128	10088973	100	2	12200                              	115182	0	10088973	0
0.5	6100	8436	0	877146	128	10088973	100	2	12200                              	114864	0	10088973	0
0.5	6100	7332	0	769256	128	10088973	100	2	12200                              	115650	0	10088973	0
0.5	6100	7857	0	821212	128	10088973	100	2	12200                              	114324	0	10088973	0
0.5	6100	8121	0	846677	128	10088973	100	2	12200                              	114777	0	10088973	0
0.5	6100	7233	0	763200	128	10088973	100	2	12200                              	116556	0	10088973	0
0.5	6100	7383	0	777752	128	10088973	100	2	12200                              	114884	0	10088973	0
0.5	6100	8444	0	877892	128	10088973	100	2	12200                              	115383	0	10088973	0
0.5	6100	7480	0	786077	128	10088973	100	2	12200                              	114675	0	10088973	0
0.5	6100	7596	0	795610	128	10088973	100	2	12200                              	113900	0	10088973	0
0.5	6100	8227	0	854656	128	10088973	100	2	12200                              	113003	0	10088973	0
0.5	6100	7716	0	805856	128	10088973	100	2	12200                              	114768	0	10088973	0
0.5	6100	8532	0	887222	128	10088973	100	2	12200                              	115366	0	10088973	0
0.5	6100	8795	0	912253	128	10088973	100	2	12200                              	115197	0	10088973	0
0.5	6100	8383	0	872084	128	10088973	100	2	12200                              	115024	0	10088973	0
0.5	6100	8030	0	839331	128	10088973	100	2	12200                              	115949	0	10088973	0
0.5	7100	7826	0	937606	128	10088973	100	2	14200                              	112970	0	10088973	0
0.5	7100	8146	0	976456	128	10088973	100	2	14200                              	112864	0	10088973	0
0.5	7100	7834	0	939628	128	10088973	100	2	14200                              	111484	0	10088973	0
0.5	7100	7837	0	938668	128	10088973	100	2	14200                              	112978	0	10088973	0
0.5	7100	7705	0	924047	128	10088973	100	2	14200                              	111334	0	10088973	0
0.5	7100	6700	0	815323	128	10088973	100	2	14200                              	114089	0	10088973	0
0.5	7100	7632	0	919656	128	10088973	100	2	14200                              	114344	0	10088973	0
0.5	7100	7762	0	933856	128	10088973	100	2	14200                              	113578	0	10088973	0
0.5	7100	6935	0	839799	128	10088973	100	2	14200                              	115481	0	10088973	0
0.5	7100	8151	0	977196	128	10088973	100	2	14200                              	112284	0	10088973	0
0.5	7100	9178	0	1090767	128	10088973	100	2	14200                              	109623	0	10088973	0
0.5	7100	7503	0	905456	128	10088973	100	2	14200                              	112275	0	10088973	0
0.5	7100	7122	0	862856	128	10088973	100	2	14200                              	113060	0	10088973	0
0.5	7100	8289	0	992366	128	10088973	100	2	14200                              	113733	0	10088973	0
0.5	7100	7489	0	903006	128	10088973	100	2	14200                              	113261	0	10088973	0
0.5	7100	7714	0	928221	128	10088973	100	2	14200                              	112934	0	10088973	0
0.5	7100	7404	0	894030	128	10088973	100	2	14200                              	113136	0	10088973	0
0.5	7100	7621	0	917651	128	10088973	100	2	14200                              	113271	0	10088973	0
0.5	7100	7869	0	945255	128	10088973	100	2	14200                              	112905	0	10088973	0
0.5	7100	7065	0	853912	128	10088973	100	2	14200                              	115423	0	10088973	0
0.5	7100	6959	0	843478	128	10088973	100	2	14200                              	113109	0	10088973	0
0.5	7100	8234	0	984600	128	10088973	100	2	14200                              	111352	0	10088973	0
0.5	7100	6992	0	848422	128	10088973	100	2	14200                              	113854	0	10088973	0
0.5	7100	7830	0	937333	128	10088973	100	2	14200                              	113424	0	10088973	0
0.5	7100	7611	0	916912	128	10088973	100	2	14200                              	112975	0	10088973	0
0.5	7100	8105	0	970400	128	10088973	100	2	14200                              	111531	0	10088973	0
0.5	7100	7361	0	889059	128	10088973	100	2	14200                              	112275	0	10088973	0
0.5	7100	7721	0	928032	128	10088973	100	2	14200                              	111842	0	10088973	0
0.5	7100	7740	0	931057	128	10088973	100	2	14200                              	113017	0	10088973	0
0.5	7100	8401	0	1004085	128	10088973	100	2	14200                              	109364	0	10088973	0
0.5	7100	7992	0	959191	128	10088973	100	2	14200                              	111659	0	10088973	0
0.5	7100	7398	0	892702	128	10088973	100	2	14200                              	112010	0	10088973	0
0.5	7100	7352	0	887779	128	10088973	100	2	14200                              	113354	0	10088973	0
0.5	7100	6437	0	785967	128	10088973	100	2	14200                              	112925	0	10088973	0
0.5	7100	7129	0	863944	128	10088973	100	2	14200                              	112875	0	10088973	0
0.5	7100	6864	0	834456	128	10088973	100	2	14200                              	112964	0	10088973	0
0.5	7100	7450	0	897219	128	10088973	100	2	14200                              	114143	0	10088973	0
0.5	7100	7058	0	852942	128	10088973	100	2	14200                              	112442	0	10088973	0
0.5	7100	7598	0	914579	128	10088973	100	2	14200                              	112971	0	10088973	0
0.5	7100	7769	0	934746	128	10088973	100	2	14200                              	114435	0	10088973	0
0.5	7100	7249	0	877056	128	10088973	100	2	14200                              	111866	0	10088973	0
0.5	7100	7125	0	862856	128	10088973	100	2	14200                              	113283	0	10088973	0
0.5	7100	7313	0	880615	128	10088973	100	2	14200                              	113012	0	10088973	0
0.5	7100	7249	0	877056	128	10088973	100	2	14200                              	114328	0	10088973	0
0.5	7100	7616	0	916906	128	10088973	100	2	14200                              	113346	0	10088973	0
0.5	7100	7507	0	905541	128	10088973	100	2	14200                              	113825	0	10088973	0
0.5	7100	7704	0	924887	128	10088973	100	2	14200                              	113624	0	10088973	0
0.5	7100	6757	0	822587	128	10088973	100	2	14200                              	113975	0	10088973	0
0.5	7100	6614	0	806109	128	10088973	100	2	14200                              	113736	0	10088973	0
0.5	7100	8230	0	984527	128	10088973	100	2	14200                              	113875	0	10088973	0
0.5	7100	7338	0	885371	128	10088973	100	2	14200                              	115955	0	10088973	0
0.5	7100	7965	0	954759	128	10088973	100	2	14200                              	114628	0	10088973	0
0.5	7100	7115	0	862218	128	10088973	100	2	14200                              	112369	0	10088973	0
0.5	7100	7960	0	952583	128	10088973	100	2	14200                              	111386	0	10088973	0
0.5	7100	8141	0	976456	128	10088973	100	2	14200                              	112592	0	10088973	0
0.5	7100	7210	0	870991	128	10088973	100	2	14200                              	112612	0	10088973	0
0.5	7100	8100	0	970496	128	10088973	100	2	14200                              	111575	0	10088973	0
0.5	7100	7508	0	905456	128	10088973	100	2	14200                              	114971	0	10088973	0
0.5	7100	7125	0	862856	128	10088973	100	2	14200                              	113365	0	10088973	0
0.5	7100	7487	0	902712	128	10088973	100	2	14200                              	113253	0	10088973	0
0.5	7100	8144	0	976456	128	10088973	100	2	14200                              	111597	0	10088973	0
0.5	7100	7640	0	919656	128	10088973	100	2	14200                              	112558	0	10088973	0
0.5	7100	7464	0	899400	128	10088973	100	2	14200                              	115217	0	10088973	0
0.5	7100	8620	0	1028434	128	10088973	100	2	14200                              	112137	0	10088973	0
0.5	7100	7496	0	903647	128	10088973	100	2	14200                              	115009	0	10088973	0
0.5	7100	8496	0	1013566	128	10088973	100	2	14200                              	111457	0	10088973	0
0.5	7100	7086	0	857440	128	10088973	100	2	14200                              	114224	0	10088973	0
0.5	7100	7131	0	863417	128	10088973	100	2	14200                              	114291	0	10088973	0
0.5	7100	7383	0	891882	128	10088973	100	2	14200                              	112222	0	10088973	0
0.5	7100	7457	0	898290	128	10088973	100	2	14200                              	114416	0	10088973	0
0.5	7100	7225	0	874112	128	10088973	100	2	14200                              	114095	0	10088973	0
0.5	7100	7630	0	919656	128	10088973	100	2	14200                              	113439	0	10088973	0
0.5	7100	7839	0	940718	128	10088973	100	2	14200                              	113153	0	10088973	0
0.5	7100	8745	0	1041400	128	10088973	100	2	14200                              	113354	0	10088973	0
0.5	7100	7371	0	890092	128	10088973	100	2	14200                              	112717	0	10088973	0
0.5	7100	7451	0	896623	128	10088973	100	2	14200                              	112910	0	10088973	0
0.5	7100	8277	0	991430	128	10088973	100	2	14200                              	112712	0	10088973	0
0.5	7100	7120	0	862744	128	10088973	100	2	14200                              	112755	0	10088973	0
0.5	7100	7187	0	866416	128	10088973	100	2	14200                              	112438	0	10088973	0
0.5	7100	8383	0	1001938	128	10088973	100	2	14200                              	111798	0	10088973	0
0.5	7100	7202	0	869900	128	10088973	100	2	14200                              	112673	0	10088973	0
0.5	7100	7997	0	959769	128	10088973	100	2	14200                              	111208	0	10088973	0
0.5	7100	6505	0	794432	128	10088973	100	2	14200                              	113027	0	10088973	0
0.5	7100	7084	0	857917	128	10088973	100	2	14200                              	114314	0	10088973	0
0.5	7100	7639	0	919656	128	10088973	100	2	14200                              	112899	0	10088973	0
0.5	7100	7208	0	870989	128	10088973	100	2	14200                              	112780	0	10088973	0
0.5	7100	7712	0	925554	128	10088973	100	2	14200                              	113329	0	10088973	0
0.5	7100	7376	0	891256	128	10088973	100	2	14200                              	115191	0	10088973	0
0.5	7100	7877	0	946002	128	10088973	100	2	14200                              	113384	0	10088973	0
0.5	7100	7196	0	868995	128	10088973	100	2	14200                              	110323	0	10088973	0
0.5	7100	7655	0	922708	128	10088973	100	2	14200                              	106592	0	10088973	0
0.5	7100	7503	0	904677	128	10088973	100	2	14200                              	112107	0	10088973	0
0.5	7100	7246	0	877056	128	10088973	100	2	14200                              	112670	0	10088973	0
0.5	7100	7242	0	875969	128	10088973	100	2	14200                              	113709	0	10088973	0
0.5	7100	7374	0	891256	128	10088973	100	2	14200                              	111722	0	10088973	0
0.5	7100	6860	0	832651	128	10088973	100	2	14200                              	113593	0	10088973	0
0.5	7100	7065	0	853069	128	10088973	100	2	14200                              	112107	0	10088973	0
0.5	7100	7486	0	902472	128	10088973	100	2	14200                              	113257	0	10088973	0
0.5	7100	6992	0	848656	128	10088973	100	2	14200                              	112978	0	10088973	0
0.5	7100	8013	0	960365	128	10088973	100	2	14200                              	113021	0	10088973	0
0.5	8100	6963	0	954600	128	10088973	100	2	16200                              	106861	0	10088973	0
0.5	8100	7453	0	1013256	128	10088973	100	2	16200                              	110173	0	10088973	0
0.5	8100	6684	0	916056	128	10088973	100	2	16200                              	110408	0	10088973	0
0.5	8100	6325	0	873533	128	10088973	100	2	16200                              	113552	0	10088973	0
0.5	8100	6586	0	906000	128	10088973	100	2	16200                              	112035	0	10088973	0
0.5	8100	6585	0	906555	128	10088973	100	2	16200                              	112210	0	10088973	0
0.5	8100	6198	0	857108	128	10088973	100	2	16200                              	112406	0	10088973	0
0.5	8100	7273	0	989292	128	10088973	100	2	16200                              	111979	0	10088973	0
0.5	8100	6904	0	942976	128	10088973	100	2	16200                              	110112	0	10088973	0
0.5	8100	7219	0	987000	128	10088973	100	2	16200                              	110417	0	10088973	0
0.5	8100	7005	0	956035	128	10088973	100	2	16200                              	112320	0	10088973	0
0.5	8100	7454	0	1013268	128	10088973	100	2	16200                              	110671	0	10088973	0
0.5	8100	7315	0	995813	128	10088973	100	2	16200                              	110942	0	10088973	0
0.5	8100	7191	0	980856	128	10088973	100	2	16200                              	105244	0	10088973	0
0.5	8100	6629	0	908396	128	10088973	100	2	16200                              	111248	0	10088973	0
0.5	8100	6684	0	915631	128	10088973	100	2	16200                              	111106	0	10088973	0
0.5	8100	7197	0	980856	128	10088973	100	2	16200                              	111542	0	10088973	0
0.5	8100	6301	0	867456	128	10088973	100	2	16200                              	111029	0	10088973	0
0.5	8100	7071	0	964656	128	10088973	100	2	16200                              	111820	0	10088973	0
0.5	8100	6962	0	954494	128	10088973	100	2	16200                              	111397	0	10088973	0
0.5	8100	6838	0	939402	128	10088973	100	2	16200                              	109218	0	10088973	0
0.5	8100	6808	0	932256	128	10088973	100	2	16200                              	110965	0	10088973	0
0.5	8100	7191	0	980856	128	10088973	100	2	16200                              	111457	0	10088973	0
0.5	8100	6115	0	843354	128	10088973	100	2	16200                              	113416	0	10088973	0
0.5	8100	7345	0	1001560	128	10088973	100	2	16200                              	109153	0	10088973	0
0.5	8100	6909	0	943713	128	10088973	100	2	16200                              	111678	0	10088973	0
0.5	8100	6954	0	951533	128	10088973	100	2	16200                              	113627	0	10088973	0
0.5	8100	6804	0	930675	128	10088973	100	2	16200                              	111526	0	10088973	0
0.5	8100	6785	0	928584	128	10088973	100	2	16200                              	112078	0	10088973	0
0.5	8100	6329	0	873771	128	10088973	100	2	16200                              	112548	0	10088973	0
0.5	8100	6841	0	938889	128	10088973	100	2	16200                              	111916	0	10088973	0
0.5	8100	6296	0	867456	128	10088973	100	2	16200                              	113641	0	10088973	0
0.5	8100	7176	0	978225	128	10088973	100	2	16200                              	110531	0	10088973	0
0.5	8100	7296	0	993293	128	10088973	100	2	16200                              	110772	0	10088973	0
0.5	8100	7560	0	1026387	128	10088973	100	2	16200                              	111860	0	10088973	0
0.5	8100	6555	0	900124	128	10088973	100	2	16200                              	111241	0	10088973	0
0.5	8100	6829	0	936118	128	10088973	100	2	16200                              	111294	0	10088973	0
0.5	8100	6901	0	942453	128	10088973	100	2	16200                              	112605	0	10088973	0
0.5	8100	6657	0	912795	128	10088973	100	2	16200                              	111032	0	10088973	0
0.5	8100	6949	0	951035	128	10088973	100	2	16200                              	111104	0	10088973	0
0.5	8100	7216	0	985766	128	10088973	100	2	16200                              	110021	0	10088973	0
0.5	8100	7202	0	982555	128	10088973	100	2	16200                              	109715	0	10088973	0
0.5	8100	7846	0	1063523	128	10088973	100	2	16200                              	109283	0	10088973	0
0.5	8100	7305	0	994431	128	10088973	100	2	16200                              	111911	0	10088973	0
0.5	8100	6818	0	933198	128	10088973	100	2	16200                              	111786	0	10088973	0
0.5	8100	6831	0	936880	128	10088973	100	2	16200                              	111902	0	10088973	0
0.5	8100	7030	0	958897	128	10088973	100	2	16200                              	110362	0	10088973	0
0.5	8100	6426	0	883656	128	10088973	100	2	16200                              	112942	0	10088973	0
0.5	8100	6683	0	916056	128	10088973	100	2	16200                              	111623	0	10088973	0
0.5	8100	6805	0	932256	128	10088973	100	2	16200                              	112527	0	10088973	0
0.5	8100	6903	0	944106	128	10088973	100	2	16200                              	104359	0	10088973	0
0.5	8100	7222	0	987000	128	10088973	100	2	16200                              	109068	0	10088973	0
0.5	8100	7092	0	969605	128	10088973	100	2	16200                              	113902	0	10088973	0
0.5	8100	7344	0	1001289	128	10088973	100	2	16200                              	110542	0	10088973	0
0.5	8100	7474	0	1019130	128	10088973	100	2	16200                              	110137	0	10088973	0
0.5	8100	7350	0	1003419	128	10088973	100	2	16200                              	111050	0	10088973	0
0.5	8100	7081	0	968534	128	10088973	100	2	16200                              	105054	0	10088973	0
0.5	8100	7989	0	1084200	128	10088973	100	2	16200                              	111565	0	10088973	0
0.5	8100	7070	0	964656	128	10088973	100	2	16200                              	112846	0	10088973	0
0.5	8100	6833	0	936500	128	10088973	100	2	16200                              	111389	0	10088973	0
0.5	8100	7060	0	963431	128	10088973	100	2	16200                              	110925	0	10088973	0
0.5	8100	6647	0	910109	128	10088973	100	2	16200                              	112689	0	10088973	0
0.5	8100	7067	0	964584	128	10088973	100	2	16200                              	110996	0	10088973	0
0.5	8100	7809	0	1058060	128	10088973	100	2	16200                              	45638	0	10088973	0
0.5	8100	7223	0	987000	128	10088973	100	2	16200                              	111143	0	10088973	0
0.5	8100	7831	0	1060384	128	10088973	100	2	16200                              	110354	0	10088973	0
0.5	8100	7224	0	987789	128	10088973	100	2	16200                              	113070	0	10088973	0
0.5	8100	6329	0	873870	128	10088973	100	2	16200                              	110875	0	10088973	0
0.5	8100	7217	0	987000	128	10088973	100	2	16200                              	110079	0	10088973	0
0.5	8100	7461	0	1015436	128	10088973	100	2	16200                              	110620	0	10088973	0
0.5	8100	6556	0	899856	128	10088973	100	2	16200                              	111636	0	10088973	0
0.5	8100	6640	0	910655	128	10088973	100	2	16200                              	110819	0	10088973	0
0.5	8100	8112	0	1099298	128	10088973	100	2	16200                              	110647	0	10088973	0
0.5	8100	6423	0	883656	128	10088973	100	2	16200                              	109175	0	10088973	0
0.5	8100	7598	0	1035854	128	10088973	100	2	16200                              	110181	0	10088973	0
0.5	8100	7269	0	989209	128	10088973	100	2	16200                              	112718	0	10088973	0
0.5	8100	7008	0	956299	128	10088973	100	2	16200                              	111246	0	10088973	0
0.5	8100	6963	0	955327	128	10088973	100	2	16200                              	110453	0	10088973	0
0.5	8100	6581	0	907136	128	10088973	100	2	16200                              	108487	0	10088973	0
0.5	8100	6553	0	899856	128	10088973	100	2	16200                              	112864	0	10088973	0
0.5	8100	6431	0	884041	128	10088973	100	2	16200                              	112760	0	10088973	0
0.5	8100	7197	0	981465	128	10088973	100	2	16200                              	109742	0	10088973	0
0.5	8100	6818	0	934840	128	10088973	100	2	16200                              	109634	0	10088973	0
0.5	8100	7197	0	980856	128	10088973	100	2	16200                              	104871	0	10088973	0
0.5	8100	7594	0	1033334	128	10088973	100	2	16200                              	108969	0	10088973	0
0.5	8100	6828	0	936726	128	10088973	100	2	16200                              	113027	0	10088973	0
0.5	8100	6452	0	889800	128	10088973	100	2	16200                              	110511	0	10088973	0
0.5	8100	7352	0	1004086	128	10088973	100	2	16200                              	111591	0	10088973	0
0.5	8100	6914	0	945338	128	10088973	100	2	16200                              	110586	0	10088973	0
0.5	8100	7676	0	1040952	128	10088973	100	2	16200                              	110133	0	10088973	0
0.5	8100	7060	0	963492	128	10088973	100	2	16200                              	110413	0	10088973	0
0.5	8100	6939	0	948905	128	10088973	100	2	16200                              	112800	0	10088973	0
0.5	8100	7058	0	962920	128	10088973	100	2	16200                              	109336	0	10088973	0
0.5	8100	7535	0	1022367	128	10088973	100	2	16200                              	109703	0	10088973	0
0.5	8100	6433	0	883656	128	10088973	100	2	16200                              	112628	0	10088973	0
0.5	8100	7324	0	997056	128	10088973	100	2	16200                              	111266	0	10088973	0
0.5	8100	7323	0	997056	128	10088973	100	2	16200                              	110642	0	10088973	0
0.5	8100	6625	0	907592	128	10088973	100	2	16200                              	111876	0	10088973	0
0.5	8100	7100	0	971134	128	10088973	100	2	16200                              	112282	0	10088973	0
0.5	8100	7562	0	1026425	128	10088973	100	2	16200                              	111890	0	10088973	0
0.5	9100	6078	0	931938	128	10088973	100	2	18200                              	108767	0	10088973	0
0.5	9100	6576	0	1002805	128	10088973	100	2	18200                              	111597	0	10088973	0
0.5	9100	7019	0	1069110	128	10088973	100	2	18200                              	108459	0	10088973	0
0.5	9100	6762	0	1030200	128	10088973	100	2	18200                              	110380	0	10088973	0
0.5	9100	6626	0	1012000	128	10088973	100	2	18200                              	112678	0	10088973	0
0.5	9100	6377	0	976125	128	10088973	100	2	18200                              	111865	0	10088973	0
0.5	9100	6476	0	989656	128	10088973	100	2	18200                              	109995	0	10088973	0
0.5	9100	6627	0	1011857	128	10088973	100	2	18200                              	108684	0	10088973	0
0.5	9100	6600	0	1006692	128	10088973	100	2	18200                              	111272	0	10088973	0
0.5	9100	6066	0	931114	128	10088973	100	2	18200                              	110605	0	10088973	0
0.5	9100	6246	0	957400	128	10088973	100	2	18200                              	108601	0	10088973	0
0.5	9100	6001	0	922934	128	10088973	100	2	18200                              	110532	0	10088973	0
0.5	9100	6481	0	990069	128	10088973	100	2	18200                              	109661	0	10088973	0
0.5	9100	6707	0	1021344	128	10088973	100	2	18200                              	110959	0	10088973	0
0.5	9100	6884	0	1048400	128	10088973	100	2	18200                              	110527	0	10088973	0
0.5	9100	6988	0	1062952	128	10088973	100	2	18200                              	109573	0	10088973	0
0.5	9100	6320	0	966533	128	10088973	100	2	18200                              	112475	0	10088973	0
0.5	9100	6621	0	1010953	128	10088973	100	2	18200                              	109835	0	10088973	0
0.5	9100	7115	0	1080656	128	10088973	100	2	18200                              	110462	0	10088973	0
0.5	9100	6473	0	989656	128	10088973	100	2	18200                              	109187	0	10088973	0
0.5	9100	6967	0	1058832	128	10088973	100	2	18200                              	111155	0	10088973	0
0.5	9100	6475	0	989656	128	10088973	100	2	18200                              	111091	0	10088973	0
0.5	9100	6507	0	995909	128	10088973	100	2	18200                              	111737	0	10088973	0
0.5	9100	6865	0	1045528	128	10088973	100	2	18200                              	110586	0	10088973	0
0.5	9100	6241	0	956571	128	10088973	100	2	18200                              	111674	0	10088973	0
0.5	9100	7242	0	1098856	128	10088973	100	2	18200                              	110592	0	10088973	0
0.5	9100	6900	0	1053221	128	10088973	100	2	18200                              	110365	0	10088973	0
0.5	9100	6626	0	1012274	128	10088973	100	2	18200                              	110652	0	10088973	0
0.5	9100	6575	0	1003620	128	10088973	100	2	18200                              	111687	0	10088973	0
0.5	9100	6600	0	1007856	128	10088973	100	2	18200                              	109412	0	10088973	0
0.5	9100	7535	0	1141334	128	10088973	100	2	18200                              	109330	0	10088973	0
0.5	9100	7120	0	1080656	128	10088973	100	2	18200                              	108867	0	10088973	0
0.5	9100	6438	0	983333	128	10088973	100	2	18200                              	113548	0	10088973	0
0.5	9100	6711	0	1021867	128	10088973	100	2	18200                              	105464	0	10088973	0
0.5	9100	6506	0	996323	128	10088973	100	2	18200                              	109803	0	10088973	0
0.5	9100	6724	0	1026056	128	10088973	100	2	18200                              	109531	0	10088973	0
0.5	9100	6698	0	1019960	128	10088973	100	2	18200                              	110751	0	10088973	0
0.5	9100	7117	0	1080656	128	10088973	100	2	18200                              	109961	0	10088973	0
0.5	9100	7369	0	1116048	128	10088973	100	2	18200                              	111498	0	10088973	0
0.5	9100	6472	0	989656	128	10088973	100	2	18200                              	44075	0	10088973	0
0.5	9100	6391	0	980260	128	10088973	100	2	18200                              	110508	0	10088973	0
0.5	9100	7500	0	1135256	128	10088973	100	2	18200                              	106322	0	10088973	0
0.5	9100	5990	0	920646	128	10088973	100	2	18200                              	108205	0	10088973	0
0.5	9100	6247	0	957654	128	10088973	100	2	18200                              	107248	0	10088973	0
0.5	9100	6636	0	1012969	128	10088973	100	2	18200                              	110735	0	10088973	0
0.5	9100	6453	0	984958	128	10088973	100	2	18200                              	110029	0	10088973	0
0.5	9100	7215	0	1092214	128	10088973	100	2	18200                              	109166	0	10088973	0
0.5	9100	6251	0	959547	128	10088973	100	2	18200                              	110954	0	10088973	0
0.5	9100	6632	0	1012224	128	10088973	100	2	18200                              	109302	0	10088973	0
0.5	9100	6860	0	1044256	128	10088973	100	2	18200                              	110588	0	10088973	0
0.5	9100	7758	0	1171637	128	10088973	100	2	18200                              	110299	0	10088973	0
0.5	9100	6477	0	989656	128	10088973	100	2	18200                              	111178	0	10088973	0
0.5	9100	6476	0	989656	128	10088973	100	2	18200                              	105067	0	10088973	0
0.5	9100	6244	0	957400	128	10088973	100	2	18200                              	111140	0	10088973	0
0.5	9100	6351	0	971887	128	10088973	100	2	18200                              	108433	0	10088973	0
0.5	9100	6988	0	1062456	128	10088973	100	2	18200                              	103939	0	10088973	0
0.5	9100	6472	0	989656	128	10088973	100	2	18200                              	110873	0	10088973	0
0.5	9100	7909	0	1194016	128	10088973	100	2	18200                              	108084	0	10088973	0
0.5	9100	6827	0	1039154	128	10088973	100	2	18200                              	110642	0	10088973	0
0.5	9100	7246	0	1098856	128	10088973	100	2	18200                              	107996	0	10088973	0
0.5	9100	6903	0	1054239	128	10088973	100	2	18200                              	109711	0	10088973	0
0.5	9100	6724	0	1024176	128	10088973	100	2	18200                              	107196	0	10088973	0
0.5	9100	6981	0	1061174	128	10088973	100	2	18200                              	111772	0	10088973	0
0.5	9100	6395	0	981276	128	10088973	100	2	18200                              	110654	0	10088973	0
0.5	9100	7017	0	1066739	128	10088973	100	2	18200                              	109769	0	10088973	0
0.5	9100	6006	0	926648	128	10088973	100	2	18200                              	111029	0	10088973	0
0.5	9100	6450	0	985752	128	10088973	100	2	18200                              	109384	0	10088973	0
0.5	9100	6757	0	1030200	128	10088973	100	2	18200                              	110594	0	10088973	0
0.5	9100	7112	0	1080656	128	10088973	100	2	18200                              	110339	0	10088973	0
0.5	9100	6394	0	981323	128	10088973	100	2	18200                              	112109	0	10088973	0
0.5	9100	6374	0	975600	128	10088973	100	2	18200                              	111076	0	10088973	0
0.5	9100	6014	0	926900	128	10088973	100	2	18200                              	110137	0	10088973	0
0.5	9100	7033	0	1072321	128	10088973	100	2	18200                              	110315	0	10088973	0
0.5	9100	6889	0	1050173	128	10088973	100	2	18200                              	110164	0	10088973	0
0.5	9100	6359	0	973688	128	10088973	100	2	18200                              	110583	0	10088973	0
0.5	9100	6500	0	993217	128	10088973	100	2	18200                              	107778	0	10088973	0
0.5	9100	6601	0	1007856	128	10088973	100	2	18200                              	111628	0	10088973	0
0.5	9100	6506	0	995122	128	10088973	100	2	18200                              	110997	0	10088973	0
0.5	9100	6723	0	1024724	128	10088973	100	2	18200                              	111182	0	10088973	0
0.5	9100	7629	0	1153456	128	10088973	100	2	18200                              	109776	0	10088973	0
0.5	9100	5863	0	903019	128	10088973	100	2	18200                              	112415	0	10088973	0
0.5	9100	6758	0	1030346	128	10088973	100	2	18200                              	111468	0	10088973	0
0.5	9100	6188	0	948026	128	10088973	100	2	18200                              	110043	0	10088973	0
0.5	9100	7145	0	1084800	128	10088973	100	2	18200                              	109192	0	10088973	0
0.5	9100	6720	0	1024982	128	10088973	100	2	18200                              	111451	0	10088973	0
0.5	9100	6871	0	1046615	128	10088973	100	2	18200                              	109494	0	10088973	0
0.5	9100	6827	0	1038769	128	10088973	100	2	18200                              	106438	0	10088973	0
0.5	9100	7272	0	1103000	128	10088973	100	2	18200                              	107970	0	10088973	0
0.5	9100	6397	0	981873	128	10088973	100	2	18200                              	111299	0	10088973	0
0.5	9100	6707	0	1020513	128	10088973	100	2	18200                              	108251	0	10088973	0
0.5	9100	6383	0	979179	128	10088973	100	2	18200                              	108833	0	10088973	0
0.5	9100	6836	0	1039280	128	10088973	100	2	18200                              	112622	0	10088973	0
0.5	9100	6751	0	1029522	128	10088973	100	2	18200                              	109691	0	10088973	0
0.5	9100	6961	0	1056531	128	10088973	100	2	18200                              	110816	0	10088973	0
0.5	9100	7397	0	1121200	128	10088973	100	2	18200                              	108843	0	10088973	0
0.5	9100	6741	0	1028865	128	10088973	100	2	18200                              	110325	0	10088973	0
0.5	9100	6633	0	1014093	128	10088973	100	2	18200                              	110743	0	10088973	0
0.5	9100	7015	0	1067411	128	10088973	100	2	18200                              	108164	0	10088973	0
0.5	9100	6114	0	939200	128	10088973	100	2	18200                              	110391	0	10088973	0
0.5	9100	6349	0	971188	128	10088973	100	2	18200                              	110959	0	10088973	0
