#using seed 0.044422
# Work:10159328, depth:444825, work/p+depth:762304.0
#PROCESSORS: 32, RUNS: 100
#prb	R-l	ISR	ESR	runTime	processors    	work	taskThreshold	lGranularity	rGranularity	IDATAT	EDATAT	W0	W1
0.5	100	37632	0	552577	32	10159328	100	2	200                              	64576	0	10159328	0
0.5	100	37336	0	550734	32	10159328	100	2	200                              	70383	0	10159328	0
0.5	100	36224	0	543765	32	10159328	100	2	200                              	65866	0	10159328	0
0.5	100	37804	0	553665	32	10159328	100	2	200                              	71129	0	10159328	0
0.5	100	39518	0	564361	32	10159328	100	2	200                              	70640	0	10159328	0
0.5	100	36016	0	542468	32	10159328	100	2	200                              	72834	0	10159328	0
0.5	100	36702	0	546763	32	10159328	100	2	200                              	65424	0	10159328	0
0.5	100	34454	0	532717	32	10159328	100	2	200                              	72698	0	10159328	0
0.5	100	36719	0	546873	32	10159328	100	2	200                              	72117	0	10159328	0
0.5	100	36896	0	547993	32	10159328	100	2	200                              	64643	0	10159328	0
0.5	100	36993	0	548576	32	10159328	100	2	200                              	72805	0	10159328	0
0.5	100	33650	0	527685	32	10159328	100	2	200                              	72762	0	10159328	0
0.5	100	37626	0	552521	32	10159328	100	2	200                              	62512	0	10159328	0
0.5	100	35347	0	538290	32	10159328	100	2	200                              	70912	0	10159328	0
0.5	100	36246	0	543896	32	10159328	100	2	200                              	71897	0	10159328	0
0.5	100	35616	0	539982	32	10159328	100	2	200                              	63195	0	10159328	0
0.5	100	34508	0	533051	32	10159328	100	2	200                              	72600	0	10159328	0
0.5	100	34492	0	532952	32	10159328	100	2	200                              	72481	0	10159328	0
0.5	100	36255	0	543964	32	10159328	100	2	200                              	72558	0	10159328	0
0.5	100	36061	0	542754	32	10159328	100	2	200                              	72457	0	10159328	0
0.5	100	35597	0	539857	32	10159328	100	2	200                              	72824	0	10159328	0
0.5	100	35899	0	541758	32	10159328	100	2	200                              	65937	0	10159328	0
0.5	100	36179	0	543500	32	10159328	100	2	200                              	65178	0	10159328	0
0.5	100	35681	0	540395	32	10159328	100	2	200                              	72279	0	10159328	0
0.5	100	35065	0	536531	32	10159328	100	2	200                              	65274	0	10159328	0
0.5	100	36598	0	546111	32	10159328	100	2	200                              	56619	0	10159328	0
0.5	100	34936	0	535733	32	10159328	100	2	200                              	65851	0	10159328	0
0.5	100	36690	0	546665	32	10159328	100	2	200                              	72472	0	10159328	0
0.5	100	35737	0	540713	32	10159328	100	2	200                              	65576	0	10159328	0
0.5	100	36257	0	543975	32	10159328	100	2	200                              	56062	0	10159328	0
0.5	100	36255	0	543993	32	10159328	100	2	200                              	65588	0	10159328	0
0.5	100	36322	0	544390	32	10159328	100	2	200                              	65778	0	10159328	0
0.5	100	36299	0	544227	32	10159328	100	2	200                              	58361	0	10159328	0
0.5	100	40124	0	568133	32	10159328	100	2	200                              	71027	0	10159328	0
0.5	100	35512	0	539327	32	10159328	100	2	200                              	65498	0	10159328	0
0.5	100	40455	0	570235	32	10159328	100	2	200                              	72659	0	10159328	0
0.5	100	35645	0	540142	32	10159328	100	2	200                              	73022	0	10159328	0
0.5	100	33877	0	529095	32	10159328	100	2	200                              	70928	0	10159328	0
0.5	100	35300	0	537995	32	10159328	100	2	200                              	71369	0	10159328	0
0.5	100	35761	0	540889	32	10159328	100	2	200                              	72695	0	10159328	0
0.5	100	39182	0	562251	32	10159328	100	2	200                              	64513	0	10159328	0
0.5	100	35763	0	540905	32	10159328	100	2	200                              	64749	0	10159328	0
0.5	100	36411	0	544939	32	10159328	100	2	200                              	65390	0	10159328	0
0.5	100	35379	0	538482	32	10159328	100	2	200                              	72416	0	10159328	0
0.5	100	39741	0	565766	32	10159328	100	2	200                              	70268	0	10159328	0
0.5	100	41204	0	574908	32	10159328	100	2	200                              	71781	0	10159328	0
0.5	100	37451	0	551432	32	10159328	100	2	200                              	73226	0	10159328	0
0.5	100	40051	0	567685	32	10159328	100	2	200                              	72352	0	10159328	0
0.5	100	37056	0	548977	32	10159328	100	2	200                              	72612	0	10159328	0
0.5	100	34692	0	534217	32	10159328	100	2	200                              	73253	0	10159328	0
0.5	100	35596	0	539850	32	10159328	100	2	200                              	65143	0	10159328	0
0.5	100	35601	0	539892	32	10159328	100	2	200                              	63602	0	10159328	0
0.5	100	37952	0	554573	32	10159328	100	2	200                              	72578	0	10159328	0
0.5	100	35379	0	538502	32	10159328	100	2	200                              	65623	0	10159328	0
0.5	100	38401	0	557373	32	10159328	100	2	200                              	70820	0	10159328	0
0.5	100	36160	0	543370	32	10159328	100	2	200                              	72267	0	10159328	0
0.5	100	35397	0	538598	32	10159328	100	2	200                              	72995	0	10159328	0
0.5	100	36470	0	545306	32	10159328	100	2	200                              	72715	0	10159328	0
0.5	100	37682	0	552911	32	10159328	100	2	200                              	73042	0	10159328	0
0.5	100	34278	0	531611	32	10159328	100	2	200                              	72510	0	10159328	0
0.5	100	34524	0	533134	32	10159328	100	2	200                              	65543	0	10159328	0
0.5	100	36003	0	542390	32	10159328	100	2	200                              	57970	0	10159328	0
0.5	100	37159	0	549625	32	10159328	100	2	200                              	65006	0	10159328	0
0.5	100	39718	0	565617	32	10159328	100	2	200                              	72040	0	10159328	0
0.5	100	35909	0	541809	32	10159328	100	2	200                              	63801	0	10159328	0
0.5	100	33695	0	527995	32	10159328	100	2	200                              	70957	0	10159328	0
0.5	100	40048	0	567686	32	10159328	100	2	200                              	65291	0	10159328	0
0.5	100	38070	0	555307	32	10159328	100	2	200                              	71672	0	10159328	0
0.5	100	36138	0	543224	32	10159328	100	2	200                              	64961	0	10159328	0
0.5	100	37163	0	549641	32	10159328	100	2	200                              	65779	0	10159328	0
0.5	100	33928	0	529437	32	10159328	100	2	200                              	63330	0	10159328	0
0.5	100	36627	0	546307	32	10159328	100	2	200                              	73072	0	10159328	0
0.5	100	37863	0	554019	32	10159328	100	2	200                              	72775	0	10159328	0
0.5	100	37118	0	549372	32	10159328	100	2	200                              	70865	0	10159328	0
0.5	100	36649	0	546429	32	10159328	100	2	200                              	73249	0	10159328	0
0.5	100	37153	0	549574	32	10159328	100	2	200                              	66239	0	10159328	0
0.5	100	37117	0	549366	32	10159328	100	2	200                              	71767	0	10159328	0
0.5	100	36218	0	543739	32	10159328	100	2	200                              	70143	0	10159328	0
0.5	100	35698	0	540486	32	10159328	100	2	200                              	72197	0	10159328	0
0.5	100	36140	0	543242	32	10159328	100	2	200                              	63635	0	10159328	0
0.5	100	36222	0	543756	32	10159328	100	2	200                              	63767	0	10159328	0
0.5	100	33967	0	529689	32	10159328	100	2	200                              	73626	0	10159328	0
0.5	100	35536	0	539493	32	10159328	100	2	200                              	64352	0	10159328	0
0.5	100	33791	0	528574	32	10159328	100	2	200                              	72374	0	10159328	0
0.5	100	38285	0	556657	32	10159328	100	2	200                              	72777	0	10159328	0
0.5	100	36879	0	547879	32	10159328	100	2	200                              	70564	0	10159328	0
0.5	100	36618	0	546249	32	10159328	100	2	200                              	63597	0	10159328	0
0.5	100	38625	0	558775	32	10159328	100	2	200                              	64844	0	10159328	0
0.5	100	36591	0	546073	32	10159328	100	2	200                              	65524	0	10159328	0
0.5	100	39173	0	562199	32	10159328	100	2	200                              	72269	0	10159328	0
0.5	100	34555	0	533353	32	10159328	100	2	200                              	72039	0	10159328	0
0.5	100	34812	0	534946	32	10159328	100	2	200                              	64892	0	10159328	0
0.5	100	36299	0	544249	32	10159328	100	2	200                              	72744	0	10159328	0
0.5	100	39081	0	561625	32	10159328	100	2	200                              	72788	0	10159328	0
0.5	100	37379	0	550996	32	10159328	100	2	200                              	72448	0	10159328	0
0.5	100	37589	0	552318	32	10159328	100	2	200                              	71508	0	10159328	0
0.5	100	37899	0	554243	32	10159328	100	2	200                              	57756	0	10159328	0
0.5	100	35039	0	536361	32	10159328	100	2	200                              	65068	0	10159328	0
0.5	100	35745	0	540781	32	10159328	100	2	200                              	65480	0	10159328	0
0.5	100	36999	0	548614	32	10159328	100	2	200                              	58015	0	10159328	0
0.5	1100	5088	0	666049	32	10159328	100	2	2200                              	70149	0	10159328	0
0.5	1100	5233	0	675949	32	10159328	100	2	2200                              	63905	0	10159328	0
0.5	1100	4712	0	640331	32	10159328	100	2	2200                              	58763	0	10159328	0
0.5	1100	5127	0	668668	32	10159328	100	2	2200                              	70360	0	10159328	0
0.5	1100	4645	0	635795	32	10159328	100	2	2200                              	60600	0	10159328	0
0.5	1100	5130	0	669173	32	10159328	100	2	2200                              	62173	0	10159328	0
0.5	1100	5134	0	669280	32	10159328	100	2	2200                              	61552	0	10159328	0
0.5	1100	4874	0	651455	32	10159328	100	2	2200                              	69470	0	10159328	0
0.5	1100	4761	0	643591	32	10159328	100	2	2200                              	69840	0	10159328	0
0.5	1100	5231	0	675868	32	10159328	100	2	2200                              	67105	0	10159328	0
0.5	1100	5483	0	693334	32	10159328	100	2	2200                              	69272	0	10159328	0
0.5	1100	4943	0	656212	32	10159328	100	2	2200                              	70470	0	10159328	0
0.5	1100	5401	0	687761	32	10159328	100	2	2200                              	68838	0	10159328	0
0.5	1100	4832	0	648481	32	10159328	100	2	2200                              	68385	0	10159328	0
0.5	1100	4786	0	645507	32	10159328	100	2	2200                              	67521	0	10159328	0
0.5	1100	4984	0	659081	32	10159328	100	2	2200                              	61324	0	10159328	0
0.5	1100	4751	0	642783	32	10159328	100	2	2200                              	59362	0	10159328	0
0.5	1100	4577	0	630989	32	10159328	100	2	2200                              	68613	0	10159328	0
0.5	1100	4607	0	633110	32	10159328	100	2	2200                              	67980	0	10159328	0
0.5	1100	5001	0	660270	32	10159328	100	2	2200                              	69499	0	10159328	0
0.5	1100	5138	0	669528	32	10159328	100	2	2200                              	61795	0	10159328	0
0.5	1100	4866	0	650773	32	10159328	100	2	2200                              	68627	0	10159328	0
0.5	1100	4506	0	626249	32	10159328	100	2	2200                              	61501	0	10159328	0
0.5	1100	4833	0	648653	32	10159328	100	2	2200                              	68450	0	10159328	0
0.5	1100	4416	0	620017	32	10159328	100	2	2200                              	51884	0	10159328	0
0.5	1100	5781	0	713891	32	10159328	100	2	2200                              	67121	0	10159328	0
0.5	1100	5470	0	692543	32	10159328	100	2	2200                              	68823	0	10159328	0
0.5	1100	4766	0	644133	32	10159328	100	2	2200                              	71090	0	10159328	0
0.5	1100	5361	0	685054	32	10159328	100	2	2200                              	68685	0	10159328	0
0.5	1100	4797	0	646055	32	10159328	100	2	2200                              	54072	0	10159328	0
0.5	1100	5848	0	718590	32	10159328	100	2	2200                              	67966	0	10159328	0
0.5	1100	5426	0	689212	32	10159328	100	2	2200                              	67988	0	10159328	0
0.5	1100	5616	0	702629	32	10159328	100	2	2200                              	69183	0	10159328	0
0.5	1100	4896	0	652844	32	10159328	100	2	2200                              	69783	0	10159328	0
0.5	1100	4985	0	659005	32	10159328	100	2	2200                              	68847	0	10159328	0
0.5	1100	4979	0	658809	32	10159328	100	2	2200                              	61223	0	10159328	0
0.5	1100	5293	0	680219	32	10159328	100	2	2200                              	68786	0	10159328	0
0.5	1100	4959	0	657286	32	10159328	100	2	2200                              	69957	0	10159328	0
0.5	1100	5118	0	668142	32	10159328	100	2	2200                              	69535	0	10159328	0
0.5	1100	4675	0	637802	32	10159328	100	2	2200                              	69568	0	10159328	0
0.5	1100	4655	0	636381	32	10159328	100	2	2200                              	62339	0	10159328	0
0.5	1100	4650	0	636033	32	10159328	100	2	2200                              	71110	0	10159328	0
0.5	1100	4854	0	650188	32	10159328	100	2	2200                              	70646	0	10159328	0
0.5	1100	5166	0	671645	32	10159328	100	2	2200                              	62298	0	10159328	0
0.5	1100	4563	0	630133	32	10159328	100	2	2200                              	68631	0	10159328	0
0.5	1100	5095	0	666690	32	10159328	100	2	2200                              	68732	0	10159328	0
0.5	1100	4739	0	642131	32	10159328	100	2	2200                              	67765	0	10159328	0
0.5	1100	5016	0	661232	32	10159328	100	2	2200                              	63337	0	10159328	0
0.5	1100	5273	0	678790	32	10159328	100	2	2200                              	67359	0	10159328	0
0.5	1100	4940	0	655893	32	10159328	100	2	2200                              	53503	0	10159328	0
0.5	1100	4949	0	656464	32	10159328	100	2	2200                              	69788	0	10159328	0
0.5	1100	5753	0	711824	32	10159328	100	2	2200                              	63064	0	10159328	0
0.5	1100	5746	0	711413	32	10159328	100	2	2200                              	69430	0	10159328	0
0.5	1100	5067	0	664692	32	10159328	100	2	2200                              	69325	0	10159328	0
0.5	1100	5173	0	671923	32	10159328	100	2	2200                              	60337	0	10159328	0
0.5	1100	4772	0	644510	32	10159328	100	2	2200                              	52062	0	10159328	0
0.5	1100	5017	0	661193	32	10159328	100	2	2200                              	68820	0	10159328	0
0.5	1100	4780	0	644838	32	10159328	100	2	2200                              	70430	0	10159328	0
0.5	1100	5271	0	678738	32	10159328	100	2	2200                              	73031	0	10159328	0
0.5	1100	4777	0	644565	32	10159328	100	2	2200                              	59531	0	10159328	0
0.5	1100	5047	0	663222	32	10159328	100	2	2200                              	61258	0	10159328	0
0.5	1100	4755	0	643353	32	10159328	100	2	2200                              	62610	0	10159328	0
0.5	1100	4957	0	657189	32	10159328	100	2	2200                              	60449	0	10159328	0
0.5	1100	4836	0	648844	32	10159328	100	2	2200                              	67146	0	10159328	0
0.5	1100	5000	0	660176	32	10159328	100	2	2200                              	69028	0	10159328	0
0.5	1100	4825	0	648058	32	10159328	100	2	2200                              	68866	0	10159328	0
0.5	1100	5950	0	725678	32	10159328	100	2	2200                              	53503	0	10159328	0
0.5	1100	5117	0	668082	32	10159328	100	2	2200                              	71790	0	10159328	0
0.5	1100	5448	0	690659	32	10159328	100	2	2200                              	69574	0	10159328	0
0.5	1100	5194	0	673425	32	10159328	100	2	2200                              	67781	0	10159328	0
0.5	1100	4947	0	656595	32	10159328	100	2	2200                              	54371	0	10159328	0
0.5	1100	5719	0	709693	32	10159328	100	2	2200                              	70898	0	10159328	0
0.5	1100	5221	0	675519	32	10159328	100	2	2200                              	69824	0	10159328	0
0.5	1100	5733	0	710701	32	10159328	100	2	2200                              	72057	0	10159328	0
0.5	1100	4329	0	613914	32	10159328	100	2	2200                              	71620	0	10159328	0
0.5	1100	5168	0	671631	32	10159328	100	2	2200                              	69607	0	10159328	0
0.5	1100	4840	0	649219	32	10159328	100	2	2200                              	66171	0	10159328	0
0.5	1100	4745	0	642327	32	10159328	100	2	2200                              	69123	0	10159328	0
0.5	1100	5015	0	661365	32	10159328	100	2	2200                              	63528	0	10159328	0
0.5	1100	4862	0	650552	32	10159328	100	2	2200                              	68822	0	10159328	0
0.5	1100	4635	0	635014	32	10159328	100	2	2200                              	67691	0	10159328	0
0.5	1100	4872	0	651307	32	10159328	100	2	2200                              	70726	0	10159328	0
0.5	1100	4662	0	637132	32	10159328	100	2	2200                              	59562	0	10159328	0
0.5	1100	5111	0	667686	32	10159328	100	2	2200                              	70820	0	10159328	0
0.5	1100	5009	0	660680	32	10159328	100	2	2200                              	66936	0	10159328	0
0.5	1100	4781	0	645037	32	10159328	100	2	2200                              	67796	0	10159328	0
0.5	1100	5566	0	698977	32	10159328	100	2	2200                              	59992	0	10159328	0
0.5	1100	4866	0	651034	32	10159328	100	2	2200                              	69297	0	10159328	0
0.5	1100	4642	0	635490	32	10159328	100	2	2200                              	62555	0	10159328	0
0.5	1100	4913	0	654076	32	10159328	100	2	2200                              	70534	0	10159328	0
0.5	1100	4965	0	657703	32	10159328	100	2	2200                              	68453	0	10159328	0
0.5	1100	5089	0	666064	32	10159328	100	2	2200                              	70074	0	10159328	0
0.5	1100	5069	0	664753	32	10159328	100	2	2200                              	60660	0	10159328	0
0.5	1100	5085	0	665836	32	10159328	100	2	2200                              	71732	0	10159328	0
0.5	1100	5091	0	666366	32	10159328	100	2	2200                              	62349	0	10159328	0
0.5	1100	4457	0	622826	32	10159328	100	2	2200                              	58564	0	10159328	0
0.5	1100	5339	0	683414	32	10159328	100	2	2200                              	70960	0	10159328	0
0.5	1100	4788	0	645304	32	10159328	100	2	2200                              	69011	0	10159328	0
0.5	1100	4944	0	656148	32	10159328	100	2	2200                              	70230	0	10159328	0
0.5	1100	4702	0	639587	32	10159328	100	2	2200                              	65941	0	10159328	0
0.5	2100	3317	0	750435	32	10159328	100	2	4200                              	60265	0	10159328	0
0.5	2100	3123	0	725537	32	10159328	100	2	4200                              	61967	0	10159328	0
0.5	2100	3209	0	736622	32	10159328	100	2	4200                              	68423	0	10159328	0
0.5	2100	3172	0	731719	32	10159328	100	2	4200                              	66961	0	10159328	0
0.5	2100	3162	0	730437	32	10159328	100	2	4200                              	62358	0	10159328	0
0.5	2100	3636	0	792643	32	10159328	100	2	4200                              	58198	0	10159328	0
0.5	2100	3149	0	728451	32	10159328	100	2	4200                              	66966	0	10159328	0
0.5	2100	3516	0	776773	32	10159328	100	2	4200                              	55742	0	10159328	0
0.5	2100	3628	0	791267	32	10159328	100	2	4200                              	68928	0	10159328	0
0.5	2100	3733	0	805163	32	10159328	100	2	4200                              	62157	0	10159328	0
0.5	2100	3270	0	744247	32	10159328	100	2	4200                              	67114	0	10159328	0
0.5	2100	3272	0	744193	32	10159328	100	2	4200                              	66497	0	10159328	0
0.5	2100	3451	0	768261	32	10159328	100	2	4200                              	59659	0	10159328	0
0.5	2100	2917	0	698574	32	10159328	100	2	4200                              	70154	0	10159328	0
0.5	2100	2953	0	702783	32	10159328	100	2	4200                              	70066	0	10159328	0
0.5	2100	3293	0	747551	32	10159328	100	2	4200                              	55882	0	10159328	0
0.5	2100	3436	0	766691	32	10159328	100	2	4200                              	65940	0	10159328	0
0.5	2100	3172	0	731875	32	10159328	100	2	4200                              	57496	0	10159328	0
0.5	2100	3484	0	772443	32	10159328	100	2	4200                              	59985	0	10159328	0
0.5	2100	3296	0	747444	32	10159328	100	2	4200                              	61522	0	10159328	0
0.5	2100	3405	0	762367	32	10159328	100	2	4200                              	58536	0	10159328	0
0.5	2100	3060	0	716952	32	10159328	100	2	4200                              	64204	0	10159328	0
0.5	2100	3168	0	731254	32	10159328	100	2	4200                              	67429	0	10159328	0
0.5	2100	3285	0	746443	32	10159328	100	2	4200                              	67392	0	10159328	0
0.5	2100	3353	0	755068	32	10159328	100	2	4200                              	69047	0	10159328	0
0.5	2100	3305	0	749079	32	10159328	100	2	4200                              	67173	0	10159328	0
0.5	2100	3165	0	730671	32	10159328	100	2	4200                              	67439	0	10159328	0
0.5	2100	3415	0	763329	32	10159328	100	2	4200                              	69714	0	10159328	0
0.5	2100	3165	0	730802	32	10159328	100	2	4200                              	65794	0	10159328	0
0.5	2100	3491	0	773506	32	10159328	100	2	4200                              	58536	0	10159328	0
0.5	2100	3168	0	730921	32	10159328	100	2	4200                              	65507	0	10159328	0
0.5	2100	2871	0	691766	32	10159328	100	2	4200                              	69509	0	10159328	0
0.5	2100	3455	0	769120	32	10159328	100	2	4200                              	68927	0	10159328	0
0.5	2100	2894	0	695267	32	10159328	100	2	4200                              	55814	0	10159328	0
0.5	2100	3363	0	756943	32	10159328	100	2	4200                              	59548	0	10159328	0
0.5	2100	3035	0	713637	32	10159328	100	2	4200                              	68101	0	10159328	0
0.5	2100	3372	0	758237	32	10159328	100	2	4200                              	70763	0	10159328	0
0.5	2100	2974	0	705637	32	10159328	100	2	4200                              	57694	0	10159328	0
0.5	2100	3137	0	726739	32	10159328	100	2	4200                              	65335	0	10159328	0
0.5	2100	3128	0	726033	32	10159328	100	2	4200                              	56773	0	10159328	0
0.5	2100	3005	0	709474	32	10159328	100	2	4200                              	67948	0	10159328	0
0.5	2100	3313	0	750118	32	10159328	100	2	4200                              	68711	0	10159328	0
0.5	2100	3672	0	797149	32	10159328	100	2	4200                              	67853	0	10159328	0
0.5	2100	3230	0	739029	32	10159328	100	2	4200                              	55017	0	10159328	0
0.5	2100	3630	0	791636	32	10159328	100	2	4200                              	65964	0	10159328	0
0.5	2100	3150	0	728567	32	10159328	100	2	4200                              	68941	0	10159328	0
0.5	2100	3023	0	712094	32	10159328	100	2	4200                              	62225	0	10159328	0
0.5	2100	3056	0	716517	32	10159328	100	2	4200                              	66146	0	10159328	0
0.5	2100	3433	0	766000	32	10159328	100	2	4200                              	65517	0	10159328	0
0.5	2100	3075	0	718903	32	10159328	100	2	4200                              	60893	0	10159328	0
0.5	2100	3185	0	733321	32	10159328	100	2	4200                              	67579	0	10159328	0
0.5	2100	2955	0	702840	32	10159328	100	2	4200                              	66430	0	10159328	0
0.5	2100	3346	0	754286	32	10159328	100	2	4200                              	68034	0	10159328	0
0.5	2100	3575	0	784782	32	10159328	100	2	4200                              	61024	0	10159328	0
0.5	2100	3309	0	749289	32	10159328	100	2	4200                              	63516	0	10159328	0
0.5	2100	3193	0	734389	32	10159328	100	2	4200                              	66955	0	10159328	0
0.5	2100	3276	0	745192	32	10159328	100	2	4200                              	64218	0	10159328	0
0.5	2100	3343	0	753914	32	10159328	100	2	4200                              	65399	0	10159328	0
0.5	2100	3471	0	771001	32	10159328	100	2	4200                              	68359	0	10159328	0
0.5	2100	3390	0	760068	32	10159328	100	2	4200                              	67935	0	10159328	0
0.5	2100	3026	0	712081	32	10159328	100	2	4200                              	68921	0	10159328	0
0.5	2100	3323	0	751219	32	10159328	100	2	4200                              	60805	0	10159328	0
0.5	2100	3225	0	738606	32	10159328	100	2	4200                              	66649	0	10159328	0
0.5	2100	3079	0	719428	32	10159328	100	2	4200                              	58787	0	10159328	0
0.5	2100	3193	0	734610	32	10159328	100	2	4200                              	66940	0	10159328	0
0.5	2100	3593	0	787053	32	10159328	100	2	4200                              	57752	0	10159328	0
0.5	2100	3278	0	745693	32	10159328	100	2	4200                              	54226	0	10159328	0
0.5	2100	3023	0	712226	32	10159328	100	2	4200                              	50244	0	10159328	0
0.5	2100	3018	0	711646	32	10159328	100	2	4200                              	65258	0	10159328	0
0.5	2100	3325	0	751618	32	10159328	100	2	4200                              	61799	0	10159328	0
0.5	2100	3113	0	723829	32	10159328	100	2	4200                              	65307	0	10159328	0
0.5	2100	3165	0	730782	32	10159328	100	2	4200                              	67295	0	10159328	0
0.5	2100	3130	0	726359	32	10159328	100	2	4200                              	68602	0	10159328	0
0.5	2100	3141	0	727348	32	10159328	100	2	4200                              	59839	0	10159328	0
0.5	2100	3674	0	797543	32	10159328	100	2	4200                              	64313	0	10159328	0
0.5	2100	3440	0	767275	32	10159328	100	2	4200                              	67858	0	10159328	0
0.5	2100	3176	0	732056	32	10159328	100	2	4200                              	67087	0	10159328	0
0.5	2100	3323	0	751081	32	10159328	100	2	4200                              	59717	0	10159328	0
0.5	2100	2795	0	682313	32	10159328	100	2	4200                              	51117	0	10159328	0
0.5	2100	3173	0	731299	32	10159328	100	2	4200                              	67582	0	10159328	0
0.5	2100	3319	0	750856	32	10159328	100	2	4200                              	57012	0	10159328	0
0.5	2100	2946	0	701646	32	10159328	100	2	4200                              	67446	0	10159328	0
0.5	2100	3216	0	737726	32	10159328	100	2	4200                              	60068	0	10159328	0
0.5	2100	3499	0	774602	32	10159328	100	2	4200                              	66758	0	10159328	0
0.5	2100	2817	0	684610	32	10159328	100	2	4200                              	59923	0	10159328	0
0.5	2100	3283	0	746218	32	10159328	100	2	4200                              	58356	0	10159328	0
0.5	2100	3194	0	734330	32	10159328	100	2	4200                              	57065	0	10159328	0
0.5	2100	3266	0	743874	32	10159328	100	2	4200                              	58399	0	10159328	0
0.5	2100	3564	0	782902	32	10159328	100	2	4200                              	60441	0	10159328	0
0.5	2100	3412	0	762872	32	10159328	100	2	4200                              	65276	0	10159328	0
0.5	2100	3457	0	768934	32	10159328	100	2	4200                              	59427	0	10159328	0
0.5	2100	3380	0	758917	32	10159328	100	2	4200                              	61753	0	10159328	0
0.5	2100	2949	0	702371	32	10159328	100	2	4200                              	57643	0	10159328	0
0.5	2100	3111	0	723674	32	10159328	100	2	4200                              	67751	0	10159328	0
0.5	2100	3155	0	729526	32	10159328	100	2	4200                              	57581	0	10159328	0
0.5	2100	3053	0	715970	32	10159328	100	2	4200                              	66704	0	10159328	0
0.5	2100	3261	0	743486	32	10159328	100	2	4200                              	58737	0	10159328	0
0.5	2100	3225	0	738724	32	10159328	100	2	4200                              	61149	0	10159328	0
0.5	2100	3173	0	731499	32	10159328	100	2	4200                              	64671	0	10159328	0
0.5	2100	3215	0	737341	32	10159328	100	2	4200                              	60181	0	10159328	0
0.5	3100	2659	0	829669	32	10159328	100	2	6200                              	61086	0	10159328	0
0.5	3100	2832	0	863059	32	10159328	100	2	6200                              	54201	0	10159328	0
0.5	3100	2588	0	815907	32	10159328	100	2	6200                              	60595	0	10159328	0
0.5	3100	2679	0	833336	32	10159328	100	2	6200                              	59631	0	10159328	0
0.5	3100	2452	0	789494	32	10159328	100	2	6200                              	62282	0	10159328	0
0.5	3100	2464	0	792401	32	10159328	100	2	6200                              	63298	0	10159328	0
0.5	3100	2513	0	800917	32	10159328	100	2	6200                              	54574	0	10159328	0
0.5	3100	2765	0	850049	32	10159328	100	2	6200                              	55873	0	10159328	0
0.5	3100	2741	0	845433	32	10159328	100	2	6200                              	61640	0	10159328	0
0.5	3100	2443	0	787373	32	10159328	100	2	6200                              	64270	0	10159328	0
0.5	3100	2472	0	793528	32	10159328	100	2	6200                              	58111	0	10159328	0
0.5	3100	2733	0	844009	32	10159328	100	2	6200                              	47796	0	10159328	0
0.5	3100	2739	0	844882	32	10159328	100	2	6200                              	64575	0	10159328	0
0.5	3100	2488	0	795986	32	10159328	100	2	6200                              	53556	0	10159328	0
0.5	3100	3064	0	907614	32	10159328	100	2	6200                              	57217	0	10159328	0
0.5	3100	2646	0	827061	32	10159328	100	2	6200                              	66017	0	10159328	0
0.5	3100	2438	0	786428	32	10159328	100	2	6200                              	63321	0	10159328	0
0.5	3100	2759	0	849100	32	10159328	100	2	6200                              	61707	0	10159328	0
0.5	3100	2735	0	844483	32	10159328	100	2	6200                              	64157	0	10159328	0
0.5	3100	2732	0	843352	32	10159328	100	2	6200                              	64290	0	10159328	0
0.5	3100	2635	0	825497	32	10159328	100	2	6200                              	66585	0	10159328	0
0.5	3100	2444	0	787787	32	10159328	100	2	6200                              	48842	0	10159328	0
0.5	3100	2288	0	757700	32	10159328	100	2	6200                              	61212	0	10159328	0
0.5	3100	2786	0	853821	32	10159328	100	2	6200                              	67087	0	10159328	0
0.5	3100	2352	0	769226	32	10159328	100	2	6200                              	51004	0	10159328	0
0.5	3100	2524	0	803135	32	10159328	100	2	6200                              	60851	0	10159328	0
0.5	3100	2765	0	849726	32	10159328	100	2	6200                              	61619	0	10159328	0
0.5	3100	2575	0	813057	32	10159328	100	2	6200                              	48424	0	10159328	0
0.5	3100	2499	0	798578	32	10159328	100	2	6200                              	57230	0	10159328	0
0.5	3100	2771	0	851135	32	10159328	100	2	6200                              	63787	0	10159328	0
0.5	3100	2866	0	869485	32	10159328	100	2	6200                              	56854	0	10159328	0
0.5	3100	2674	0	832761	32	10159328	100	2	6200                              	56907	0	10159328	0
0.5	3100	2510	0	800747	32	10159328	100	2	6200                              	64917	0	10159328	0
0.5	3100	2750	0	847189	32	10159328	100	2	6200                              	66300	0	10159328	0
0.5	3100	2783	0	853074	32	10159328	100	2	6200                              	55037	0	10159328	0
0.5	3100	2687	0	834911	32	10159328	100	2	6200                              	63676	0	10159328	0
0.5	3100	2393	0	777809	32	10159328	100	2	6200                              	54691	0	10159328	0
0.5	3100	2775	0	852142	32	10159328	100	2	6200                              	49837	0	10159328	0
0.5	3100	2994	0	894312	32	10159328	100	2	6200                              	61273	0	10159328	0
0.5	3100	2361	0	772031	32	10159328	100	2	6200                              	59774	0	10159328	0
0.5	3100	2969	0	889434	32	10159328	100	2	6200                              	57536	0	10159328	0
0.5	3100	2590	0	816269	32	10159328	100	2	6200                              	58812	0	10159328	0
0.5	3100	2778	0	852886	32	10159328	100	2	6200                              	64094	0	10159328	0
0.5	3100	2580	0	814215	32	10159328	100	2	6200                              	67062	0	10159328	0
0.5	3100	2270	0	754250	32	10159328	100	2	6200                              	61603	0	10159328	0
0.5	3100	3002	0	895561	32	10159328	100	2	6200                              	62690	0	10159328	0
0.5	3100	2694	0	836606	32	10159328	100	2	6200                              	63509	0	10159328	0
0.5	3100	2259	0	751866	32	10159328	100	2	6200                              	64608	0	10159328	0
0.5	3100	2636	0	824683	32	10159328	100	2	6200                              	66743	0	10159328	0
0.5	3100	2746	0	845900	32	10159328	100	2	6200                              	64549	0	10159328	0
0.5	3100	2670	0	831741	32	10159328	100	2	6200                              	62692	0	10159328	0
0.5	3100	2703	0	837648	32	10159328	100	2	6200                              	60111	0	10159328	0
0.5	3100	2726	0	842718	32	10159328	100	2	6200                              	66095	0	10159328	0
0.5	3100	2401	0	779469	32	10159328	100	2	6200                              	54219	0	10159328	0
0.5	3100	2683	0	834115	32	10159328	100	2	6200                              	56826	0	10159328	0
0.5	3100	2866	0	869587	32	10159328	100	2	6200                              	56862	0	10159328	0
0.5	3100	2707	0	838612	32	10159328	100	2	6200                              	60291	0	10159328	0
0.5	3100	2577	0	813863	32	10159328	100	2	6200                              	65026	0	10159328	0
0.5	3100	2391	0	777029	32	10159328	100	2	6200                              	48241	0	10159328	0
0.5	3100	2483	0	795584	32	10159328	100	2	6200                              	60424	0	10159328	0
0.5	3100	2558	0	810060	32	10159328	100	2	6200                              	64819	0	10159328	0
0.5	3100	2395	0	777864	32	10159328	100	2	6200                              	53113	0	10159328	0
0.5	3100	2609	0	818904	32	10159328	100	2	6200                              	56250	0	10159328	0
0.5	3100	2516	0	802015	32	10159328	100	2	6200                              	58435	0	10159328	0
0.5	3100	2661	0	830408	32	10159328	100	2	6200                              	53209	0	10159328	0
0.5	3100	2425	0	783909	32	10159328	100	2	6200                              	65932	0	10159328	0
0.5	3100	2580	0	813976	32	10159328	100	2	6200                              	57174	0	10159328	0
0.5	3100	2730	0	843675	32	10159328	100	2	6200                              	64313	0	10159328	0
0.5	3100	2465	0	792477	32	10159328	100	2	6200                              	55991	0	10159328	0
0.5	3100	2589	0	816164	32	10159328	100	2	6200                              	59343	0	10159328	0
0.5	3100	2499	0	797773	32	10159328	100	2	6200                              	65128	0	10159328	0
0.5	3100	2743	0	845588	32	10159328	100	2	6200                              	66198	0	10159328	0
0.5	3100	2523	0	803030	32	10159328	100	2	6200                              	61548	0	10159328	0
0.5	3100	2564	0	811392	32	10159328	100	2	6200                              	62717	0	10159328	0
0.5	3100	2628	0	823270	32	10159328	100	2	6200                              	60620	0	10159328	0
0.5	3100	2488	0	796311	32	10159328	100	2	6200                              	57776	0	10159328	0
0.5	3100	2758	0	848200	32	10159328	100	2	6200                              	55480	0	10159328	0
0.5	3100	2628	0	823467	32	10159328	100	2	6200                              	61268	0	10159328	0
0.5	3100	2610	0	819615	32	10159328	100	2	6200                              	56447	0	10159328	0
0.5	3100	2970	0	889762	32	10159328	100	2	6200                              	61811	0	10159328	0
0.5	3100	2369	0	773651	32	10159328	100	2	6200                              	58768	0	10159328	0
0.5	3100	2903	0	876522	32	10159328	100	2	6200                              	62266	0	10159328	0
0.5	3100	2558	0	810252	32	10159328	100	2	6200                              	62114	0	10159328	0
0.5	3100	2536	0	805255	32	10159328	100	2	6200                              	63763	0	10159328	0
0.5	3100	2821	0	860599	32	10159328	100	2	6200                              	64090	0	10159328	0
0.5	3100	2618	0	821396	32	10159328	100	2	6200                              	63755	0	10159328	0
0.5	3100	2602	0	818305	32	10159328	100	2	6200                              	54879	0	10159328	0
0.5	3100	2462	0	791147	32	10159328	100	2	6200                              	56943	0	10159328	0
0.5	3100	2416	0	782362	32	10159328	100	2	6200                              	53677	0	10159328	0
0.5	3100	2934	0	882453	32	10159328	100	2	6200                              	65782	0	10159328	0
0.5	3100	2592	0	816095	32	10159328	100	2	6200                              	63573	0	10159328	0
0.5	3100	2675	0	832734	32	10159328	100	2	6200                              	66084	0	10159328	0
0.5	3100	2585	0	814702	32	10159328	100	2	6200                              	63354	0	10159328	0
0.5	3100	2433	0	785549	32	10159328	100	2	6200                              	51486	0	10159328	0
0.5	3100	2610	0	820230	32	10159328	100	2	6200                              	59113	0	10159328	0
0.5	3100	2660	0	829761	32	10159328	100	2	6200                              	61161	0	10159328	0
0.5	3100	2563	0	810308	32	10159328	100	2	6200                              	64871	0	10159328	0
0.5	3100	2425	0	784295	32	10159328	100	2	6200                              	57500	0	10159328	0
0.5	3100	2672	0	831603	32	10159328	100	2	6200                              	52034	0	10159328	0
0.5	3100	2471	0	793172	32	10159328	100	2	6200                              	49825	0	10159328	0
0.5	4100	2053	0	839595	32	10159328	100	2	8200                              	53885	0	10159328	0
0.5	4100	2133	0	859550	32	10159328	100	2	8200                              	59406	0	10159328	0
0.5	4100	2359	0	917667	32	10159328	100	2	8200                              	57360	0	10159328	0
0.5	4100	2491	0	951460	32	10159328	100	2	8200                              	51550	0	10159328	0
0.5	4100	2297	0	901841	32	10159328	100	2	8200                              	56207	0	10159328	0
0.5	4100	2260	0	891672	32	10159328	100	2	8200                              	58049	0	10159328	0
0.5	4100	1976	0	820379	32	10159328	100	2	8200                              	51656	0	10159328	0
0.5	4100	2243	0	887258	32	10159328	100	2	8200                              	59012	0	10159328	0
0.5	4100	2191	0	875296	32	10159328	100	2	8200                              	52208	0	10159328	0
0.5	4100	2245	0	887960	32	10159328	100	2	8200                              	59304	0	10159328	0
0.5	4100	2354	0	915486	32	10159328	100	2	8200                              	60993	0	10159328	0
0.5	4100	2294	0	900856	32	10159328	100	2	8200                              	51437	0	10159328	0
0.5	4100	2245	0	888087	32	10159328	100	2	8200                              	61767	0	10159328	0
0.5	4100	2187	0	873946	32	10159328	100	2	8200                              	50883	0	10159328	0
0.5	4100	2043	0	837331	32	10159328	100	2	8200                              	59675	0	10159328	0
0.5	4100	2211	0	880029	32	10159328	100	2	8200                              	64239	0	10159328	0
0.5	4100	2318	0	906703	32	10159328	100	2	8200                              	61338	0	10159328	0
0.5	4100	2175	0	871000	32	10159328	100	2	8200                              	60380	0	10159328	0
0.5	4100	2249	0	889510	32	10159328	100	2	8200                              	60480	0	10159328	0
0.5	4100	2268	0	894423	32	10159328	100	2	8200                              	62649	0	10159328	0
0.5	4100	2361	0	917796	32	10159328	100	2	8200                              	55492	0	10159328	0
0.5	4100	2352	0	916234	32	10159328	100	2	8200                              	58804	0	10159328	0
0.5	4100	2097	0	850537	32	10159328	100	2	8200                              	58489	0	10159328	0
0.5	4100	2020	0	830679	32	10159328	100	2	8200                              	62023	0	10159328	0
0.5	4100	2051	0	838906	32	10159328	100	2	8200                              	58867	0	10159328	0
0.5	4100	1911	0	803319	32	10159328	100	2	8200                              	54651	0	10159328	0
0.5	4100	2135	0	860560	32	10159328	100	2	8200                              	49381	0	10159328	0
0.5	4100	2092	0	849180	32	10159328	100	2	8200                              	50944	0	10159328	0
0.5	4100	2275	0	896272	32	10159328	100	2	8200                              	55853	0	10159328	0
0.5	4100	2189	0	874053	32	10159328	100	2	8200                              	56967	0	10159328	0
0.5	4100	2156	0	865169	32	10159328	100	2	8200                              	55463	0	10159328	0
0.5	4100	2429	0	936032	32	10159328	100	2	8200                              	61914	0	10159328	0
0.5	4100	2329	0	910309	32	10159328	100	2	8200                              	60734	0	10159328	0
0.5	4100	2321	0	908549	32	10159328	100	2	8200                              	48752	0	10159328	0
0.5	4100	2369	0	919672	32	10159328	100	2	8200                              	53926	0	10159328	0
0.5	4100	2243	0	888054	32	10159328	100	2	8200                              	53243	0	10159328	0
0.5	4100	2379	0	923475	32	10159328	100	2	8200                              	52334	0	10159328	0
0.5	4100	2281	0	897749	32	10159328	100	2	8200                              	57540	0	10159328	0
0.5	4100	2424	0	934026	32	10159328	100	2	8200                              	56668	0	10159328	0
0.5	4100	2332	0	911129	32	10159328	100	2	8200                              	54512	0	10159328	0
0.5	4100	2455	0	941561	32	10159328	100	2	8200                              	52539	0	10159328	0
0.5	4100	2457	0	942514	32	10159328	100	2	8200                              	52728	0	10159328	0
0.5	4100	2175	0	870719	32	10159328	100	2	8200                              	64266	0	10159328	0
0.5	4100	2255	0	891097	32	10159328	100	2	8200                              	49748	0	10159328	0
0.5	4100	2257	0	891553	32	10159328	100	2	8200                              	60307	0	10159328	0
0.5	4100	2182	0	872146	32	10159328	100	2	8200                              	61641	0	10159328	0
0.5	4100	2052	0	839038	32	10159328	100	2	8200                              	57846	0	10159328	0
0.5	4100	2307	0	904247	32	10159328	100	2	8200                              	47526	0	10159328	0
0.5	4100	2031	0	834223	32	10159328	100	2	8200                              	61515	0	10159328	0
0.5	4100	2256	0	891325	32	10159328	100	2	8200                              	53451	0	10159328	0
0.5	4100	2424	0	933844	32	10159328	100	2	8200                              	59535	0	10159328	0
0.5	4100	2188	0	873362	32	10159328	100	2	8200                              	59980	0	10159328	0
0.5	4100	2169	0	869955	32	10159328	100	2	8200                              	43157	0	10159328	0
0.5	4100	2319	0	907823	32	10159328	100	2	8200                              	62943	0	10159328	0
0.5	4100	2306	0	904271	32	10159328	100	2	8200                              	58246	0	10159328	0
0.5	4100	2325	0	909413	32	10159328	100	2	8200                              	61248	0	10159328	0
0.5	4100	2242	0	887811	32	10159328	100	2	8200                              	63353	0	10159328	0
0.5	4100	2232	0	884854	32	10159328	100	2	8200                              	59710	0	10159328	0
0.5	4100	2297	0	902085	32	10159328	100	2	8200                              	55168	0	10159328	0
0.5	4100	2323	0	908231	32	10159328	100	2	8200                              	64819	0	10159328	0
0.5	4100	2502	0	955197	32	10159328	100	2	8200                              	59436	0	10159328	0
0.5	4100	2066	0	842146	32	10159328	100	2	8200                              	59519	0	10159328	0
0.5	4100	2081	0	845859	32	10159328	100	2	8200                              	52905	0	10159328	0
0.5	4100	2129	0	858310	32	10159328	100	2	8200                              	63211	0	10159328	0
0.5	4100	2627	0	985476	32	10159328	100	2	8200                              	53107	0	10159328	0
0.5	4100	2142	0	862685	32	10159328	100	2	8200                              	54571	0	10159328	0
0.5	4100	2312	0	905262	32	10159328	100	2	8200                              	52754	0	10159328	0
0.5	4100	2136	0	861217	32	10159328	100	2	8200                              	59706	0	10159328	0
0.5	4100	2438	0	937735	32	10159328	100	2	8200                              	60185	0	10159328	0
0.5	4100	2208	0	878710	32	10159328	100	2	8200                              	52974	0	10159328	0
0.5	4100	2334	0	910890	32	10159328	100	2	8200                              	54425	0	10159328	0
0.5	4100	2068	0	843427	32	10159328	100	2	8200                              	61142	0	10159328	0
0.5	4100	2225	0	883681	32	10159328	100	2	8200                              	66292	0	10159328	0
0.5	4100	2097	0	850287	32	10159328	100	2	8200                              	50481	0	10159328	0
0.5	4100	2260	0	892201	32	10159328	100	2	8200                              	60270	0	10159328	0
0.5	4100	2236	0	885882	32	10159328	100	2	8200                              	55709	0	10159328	0
0.5	4100	2091	0	849230	32	10159328	100	2	8200                              	63896	0	10159328	0
0.5	4100	2450	0	940922	32	10159328	100	2	8200                              	52908	0	10159328	0
0.5	4100	2329	0	910192	32	10159328	100	2	8200                              	58133	0	10159328	0
0.5	4100	2264	0	893596	32	10159328	100	2	8200                              	54000	0	10159328	0
0.5	4100	2152	0	865125	32	10159328	100	2	8200                              	54096	0	10159328	0
0.5	4100	2424	0	934436	32	10159328	100	2	8200                              	53656	0	10159328	0
0.5	4100	2252	0	890481	32	10159328	100	2	8200                              	60365	0	10159328	0
0.5	4100	2092	0	848511	32	10159328	100	2	8200                              	51406	0	10159328	0
0.5	4100	2073	0	845150	32	10159328	100	2	8200                              	62472	0	10159328	0
0.5	4100	2230	0	884619	32	10159328	100	2	8200                              	58757	0	10159328	0
0.5	4100	2388	0	925430	32	10159328	100	2	8200                              	60059	0	10159328	0
0.5	4100	2207	0	879658	32	10159328	100	2	8200                              	51920	0	10159328	0
0.5	4100	2088	0	847638	32	10159328	100	2	8200                              	59130	0	10159328	0
0.5	4100	2309	0	904759	32	10159328	100	2	8200                              	52111	0	10159328	0
0.5	4100	2310	0	905117	32	10159328	100	2	8200                              	63065	0	10159328	0
0.5	4100	1921	0	805119	32	10159328	100	2	8200                              	62512	0	10159328	0
0.5	4100	2164	0	867707	32	10159328	100	2	8200                              	60659	0	10159328	0
0.5	4100	1933	0	808696	32	10159328	100	2	8200                              	55105	0	10159328	0
0.5	4100	2574	0	972865	32	10159328	100	2	8200                              	62821	0	10159328	0
0.5	4100	2254	0	891558	32	10159328	100	2	8200                              	62504	0	10159328	0
0.5	4100	2109	0	853341	32	10159328	100	2	8200                              	52446	0	10159328	0
0.5	4100	2381	0	922841	32	10159328	100	2	8200                              	52915	0	10159328	0
0.5	4100	2133	0	859365	32	10159328	100	2	8200                              	45986	0	10159328	0
0.5	4100	2066	0	842827	32	10159328	100	2	8200                              	44789	0	10159328	0
0.5	5100	1945	0	932624	32	10159328	100	2	10200                              	64049	0	10159328	0
0.5	5100	1854	0	902434	32	10159328	100	2	10200                              	51381	0	10159328	0
0.5	5100	2014	0	954032	32	10159328	100	2	10200                              	58024	0	10159328	0
0.5	5100	2085	0	976751	32	10159328	100	2	10200                              	56078	0	10159328	0
0.5	5100	1913	0	922532	32	10159328	100	2	10200                              	59002	0	10159328	0
0.5	5100	2104	0	983039	32	10159328	100	2	10200                              	58832	0	10159328	0
0.5	5100	1970	0	940374	32	10159328	100	2	10200                              	53823	0	10159328	0
0.5	5100	2043	0	963245	32	10159328	100	2	10200                              	53856	0	10159328	0
0.5	5100	2206	0	1015374	32	10159328	100	2	10200                              	50439	0	10159328	0
0.5	5100	1862	0	905487	32	10159328	100	2	10200                              	53990	0	10159328	0
0.5	5100	1765	0	874700	32	10159328	100	2	10200                              	61890	0	10159328	0
0.5	5100	2075	0	973662	32	10159328	100	2	10200                              	58244	0	10159328	0
0.5	5100	1983	0	943588	32	10159328	100	2	10200                              	60941	0	10159328	0
0.5	5100	2037	0	961091	32	10159328	100	2	10200                              	56128	0	10159328	0
0.5	5100	2118	0	987786	32	10159328	100	2	10200                              	57013	0	10159328	0
0.5	5100	1989	0	946724	32	10159328	100	2	10200                              	52159	0	10159328	0
0.5	5100	2063	0	969746	32	10159328	100	2	10200                              	59899	0	10159328	0
0.5	5100	2147	0	996675	32	10159328	100	2	10200                              	59742	0	10159328	0
0.5	5100	2195	0	1011564	32	10159328	100	2	10200                              	60813	0	10159328	0
0.5	5100	2012	0	953586	32	10159328	100	2	10200                              	59966	0	10159328	0
0.5	5100	1894	0	916491	32	10159328	100	2	10200                              	57086	0	10159328	0
0.5	5100	2171	0	1003978	32	10159328	100	2	10200                              	51675	0	10159328	0
0.5	5100	2101	0	981328	32	10159328	100	2	10200                              	59666	0	10159328	0
0.5	5100	2062	0	969110	32	10159328	100	2	10200                              	61160	0	10159328	0
0.5	5100	1861	0	905467	32	10159328	100	2	10200                              	57766	0	10159328	0
0.5	5100	1942	0	931529	32	10159328	100	2	10200                              	42163	0	10159328	0
0.5	5100	2155	0	998672	32	10159328	100	2	10200                              	55328	0	10159328	0
0.5	5100	2198	0	1012118	32	10159328	100	2	10200                              	50688	0	10159328	0
0.5	5100	1978	0	942871	32	10159328	100	2	10200                              	58277	0	10159328	0
0.5	5100	2034	0	960874	32	10159328	100	2	10200                              	54212	0	10159328	0
0.5	5100	1985	0	945358	32	10159328	100	2	10200                              	48890	0	10159328	0
0.5	5100	1884	0	913022	32	10159328	100	2	10200                              	51774	0	10159328	0
0.5	5100	1854	0	902806	32	10159328	100	2	10200                              	57233	0	10159328	0
0.5	5100	1956	0	935286	32	10159328	100	2	10200                              	55824	0	10159328	0
0.5	5100	1910	0	920605	32	10159328	100	2	10200                              	54939	0	10159328	0
0.5	5100	1976	0	942571	32	10159328	100	2	10200                              	57518	0	10159328	0
0.5	5100	1780	0	880714	32	10159328	100	2	10200                              	52393	0	10159328	0
0.5	5100	2046	0	963672	32	10159328	100	2	10200                              	57913	0	10159328	0
0.5	5100	2035	0	960561	32	10159328	100	2	10200                              	57424	0	10159328	0
0.5	5100	1985	0	944459	32	10159328	100	2	10200                              	50060	0	10159328	0
0.5	5100	1938	0	930141	32	10159328	100	2	10200                              	52547	0	10159328	0
0.5	5100	2013	0	954428	32	10159328	100	2	10200                              	59570	0	10159328	0
0.5	5100	1959	0	937414	32	10159328	100	2	10200                              	60877	0	10159328	0
0.5	5100	1947	0	932237	32	10159328	100	2	10200                              	58464	0	10159328	0
0.5	5100	2003	0	951237	32	10159328	100	2	10200                              	52703	0	10159328	0
0.5	5100	2090	0	978103	32	10159328	100	2	10200                              	58970	0	10159328	0
0.5	5100	2046	0	964016	32	10159328	100	2	10200                              	54060	0	10159328	0
0.5	5100	2082	0	975659	32	10159328	100	2	10200                              	63437	0	10159328	0
0.5	5100	1924	0	924931	32	10159328	100	2	10200                              	62373	0	10159328	0
0.5	5100	1948	0	933206	32	10159328	100	2	10200                              	60832	0	10159328	0
0.5	5100	1805	0	888669	32	10159328	100	2	10200                              	55939	0	10159328	0
0.5	5100	2047	0	965196	32	10159328	100	2	10200                              	56164	0	10159328	0
0.5	5100	2083	0	976044	32	10159328	100	2	10200                              	60113	0	10159328	0
0.5	5100	2049	0	965151	32	10159328	100	2	10200                              	55121	0	10159328	0
0.5	5100	2095	0	980142	32	10159328	100	2	10200                              	52327	0	10159328	0
0.5	5100	1866	0	907479	32	10159328	100	2	10200                              	52677	0	10159328	0
0.5	5100	2351	0	1061302	32	10159328	100	2	10200                              	58359	0	10159328	0
0.5	5100	2019	0	956627	32	10159328	100	2	10200                              	41115	0	10159328	0
0.5	5100	1964	0	938758	32	10159328	100	2	10200                              	51803	0	10159328	0
0.5	5100	2046	0	964187	32	10159328	100	2	10200                              	51235	0	10159328	0
0.5	5100	1955	0	936532	32	10159328	100	2	10200                              	53047	0	10159328	0
0.5	5100	1914	0	921849	32	10159328	100	2	10200                              	49651	0	10159328	0
0.5	5100	1974	0	941426	32	10159328	100	2	10200                              	56115	0	10159328	0
0.5	5100	2169	0	1003555	32	10159328	100	2	10200                              	60200	0	10159328	0
0.5	5100	2043	0	963138	32	10159328	100	2	10200                              	60356	0	10159328	0
0.5	5100	2212	0	1017858	32	10159328	100	2	10200                              	56843	0	10159328	0
0.5	5100	2199	0	1012592	32	10159328	100	2	10200                              	59452	0	10159328	0
0.5	5100	1919	0	923580	32	10159328	100	2	10200                              	50351	0	10159328	0
0.5	5100	1879	0	911400	32	10159328	100	2	10200                              	50153	0	10159328	0
0.5	5100	2094	0	979573	32	10159328	100	2	10200                              	50116	0	10159328	0
0.5	5100	1956	0	935615	32	10159328	100	2	10200                              	58867	0	10159328	0
0.5	5100	1893	0	915638	32	10159328	100	2	10200                              	45408	0	10159328	0
0.5	5100	1852	0	901963	32	10159328	100	2	10200                              	52583	0	10159328	0
0.5	5100	1901	0	917935	32	10159328	100	2	10200                              	45710	0	10159328	0
0.5	5100	1943	0	931978	32	10159328	100	2	10200                              	60005	0	10159328	0
0.5	5100	2270	0	1035693	32	10159328	100	2	10200                              	57004	0	10159328	0
0.5	5100	1864	0	906830	32	10159328	100	2	10200                              	54086	0	10159328	0
0.5	5100	1859	0	905772	32	10159328	100	2	10200                              	57618	0	10159328	0
0.5	5100	1872	0	909614	32	10159328	100	2	10200                              	57865	0	10159328	0
0.5	5100	2006	0	951986	32	10159328	100	2	10200                              	56231	0	10159328	0
0.5	5100	2067	0	971126	32	10159328	100	2	10200                              	49313	0	10159328	0
0.5	5100	1778	0	878237	32	10159328	100	2	10200                              	52239	0	10159328	0
0.5	5100	1992	0	948174	32	10159328	100	2	10200                              	56671	0	10159328	0
0.5	5100	2010	0	952146	32	10159328	100	2	10200                              	59746	0	10159328	0
0.5	5100	2187	0	1009977	32	10159328	100	2	10200                              	57875	0	10159328	0
0.5	5100	2030	0	958842	32	10159328	100	2	10200                              	54010	0	10159328	0
0.5	5100	1968	0	938981	32	10159328	100	2	10200                              	60092	0	10159328	0
0.5	5100	1938	0	930289	32	10159328	100	2	10200                              	61036	0	10159328	0
0.5	5100	2357	0	1063910	32	10159328	100	2	10200                              	53206	0	10159328	0
0.5	5100	2025	0	957175	32	10159328	100	2	10200                              	48260	0	10159328	0
0.5	5100	2057	0	967480	32	10159328	100	2	10200                              	56668	0	10159328	0
0.5	5100	2051	0	965595	32	10159328	100	2	10200                              	58272	0	10159328	0
0.5	5100	2053	0	965908	32	10159328	100	2	10200                              	54399	0	10159328	0
0.5	5100	1911	0	921707	32	10159328	100	2	10200                              	46928	0	10159328	0
0.5	5100	1990	0	946691	32	10159328	100	2	10200                              	49261	0	10159328	0
0.5	5100	1984	0	943877	32	10159328	100	2	10200                              	58971	0	10159328	0
0.5	5100	1956	0	935851	32	10159328	100	2	10200                              	58138	0	10159328	0
0.5	5100	2104	0	983003	32	10159328	100	2	10200                              	57507	0	10159328	0
0.5	5100	1803	0	886765	32	10159328	100	2	10200                              	54160	0	10159328	0
0.5	5100	1747	0	869440	32	10159328	100	2	10200                              	57443	0	10159328	0
0.5	6100	1681	0	952661	32	10159328	100	2	12200                              	58868	0	10159328	0
0.5	6100	1720	0	966174	32	10159328	100	2	12200                              	59420	0	10159328	0
0.5	6100	1878	0	1027436	32	10159328	100	2	12200                              	53544	0	10159328	0
0.5	6100	1785	0	991071	32	10159328	100	2	12200                              	61423	0	10159328	0
0.5	6100	1680	0	952372	32	10159328	100	2	12200                              	50684	0	10159328	0
0.5	6100	1864	0	1021969	32	10159328	100	2	12200                              	55303	0	10159328	0
0.5	6100	1845	0	1015001	32	10159328	100	2	12200                              	55503	0	10159328	0
0.5	6100	1986	0	1068171	32	10159328	100	2	12200                              	56312	0	10159328	0
0.5	6100	1842	0	1012659	32	10159328	100	2	12200                              	56917	0	10159328	0
0.5	6100	2025	0	1082937	32	10159328	100	2	12200                              	49136	0	10159328	0
0.5	6100	1787	0	991635	32	10159328	100	2	12200                              	57332	0	10159328	0
0.5	6100	1913	0	1039683	32	10159328	100	2	12200                              	53382	0	10159328	0
0.5	6100	1823	0	1006014	32	10159328	100	2	12200                              	46440	0	10159328	0
0.5	6100	1795	0	996258	32	10159328	100	2	12200                              	52294	0	10159328	0
0.5	6100	1848	0	1015562	32	10159328	100	2	12200                              	60389	0	10159328	0
0.5	6100	1834	0	1011024	32	10159328	100	2	12200                              	47010	0	10159328	0
0.5	6100	1941	0	1051514	32	10159328	100	2	12200                              	51820	0	10159328	0
0.5	6100	1733	0	972701	32	10159328	100	2	12200                              	51959	0	10159328	0
0.5	6100	1648	0	939131	32	10159328	100	2	12200                              	48380	0	10159328	0
0.5	6100	1963	0	1059197	32	10159328	100	2	12200                              	55529	0	10159328	0
0.5	6100	1800	0	996738	32	10159328	100	2	12200                              	59830	0	10159328	0
0.5	6100	1846	0	1015556	32	10159328	100	2	12200                              	54084	0	10159328	0
0.5	6100	1814	0	1003237	32	10159328	100	2	12200                              	54453	0	10159328	0
0.5	6100	1805	0	999235	32	10159328	100	2	12200                              	55576	0	10159328	0
0.5	6100	1940	0	1050722	32	10159328	100	2	12200                              	54990	0	10159328	0
0.5	6100	1880	0	1027455	32	10159328	100	2	12200                              	54808	0	10159328	0
0.5	6100	1909	0	1039232	32	10159328	100	2	12200                              	47004	0	10159328	0
0.5	6100	1943	0	1052442	32	10159328	100	2	12200                              	54540	0	10159328	0
0.5	6100	1836	0	1011610	32	10159328	100	2	12200                              	53916	0	10159328	0
0.5	6100	1759	0	981813	32	10159328	100	2	12200                              	50239	0	10159328	0
0.5	6100	1674	0	950023	32	10159328	100	2	12200                              	46896	0	10159328	0
0.5	6100	1799	0	996513	32	10159328	100	2	12200                              	49290	0	10159328	0
0.5	6100	1867	0	1022570	32	10159328	100	2	12200                              	49815	0	10159328	0
0.5	6100	1969	0	1062317	32	10159328	100	2	12200                              	54430	0	10159328	0
0.5	6100	1744	0	975704	32	10159328	100	2	12200                              	53131	0	10159328	0
0.5	6100	1911	0	1040687	32	10159328	100	2	12200                              	55534	0	10159328	0
0.5	6100	1949	0	1054496	32	10159328	100	2	12200                              	43950	0	10159328	0
0.5	6100	1737	0	972528	32	10159328	100	2	12200                              	54202	0	10159328	0
0.5	6100	2069	0	1099529	32	10159328	100	2	12200                              	54251	0	10159328	0
0.5	6100	1780	0	990496	32	10159328	100	2	12200                              	46049	0	10159328	0
0.5	6100	1725	0	969523	32	10159328	100	2	12200                              	60605	0	10159328	0
0.5	6100	1779	0	990294	32	10159328	100	2	12200                              	50574	0	10159328	0
0.5	6100	1881	0	1028471	32	10159328	100	2	12200                              	47720	0	10159328	0
0.5	6100	1675	0	949865	32	10159328	100	2	12200                              	56367	0	10159328	0
0.5	6100	1921	0	1043575	32	10159328	100	2	12200                              	43890	0	10159328	0
0.5	6100	2025	0	1082189	32	10159328	100	2	12200                              	54495	0	10159328	0
0.5	6100	1670	0	946764	32	10159328	100	2	12200                              	55692	0	10159328	0
0.5	6100	1993	0	1070493	32	10159328	100	2	12200                              	49624	0	10159328	0
0.5	6100	1877	0	1026133	32	10159328	100	2	12200                              	50645	0	10159328	0
0.5	6100	1745	0	976686	32	10159328	100	2	12200                              	58796	0	10159328	0
0.5	6100	1777	0	987939	32	10159328	100	2	12200                              	59248	0	10159328	0
0.5	6100	1801	0	997272	32	10159328	100	2	12200                              	50810	0	10159328	0
0.5	6100	2057	0	1095220	32	10159328	100	2	12200                              	57474	0	10159328	0
0.5	6100	1814	0	1002642	32	10159328	100	2	12200                              	51529	0	10159328	0
0.5	6100	1728	0	970748	32	10159328	100	2	12200                              	54505	0	10159328	0
0.5	6100	1784	0	991963	32	10159328	100	2	12200                              	50267	0	10159328	0
0.5	6100	1776	0	988550	32	10159328	100	2	12200                              	46186	0	10159328	0
0.5	6100	1954	0	1056344	32	10159328	100	2	12200                              	51287	0	10159328	0
0.5	6100	1789	0	992877	32	10159328	100	2	12200                              	44702	0	10159328	0
0.5	6100	1671	0	948964	32	10159328	100	2	12200                              	58064	0	10159328	0
0.5	6100	1835	0	1011091	32	10159328	100	2	12200                              	56860	0	10159328	0
0.5	6100	1800	0	997892	32	10159328	100	2	12200                              	41767	0	10159328	0
0.5	6100	1960	0	1058179	32	10159328	100	2	12200                              	58986	0	10159328	0
0.5	6100	1747	0	977498	32	10159328	100	2	12200                              	56818	0	10159328	0
0.5	6100	1738	0	972925	32	10159328	100	2	12200                              	59298	0	10159328	0
0.5	6100	1893	0	1033359	32	10159328	100	2	12200                              	43405	0	10159328	0
0.5	6100	1757	0	981761	32	10159328	100	2	12200                              	48647	0	10159328	0
0.5	6100	1888	0	1031630	32	10159328	100	2	12200                              	47943	0	10159328	0
0.5	6100	1975	0	1064662	32	10159328	100	2	12200                              	56700	0	10159328	0
0.5	6100	1977	0	1065569	32	10159328	100	2	12200                              	55683	0	10159328	0
0.5	6100	1894	0	1032932	32	10159328	100	2	12200                              	42975	0	10159328	0
0.5	6100	1975	0	1064440	32	10159328	100	2	12200                              	51512	0	10159328	0
0.5	6100	1870	0	1023846	32	10159328	100	2	12200                              	48395	0	10159328	0
0.5	6100	2018	0	1080160	32	10159328	100	2	12200                              	57115	0	10159328	0
0.5	6100	1805	0	999139	32	10159328	100	2	12200                              	49704	0	10159328	0
0.5	6100	1956	0	1056576	32	10159328	100	2	12200                              	54256	0	10159328	0
0.5	6100	1865	0	1021715	32	10159328	100	2	12200                              	47585	0	10159328	0
0.5	6100	1726	0	968644	32	10159328	100	2	12200                              	49865	0	10159328	0
0.5	6100	1787	0	992502	32	10159328	100	2	12200                              	49208	0	10159328	0
0.5	6100	1772	0	987113	32	10159328	100	2	12200                              	55201	0	10159328	0
0.5	6100	1692	0	956684	32	10159328	100	2	12200                              	57846	0	10159328	0
0.5	6100	1875	0	1025712	32	10159328	100	2	12200                              	55407	0	10159328	0
0.5	6100	1850	0	1017221	32	10159328	100	2	12200                              	56367	0	10159328	0
0.5	6100	1870	0	1024212	32	10159328	100	2	12200                              	43493	0	10159328	0
0.5	6100	1723	0	967712	32	10159328	100	2	12200                              	47589	0	10159328	0
0.5	6100	1975	0	1064315	32	10159328	100	2	12200                              	51095	0	10159328	0
0.5	6100	2108	0	1113794	32	10159328	100	2	12200                              	58861	0	10159328	0
0.5	6100	2019	0	1080888	32	10159328	100	2	12200                              	59416	0	10159328	0
0.5	6100	1888	0	1030191	32	10159328	100	2	12200                              	56929	0	10159328	0
0.5	6100	1889	0	1031044	32	10159328	100	2	12200                              	48719	0	10159328	0
0.5	6100	1608	0	924657	32	10159328	100	2	12200                              	56138	0	10159328	0
0.5	6100	1687	0	953921	32	10159328	100	2	12200                              	49819	0	10159328	0
0.5	6100	1996	0	1072011	32	10159328	100	2	12200                              	51187	0	10159328	0
0.5	6100	1905	0	1038022	32	10159328	100	2	12200                              	40441	0	10159328	0
0.5	6100	1768	0	985440	32	10159328	100	2	12200                              	51091	0	10159328	0
0.5	6100	1723	0	968849	32	10159328	100	2	12200                              	53928	0	10159328	0
0.5	6100	1691	0	955685	32	10159328	100	2	12200                              	51954	0	10159328	0
0.5	6100	1939	0	1049223	32	10159328	100	2	12200                              	54498	0	10159328	0
0.5	6100	1945	0	1051617	32	10159328	100	2	12200                              	49377	0	10159328	0
0.5	6100	1870	0	1022501	32	10159328	100	2	12200                              	58863	0	10159328	0
0.5	7100	1815	0	1115159	32	10159328	100	2	14200                              	53944	0	10159328	0
0.5	7100	1744	0	1082609	32	10159328	100	2	14200                              	57407	0	10159328	0
0.5	7100	1573	0	1007673	32	10159328	100	2	14200                              	57386	0	10159328	0
0.5	7100	1644	0	1039576	32	10159328	100	2	14200                              	46746	0	10159328	0
0.5	7100	1817	0	1116372	32	10159328	100	2	14200                              	47022	0	10159328	0
0.5	7100	1691	0	1060352	32	10159328	100	2	14200                              	57678	0	10159328	0
0.5	7100	1705	0	1067441	32	10159328	100	2	14200                              	46776	0	10159328	0
0.5	7100	1737	0	1079686	32	10159328	100	2	14200                              	53050	0	10159328	0
0.5	7100	1839	0	1126008	32	10159328	100	2	14200                              	52808	0	10159328	0
0.5	7100	1634	0	1035750	32	10159328	100	2	14200                              	53986	0	10159328	0
0.5	7100	1644	0	1040005	32	10159328	100	2	14200                              	54546	0	10159328	0
0.5	7100	1624	0	1031765	32	10159328	100	2	14200                              	48885	0	10159328	0
0.5	7100	1904	0	1155319	32	10159328	100	2	14200                              	46553	0	10159328	0
0.5	7100	1541	0	993751	32	10159328	100	2	14200                              	53561	0	10159328	0
0.5	7100	1646	0	1041768	32	10159328	100	2	14200                              	48648	0	10159328	0
0.5	7100	1716	0	1071204	32	10159328	100	2	14200                              	55451	0	10159328	0
0.5	7100	1641	0	1039478	32	10159328	100	2	14200                              	42487	0	10159328	0
0.5	7100	1663	0	1047573	32	10159328	100	2	14200                              	38414	0	10159328	0
0.5	7100	1842	0	1128854	32	10159328	100	2	14200                              	54006	0	10159328	0
0.5	7100	1677	0	1053998	32	10159328	100	2	14200                              	54719	0	10159328	0
0.5	7100	1655	0	1043919	32	10159328	100	2	14200                              	45637	0	10159328	0
0.5	7100	1701	0	1065321	32	10159328	100	2	14200                              	51672	0	10159328	0
0.5	7100	1805	0	1111639	32	10159328	100	2	14200                              	54111	0	10159328	0
0.5	7100	1590	0	1015750	32	10159328	100	2	14200                              	53318	0	10159328	0
0.5	7100	1578	0	1007848	32	10159328	100	2	14200                              	46256	0	10159328	0
0.5	7100	1741	0	1082452	32	10159328	100	2	14200                              	51454	0	10159328	0
0.5	7100	1579	0	1011069	32	10159328	100	2	14200                              	44454	0	10159328	0
0.5	7100	1804	0	1109426	32	10159328	100	2	14200                              	45230	0	10159328	0
0.5	7100	1656	0	1044881	32	10159328	100	2	14200                              	55329	0	10159328	0
0.5	7100	1720	0	1072175	32	10159328	100	2	14200                              	50420	0	10159328	0
0.5	7100	1875	0	1141474	32	10159328	100	2	14200                              	45236	0	10159328	0
0.5	7100	1900	0	1153595	32	10159328	100	2	14200                              	58889	0	10159328	0
0.5	7100	1693	0	1060489	32	10159328	100	2	14200                              	58701	0	10159328	0
0.5	7100	1699	0	1063746	32	10159328	100	2	14200                              	49123	0	10159328	0
0.5	7100	1686	0	1058740	32	10159328	100	2	14200                              	59411	0	10159328	0
0.5	7100	1630	0	1033397	32	10159328	100	2	14200                              	58613	0	10159328	0
0.5	7100	2042	0	1216237	32	10159328	100	2	14200                              	52434	0	10159328	0
0.5	7100	1489	0	971908	32	10159328	100	2	14200                              	38515	0	10159328	0
0.5	7100	1878	0	1144543	32	10159328	100	2	14200                              	45032	0	10159328	0
0.5	7100	1584	0	1012325	32	10159328	100	2	14200                              	52127	0	10159328	0
0.5	7100	1692	0	1061741	32	10159328	100	2	14200                              	50605	0	10159328	0
0.5	7100	1657	0	1046442	32	10159328	100	2	14200                              	46576	0	10159328	0
0.5	7100	1822	0	1118398	32	10159328	100	2	14200                              	53309	0	10159328	0
0.5	7100	1696	0	1062322	32	10159328	100	2	14200                              	51272	0	10159328	0
0.5	7100	1668	0	1050617	32	10159328	100	2	14200                              	57277	0	10159328	0
0.5	7100	1621	0	1028457	32	10159328	100	2	14200                              	48298	0	10159328	0
0.5	7100	1834	0	1122821	32	10159328	100	2	14200                              	53649	0	10159328	0
0.5	7100	1754	0	1089422	32	10159328	100	2	14200                              	44913	0	10159328	0
0.5	7100	1628	0	1032175	32	10159328	100	2	14200                              	59536	0	10159328	0
0.5	7100	1913	0	1158593	32	10159328	100	2	14200                              	57538	0	10159328	0
0.5	7100	1899	0	1152314	32	10159328	100	2	14200                              	48858	0	10159328	0
0.5	7100	1694	0	1062372	32	10159328	100	2	14200                              	53248	0	10159328	0
0.5	7100	1706	0	1067797	32	10159328	100	2	14200                              	49403	0	10159328	0
0.5	7100	1744	0	1084221	32	10159328	100	2	14200                              	46918	0	10159328	0
0.5	7100	1615	0	1027119	32	10159328	100	2	14200                              	46558	0	10159328	0
0.5	7100	1739	0	1082601	32	10159328	100	2	14200                              	42112	0	10159328	0
0.5	7100	1847	0	1129579	32	10159328	100	2	14200                              	54949	0	10159328	0
0.5	7100	1696	0	1061324	32	10159328	100	2	14200                              	55001	0	10159328	0
0.5	7100	1860	0	1136637	32	10159328	100	2	14200                              	49239	0	10159328	0
0.5	7100	1619	0	1027902	32	10159328	100	2	14200                              	47838	0	10159328	0
0.5	7100	1584	0	1013928	32	10159328	100	2	14200                              	56852	0	10159328	0
0.5	7100	1719	0	1073008	32	10159328	100	2	14200                              	52758	0	10159328	0
0.5	7100	1952	0	1177197	32	10159328	100	2	14200                              	51041	0	10159328	0
0.5	7100	1651	0	1042779	32	10159328	100	2	14200                              	55529	0	10159328	0
0.5	7100	1690	0	1060363	32	10159328	100	2	14200                              	57511	0	10159328	0
0.5	7100	1591	0	1016495	32	10159328	100	2	14200                              	43591	0	10159328	0
0.5	7100	1640	0	1038162	32	10159328	100	2	14200                              	52055	0	10159328	0
0.5	7100	1699	0	1063397	32	10159328	100	2	14200                              	46837	0	10159328	0
0.5	7100	1783	0	1102214	32	10159328	100	2	14200                              	56071	0	10159328	0
0.5	7100	1511	0	980086	32	10159328	100	2	14200                              	57822	0	10159328	0
0.5	7100	1809	0	1113719	32	10159328	100	2	14200                              	57808	0	10159328	0
0.5	7100	1738	0	1080760	32	10159328	100	2	14200                              	53439	0	10159328	0
0.5	7100	1762	0	1091247	32	10159328	100	2	14200                              	53693	0	10159328	0
0.5	7100	1628	0	1033780	32	10159328	100	2	14200                              	45048	0	10159328	0
0.5	7100	1868	0	1139147	32	10159328	100	2	14200                              	49240	0	10159328	0
0.5	7100	1987	0	1191278	32	10159328	100	2	14200                              	54504	0	10159328	0
0.5	7100	1851	0	1130389	32	10159328	100	2	14200                              	49340	0	10159328	0
0.5	7100	1776	0	1097887	32	10159328	100	2	14200                              	54697	0	10159328	0
0.5	7100	1797	0	1106688	32	10159328	100	2	14200                              	53933	0	10159328	0
0.5	7100	1766	0	1093624	32	10159328	100	2	14200                              	57402	0	10159328	0
0.5	7100	1698	0	1064143	32	10159328	100	2	14200                              	54661	0	10159328	0
0.5	7100	1702	0	1066134	32	10159328	100	2	14200                              	46386	0	10159328	0
0.5	7100	1568	0	1007256	32	10159328	100	2	14200                              	54916	0	10159328	0
0.5	7100	1685	0	1058481	32	10159328	100	2	14200                              	46071	0	10159328	0
0.5	7100	1912	0	1159807	32	10159328	100	2	14200                              	46022	0	10159328	0
0.5	7100	1725	0	1074593	32	10159328	100	2	14200                              	52980	0	10159328	0
0.5	7100	1592	0	1015493	32	10159328	100	2	14200                              	48293	0	10159328	0
0.5	7100	1719	0	1072871	32	10159328	100	2	14200                              	58723	0	10159328	0
0.5	7100	1667	0	1048900	32	10159328	100	2	14200                              	48047	0	10159328	0
0.5	7100	1597	0	1019344	32	10159328	100	2	14200                              	48215	0	10159328	0
0.5	7100	1635	0	1035737	32	10159328	100	2	14200                              	40784	0	10159328	0
0.5	7100	1762	0	1090110	32	10159328	100	2	14200                              	53626	0	10159328	0
0.5	7100	1637	0	1037243	32	10159328	100	2	14200                              	55102	0	10159328	0
0.5	7100	1720	0	1073316	32	10159328	100	2	14200                              	54790	0	10159328	0
0.5	7100	1658	0	1047169	32	10159328	100	2	14200                              	38785	0	10159328	0
0.5	7100	1838	0	1125874	32	10159328	100	2	14200                              	53179	0	10159328	0
0.5	7100	1757	0	1088885	32	10159328	100	2	14200                              	52281	0	10159328	0
0.5	7100	1668	0	1050333	32	10159328	100	2	14200                              	44863	0	10159328	0
0.5	7100	1747	0	1086302	32	10159328	100	2	14200                              	46401	0	10159328	0
0.5	7100	1731	0	1078336	32	10159328	100	2	14200                              	44727	0	10159328	0
0.5	8100	1564	0	1101030	32	10159328	100	2	16200                              	46051	0	10159328	0
0.5	8100	1499	0	1067857	32	10159328	100	2	16200                              	45353	0	10159328	0
0.5	8100	1541	0	1090520	32	10159328	100	2	16200                              	54595	0	10159328	0
0.5	8100	1467	0	1052482	32	10159328	100	2	16200                              	37589	0	10159328	0
0.5	8100	1818	0	1228813	32	10159328	100	2	16200                              	51770	0	10159328	0
0.5	8100	1577	0	1107843	32	10159328	100	2	16200                              	48702	0	10159328	0
0.5	8100	1470	0	1052786	32	10159328	100	2	16200                              	56731	0	10159328	0
0.5	8100	1696	0	1167735	32	10159328	100	2	16200                              	49786	0	10159328	0
0.5	8100	1511	0	1073350	32	10159328	100	2	16200                              	49759	0	10159328	0
0.5	8100	1563	0	1099105	32	10159328	100	2	16200                              	51185	0	10159328	0
0.5	8100	1561	0	1099892	32	10159328	100	2	16200                              	50362	0	10159328	0
0.5	8100	1589	0	1114077	32	10159328	100	2	16200                              	52680	0	10159328	0
0.5	8100	1659	0	1149306	32	10159328	100	2	16200                              	53438	0	10159328	0
0.5	8100	1789	0	1214524	32	10159328	100	2	16200                              	53940	0	10159328	0
0.5	8100	1511	0	1074871	32	10159328	100	2	16200                              	46685	0	10159328	0
0.5	8100	1667	0	1153185	32	10159328	100	2	16200                              	46172	0	10159328	0
0.5	8100	1633	0	1135360	32	10159328	100	2	16200                              	53827	0	10159328	0
0.5	8100	1565	0	1099453	32	10159328	100	2	16200                              	55077	0	10159328	0
0.5	8100	1648	0	1142948	32	10159328	100	2	16200                              	53558	0	10159328	0
0.5	8100	1577	0	1106548	32	10159328	100	2	16200                              	36589	0	10159328	0
0.5	8100	1398	0	1016759	32	10159328	100	2	16200                              	45964	0	10159328	0
0.5	8100	1886	0	1264137	32	10159328	100	2	16200                              	47714	0	10159328	0
0.5	8100	1880	0	1261040	32	10159328	100	2	16200                              	54238	0	10159328	0
0.5	8100	1576	0	1107874	32	10159328	100	2	16200                              	47267	0	10159328	0
0.5	8100	1567	0	1102944	32	10159328	100	2	16200                              	53961	0	10159328	0
0.5	8100	1551	0	1093624	32	10159328	100	2	16200                              	41679	0	10159328	0
0.5	8100	1450	0	1043656	32	10159328	100	2	16200                              	51008	0	10159328	0
0.5	8100	1630	0	1134767	32	10159328	100	2	16200                              	47266	0	10159328	0
0.5	8100	1587	0	1113093	32	10159328	100	2	16200                              	51221	0	10159328	0
0.5	8100	1820	0	1231821	32	10159328	100	2	16200                              	45752	0	10159328	0
0.5	8100	1486	0	1060952	32	10159328	100	2	16200                              	46977	0	10159328	0
0.5	8100	1878	0	1260848	32	10159328	100	2	16200                              	49698	0	10159328	0
0.5	8100	1613	0	1126938	32	10159328	100	2	16200                              	44526	0	10159328	0
0.5	8100	1613	0	1125488	32	10159328	100	2	16200                              	44523	0	10159328	0
0.5	8100	1602	0	1119879	32	10159328	100	2	16200                              	49255	0	10159328	0
0.5	8100	1561	0	1100431	32	10159328	100	2	16200                              	35562	0	10159328	0
0.5	8100	1687	0	1163617	32	10159328	100	2	16200                              	44027	0	10159328	0
0.5	8100	1417	0	1028759	32	10159328	100	2	16200                              	44575	0	10159328	0
0.5	8100	1634	0	1135467	32	10159328	100	2	16200                              	53116	0	10159328	0
0.5	8100	1561	0	1099567	32	10159328	100	2	16200                              	34210	0	10159328	0
0.5	8100	1872	0	1255751	32	10159328	100	2	16200                              	52645	0	10159328	0
0.5	8100	1600	0	1119449	32	10159328	100	2	16200                              	53661	0	10159328	0
0.5	8100	1682	0	1158766	32	10159328	100	2	16200                              	55627	0	10159328	0
0.5	8100	1544	0	1091199	32	10159328	100	2	16200                              	44530	0	10159328	0
0.5	8100	1587	0	1113143	32	10159328	100	2	16200                              	45571	0	10159328	0
0.5	8100	1604	0	1121632	32	10159328	100	2	16200                              	35416	0	10159328	0
0.5	8100	1516	0	1076272	32	10159328	100	2	16200                              	53651	0	10159328	0
0.5	8100	1596	0	1116709	32	10159328	100	2	16200                              	51673	0	10159328	0
0.5	8100	1609	0	1123902	32	10159328	100	2	16200                              	47810	0	10159328	0
0.5	8100	1665	0	1152225	32	10159328	100	2	16200                              	52640	0	10159328	0
0.5	8100	1473	0	1055522	32	10159328	100	2	16200                              	54495	0	10159328	0
0.5	8100	1568	0	1102287	32	10159328	100	2	16200                              	48553	0	10159328	0
0.5	8100	1654	0	1146368	32	10159328	100	2	16200                              	46051	0	10159328	0
0.5	8100	1783	0	1211640	32	10159328	100	2	16200                              	50894	0	10159328	0
0.5	8100	1714	0	1176457	32	10159328	100	2	16200                              	51893	0	10159328	0
0.5	8100	1505	0	1071439	32	10159328	100	2	16200                              	51325	0	10159328	0
0.5	8100	1554	0	1094748	32	10159328	100	2	16200                              	50090	0	10159328	0
0.5	8100	1595	0	1116252	32	10159328	100	2	16200                              	45636	0	10159328	0
0.5	8100	1732	0	1186725	32	10159328	100	2	16200                              	44892	0	10159328	0
0.5	8100	1584	0	1111686	32	10159328	100	2	16200                              	55459	0	10159328	0
0.5	8100	1492	0	1063320	32	10159328	100	2	16200                              	43832	0	10159328	0
0.5	8100	1638	0	1138736	32	10159328	100	2	16200                              	37916	0	10159328	0
0.5	8100	1594	0	1115561	32	10159328	100	2	16200                              	47336	0	10159328	0
0.5	8100	1556	0	1096077	32	10159328	100	2	16200                              	39142	0	10159328	0
0.5	8100	1457	0	1046850	32	10159328	100	2	16200                              	49582	0	10159328	0
0.5	8100	1783	0	1211370	32	10159328	100	2	16200                              	56501	0	10159328	0
0.5	8100	1631	0	1135230	32	10159328	100	2	16200                              	55379	0	10159328	0
0.5	8100	1723	0	1183149	32	10159328	100	2	16200                              	56113	0	10159328	0
0.5	8100	1715	0	1176324	32	10159328	100	2	16200                              	40765	0	10159328	0
0.5	8100	1394	0	1015159	32	10159328	100	2	16200                              	49192	0	10159328	0
0.5	8100	1667	0	1153215	32	10159328	100	2	16200                              	51429	0	10159328	0
0.5	8100	1700	0	1168406	32	10159328	100	2	16200                              	54404	0	10159328	0
0.5	8100	1597	0	1117520	32	10159328	100	2	16200                              	52517	0	10159328	0
0.5	8100	1542	0	1089622	32	10159328	100	2	16200                              	38783	0	10159328	0
0.5	8100	1634	0	1137066	32	10159328	100	2	16200                              	44497	0	10159328	0
0.5	8100	1654	0	1144979	32	10159328	100	2	16200                              	46702	0	10159328	0
0.5	8100	1623	0	1130746	32	10159328	100	2	16200                              	55780	0	10159328	0
0.5	8100	1621	0	1129396	32	10159328	100	2	16200                              	44245	0	10159328	0
0.5	8100	1640	0	1138982	32	10159328	100	2	16200                              	37987	0	10159328	0
0.5	8100	1606	0	1121460	32	10159328	100	2	16200                              	52075	0	10159328	0
0.5	8100	1553	0	1093322	32	10159328	100	2	16200                              	51392	0	10159328	0
0.5	8100	1480	0	1058950	32	10159328	100	2	16200                              	51646	0	10159328	0
0.5	8100	1695	0	1165462	32	10159328	100	2	16200                              	43696	0	10159328	0
0.5	8100	1519	0	1078503	32	10159328	100	2	16200                              	44282	0	10159328	0
0.5	8100	1668	0	1153531	32	10159328	100	2	16200                              	43985	0	10159328	0
0.5	8100	1561	0	1099091	32	10159328	100	2	16200                              	50472	0	10159328	0
0.5	8100	1511	0	1074300	32	10159328	100	2	16200                              	47415	0	10159328	0
0.5	8100	1479	0	1057473	32	10159328	100	2	16200                              	49585	0	10159328	0
0.5	8100	1763	0	1201680	32	10159328	100	2	16200                              	52906	0	10159328	0
0.5	8100	1557	0	1095995	32	10159328	100	2	16200                              	40622	0	10159328	0
0.5	8100	1796	0	1217021	32	10159328	100	2	16200                              	38111	0	10159328	0
0.5	8100	1607	0	1122756	32	10159328	100	2	16200                              	50546	0	10159328	0
0.5	8100	1619	0	1128041	32	10159328	100	2	16200                              	48154	0	10159328	0
0.5	8100	1649	0	1142647	32	10159328	100	2	16200                              	52583	0	10159328	0
0.5	8100	1514	0	1076224	32	10159328	100	2	16200                              	49963	0	10159328	0
0.5	8100	1709	0	1174202	32	10159328	100	2	16200                              	50853	0	10159328	0
0.5	8100	1916	0	1278375	32	10159328	100	2	16200                              	43150	0	10159328	0
0.5	8100	1647	0	1142842	32	10159328	100	2	16200                              	48691	0	10159328	0
0.5	8100	1630	0	1132637	32	10159328	100	2	16200                              	46313	0	10159328	0
0.5	8100	1634	0	1137199	32	10159328	100	2	16200                              	45643	0	10159328	0
0.5	9100	1465	0	1139833	32	10159328	100	2	18200                              	52368	0	10159328	0
0.5	9100	1581	0	1205691	32	10159328	100	2	18200                              	52902	0	10159328	0
0.5	9100	1486	0	1154591	32	10159328	100	2	18200                              	51186	0	10159328	0
0.5	9100	1790	0	1327291	32	10159328	100	2	18200                              	48338	0	10159328	0
0.5	9100	1575	0	1204901	32	10159328	100	2	18200                              	43589	0	10159328	0
0.5	9100	1456	0	1134823	32	10159328	100	2	18200                              	44837	0	10159328	0
0.5	9100	1487	0	1152282	32	10159328	100	2	18200                              	41119	0	10159328	0
0.5	9100	1482	0	1149502	32	10159328	100	2	18200                              	49365	0	10159328	0
0.5	9100	1360	0	1082114	32	10159328	100	2	18200                              	55668	0	10159328	0
0.5	9100	1476	0	1146538	32	10159328	100	2	18200                              	42919	0	10159328	0
0.5	9100	1381	0	1092258	32	10159328	100	2	18200                              	54018	0	10159328	0
0.5	9100	1663	0	1254655	32	10159328	100	2	18200                              	53843	0	10159328	0
0.5	9100	1577	0	1205586	32	10159328	100	2	18200                              	46560	0	10159328	0
0.5	9100	1616	0	1227033	32	10159328	100	2	18200                              	45152	0	10159328	0
0.5	9100	1446	0	1131082	32	10159328	100	2	18200                              	36850	0	10159328	0
0.5	9100	1590	0	1211951	32	10159328	100	2	18200                              	52881	0	10159328	0
0.5	9100	1364	0	1084124	32	10159328	100	2	18200                              	51325	0	10159328	0
0.5	9100	1483	0	1151113	32	10159328	100	2	18200                              	49183	0	10159328	0
0.5	9100	1393	0	1100719	32	10159328	100	2	18200                              	51176	0	10159328	0
0.5	9100	1650	0	1246030	32	10159328	100	2	18200                              	48311	0	10159328	0
0.5	9100	1475	0	1146664	32	10159328	100	2	18200                              	54475	0	10159328	0
0.5	9100	1425	0	1119447	32	10159328	100	2	18200                              	53052	0	10159328	0
0.5	9100	1559	0	1194439	32	10159328	100	2	18200                              	50445	0	10159328	0
0.5	9100	1448	0	1130439	32	10159328	100	2	18200                              	42542	0	10159328	0
0.5	9100	1426	0	1120745	32	10159328	100	2	18200                              	40305	0	10159328	0
0.5	9100	1437	0	1124343	32	10159328	100	2	18200                              	34772	0	10159328	0
0.5	9100	1406	0	1107085	32	10159328	100	2	18200                              	54802	0	10159328	0
0.5	9100	1463	0	1140274	32	10159328	100	2	18200                              	46943	0	10159328	0
0.5	9100	1482	0	1149793	32	10159328	100	2	18200                              	51269	0	10159328	0
0.5	9100	1498	0	1161151	32	10159328	100	2	18200                              	43587	0	10159328	0
0.5	9100	1523	0	1173596	32	10159328	100	2	18200                              	45826	0	10159328	0
0.5	9100	1577	0	1204172	32	10159328	100	2	18200                              	43737	0	10159328	0
0.5	9100	1470	0	1146136	32	10159328	100	2	18200                              	43816	0	10159328	0
0.5	9100	1501	0	1160478	32	10159328	100	2	18200                              	37703	0	10159328	0
0.5	9100	1479	0	1150032	32	10159328	100	2	18200                              	47459	0	10159328	0
0.5	9100	1645	0	1244957	32	10159328	100	2	18200                              	54205	0	10159328	0
0.5	9100	1614	0	1224272	32	10159328	100	2	18200                              	54430	0	10159328	0
0.5	9100	1452	0	1133104	32	10159328	100	2	18200                              	51900	0	10159328	0
0.5	9100	1407	0	1108152	32	10159328	100	2	18200                              	52724	0	10159328	0
0.5	9100	1625	0	1231799	32	10159328	100	2	18200                              	45353	0	10159328	0
0.5	9100	1469	0	1143475	32	10159328	100	2	18200                              	45065	0	10159328	0
0.5	9100	1441	0	1127339	32	10159328	100	2	18200                              	51459	0	10159328	0
0.5	9100	1587	0	1210701	32	10159328	100	2	18200                              	47935	0	10159328	0
0.5	9100	1703	0	1276827	32	10159328	100	2	18200                              	44920	0	10159328	0
0.5	9100	1341	0	1070757	32	10159328	100	2	18200                              	51648	0	10159328	0
0.5	9100	1592	0	1213329	32	10159328	100	2	18200                              	46856	0	10159328	0
0.5	9100	1560	0	1195947	32	10159328	100	2	18200                              	37950	0	10159328	0
0.5	9100	1700	0	1274622	32	10159328	100	2	18200                              	51631	0	10159328	0
0.5	9100	1717	0	1284898	32	10159328	100	2	18200                              	48388	0	10159328	0
0.5	9100	1511	0	1167542	32	10159328	100	2	18200                              	46238	0	10159328	0
0.5	9100	1539	0	1182881	32	10159328	100	2	18200                              	53290	0	10159328	0
0.5	9100	1563	0	1195392	32	10159328	100	2	18200                              	54403	0	10159328	0
0.5	9100	1765	0	1311174	32	10159328	100	2	18200                              	54667	0	10159328	0
0.5	9100	1494	0	1156960	32	10159328	100	2	18200                              	51443	0	10159328	0
0.5	9100	1565	0	1199383	32	10159328	100	2	18200                              	40091	0	10159328	0
0.5	9100	1492	0	1156663	32	10159328	100	2	18200                              	43154	0	10159328	0
0.5	9100	1379	0	1092182	32	10159328	100	2	18200                              	39053	0	10159328	0
0.5	9100	1454	0	1135068	32	10159328	100	2	18200                              	58059	0	10159328	0
0.5	9100	1570	0	1200655	32	10159328	100	2	18200                              	50358	0	10159328	0
0.5	9100	1525	0	1175104	32	10159328	100	2	18200                              	42424	0	10159328	0
0.5	9100	1541	0	1184653	32	10159328	100	2	18200                              	53410	0	10159328	0
0.5	9100	1439	0	1125981	32	10159328	100	2	18200                              	50931	0	10159328	0
0.5	9100	1615	0	1226102	32	10159328	100	2	18200                              	48399	0	10159328	0
0.5	9100	1475	0	1148259	32	10159328	100	2	18200                              	44706	0	10159328	0
0.5	9100	1594	0	1214526	32	10159328	100	2	18200                              	51036	0	10159328	0
0.5	9100	1544	0	1189586	32	10159328	100	2	18200                              	47697	0	10159328	0
0.5	9100	1578	0	1207023	32	10159328	100	2	18200                              	50003	0	10159328	0
0.5	9100	1438	0	1124634	32	10159328	100	2	18200                              	48319	0	10159328	0
0.5	9100	1665	0	1255033	32	10159328	100	2	18200                              	44791	0	10159328	0
0.5	9100	1479	0	1149533	32	10159328	100	2	18200                              	53538	0	10159328	0
0.5	9100	1705	0	1276371	32	10159328	100	2	18200                              	50950	0	10159328	0
0.5	9100	1660	0	1251701	32	10159328	100	2	18200                              	52894	0	10159328	0
0.5	9100	1469	0	1144019	32	10159328	100	2	18200                              	52754	0	10159328	0
0.5	9100	1582	0	1207233	32	10159328	100	2	18200                              	51225	0	10159328	0
0.5	9100	1621	0	1230058	32	10159328	100	2	18200                              	45995	0	10159328	0
0.5	9100	1537	0	1181067	32	10159328	100	2	18200                              	43514	0	10159328	0
0.5	9100	1499	0	1161849	32	10159328	100	2	18200                              	48774	0	10159328	0
0.5	9100	1508	0	1166048	32	10159328	100	2	18200                              	44569	0	10159328	0
0.5	9100	1421	0	1117667	32	10159328	100	2	18200                              	50027	0	10159328	0
0.5	9100	1586	0	1209424	32	10159328	100	2	18200                              	45862	0	10159328	0
0.5	9100	1417	0	1113765	32	10159328	100	2	18200                              	35044	0	10159328	0
0.5	9100	1397	0	1102178	32	10159328	100	2	18200                              	50750	0	10159328	0
0.5	9100	1536	0	1180731	32	10159328	100	2	18200                              	46339	0	10159328	0
0.5	9100	1587	0	1210202	32	10159328	100	2	18200                              	53702	0	10159328	0
0.5	9100	1625	0	1231774	32	10159328	100	2	18200                              	40004	0	10159328	0
0.5	9100	1496	0	1160547	32	10159328	100	2	18200                              	46423	0	10159328	0
0.5	9100	1600	0	1219000	32	10159328	100	2	18200                              	44025	0	10159328	0
0.5	9100	1502	0	1162972	32	10159328	100	2	18200                              	43076	0	10159328	0
0.5	9100	1470	0	1143803	32	10159328	100	2	18200                              	40575	0	10159328	0
0.5	9100	1410	0	1109051	32	10159328	100	2	18200                              	49255	0	10159328	0
0.5	9100	1466	0	1141881	32	10159328	100	2	18200                              	52092	0	10159328	0
0.5	9100	1643	0	1242122	32	10159328	100	2	18200                              	54800	0	10159328	0
0.5	9100	1552	0	1189388	32	10159328	100	2	18200                              	49712	0	10159328	0
0.5	9100	1523	0	1174712	32	10159328	100	2	18200                              	47163	0	10159328	0
0.5	9100	1642	0	1242288	32	10159328	100	2	18200                              	51443	0	10159328	0
0.5	9100	1575	0	1203166	32	10159328	100	2	18200                              	50285	0	10159328	0
0.5	9100	1500	0	1160591	32	10159328	100	2	18200                              	52470	0	10159328	0
0.5	9100	1511	0	1166543	32	10159328	100	2	18200                              	43406	0	10159328	0
0.5	9100	1599	0	1218713	32	10159328	100	2	18200                              	54128	0	10159328	0
0.5	9100	1607	0	1222392	32	10159328	100	2	18200                              	45533	0	10159328	0
