#using seed 0.044476
# Work:9321255, depth:282845, work/p+depth:1448001.875
#PROCESSORS: 8, RUNS: 100
#prb	R-l	ISR	ESR	runTime	processors    	work	taskThreshold	lGranularity	rGranularity	IDATAT	EDATAT	W0	W1
0.5	100	2411	0	1225312	8	9321255	100	2	200                              	22776	0	9321255	0
0.5	100	3216	0	1245461	8	9321255	100	2	200                              	20791	0	9321255	0
0.5	100	2471	0	1226800	8	9321255	100	2	200                              	25536	0	9321255	0
0.5	100	2701	0	1232606	8	9321255	100	2	200                              	25095	0	9321255	0
0.5	100	2517	0	1227976	8	9321255	100	2	200                              	24269	0	9321255	0
0.5	100	2361	0	1224080	8	9321255	100	2	200                              	20821	0	9321255	0
0.5	100	2342	0	1223602	8	9321255	100	2	200                              	22854	0	9321255	0
0.5	100	2037	0	1215971	8	9321255	100	2	200                              	28392	0	9321255	0
0.5	100	2752	0	1233829	8	9321255	100	2	200                              	23508	0	9321255	0
0.5	100	2511	0	1227833	8	9321255	100	2	200                              	27428	0	9321255	0
0.5	100	2483	0	1227112	8	9321255	100	2	200                              	22111	0	9321255	0
0.5	100	2438	0	1226004	8	9321255	100	2	200                              	25385	0	9321255	0
0.5	100	2480	0	1227067	8	9321255	100	2	200                              	25648	0	9321255	0
0.5	100	3007	0	1240231	8	9321255	100	2	200                              	20131	0	9321255	0
0.5	100	2581	0	1229585	8	9321255	100	2	200                              	24603	0	9321255	0
0.5	100	2456	0	1226428	8	9321255	100	2	200                              	24576	0	9321255	0
0.5	100	4046	0	1266190	8	9321255	100	2	200                              	23713	0	9321255	0
0.5	100	3056	0	1241476	8	9321255	100	2	200                              	22021	0	9321255	0
0.5	100	2490	0	1227287	8	9321255	100	2	200                              	22405	0	9321255	0
0.5	100	4355	0	1273967	8	9321255	100	2	200                              	25384	0	9321255	0
0.5	100	2408	0	1225252	8	9321255	100	2	200                              	24708	0	9321255	0
0.5	100	3139	0	1243508	8	9321255	100	2	200                              	31282	0	9321255	0
0.5	100	2623	0	1230613	8	9321255	100	2	200                              	19174	0	9321255	0
0.5	100	2185	0	1219662	8	9321255	100	2	200                              	19927	0	9321255	0
0.5	100	2494	0	1227370	8	9321255	100	2	200                              	22623	0	9321255	0
0.5	100	3538	0	1253516	8	9321255	100	2	200                              	27146	0	9321255	0
0.5	100	2203	0	1220116	8	9321255	100	2	200                              	20844	0	9321255	0
0.5	100	3378	0	1249484	8	9321255	100	2	200                              	20019	0	9321255	0
0.5	100	2339	0	1223521	8	9321255	100	2	200                              	23682	0	9321255	0
0.5	100	2078	0	1216979	8	9321255	100	2	200                              	22009	0	9321255	0
0.5	100	2741	0	1233584	8	9321255	100	2	200                              	20643	0	9321255	0
0.5	100	2346	0	1223691	8	9321255	100	2	200                              	28818	0	9321255	0
0.5	100	2777	0	1234443	8	9321255	100	2	200                              	23546	0	9321255	0
0.5	100	2933	0	1238407	8	9321255	100	2	200                              	19765	0	9321255	0
0.5	100	1789	0	1209778	8	9321255	100	2	200                              	22875	0	9321255	0
0.5	100	3190	0	1244796	8	9321255	100	2	200                              	22216	0	9321255	0
0.5	100	2669	0	1231757	8	9321255	100	2	200                              	25329	0	9321255	0
0.5	100	2440	0	1226023	8	9321255	100	2	200                              	20596	0	9321255	0
0.5	100	2545	0	1228699	8	9321255	100	2	200                              	22887	0	9321255	0
0.5	100	3724	0	1258131	8	9321255	100	2	200                              	19451	0	9321255	0
0.5	100	2763	0	1234132	8	9321255	100	2	200                              	18975	0	9321255	0
0.5	100	3157	0	1243974	8	9321255	100	2	200                              	16684	0	9321255	0
0.5	100	1960	0	1214014	8	9321255	100	2	200                              	24722	0	9321255	0
0.5	100	2410	0	1225268	8	9321255	100	2	200                              	24761	0	9321255	0
0.5	100	3340	0	1248569	8	9321255	100	2	200                              	24518	0	9321255	0
0.5	100	2458	0	1226511	8	9321255	100	2	200                              	21864	0	9321255	0
0.5	100	3578	0	1254486	8	9321255	100	2	200                              	23435	0	9321255	0
0.5	100	2992	0	1239859	8	9321255	100	2	200                              	18851	0	9321255	0
0.5	100	2642	0	1231066	8	9321255	100	2	200                              	21563	0	9321255	0
0.5	100	3134	0	1243386	8	9321255	100	2	200                              	23711	0	9321255	0
0.5	100	2414	0	1225410	8	9321255	100	2	200                              	21854	0	9321255	0
0.5	100	3795	0	1259927	8	9321255	100	2	200                              	27021	0	9321255	0
0.5	100	2891	0	1237308	8	9321255	100	2	200                              	19113	0	9321255	0
0.5	100	2275	0	1221903	8	9321255	100	2	200                              	22361	0	9321255	0
0.5	100	2667	0	1231739	8	9321255	100	2	200                              	29023	0	9321255	0
0.5	100	3380	0	1249545	8	9321255	100	2	200                              	23128	0	9321255	0
0.5	100	3893	0	1262394	8	9321255	100	2	200                              	22793	0	9321255	0
0.5	100	3215	0	1245435	8	9321255	100	2	200                              	18014	0	9321255	0
0.5	100	2434	0	1225877	8	9321255	100	2	200                              	23895	0	9321255	0
0.5	100	2381	0	1224556	8	9321255	100	2	200                              	26362	0	9321255	0
0.5	100	4408	0	1275237	8	9321255	100	2	200                              	24661	0	9321255	0
0.5	100	2554	0	1228902	8	9321255	100	2	200                              	26212	0	9321255	0
0.5	100	2704	0	1232620	8	9321255	100	2	200                              	23904	0	9321255	0
0.5	100	3245	0	1246215	8	9321255	100	2	200                              	22875	0	9321255	0
0.5	100	2230	0	1220800	8	9321255	100	2	200                              	22799	0	9321255	0
0.5	100	2133	0	1218359	8	9321255	100	2	200                              	28537	0	9321255	0
0.5	100	2676	0	1231926	8	9321255	100	2	200                              	28638	0	9321255	0
0.5	100	2700	0	1232578	8	9321255	100	2	200                              	23997	0	9321255	0
0.5	100	2659	0	1231509	8	9321255	100	2	200                              	22541	0	9321255	0
0.5	100	2451	0	1226300	8	9321255	100	2	200                              	23029	0	9321255	0
0.5	100	3096	0	1242444	8	9321255	100	2	200                              	23612	0	9321255	0
0.5	100	2343	0	1223625	8	9321255	100	2	200                              	24785	0	9321255	0
0.5	100	2632	0	1230843	8	9321255	100	2	200                              	22613	0	9321255	0
0.5	100	2179	0	1219511	8	9321255	100	2	200                              	29672	0	9321255	0
0.5	100	2380	0	1224551	8	9321255	100	2	200                              	23250	0	9321255	0
0.5	100	3797	0	1259968	8	9321255	100	2	200                              	26956	0	9321255	0
0.5	100	3950	0	1263799	8	9321255	100	2	200                              	20916	0	9321255	0
0.5	100	2567	0	1229249	8	9321255	100	2	200                              	22858	0	9321255	0
0.5	100	2561	0	1229097	8	9321255	100	2	200                              	22045	0	9321255	0
0.5	100	5517	0	1302998	8	9321255	100	2	200                              	21899	0	9321255	0
0.5	100	2420	0	1225563	8	9321255	100	2	200                              	23246	0	9321255	0
0.5	100	3738	0	1258483	8	9321255	100	2	200                              	19978	0	9321255	0
0.5	100	2174	0	1219355	8	9321255	100	2	200                              	23835	0	9321255	0
0.5	100	2702	0	1232646	8	9321255	100	2	200                              	19784	0	9321255	0
0.5	100	1940	0	1213533	8	9321255	100	2	200                              	23836	0	9321255	0
0.5	100	2676	0	1231995	8	9321255	100	2	200                              	24105	0	9321255	0
0.5	100	2505	0	1227661	8	9321255	100	2	200                              	25160	0	9321255	0
0.5	100	2589	0	1229757	8	9321255	100	2	200                              	21957	0	9321255	0
0.5	100	2755	0	1233906	8	9321255	100	2	200                              	20476	0	9321255	0
0.5	100	2487	0	1227197	8	9321255	100	2	200                              	25830	0	9321255	0
0.5	100	2452	0	1226356	8	9321255	100	2	200                              	20941	0	9321255	0
0.5	100	3043	0	1241111	8	9321255	100	2	200                              	27662	0	9321255	0
0.5	100	2804	0	1235125	8	9321255	100	2	200                              	23310	0	9321255	0
0.5	100	2108	0	1217774	8	9321255	100	2	200                              	22716	0	9321255	0
0.5	100	2152	0	1218850	8	9321255	100	2	200                              	20090	0	9321255	0
0.5	100	2543	0	1228611	8	9321255	100	2	200                              	22986	0	9321255	0
0.5	100	2094	0	1217364	8	9321255	100	2	200                              	21115	0	9321255	0
0.5	100	2356	0	1223930	8	9321255	100	2	200                              	26319	0	9321255	0
0.5	100	2319	0	1223005	8	9321255	100	2	200                              	20791	0	9321255	0
0.5	100	3277	0	1246979	8	9321255	100	2	200                              	25032	0	9321255	0
0.5	1100	570	0	1320881	8	9321255	100	2	2200                              	22375	0	9321255	0
0.5	1100	563	0	1318635	8	9321255	100	2	2200                              	21976	0	9321255	0
0.5	1100	598	0	1328559	8	9321255	100	2	2200                              	20142	0	9321255	0
0.5	1100	476	0	1294584	8	9321255	100	2	2200                              	24645	0	9321255	0
0.5	1100	546	0	1314047	8	9321255	100	2	2200                              	22022	0	9321255	0
0.5	1100	696	0	1355009	8	9321255	100	2	2200                              	21267	0	9321255	0
0.5	1100	590	0	1326298	8	9321255	100	2	2200                              	18958	0	9321255	0
0.5	1100	605	0	1330060	8	9321255	100	2	2200                              	26562	0	9321255	0
0.5	1100	562	0	1318335	8	9321255	100	2	2200                              	16948	0	9321255	0
0.5	1100	650	0	1342546	8	9321255	100	2	2200                              	20803	0	9321255	0
0.5	1100	684	0	1351934	8	9321255	100	2	2200                              	22852	0	9321255	0
0.5	1100	421	0	1279402	8	9321255	100	2	2200                              	19686	0	9321255	0
0.5	1100	696	0	1355469	8	9321255	100	2	2200                              	15668	0	9321255	0
0.5	1100	655	0	1343820	8	9321255	100	2	2200                              	22301	0	9321255	0
0.5	1100	574	0	1321858	8	9321255	100	2	2200                              	22852	0	9321255	0
0.5	1100	483	0	1296808	8	9321255	100	2	2200                              	20497	0	9321255	0
0.5	1100	573	0	1321859	8	9321255	100	2	2200                              	25500	0	9321255	0
0.5	1100	745	0	1368741	8	9321255	100	2	2200                              	25962	0	9321255	0
0.5	1100	511	0	1304222	8	9321255	100	2	2200                              	20864	0	9321255	0
0.5	1100	667	0	1347519	8	9321255	100	2	2200                              	20891	0	9321255	0
0.5	1100	549	0	1314800	8	9321255	100	2	2200                              	26275	0	9321255	0
0.5	1100	438	0	1284538	8	9321255	100	2	2200                              	19965	0	9321255	0
0.5	1100	623	0	1335371	8	9321255	100	2	2200                              	23290	0	9321255	0
0.5	1100	556	0	1316923	8	9321255	100	2	2200                              	22280	0	9321255	0
0.5	1100	554	0	1316087	8	9321255	100	2	2200                              	26766	0	9321255	0
0.5	1100	583	0	1324402	8	9321255	100	2	2200                              	20272	0	9321255	0
0.5	1100	678	0	1350367	8	9321255	100	2	2200                              	24918	0	9321255	0
0.5	1100	521	0	1307267	8	9321255	100	2	2200                              	21019	0	9321255	0
0.5	1100	532	0	1310432	8	9321255	100	2	2200                              	19707	0	9321255	0
0.5	1100	681	0	1351044	8	9321255	100	2	2200                              	21527	0	9321255	0
0.5	1100	637	0	1339171	8	9321255	100	2	2200                              	18893	0	9321255	0
0.5	1100	796	0	1383033	8	9321255	100	2	2200                              	22667	0	9321255	0
0.5	1100	658	0	1344770	8	9321255	100	2	2200                              	16630	0	9321255	0
0.5	1100	585	0	1324543	8	9321255	100	2	2200                              	23648	0	9321255	0
0.5	1100	561	0	1318577	8	9321255	100	2	2200                              	24112	0	9321255	0
0.5	1100	480	0	1296209	8	9321255	100	2	2200                              	17656	0	9321255	0
0.5	1100	507	0	1303137	8	9321255	100	2	2200                              	16829	0	9321255	0
0.5	1100	544	0	1313248	8	9321255	100	2	2200                              	22258	0	9321255	0
0.5	1100	772	0	1376228	8	9321255	100	2	2200                              	28080	0	9321255	0
0.5	1100	589	0	1326115	8	9321255	100	2	2200                              	23168	0	9321255	0
0.5	1100	581	0	1323666	8	9321255	100	2	2200                              	15065	0	9321255	0
0.5	1100	693	0	1354531	8	9321255	100	2	2200                              	27372	0	9321255	0
0.5	1100	748	0	1369469	8	9321255	100	2	2200                              	30319	0	9321255	0
0.5	1100	589	0	1325943	8	9321255	100	2	2200                              	16863	0	9321255	0
0.5	1100	610	0	1331546	8	9321255	100	2	2200                              	18141	0	9321255	0
0.5	1100	554	0	1316033	8	9321255	100	2	2200                              	22444	0	9321255	0
0.5	1100	505	0	1302549	8	9321255	100	2	2200                              	23600	0	9321255	0
0.5	1100	543	0	1313736	8	9321255	100	2	2200                              	23887	0	9321255	0
0.5	1100	574	0	1321660	8	9321255	100	2	2200                              	24616	0	9321255	0
0.5	1100	568	0	1319958	8	9321255	100	2	2200                              	18815	0	9321255	0
0.5	1100	555	0	1316788	8	9321255	100	2	2200                              	23916	0	9321255	0
0.5	1100	451	0	1287749	8	9321255	100	2	2200                              	20420	0	9321255	0
0.5	1100	495	0	1299853	8	9321255	100	2	2200                              	19462	0	9321255	0
0.5	1100	629	0	1336865	8	9321255	100	2	2200                              	18370	0	9321255	0
0.5	1100	806	0	1385846	8	9321255	100	2	2200                              	21383	0	9321255	0
0.5	1100	753	0	1371303	8	9321255	100	2	2200                              	26150	0	9321255	0
0.5	1100	667	0	1347476	8	9321255	100	2	2200                              	24374	0	9321255	0
0.5	1100	484	0	1296845	8	9321255	100	2	2200                              	20790	0	9321255	0
0.5	1100	572	0	1320791	8	9321255	100	2	2200                              	21506	0	9321255	0
0.5	1100	751	0	1370657	8	9321255	100	2	2200                              	20023	0	9321255	0
0.5	1100	543	0	1313221	8	9321255	100	2	2200                              	22244	0	9321255	0
0.5	1100	576	0	1322530	8	9321255	100	2	2200                              	19812	0	9321255	0
0.5	1100	780	0	1378165	8	9321255	100	2	2200                              	23697	0	9321255	0
0.5	1100	573	0	1321723	8	9321255	100	2	2200                              	24839	0	9321255	0
0.5	1100	563	0	1318982	8	9321255	100	2	2200                              	19711	0	9321255	0
0.5	1100	501	0	1301709	8	9321255	100	2	2200                              	22486	0	9321255	0
0.5	1100	641	0	1339905	8	9321255	100	2	2200                              	23789	0	9321255	0
0.5	1100	475	0	1294820	8	9321255	100	2	2200                              	19577	0	9321255	0
0.5	1100	633	0	1337783	8	9321255	100	2	2200                              	19651	0	9321255	0
0.5	1100	629	0	1336871	8	9321255	100	2	2200                              	25710	0	9321255	0
0.5	1100	520	0	1306824	8	9321255	100	2	2200                              	21437	0	9321255	0
0.5	1100	546	0	1313950	8	9321255	100	2	2200                              	18359	0	9321255	0
0.5	1100	442	0	1285382	8	9321255	100	2	2200                              	19513	0	9321255	0
0.5	1100	527	0	1308855	8	9321255	100	2	2200                              	26055	0	9321255	0
0.5	1100	447	0	1286808	8	9321255	100	2	2200                              	19758	0	9321255	0
0.5	1100	641	0	1339943	8	9321255	100	2	2200                              	19764	0	9321255	0
0.5	1100	777	0	1377439	8	9321255	100	2	2200                              	22663	0	9321255	0
0.5	1100	598	0	1328220	8	9321255	100	2	2200                              	21394	0	9321255	0
0.5	1100	521	0	1307303	8	9321255	100	2	2200                              	17457	0	9321255	0
0.5	1100	634	0	1338736	8	9321255	100	2	2200                              	25481	0	9321255	0
0.5	1100	483	0	1296825	8	9321255	100	2	2200                              	16770	0	9321255	0
0.5	1100	661	0	1345555	8	9321255	100	2	2200                              	21443	0	9321255	0
0.5	1100	571	0	1320930	8	9321255	100	2	2200                              	21363	0	9321255	0
0.5	1100	543	0	1313385	8	9321255	100	2	2200                              	20855	0	9321255	0
0.5	1100	617	0	1333597	8	9321255	100	2	2200                              	22433	0	9321255	0
0.5	1100	663	0	1346496	8	9321255	100	2	2200                              	21730	0	9321255	0
0.5	1100	516	0	1305889	8	9321255	100	2	2200                              	22429	0	9321255	0
0.5	1100	463	0	1291449	8	9321255	100	2	2200                              	20879	0	9321255	0
0.5	1100	600	0	1329160	8	9321255	100	2	2200                              	21698	0	9321255	0
0.5	1100	636	0	1339148	8	9321255	100	2	2200                              	22501	0	9321255	0
0.5	1100	423	0	1280534	8	9321255	100	2	2200                              	23929	0	9321255	0
0.5	1100	564	0	1319025	8	9321255	100	2	2200                              	23240	0	9321255	0
0.5	1100	485	0	1297688	8	9321255	100	2	2200                              	15411	0	9321255	0
0.5	1100	632	0	1337787	8	9321255	100	2	2200                              	17231	0	9321255	0
0.5	1100	614	0	1333160	8	9321255	100	2	2200                              	21436	0	9321255	0
0.5	1100	487	0	1297694	8	9321255	100	2	2200                              	21097	0	9321255	0
0.5	1100	583	0	1324285	8	9321255	100	2	2200                              	18572	0	9321255	0
0.5	1100	614	0	1332263	8	9321255	100	2	2200                              	22170	0	9321255	0
0.5	1100	627	0	1336307	8	9321255	100	2	2200                              	20790	0	9321255	0
0.5	1100	514	0	1305098	8	9321255	100	2	2200                              	19638	0	9321255	0
0.5	2100	293	0	1316387	8	9321255	100	2	4200                              	16988	0	9321255	0
0.5	2100	299	0	1319442	8	9321255	100	2	4200                              	19962	0	9321255	0
0.5	2100	501	0	1424933	8	9321255	100	2	4200                              	19174	0	9321255	0
0.5	2100	298	0	1319410	8	9321255	100	2	4200                              	15333	0	9321255	0
0.5	2100	460	0	1404613	8	9321255	100	2	4200                              	24476	0	9321255	0
0.5	2100	428	0	1387931	8	9321255	100	2	4200                              	18306	0	9321255	0
0.5	2100	404	0	1374356	8	9321255	100	2	4200                              	19808	0	9321255	0
0.5	2100	405	0	1374658	8	9321255	100	2	4200                              	21201	0	9321255	0
0.5	2100	475	0	1412310	8	9321255	100	2	4200                              	25632	0	9321255	0
0.5	2100	564	0	1459190	8	9321255	100	2	4200                              	24856	0	9321255	0
0.5	2100	390	0	1367327	8	9321255	100	2	4200                              	21197	0	9321255	0
0.5	2100	323	0	1332981	8	9321255	100	2	4200                              	19143	0	9321255	0
0.5	2100	367	0	1355064	8	9321255	100	2	4200                              	18218	0	9321255	0
0.5	2100	369	0	1356809	8	9321255	100	2	4200                              	24062	0	9321255	0
0.5	2100	322	0	1331355	8	9321255	100	2	4200                              	22598	0	9321255	0
0.5	2100	375	0	1360357	8	9321255	100	2	4200                              	20699	0	9321255	0
0.5	2100	380	0	1362570	8	9321255	100	2	4200                              	19955	0	9321255	0
0.5	2100	351	0	1347570	8	9321255	100	2	4200                              	16701	0	9321255	0
0.5	2100	324	0	1333455	8	9321255	100	2	4200                              	19952	0	9321255	0
0.5	2100	529	0	1440728	8	9321255	100	2	4200                              	20718	0	9321255	0
0.5	2100	434	0	1390446	8	9321255	100	2	4200                              	21343	0	9321255	0
0.5	2100	436	0	1391702	8	9321255	100	2	4200                              	19383	0	9321255	0
0.5	2100	379	0	1361854	8	9321255	100	2	4200                              	20725	0	9321255	0
0.5	2100	471	0	1410347	8	9321255	100	2	4200                              	28770	0	9321255	0
0.5	2100	428	0	1387280	8	9321255	100	2	4200                              	22166	0	9321255	0
0.5	2100	361	0	1352582	8	9321255	100	2	4200                              	18353	0	9321255	0
0.5	2100	433	0	1390243	8	9321255	100	2	4200                              	23470	0	9321255	0
0.5	2100	401	0	1372745	8	9321255	100	2	4200                              	20524	0	9321255	0
0.5	2100	604	0	1479569	8	9321255	100	2	4200                              	24640	0	9321255	0
0.5	2100	364	0	1353431	8	9321255	100	2	4200                              	20323	0	9321255	0
0.5	2100	427	0	1386852	8	9321255	100	2	4200                              	22229	0	9321255	0
0.5	2100	440	0	1393121	8	9321255	100	2	4200                              	22063	0	9321255	0
0.5	2100	467	0	1408241	8	9321255	100	2	4200                              	19567	0	9321255	0
0.5	2100	300	0	1320291	8	9321255	100	2	4200                              	17896	0	9321255	0
0.5	2100	329	0	1335955	8	9321255	100	2	4200                              	16008	0	9321255	0
0.5	2100	448	0	1397916	8	9321255	100	2	4200                              	27276	0	9321255	0
0.5	2100	446	0	1396556	8	9321255	100	2	4200                              	20139	0	9321255	0
0.5	2100	361	0	1352474	8	9321255	100	2	4200                              	21481	0	9321255	0
0.5	2100	437	0	1392420	8	9321255	100	2	4200                              	23793	0	9321255	0
0.5	2100	418	0	1382524	8	9321255	100	2	4200                              	20168	0	9321255	0
0.5	2100	442	0	1394555	8	9321255	100	2	4200                              	20886	0	9321255	0
0.5	2100	496	0	1423776	8	9321255	100	2	4200                              	24119	0	9321255	0
0.5	2100	331	0	1336430	8	9321255	100	2	4200                              	19218	0	9321255	0
0.5	2100	490	0	1420551	8	9321255	100	2	4200                              	20412	0	9321255	0
0.5	2100	453	0	1400629	8	9321255	100	2	4200                              	22462	0	9321255	0
0.5	2100	408	0	1376208	8	9321255	100	2	4200                              	16640	0	9321255	0
0.5	2100	349	0	1345143	8	9321255	100	2	4200                              	13723	0	9321255	0
0.5	2100	353	0	1348157	8	9321255	100	2	4200                              	20992	0	9321255	0
0.5	2100	434	0	1390347	8	9321255	100	2	4200                              	22816	0	9321255	0
0.5	2100	480	0	1414940	8	9321255	100	2	4200                              	21675	0	9321255	0
0.5	2100	449	0	1398815	8	9321255	100	2	4200                              	19765	0	9321255	0
0.5	2100	484	0	1417044	8	9321255	100	2	4200                              	22640	0	9321255	0
0.5	2100	430	0	1389063	8	9321255	100	2	4200                              	23697	0	9321255	0
0.5	2100	511	0	1430924	8	9321255	100	2	4200                              	23653	0	9321255	0
0.5	2100	416	0	1382087	8	9321255	100	2	4200                              	19594	0	9321255	0
0.5	2100	409	0	1377671	8	9321255	100	2	4200                              	25414	0	9321255	0
0.5	2100	456	0	1402635	8	9321255	100	2	4200                              	21652	0	9321255	0
0.5	2100	532	0	1441908	8	9321255	100	2	4200                              	22017	0	9321255	0
0.5	2100	391	0	1368424	8	9321255	100	2	4200                              	19709	0	9321255	0
0.5	2100	401	0	1373556	8	9321255	100	2	4200                              	16253	0	9321255	0
0.5	2100	414	0	1380304	8	9321255	100	2	4200                              	16491	0	9321255	0
0.5	2100	352	0	1348170	8	9321255	100	2	4200                              	18753	0	9321255	0
0.5	2100	460	0	1404783	8	9321255	100	2	4200                              	23200	0	9321255	0
0.5	2100	384	0	1364515	8	9321255	100	2	4200                              	16617	0	9321255	0
0.5	2100	413	0	1379397	8	9321255	100	2	4200                              	20719	0	9321255	0
0.5	2100	424	0	1385239	8	9321255	100	2	4200                              	17393	0	9321255	0
0.5	2100	468	0	1408937	8	9321255	100	2	4200                              	27113	0	9321255	0
0.5	2100	386	0	1364955	8	9321255	100	2	4200                              	20531	0	9321255	0
0.5	2100	407	0	1376368	8	9321255	100	2	4200                              	17438	0	9321255	0
0.5	2100	361	0	1352060	8	9321255	100	2	4200                              	24167	0	9321255	0
0.5	2100	415	0	1380460	8	9321255	100	2	4200                              	19800	0	9321255	0
0.5	2100	523	0	1437649	8	9321255	100	2	4200                              	22668	0	9321255	0
0.5	2100	416	0	1381149	8	9321255	100	2	4200                              	21600	0	9321255	0
0.5	2100	590	0	1472159	8	9321255	100	2	4200                              	22299	0	9321255	0
0.5	2100	436	0	1391521	8	9321255	100	2	4200                              	20524	0	9321255	0
0.5	2100	307	0	1324381	8	9321255	100	2	4200                              	19042	0	9321255	0
0.5	2100	441	0	1394239	8	9321255	100	2	4200                              	21472	0	9321255	0
0.5	2100	406	0	1375112	8	9321255	100	2	4200                              	21005	0	9321255	0
0.5	2100	495	0	1422866	8	9321255	100	2	4200                              	22370	0	9321255	0
0.5	2100	411	0	1379102	8	9321255	100	2	4200                              	16964	0	9321255	0
0.5	2100	359	0	1351494	8	9321255	100	2	4200                              	20638	0	9321255	0
0.5	2100	518	0	1434225	8	9321255	100	2	4200                              	23184	0	9321255	0
0.5	2100	477	0	1412343	8	9321255	100	2	4200                              	22983	0	9321255	0
0.5	2100	392	0	1367601	8	9321255	100	2	4200                              	22795	0	9321255	0
0.5	2100	415	0	1380420	8	9321255	100	2	4200                              	16770	0	9321255	0
0.5	2100	478	0	1414596	8	9321255	100	2	4200                              	23107	0	9321255	0
0.5	2100	315	0	1327703	8	9321255	100	2	4200                              	19635	0	9321255	0
0.5	2100	493	0	1421409	8	9321255	100	2	4200                              	16958	0	9321255	0
0.5	2100	501	0	1425298	8	9321255	100	2	4200                              	21993	0	9321255	0
0.5	2100	472	0	1411406	8	9321255	100	2	4200                              	20237	0	9321255	0
0.5	2100	389	0	1367576	8	9321255	100	2	4200                              	21179	0	9321255	0
0.5	2100	349	0	1346023	8	9321255	100	2	4200                              	18630	0	9321255	0
0.5	2100	391	0	1368560	8	9321255	100	2	4200                              	21775	0	9321255	0
0.5	2100	397	0	1371000	8	9321255	100	2	4200                              	22733	0	9321255	0
0.5	2100	509	0	1429226	8	9321255	100	2	4200                              	21187	0	9321255	0
0.5	2100	375	0	1359859	8	9321255	100	2	4200                              	17351	0	9321255	0
0.5	2100	417	0	1382057	8	9321255	100	2	4200                              	17846	0	9321255	0
0.5	2100	346	0	1343442	8	9321255	100	2	4200                              	17951	0	9321255	0
0.5	2100	420	0	1383275	8	9321255	100	2	4200                              	18839	0	9321255	0
0.5	2100	343	0	1343144	8	9321255	100	2	4200                              	20889	0	9321255	0
0.5	3100	341	0	1425736	8	9321255	100	2	6200                              	21436	0	9321255	0
0.5	3100	399	0	1471673	8	9321255	100	2	6200                              	21288	0	9321255	0
0.5	3100	401	0	1472857	8	9321255	100	2	6200                              	22965	0	9321255	0
0.5	3100	197	0	1314577	8	9321255	100	2	6200                              	11557	0	9321255	0
0.5	3100	376	0	1452674	8	9321255	100	2	6200                              	19033	0	9321255	0
0.5	3100	366	0	1445534	8	9321255	100	2	6200                              	23164	0	9321255	0
0.5	3100	353	0	1435085	8	9321255	100	2	6200                              	19066	0	9321255	0
0.5	3100	392	0	1465070	8	9321255	100	2	6200                              	21425	0	9321255	0
0.5	3100	403	0	1474194	8	9321255	100	2	6200                              	21409	0	9321255	0
0.5	3100	340	0	1425745	8	9321255	100	2	6200                              	15571	0	9321255	0
0.5	3100	353	0	1435384	8	9321255	100	2	6200                              	21042	0	9321255	0
0.5	3100	295	0	1390346	8	9321255	100	2	6200                              	19610	0	9321255	0
0.5	3100	373	0	1449923	8	9321255	100	2	6200                              	24186	0	9321255	0
0.5	3100	376	0	1453041	8	9321255	100	2	6200                              	18371	0	9321255	0
0.5	3100	465	0	1521755	8	9321255	100	2	6200                              	22378	0	9321255	0
0.5	3100	237	0	1346057	8	9321255	100	2	6200                              	18320	0	9321255	0
0.5	3100	342	0	1426457	8	9321255	100	2	6200                              	17253	0	9321255	0
0.5	3100	264	0	1365263	8	9321255	100	2	6200                              	18390	0	9321255	0
0.5	3100	362	0	1441856	8	9321255	100	2	6200                              	25966	0	9321255	0
0.5	3100	287	0	1384133	8	9321255	100	2	6200                              	17892	0	9321255	0
0.5	3100	324	0	1412771	8	9321255	100	2	6200                              	18913	0	9321255	0
0.5	3100	256	0	1360787	8	9321255	100	2	6200                              	21680	0	9321255	0
0.5	3100	382	0	1457194	8	9321255	100	2	6200                              	19400	0	9321255	0
0.5	3100	410	0	1478890	8	9321255	100	2	6200                              	21074	0	9321255	0
0.5	3100	364	0	1443173	8	9321255	100	2	6200                              	18806	0	9321255	0
0.5	3100	426	0	1491010	8	9321255	100	2	6200                              	20812	0	9321255	0
0.5	3100	377	0	1453780	8	9321255	100	2	6200                              	19108	0	9321255	0
0.5	3100	370	0	1448760	8	9321255	100	2	6200                              	27567	0	9321255	0
0.5	3100	326	0	1414954	8	9321255	100	2	6200                              	21058	0	9321255	0
0.5	3100	379	0	1454238	8	9321255	100	2	6200                              	19433	0	9321255	0
0.5	3100	294	0	1390130	8	9321255	100	2	6200                              	14293	0	9321255	0
0.5	3100	322	0	1411809	8	9321255	100	2	6200                              	19927	0	9321255	0
0.5	3100	403	0	1475191	8	9321255	100	2	6200                              	20948	0	9321255	0
0.5	3100	377	0	1454035	8	9321255	100	2	6200                              	23945	0	9321255	0
0.5	3100	408	0	1477881	8	9321255	100	2	6200                              	24368	0	9321255	0
0.5	3100	361	0	1440338	8	9321255	100	2	6200                              	17691	0	9321255	0
0.5	3100	395	0	1468152	8	9321255	100	2	6200                              	22634	0	9321255	0
0.5	3100	385	0	1460309	8	9321255	100	2	6200                              	22094	0	9321255	0
0.5	3100	298	0	1392076	8	9321255	100	2	6200                              	16901	0	9321255	0
0.5	3100	321	0	1411460	8	9321255	100	2	6200                              	17523	0	9321255	0
0.5	3100	360	0	1440519	8	9321255	100	2	6200                              	20890	0	9321255	0
0.5	3100	409	0	1478607	8	9321255	100	2	6200                              	20882	0	9321255	0
0.5	3100	487	0	1538200	8	9321255	100	2	6200                              	19585	0	9321255	0
0.5	3100	327	0	1415283	8	9321255	100	2	6200                              	18161	0	9321255	0
0.5	3100	398	0	1470531	8	9321255	100	2	6200                              	14307	0	9321255	0
0.5	3100	509	0	1554917	8	9321255	100	2	6200                              	21699	0	9321255	0
0.5	3100	371	0	1449388	8	9321255	100	2	6200                              	21962	0	9321255	0
0.5	3100	433	0	1497047	8	9321255	100	2	6200                              	17683	0	9321255	0
0.5	3100	404	0	1474944	8	9321255	100	2	6200                              	20273	0	9321255	0
0.5	3100	373	0	1449666	8	9321255	100	2	6200                              	16628	0	9321255	0
0.5	3100	443	0	1504613	8	9321255	100	2	6200                              	27562	0	9321255	0
0.5	3100	335	0	1422230	8	9321255	100	2	6200                              	22565	0	9321255	0
0.5	3100	355	0	1436403	8	9321255	100	2	6200                              	14022	0	9321255	0
0.5	3100	356	0	1437364	8	9321255	100	2	6200                              	24226	0	9321255	0
0.5	3100	368	0	1448361	8	9321255	100	2	6200                              	15763	0	9321255	0
0.5	3100	301	0	1394450	8	9321255	100	2	6200                              	16788	0	9321255	0
0.5	3100	352	0	1434220	8	9321255	100	2	6200                              	22531	0	9321255	0
0.5	3100	414	0	1483233	8	9321255	100	2	6200                              	16158	0	9321255	0
0.5	3100	324	0	1412275	8	9321255	100	2	6200                              	20925	0	9321255	0
0.5	3100	400	0	1470627	8	9321255	100	2	6200                              	17550	0	9321255	0
0.5	3100	365	0	1445139	8	9321255	100	2	6200                              	19495	0	9321255	0
0.5	3100	395	0	1467220	8	9321255	100	2	6200                              	22650	0	9321255	0
0.5	3100	345	0	1429348	8	9321255	100	2	6200                              	22363	0	9321255	0
0.5	3100	259	0	1361526	8	9321255	100	2	6200                              	16331	0	9321255	0
0.5	3100	295	0	1389616	8	9321255	100	2	6200                              	15804	0	9321255	0
0.5	3100	301	0	1394551	8	9321255	100	2	6200                              	19081	0	9321255	0
0.5	3100	332	0	1419253	8	9321255	100	2	6200                              	19242	0	9321255	0
0.5	3100	356	0	1437874	8	9321255	100	2	6200                              	24097	0	9321255	0
0.5	3100	342	0	1426881	8	9321255	100	2	6200                              	18358	0	9321255	0
0.5	3100	359	0	1440121	8	9321255	100	2	6200                              	19729	0	9321255	0
0.5	3100	338	0	1423376	8	9321255	100	2	6200                              	21539	0	9321255	0
0.5	3100	354	0	1436849	8	9321255	100	2	6200                              	22422	0	9321255	0
0.5	3100	397	0	1469134	8	9321255	100	2	6200                              	25657	0	9321255	0
0.5	3100	416	0	1483594	8	9321255	100	2	6200                              	24684	0	9321255	0
0.5	3100	296	0	1391102	8	9321255	100	2	6200                              	20902	0	9321255	0
0.5	3100	327	0	1415984	8	9321255	100	2	6200                              	18977	0	9321255	0
0.5	3100	309	0	1400569	8	9321255	100	2	6200                              	19151	0	9321255	0
0.5	3100	369	0	1446919	8	9321255	100	2	6200                              	21173	0	9321255	0
0.5	3100	331	0	1418049	8	9321255	100	2	6200                              	20393	0	9321255	0
0.5	3100	426	0	1492409	8	9321255	100	2	6200                              	23437	0	9321255	0
0.5	3100	348	0	1431674	8	9321255	100	2	6200                              	20617	0	9321255	0
0.5	3100	466	0	1522501	8	9321255	100	2	6200                              	20066	0	9321255	0
0.5	3100	436	0	1500240	8	9321255	100	2	6200                              	22824	0	9321255	0
0.5	3100	322	0	1411588	8	9321255	100	2	6200                              	18591	0	9321255	0
0.5	3100	302	0	1396435	8	9321255	100	2	6200                              	17487	0	9321255	0
0.5	3100	371	0	1449554	8	9321255	100	2	6200                              	19249	0	9321255	0
0.5	3100	345	0	1429057	8	9321255	100	2	6200                              	20530	0	9321255	0
0.5	3100	420	0	1487394	8	9321255	100	2	6200                              	21762	0	9321255	0
0.5	3100	332	0	1419474	8	9321255	100	2	6200                              	20069	0	9321255	0
0.5	3100	340	0	1425551	8	9321255	100	2	6200                              	21855	0	9321255	0
0.5	3100	376	0	1451951	8	9321255	100	2	6200                              	22472	0	9321255	0
0.5	3100	387	0	1461394	8	9321255	100	2	6200                              	21304	0	9321255	0
0.5	3100	418	0	1486218	8	9321255	100	2	6200                              	22747	0	9321255	0
0.5	3100	368	0	1446235	8	9321255	100	2	6200                              	18894	0	9321255	0
0.5	3100	415	0	1483826	8	9321255	100	2	6200                              	19671	0	9321255	0
0.5	3100	343	0	1427028	8	9321255	100	2	6200                              	17669	0	9321255	0
0.5	3100	463	0	1519422	8	9321255	100	2	6200                              	22510	0	9321255	0
0.5	3100	337	0	1423228	8	9321255	100	2	6200                              	22165	0	9321255	0
0.5	3100	438	0	1501211	8	9321255	100	2	6200                              	15808	0	9321255	0
0.5	3100	340	0	1424595	8	9321255	100	2	6200                              	22171	0	9321255	0
0.5	4100	199	0	1364389	8	9321255	100	2	8200                              	10507	0	9321255	0
0.5	4100	303	0	1471786	8	9321255	100	2	8200                              	18742	0	9321255	0
0.5	4100	289	0	1456850	8	9321255	100	2	8200                              	16738	0	9321255	0
0.5	4100	352	0	1521042	8	9321255	100	2	8200                              	20241	0	9321255	0
0.5	4100	353	0	1523124	8	9321255	100	2	8200                              	22462	0	9321255	0
0.5	4100	267	0	1434939	8	9321255	100	2	8200                              	17340	0	9321255	0
0.5	4100	329	0	1498595	8	9321255	100	2	8200                              	16906	0	9321255	0
0.5	4100	364	0	1532721	8	9321255	100	2	8200                              	17108	0	9321255	0
0.5	4100	269	0	1434806	8	9321255	100	2	8200                              	16086	0	9321255	0
0.5	4100	295	0	1462541	8	9321255	100	2	8200                              	17068	0	9321255	0
0.5	4100	423	0	1592676	8	9321255	100	2	8200                              	19615	0	9321255	0
0.5	4100	310	0	1478188	8	9321255	100	2	8200                              	18378	0	9321255	0
0.5	4100	320	0	1489339	8	9321255	100	2	8200                              	15360	0	9321255	0
0.5	4100	344	0	1514418	8	9321255	100	2	8200                              	18753	0	9321255	0
0.5	4100	304	0	1472398	8	9321255	100	2	8200                              	16784	0	9321255	0
0.5	4100	337	0	1507673	8	9321255	100	2	8200                              	22770	0	9321255	0
0.5	4100	317	0	1485427	8	9321255	100	2	8200                              	20623	0	9321255	0
0.5	4100	353	0	1521911	8	9321255	100	2	8200                              	18306	0	9321255	0
0.5	4100	322	0	1491728	8	9321255	100	2	8200                              	16517	0	9321255	0
0.5	4100	283	0	1450867	8	9321255	100	2	8200                              	23972	0	9321255	0
0.5	4100	382	0	1551032	8	9321255	100	2	8200                              	19591	0	9321255	0
0.5	4100	266	0	1433582	8	9321255	100	2	8200                              	19919	0	9321255	0
0.5	4100	327	0	1496337	8	9321255	100	2	8200                              	20904	0	9321255	0
0.5	4100	296	0	1464334	8	9321255	100	2	8200                              	21458	0	9321255	0
0.5	4100	271	0	1437252	8	9321255	100	2	8200                              	20985	0	9321255	0
0.5	4100	408	0	1577472	8	9321255	100	2	8200                              	18332	0	9321255	0
0.5	4100	366	0	1536445	8	9321255	100	2	8200                              	21872	0	9321255	0
0.5	4100	253	0	1419958	8	9321255	100	2	8200                              	16565	0	9321255	0
0.5	4100	280	0	1447843	8	9321255	100	2	8200                              	17251	0	9321255	0
0.5	4100	248	0	1416181	8	9321255	100	2	8200                              	15589	0	9321255	0
0.5	4100	351	0	1520674	8	9321255	100	2	8200                              	18428	0	9321255	0
0.5	4100	333	0	1501448	8	9321255	100	2	8200                              	20509	0	9321255	0
0.5	4100	300	0	1468364	8	9321255	100	2	8200                              	19894	0	9321255	0
0.5	4100	319	0	1486672	8	9321255	100	2	8200                              	18436	0	9321255	0
0.5	4100	328	0	1495143	8	9321255	100	2	8200                              	24359	0	9321255	0
0.5	4100	337	0	1506902	8	9321255	100	2	8200                              	23156	0	9321255	0
0.5	4100	301	0	1467597	8	9321255	100	2	8200                              	19795	0	9321255	0
0.5	4100	356	0	1524462	8	9321255	100	2	8200                              	18857	0	9321255	0
0.5	4100	340	0	1510153	8	9321255	100	2	8200                              	22843	0	9321255	0
0.5	4100	293	0	1462397	8	9321255	100	2	8200                              	18703	0	9321255	0
0.5	4100	378	0	1549402	8	9321255	100	2	8200                              	21308	0	9321255	0
0.5	4100	329	0	1498696	8	9321255	100	2	8200                              	23666	0	9321255	0
0.5	4100	258	0	1426160	8	9321255	100	2	8200                              	13134	0	9321255	0
0.5	4100	281	0	1448423	8	9321255	100	2	8200                              	22622	0	9321255	0
0.5	4100	363	0	1530567	8	9321255	100	2	8200                              	20310	0	9321255	0
0.5	4100	345	0	1513590	8	9321255	100	2	8200                              	19976	0	9321255	0
0.5	4100	322	0	1490374	8	9321255	100	2	8200                              	17960	0	9321255	0
0.5	4100	294	0	1462570	8	9321255	100	2	8200                              	16608	0	9321255	0
0.5	4100	333	0	1500692	8	9321255	100	2	8200                              	22185	0	9321255	0
0.5	4100	291	0	1458770	8	9321255	100	2	8200                              	18660	0	9321255	0
0.5	4100	321	0	1490201	8	9321255	100	2	8200                              	20740	0	9321255	0
0.5	4100	329	0	1497746	8	9321255	100	2	8200                              	21597	0	9321255	0
0.5	4100	288	0	1456575	8	9321255	100	2	8200                              	16361	0	9321255	0
0.5	4100	297	0	1463833	8	9321255	100	2	8200                              	18796	0	9321255	0
0.5	4100	242	0	1408745	8	9321255	100	2	8200                              	16907	0	9321255	0
0.5	4100	296	0	1464067	8	9321255	100	2	8200                              	17723	0	9321255	0
0.5	4100	295	0	1462985	8	9321255	100	2	8200                              	22298	0	9321255	0
0.5	4100	318	0	1486783	8	9321255	100	2	8200                              	18790	0	9321255	0
0.5	4100	343	0	1512799	8	9321255	100	2	8200                              	17942	0	9321255	0
0.5	4100	296	0	1463883	8	9321255	100	2	8200                              	20331	0	9321255	0
0.5	4100	318	0	1487508	8	9321255	100	2	8200                              	23305	0	9321255	0
0.5	4100	317	0	1485492	8	9321255	100	2	8200                              	16735	0	9321255	0
0.5	4100	230	0	1396617	8	9321255	100	2	8200                              	17180	0	9321255	0
0.5	4100	418	0	1589768	8	9321255	100	2	8200                              	18990	0	9321255	0
0.5	4100	289	0	1458077	8	9321255	100	2	8200                              	16248	0	9321255	0
0.5	4100	302	0	1469367	8	9321255	100	2	8200                              	18693	0	9321255	0
0.5	4100	250	0	1416752	8	9321255	100	2	8200                              	17546	0	9321255	0
0.5	4100	279	0	1445049	8	9321255	100	2	8200                              	17243	0	9321255	0
0.5	4100	315	0	1482854	8	9321255	100	2	8200                              	21688	0	9321255	0
0.5	4100	259	0	1424467	8	9321255	100	2	8200                              	18128	0	9321255	0
0.5	4100	379	0	1549422	8	9321255	100	2	8200                              	15716	0	9321255	0
0.5	4100	405	0	1574915	8	9321255	100	2	8200                              	20698	0	9321255	0
0.5	4100	355	0	1524072	8	9321255	100	2	8200                              	16281	0	9321255	0
0.5	4100	353	0	1522465	8	9321255	100	2	8200                              	21783	0	9321255	0
0.5	4100	345	0	1511955	8	9321255	100	2	8200                              	16779	0	9321255	0
0.5	4100	237	0	1404704	8	9321255	100	2	8200                              	21318	0	9321255	0
0.5	4100	368	0	1537117	8	9321255	100	2	8200                              	20508	0	9321255	0
0.5	4100	309	0	1477438	8	9321255	100	2	8200                              	22258	0	9321255	0
0.5	4100	371	0	1540310	8	9321255	100	2	8200                              	17875	0	9321255	0
0.5	4100	386	0	1556641	8	9321255	100	2	8200                              	23033	0	9321255	0
0.5	4100	345	0	1513928	8	9321255	100	2	8200                              	22331	0	9321255	0
0.5	4100	349	0	1519490	8	9321255	100	2	8200                              	20153	0	9321255	0
0.5	4100	253	0	1419469	8	9321255	100	2	8200                              	15067	0	9321255	0
0.5	4100	396	0	1567732	8	9321255	100	2	8200                              	19328	0	9321255	0
0.5	4100	360	0	1530391	8	9321255	100	2	8200                              	22542	0	9321255	0
0.5	4100	317	0	1485422	8	9321255	100	2	8200                              	20324	0	9321255	0
0.5	4100	394	0	1564200	8	9321255	100	2	8200                              	21078	0	9321255	0
0.5	4100	279	0	1445783	8	9321255	100	2	8200                              	20317	0	9321255	0
0.5	4100	308	0	1476567	8	9321255	100	2	8200                              	15751	0	9321255	0
0.5	4100	357	0	1526288	8	9321255	100	2	8200                              	27342	0	9321255	0
0.5	4100	342	0	1510566	8	9321255	100	2	8200                              	16672	0	9321255	0
0.5	4100	323	0	1491311	8	9321255	100	2	8200                              	19665	0	9321255	0
0.5	4100	283	0	1449218	8	9321255	100	2	8200                              	18106	0	9321255	0
0.5	4100	314	0	1482505	8	9321255	100	2	8200                              	13595	0	9321255	0
0.5	4100	321	0	1490693	8	9321255	100	2	8200                              	17628	0	9321255	0
0.5	4100	355	0	1522720	8	9321255	100	2	8200                              	23505	0	9321255	0
0.5	4100	356	0	1524298	8	9321255	100	2	8200                              	19948	0	9321255	0
0.5	4100	327	0	1496159	8	9321255	100	2	8200                              	21617	0	9321255	0
0.5	4100	238	0	1404383	8	9321255	100	2	8200                              	16514	0	9321255	0
0.5	4100	331	0	1499416	8	9321255	100	2	8200                              	17705	0	9321255	0
0.5	5100	282	0	1520342	8	9321255	100	2	10200                              	21404	0	9321255	0
0.5	5100	260	0	1490341	8	9321255	100	2	10200                              	18532	0	9321255	0
0.5	5100	250	0	1478649	8	9321255	100	2	10200                              	19131	0	9321255	0
0.5	5100	288	0	1526563	8	9321255	100	2	10200                              	22468	0	9321255	0
0.5	5100	208	0	1423540	8	9321255	100	2	10200                              	16408	0	9321255	0
0.5	5100	260	0	1491870	8	9321255	100	2	10200                              	15493	0	9321255	0
0.5	5100	301	0	1543893	8	9321255	100	2	10200                              	23490	0	9321255	0
0.5	5100	323	0	1572553	8	9321255	100	2	10200                              	22796	0	9321255	0
0.5	5100	272	0	1507281	8	9321255	100	2	10200                              	22500	0	9321255	0
0.5	5100	314	0	1560108	8	9321255	100	2	10200                              	17478	0	9321255	0
0.5	5100	311	0	1554296	8	9321255	100	2	10200                              	17279	0	9321255	0
0.5	5100	292	0	1530490	8	9321255	100	2	10200                              	18453	0	9321255	0
0.5	5100	243	0	1467859	8	9321255	100	2	10200                              	20697	0	9321255	0
0.5	5100	284	0	1520667	8	9321255	100	2	10200                              	14072	0	9321255	0
0.5	5100	263	0	1494059	8	9321255	100	2	10200                              	19458	0	9321255	0
0.5	5100	259	0	1489771	8	9321255	100	2	10200                              	16079	0	9321255	0
0.5	5100	301	0	1543109	8	9321255	100	2	10200                              	19189	0	9321255	0
0.5	5100	249	0	1476239	8	9321255	100	2	10200                              	17833	0	9321255	0
0.5	5100	311	0	1557738	8	9321255	100	2	10200                              	17486	0	9321255	0
0.5	5100	359	0	1617744	8	9321255	100	2	10200                              	22819	0	9321255	0
0.5	5100	307	0	1551608	8	9321255	100	2	10200                              	16324	0	9321255	0
0.5	5100	347	0	1603309	8	9321255	100	2	10200                              	19793	0	9321255	0
0.5	5100	338	0	1590368	8	9321255	100	2	10200                              	18911	0	9321255	0
0.5	5100	300	0	1541851	8	9321255	100	2	10200                              	17099	0	9321255	0
0.5	5100	288	0	1526507	8	9321255	100	2	10200                              	18156	0	9321255	0
0.5	5100	293	0	1535008	8	9321255	100	2	10200                              	15785	0	9321255	0
0.5	5100	321	0	1568272	8	9321255	100	2	10200                              	22119	0	9321255	0
0.5	5100	328	0	1576974	8	9321255	100	2	10200                              	19237	0	9321255	0
0.5	5100	285	0	1524436	8	9321255	100	2	10200                              	23571	0	9321255	0
0.5	5100	270	0	1502514	8	9321255	100	2	10200                              	17613	0	9321255	0
0.5	5100	330	0	1580873	8	9321255	100	2	10200                              	16859	0	9321255	0
0.5	5100	256	0	1485114	8	9321255	100	2	10200                              	18984	0	9321255	0
0.5	5100	298	0	1539999	8	9321255	100	2	10200                              	19735	0	9321255	0
0.5	5100	308	0	1551746	8	9321255	100	2	10200                              	15788	0	9321255	0
0.5	5100	297	0	1536440	8	9321255	100	2	10200                              	19206	0	9321255	0
0.5	5100	319	0	1566619	8	9321255	100	2	10200                              	16892	0	9321255	0
0.5	5100	365	0	1624907	8	9321255	100	2	10200                              	17344	0	9321255	0
0.5	5100	283	0	1520822	8	9321255	100	2	10200                              	15993	0	9321255	0
0.5	5100	326	0	1575371	8	9321255	100	2	10200                              	21974	0	9321255	0
0.5	5100	335	0	1587330	8	9321255	100	2	10200                              	18293	0	9321255	0
0.5	5100	341	0	1594424	8	9321255	100	2	10200                              	22021	0	9321255	0
0.5	5100	348	0	1602922	8	9321255	100	2	10200                              	19673	0	9321255	0
0.5	5100	263	0	1494031	8	9321255	100	2	10200                              	17163	0	9321255	0
0.5	5100	327	0	1575798	8	9321255	100	2	10200                              	24125	0	9321255	0
0.5	5100	307	0	1549535	8	9321255	100	2	10200                              	12723	0	9321255	0
0.5	5100	298	0	1540873	8	9321255	100	2	10200                              	19256	0	9321255	0
0.5	5100	278	0	1514610	8	9321255	100	2	10200                              	18691	0	9321255	0
0.5	5100	279	0	1516180	8	9321255	100	2	10200                              	24053	0	9321255	0
0.5	5100	283	0	1520213	8	9321255	100	2	10200                              	12444	0	9321255	0
0.5	5100	302	0	1545469	8	9321255	100	2	10200                              	19491	0	9321255	0
0.5	5100	267	0	1500356	8	9321255	100	2	10200                              	18034	0	9321255	0
0.5	5100	262	0	1492865	8	9321255	100	2	10200                              	12391	0	9321255	0
0.5	5100	262	0	1494499	8	9321255	100	2	10200                              	17507	0	9321255	0
0.5	5100	295	0	1532391	8	9321255	100	2	10200                              	20307	0	9321255	0
0.5	5100	304	0	1546087	8	9321255	100	2	10200                              	17256	0	9321255	0
0.5	5100	327	0	1576632	8	9321255	100	2	10200                              	19845	0	9321255	0
0.5	5100	307	0	1552950	8	9321255	100	2	10200                              	19509	0	9321255	0
0.5	5100	383	0	1648069	8	9321255	100	2	10200                              	19823	0	9321255	0
0.5	5100	318	0	1565949	8	9321255	100	2	10200                              	17671	0	9321255	0
0.5	5100	265	0	1497452	8	9321255	100	2	10200                              	16212	0	9321255	0
0.5	5100	321	0	1570102	8	9321255	100	2	10200                              	17707	0	9321255	0
0.5	5100	353	0	1610161	8	9321255	100	2	10200                              	20200	0	9321255	0
0.5	5100	193	0	1405377	8	9321255	100	2	10200                              	17158	0	9321255	0
0.5	5100	335	0	1583751	8	9321255	100	2	10200                              	18561	0	9321255	0
0.5	5100	334	0	1584874	8	9321255	100	2	10200                              	19042	0	9321255	0
0.5	5100	273	0	1508933	8	9321255	100	2	10200                              	20069	0	9321255	0
0.5	5100	232	0	1455626	8	9321255	100	2	10200                              	16730	0	9321255	0
0.5	5100	358	0	1616099	8	9321255	100	2	10200                              	22063	0	9321255	0
0.5	5100	239	0	1465000	8	9321255	100	2	10200                              	18413	0	9321255	0
0.5	5100	337	0	1587672	8	9321255	100	2	10200                              	22228	0	9321255	0
0.5	5100	363	0	1621827	8	9321255	100	2	10200                              	20188	0	9321255	0
0.5	5100	330	0	1580145	8	9321255	100	2	10200                              	20211	0	9321255	0
0.5	5100	293	0	1534075	8	9321255	100	2	10200                              	21396	0	9321255	0
0.5	5100	325	0	1573591	8	9321255	100	2	10200                              	19626	0	9321255	0
0.5	5100	335	0	1584739	8	9321255	100	2	10200                              	25406	0	9321255	0
0.5	5100	319	0	1565789	8	9321255	100	2	10200                              	23481	0	9321255	0
0.5	5100	268	0	1500989	8	9321255	100	2	10200                              	19383	0	9321255	0
0.5	5100	214	0	1434125	8	9321255	100	2	10200                              	16474	0	9321255	0
0.5	5100	279	0	1514859	8	9321255	100	2	10200                              	20468	0	9321255	0
0.5	5100	303	0	1543119	8	9321255	100	2	10200                              	16165	0	9321255	0
0.5	5100	291	0	1531249	8	9321255	100	2	10200                              	23289	0	9321255	0
0.5	5100	273	0	1508280	8	9321255	100	2	10200                              	16427	0	9321255	0
0.5	5100	283	0	1519577	8	9321255	100	2	10200                              	14600	0	9321255	0
0.5	5100	361	0	1619955	8	9321255	100	2	10200                              	20471	0	9321255	0
0.5	5100	375	0	1637095	8	9321255	100	2	10200                              	25200	0	9321255	0
0.5	5100	264	0	1496365	8	9321255	100	2	10200                              	18990	0	9321255	0
0.5	5100	327	0	1577088	8	9321255	100	2	10200                              	19610	0	9321255	0
0.5	5100	310	0	1553206	8	9321255	100	2	10200                              	18130	0	9321255	0
0.5	5100	332	0	1581609	8	9321255	100	2	10200                              	19914	0	9321255	0
0.5	5100	257	0	1486300	8	9321255	100	2	10200                              	18163	0	9321255	0
0.5	5100	282	0	1519207	8	9321255	100	2	10200                              	23433	0	9321255	0
0.5	5100	267	0	1498541	8	9321255	100	2	10200                              	16782	0	9321255	0
0.5	5100	263	0	1494673	8	9321255	100	2	10200                              	20255	0	9321255	0
0.5	5100	312	0	1557923	8	9321255	100	2	10200                              	19714	0	9321255	0
0.5	5100	292	0	1530520	8	9321255	100	2	10200                              	17745	0	9321255	0
0.5	5100	239	0	1463394	8	9321255	100	2	10200                              	15384	0	9321255	0
0.5	5100	314	0	1560200	8	9321255	100	2	10200                              	16432	0	9321255	0
0.5	5100	292	0	1531900	8	9321255	100	2	10200                              	21082	0	9321255	0
0.5	5100	327	0	1577351	8	9321255	100	2	10200                              	15232	0	9321255	0
0.5	5100	342	0	1595126	8	9321255	100	2	10200                              	20284	0	9321255	0
0.5	6100	284	0	1590917	8	9321255	100	2	12200                              	24822	0	9321255	0
0.5	6100	209	0	1477097	8	9321255	100	2	12200                              	15397	0	9321255	0
0.5	6100	292	0	1603208	8	9321255	100	2	12200                              	24252	0	9321255	0
0.5	6100	287	0	1597265	8	9321255	100	2	12200                              	24710	0	9321255	0
0.5	6100	292	0	1602746	8	9321255	100	2	12200                              	21330	0	9321255	0
0.5	6100	294	0	1604371	8	9321255	100	2	12200                              	16645	0	9321255	0
0.5	6100	260	0	1557475	8	9321255	100	2	12200                              	13616	0	9321255	0
0.5	6100	315	0	1637828	8	9321255	100	2	12200                              	19406	0	9321255	0
0.5	6100	192	0	1449670	8	9321255	100	2	12200                              	16858	0	9321255	0
0.5	6100	304	0	1620770	8	9321255	100	2	12200                              	19043	0	9321255	0
0.5	6100	305	0	1621893	8	9321255	100	2	12200                              	17334	0	9321255	0
0.5	6100	274	0	1576597	8	9321255	100	2	12200                              	21323	0	9321255	0
0.5	6100	291	0	1602537	8	9321255	100	2	12200                              	21387	0	9321255	0
0.5	6100	301	0	1617248	8	9321255	100	2	12200                              	21326	0	9321255	0
0.5	6100	399	0	1767142	8	9321255	100	2	12200                              	16479	0	9321255	0
0.5	6100	246	0	1533296	8	9321255	100	2	12200                              	15458	0	9321255	0
0.5	6100	301	0	1615869	8	9321255	100	2	12200                              	19744	0	9321255	0
0.5	6100	323	0	1648774	8	9321255	100	2	12200                              	19839	0	9321255	0
0.5	6100	311	0	1633717	8	9321255	100	2	12200                              	19884	0	9321255	0
0.5	6100	180	0	1433469	8	9321255	100	2	12200                              	11346	0	9321255	0
0.5	6100	211	0	1480952	8	9321255	100	2	12200                              	14603	0	9321255	0
0.5	6100	265	0	1563599	8	9321255	100	2	12200                              	15790	0	9321255	0
0.5	6100	281	0	1586282	8	9321255	100	2	12200                              	18021	0	9321255	0
0.5	6100	235	0	1516625	8	9321255	100	2	12200                              	16722	0	9321255	0
0.5	6100	326	0	1652455	8	9321255	100	2	12200                              	19696	0	9321255	0
0.5	6100	266	0	1562401	8	9321255	100	2	12200                              	18055	0	9321255	0
0.5	6100	228	0	1505855	8	9321255	100	2	12200                              	13749	0	9321255	0
0.5	6100	288	0	1599157	8	9321255	100	2	12200                              	18320	0	9321255	0
0.5	6100	288	0	1597873	8	9321255	100	2	12200                              	18740	0	9321255	0
0.5	6100	371	0	1725545	8	9321255	100	2	12200                              	22382	0	9321255	0
0.5	6100	234	0	1515485	8	9321255	100	2	12200                              	18952	0	9321255	0
0.5	6100	283	0	1590463	8	9321255	100	2	12200                              	15556	0	9321255	0
0.5	6100	271	0	1572010	8	9321255	100	2	12200                              	12713	0	9321255	0
0.5	6100	274	0	1574221	8	9321255	100	2	12200                              	16316	0	9321255	0
0.5	6100	322	0	1647089	8	9321255	100	2	12200                              	18459	0	9321255	0
0.5	6100	296	0	1609467	8	9321255	100	2	12200                              	22024	0	9321255	0
0.5	6100	253	0	1545770	8	9321255	100	2	12200                              	21462	0	9321255	0
0.5	6100	300	0	1615245	8	9321255	100	2	12200                              	22145	0	9321255	0
0.5	6100	227	0	1504325	8	9321255	100	2	12200                              	15077	0	9321255	0
0.5	6100	290	0	1599907	8	9321255	100	2	12200                              	23726	0	9321255	0
0.5	6100	229	0	1507215	8	9321255	100	2	12200                              	15770	0	9321255	0
0.5	6100	286	0	1592813	8	9321255	100	2	12200                              	15430	0	9321255	0
0.5	6100	204	0	1470063	8	9321255	100	2	12200                              	15158	0	9321255	0
0.5	6100	265	0	1562843	8	9321255	100	2	12200                              	13843	0	9321255	0
0.5	6100	335	0	1669332	8	9321255	100	2	12200                              	21088	0	9321255	0
0.5	6100	294	0	1604475	8	9321255	100	2	12200                              	17049	0	9321255	0
0.5	6100	246	0	1532004	8	9321255	100	2	12200                              	18391	0	9321255	0
0.5	6100	350	0	1693571	8	9321255	100	2	12200                              	24964	0	9321255	0
0.5	6100	262	0	1559590	8	9321255	100	2	12200                              	15845	0	9321255	0
0.5	6100	330	0	1661665	8	9321255	100	2	12200                              	21736	0	9321255	0
0.5	6100	319	0	1644301	8	9321255	100	2	12200                              	19326	0	9321255	0
0.5	6100	216	0	1487287	8	9321255	100	2	12200                              	13399	0	9321255	0
0.5	6100	274	0	1574121	8	9321255	100	2	12200                              	17248	0	9321255	0
0.5	6100	308	0	1628309	8	9321255	100	2	12200                              	20560	0	9321255	0
0.5	6100	305	0	1622732	8	9321255	100	2	12200                              	16915	0	9321255	0
0.5	6100	289	0	1597409	8	9321255	100	2	12200                              	19432	0	9321255	0
0.5	6100	325	0	1653199	8	9321255	100	2	12200                              	19884	0	9321255	0
0.5	6100	285	0	1594520	8	9321255	100	2	12200                              	18826	0	9321255	0
0.5	6100	262	0	1560113	8	9321255	100	2	12200                              	21643	0	9321255	0
0.5	6100	287	0	1594658	8	9321255	100	2	12200                              	20154	0	9321255	0
0.5	6100	237	0	1520050	8	9321255	100	2	12200                              	14872	0	9321255	0
0.5	6100	211	0	1478025	8	9321255	100	2	12200                              	14263	0	9321255	0
0.5	6100	294	0	1606546	8	9321255	100	2	12200                              	20830	0	9321255	0
0.5	6100	266	0	1563054	8	9321255	100	2	12200                              	16728	0	9321255	0
0.5	6100	269	0	1569687	8	9321255	100	2	12200                              	20107	0	9321255	0
0.5	6100	245	0	1532065	8	9321255	100	2	12200                              	17554	0	9321255	0
0.5	6100	313	0	1634286	8	9321255	100	2	12200                              	15984	0	9321255	0
0.5	6100	201	0	1466281	8	9321255	100	2	12200                              	11798	0	9321255	0
0.5	6100	326	0	1655144	8	9321255	100	2	12200                              	15207	0	9321255	0
0.5	6100	254	0	1545006	8	9321255	100	2	12200                              	19516	0	9321255	0
0.5	6100	242	0	1528873	8	9321255	100	2	12200                              	17984	0	9321255	0
0.5	6100	301	0	1616715	8	9321255	100	2	12200                              	18683	0	9321255	0
0.5	6100	234	0	1513225	8	9321255	100	2	12200                              	19576	0	9321255	0
0.5	6100	265	0	1560698	8	9321255	100	2	12200                              	21627	0	9321255	0
0.5	6100	299	0	1614201	8	9321255	100	2	12200                              	19281	0	9321255	0
0.5	6100	277	0	1581731	8	9321255	100	2	12200                              	20271	0	9321255	0
0.5	6100	236	0	1517668	8	9321255	100	2	12200                              	15537	0	9321255	0
0.5	6100	300	0	1615922	8	9321255	100	2	12200                              	25900	0	9321255	0
0.5	6100	272	0	1573993	8	9321255	100	2	12200                              	14610	0	9321255	0
0.5	6100	328	0	1658642	8	9321255	100	2	12200                              	22960	0	9321255	0
0.5	6100	296	0	1609762	8	9321255	100	2	12200                              	16499	0	9321255	0
0.5	6100	268	0	1565265	8	9321255	100	2	12200                              	14950	0	9321255	0
0.5	6100	327	0	1658707	8	9321255	100	2	12200                              	18268	0	9321255	0
0.5	6100	272	0	1573656	8	9321255	100	2	12200                              	11865	0	9321255	0
0.5	6100	314	0	1637992	8	9321255	100	2	12200                              	20136	0	9321255	0
0.5	6100	294	0	1606217	8	9321255	100	2	12200                              	22872	0	9321255	0
0.5	6100	354	0	1699130	8	9321255	100	2	12200                              	19208	0	9321255	0
0.5	6100	262	0	1558149	8	9321255	100	2	12200                              	18277	0	9321255	0
0.5	6100	351	0	1695417	8	9321255	100	2	12200                              	19644	0	9321255	0
0.5	6100	312	0	1633468	8	9321255	100	2	12200                              	20834	0	9321255	0
0.5	6100	229	0	1507637	8	9321255	100	2	12200                              	14744	0	9321255	0
0.5	6100	313	0	1634624	8	9321255	100	2	12200                              	15282	0	9321255	0
0.5	6100	302	0	1620008	8	9321255	100	2	12200                              	13775	0	9321255	0
0.5	6100	267	0	1565058	8	9321255	100	2	12200                              	22222	0	9321255	0
0.5	6100	270	0	1569234	8	9321255	100	2	12200                              	17426	0	9321255	0
0.5	6100	238	0	1520916	8	9321255	100	2	12200                              	17883	0	9321255	0
0.5	6100	290	0	1601625	8	9321255	100	2	12200                              	17022	0	9321255	0
0.5	6100	311	0	1633088	8	9321255	100	2	12200                              	19426	0	9321255	0
0.5	6100	296	0	1611960	8	9321255	100	2	12200                              	18621	0	9321255	0
0.5	6100	303	0	1620340	8	9321255	100	2	12200                              	18082	0	9321255	0
0.5	7100	345	0	1769396	8	9321255	100	2	14200                              	18689	0	9321255	0
0.5	7100	263	0	1625377	8	9321255	100	2	14200                              	18632	0	9321255	0
0.5	7100	274	0	1644678	8	9321255	100	2	14200                              	17121	0	9321255	0
0.5	7100	193	0	1500126	8	9321255	100	2	14200                              	15249	0	9321255	0
0.5	7100	245	0	1591339	8	9321255	100	2	14200                              	16301	0	9321255	0
0.5	7100	278	0	1650687	8	9321255	100	2	14200                              	13678	0	9321255	0
0.5	7100	217	0	1542409	8	9321255	100	2	14200                              	14180	0	9321255	0
0.5	7100	238	0	1578983	8	9321255	100	2	14200                              	12720	0	9321255	0
0.5	7100	292	0	1677289	8	9321255	100	2	14200                              	12114	0	9321255	0
0.5	7100	229	0	1564414	8	9321255	100	2	14200                              	20325	0	9321255	0
0.5	7100	262	0	1619984	8	9321255	100	2	14200                              	15724	0	9321255	0
0.5	7100	306	0	1701287	8	9321255	100	2	14200                              	16424	0	9321255	0
0.5	7100	286	0	1666112	8	9321255	100	2	14200                              	16004	0	9321255	0
0.5	7100	280	0	1652681	8	9321255	100	2	14200                              	22429	0	9321255	0
0.5	7100	240	0	1582231	8	9321255	100	2	14200                              	18764	0	9321255	0
0.5	7100	270	0	1635500	8	9321255	100	2	14200                              	17419	0	9321255	0
0.5	7100	283	0	1660165	8	9321255	100	2	14200                              	16972	0	9321255	0
0.5	7100	222	0	1553440	8	9321255	100	2	14200                              	17250	0	9321255	0
0.5	7100	225	0	1558777	8	9321255	100	2	14200                              	14041	0	9321255	0
0.5	7100	271	0	1637312	8	9321255	100	2	14200                              	17448	0	9321255	0
0.5	7100	227	0	1560433	8	9321255	100	2	14200                              	16148	0	9321255	0
0.5	7100	186	0	1489640	8	9321255	100	2	14200                              	14056	0	9321255	0
0.5	7100	244	0	1589069	8	9321255	100	2	14200                              	14185	0	9321255	0
0.5	7100	284	0	1661828	8	9321255	100	2	14200                              	17688	0	9321255	0
0.5	7100	277	0	1650789	8	9321255	100	2	14200                              	14396	0	9321255	0
0.5	7100	287	0	1665499	8	9321255	100	2	14200                              	17899	0	9321255	0
0.5	7100	252	0	1606495	8	9321255	100	2	14200                              	23599	0	9321255	0
0.5	7100	248	0	1600846	8	9321255	100	2	14200                              	18915	0	9321255	0
0.5	7100	317	0	1722152	8	9321255	100	2	14200                              	18758	0	9321255	0
0.5	7100	266	0	1627516	8	9321255	100	2	14200                              	15457	0	9321255	0
0.5	7100	228	0	1561951	8	9321255	100	2	14200                              	11595	0	9321255	0
0.5	7100	234	0	1573347	8	9321255	100	2	14200                              	17442	0	9321255	0
0.5	7100	312	0	1712129	8	9321255	100	2	14200                              	14122	0	9321255	0
0.5	7100	255	0	1610974	8	9321255	100	2	14200                              	19021	0	9321255	0
0.5	7100	353	0	1784573	8	9321255	100	2	14200                              	17131	0	9321255	0
0.5	7100	177	0	1473920	8	9321255	100	2	14200                              	17588	0	9321255	0
0.5	7100	291	0	1672305	8	9321255	100	2	14200                              	23633	0	9321255	0
0.5	7100	264	0	1624852	8	9321255	100	2	14200                              	22506	0	9321255	0
0.5	7100	238	0	1579846	8	9321255	100	2	14200                              	14542	0	9321255	0
0.5	7100	292	0	1674183	8	9321255	100	2	14200                              	16787	0	9321255	0
0.5	7100	219	0	1545306	8	9321255	100	2	14200                              	14715	0	9321255	0
0.5	7100	223	0	1552250	8	9321255	100	2	14200                              	15202	0	9321255	0
0.5	7100	285	0	1662444	8	9321255	100	2	14200                              	16883	0	9321255	0
0.5	7100	249	0	1600576	8	9321255	100	2	14200                              	16049	0	9321255	0
0.5	7100	230	0	1565730	8	9321255	100	2	14200                              	17301	0	9321255	0
0.5	7100	266	0	1628294	8	9321255	100	2	14200                              	19828	0	9321255	0
0.5	7100	281	0	1654367	8	9321255	100	2	14200                              	14150	0	9321255	0
0.5	7100	229	0	1565627	8	9321255	100	2	14200                              	14616	0	9321255	0
0.5	7100	220	0	1545856	8	9321255	100	2	14200                              	15097	0	9321255	0
0.5	7100	277	0	1649121	8	9321255	100	2	14200                              	20903	0	9321255	0
0.5	7100	237	0	1578156	8	9321255	100	2	14200                              	17240	0	9321255	0
0.5	7100	242	0	1587640	8	9321255	100	2	14200                              	18993	0	9321255	0
0.5	7100	216	0	1541932	8	9321255	100	2	14200                              	10828	0	9321255	0
0.5	7100	251	0	1602483	8	9321255	100	2	14200                              	18702	0	9321255	0
0.5	7100	304	0	1696760	8	9321255	100	2	14200                              	19497	0	9321255	0
0.5	7100	284	0	1661711	8	9321255	100	2	14200                              	20436	0	9321255	0
0.5	7100	236	0	1577405	8	9321255	100	2	14200                              	21828	0	9321255	0
0.5	7100	244	0	1589510	8	9321255	100	2	14200                              	20255	0	9321255	0
0.5	7100	273	0	1641998	8	9321255	100	2	14200                              	19029	0	9321255	0
0.5	7100	230	0	1567494	8	9321255	100	2	14200                              	16340	0	9321255	0
0.5	7100	191	0	1497361	8	9321255	100	2	14200                              	19065	0	9321255	0
0.5	7100	282	0	1660033	8	9321255	100	2	14200                              	20161	0	9321255	0
0.5	7100	192	0	1499023	8	9321255	100	2	14200                              	15128	0	9321255	0
0.5	7100	303	0	1695357	8	9321255	100	2	14200                              	16923	0	9321255	0
0.5	7100	303	0	1696576	8	9321255	100	2	14200                              	18189	0	9321255	0
0.5	7100	305	0	1698768	8	9321255	100	2	14200                              	14413	0	9321255	0
0.5	7100	269	0	1634852	8	9321255	100	2	14200                              	24747	0	9321255	0
0.5	7100	268	0	1632469	8	9321255	100	2	14200                              	18827	0	9321255	0
0.5	7100	226	0	1559859	8	9321255	100	2	14200                              	13088	0	9321255	0
0.5	7100	228	0	1563063	8	9321255	100	2	14200                              	15213	0	9321255	0
0.5	7100	301	0	1691811	8	9321255	100	2	14200                              	20447	0	9321255	0
0.5	7100	196	0	1507098	8	9321255	100	2	14200                              	13658	0	9321255	0
0.5	7100	251	0	1603386	8	9321255	100	2	14200                              	17561	0	9321255	0
0.5	7100	234	0	1570654	8	9321255	100	2	14200                              	15813	0	9321255	0
0.5	7100	207	0	1526329	8	9321255	100	2	14200                              	11644	0	9321255	0
0.5	7100	274	0	1643740	8	9321255	100	2	14200                              	20624	0	9321255	0
0.5	7100	259	0	1618637	8	9321255	100	2	14200                              	15868	0	9321255	0
0.5	7100	276	0	1648178	8	9321255	100	2	14200                              	18661	0	9321255	0
0.5	7100	221	0	1548905	8	9321255	100	2	14200                              	16995	0	9321255	0
0.5	7100	288	0	1668896	8	9321255	100	2	14200                              	17434	0	9321255	0
0.5	7100	252	0	1603232	8	9321255	100	2	14200                              	15747	0	9321255	0
0.5	7100	196	0	1505624	8	9321255	100	2	14200                              	12192	0	9321255	0
0.5	7100	316	0	1717806	8	9321255	100	2	14200                              	18980	0	9321255	0
0.5	7100	287	0	1665899	8	9321255	100	2	14200                              	21902	0	9321255	0
0.5	7100	274	0	1643329	8	9321255	100	2	14200                              	18123	0	9321255	0
0.5	7100	244	0	1589673	8	9321255	100	2	14200                              	20020	0	9321255	0
0.5	7100	239	0	1580791	8	9321255	100	2	14200                              	19143	0	9321255	0
0.5	7100	285	0	1664073	8	9321255	100	2	14200                              	15623	0	9321255	0
0.5	7100	265	0	1625601	8	9321255	100	2	14200                              	11402	0	9321255	0
0.5	7100	295	0	1680968	8	9321255	100	2	14200                              	15071	0	9321255	0
0.5	7100	263	0	1623940	8	9321255	100	2	14200                              	18861	0	9321255	0
0.5	7100	323	0	1730584	8	9321255	100	2	14200                              	21955	0	9321255	0
0.5	7100	220	0	1550490	8	9321255	100	2	14200                              	14024	0	9321255	0
0.5	7100	209	0	1528986	8	9321255	100	2	14200                              	13165	0	9321255	0
0.5	7100	234	0	1571948	8	9321255	100	2	14200                              	18169	0	9321255	0
0.5	7100	335	0	1751545	8	9321255	100	2	14200                              	23281	0	9321255	0
0.5	7100	228	0	1560953	8	9321255	100	2	14200                              	17759	0	9321255	0
0.5	7100	225	0	1556839	8	9321255	100	2	14200                              	16981	0	9321255	0
0.5	7100	221	0	1549069	8	9321255	100	2	14200                              	16670	0	9321255	0
0.5	7100	310	0	1706223	8	9321255	100	2	14200                              	19537	0	9321255	0
0.5	8100	177	0	1512084	8	9321255	100	2	16200                              	14868	0	9321255	0
0.5	8100	221	0	1605094	8	9321255	100	2	16200                              	15385	0	9321255	0
0.5	8100	190	0	1539716	8	9321255	100	2	16200                              	15657	0	9321255	0
0.5	8100	264	0	1688581	8	9321255	100	2	16200                              	15444	0	9321255	0
0.5	8100	238	0	1635363	8	9321255	100	2	16200                              	15383	0	9321255	0
0.5	8100	273	0	1707706	8	9321255	100	2	16200                              	20236	0	9321255	0
0.5	8100	247	0	1658202	8	9321255	100	2	16200                              	14232	0	9321255	0
0.5	8100	188	0	1539207	8	9321255	100	2	16200                              	14579	0	9321255	0
0.5	8100	219	0	1600179	8	9321255	100	2	16200                              	13435	0	9321255	0
0.5	8100	286	0	1736547	8	9321255	100	2	16200                              	17442	0	9321255	0
0.5	8100	215	0	1592242	8	9321255	100	2	16200                              	15978	0	9321255	0
0.5	8100	255	0	1671724	8	9321255	100	2	16200                              	14525	0	9321255	0
0.5	8100	325	0	1817234	8	9321255	100	2	16200                              	13165	0	9321255	0
0.5	8100	286	0	1734848	8	9321255	100	2	16200                              	15067	0	9321255	0
0.5	8100	361	0	1889017	8	9321255	100	2	16200                              	17046	0	9321255	0
0.5	8100	244	0	1652175	8	9321255	100	2	16200                              	17943	0	9321255	0
0.5	8100	304	0	1772717	8	9321255	100	2	16200                              	17964	0	9321255	0
0.5	8100	281	0	1724591	8	9321255	100	2	16200                              	14826	0	9321255	0
0.5	8100	251	0	1661501	8	9321255	100	2	16200                              	13528	0	9321255	0
0.5	8100	292	0	1749163	8	9321255	100	2	16200                              	15489	0	9321255	0
0.5	8100	255	0	1673720	8	9321255	100	2	16200                              	13951	0	9321255	0
0.5	8100	254	0	1670422	8	9321255	100	2	16200                              	20567	0	9321255	0
0.5	8100	261	0	1682992	8	9321255	100	2	16200                              	16465	0	9321255	0
0.5	8100	252	0	1665682	8	9321255	100	2	16200                              	15170	0	9321255	0
0.5	8100	182	0	1524699	8	9321255	100	2	16200                              	15345	0	9321255	0
0.5	8100	314	0	1789523	8	9321255	100	2	16200                              	18223	0	9321255	0
0.5	8100	241	0	1644988	8	9321255	100	2	16200                              	16020	0	9321255	0
0.5	8100	231	0	1624467	8	9321255	100	2	16200                              	20549	0	9321255	0
0.5	8100	268	0	1701849	8	9321255	100	2	16200                              	16926	0	9321255	0
0.5	8100	263	0	1689381	8	9321255	100	2	16200                              	14746	0	9321255	0
0.5	8100	316	0	1795618	8	9321255	100	2	16200                              	20213	0	9321255	0
0.5	8100	241	0	1645008	8	9321255	100	2	16200                              	16309	0	9321255	0
0.5	8100	229	0	1619453	8	9321255	100	2	16200                              	19294	0	9321255	0
0.5	8100	214	0	1588775	8	9321255	100	2	16200                              	17302	0	9321255	0
0.5	8100	200	0	1564384	8	9321255	100	2	16200                              	13151	0	9321255	0
0.5	8100	267	0	1697529	8	9321255	100	2	16200                              	15080	0	9321255	0
0.5	8100	229	0	1619275	8	9321255	100	2	16200                              	14488	0	9321255	0
0.5	8100	246	0	1656642	8	9321255	100	2	16200                              	18831	0	9321255	0
0.5	8100	201	0	1563544	8	9321255	100	2	16200                              	15213	0	9321255	0
0.5	8100	309	0	1785342	8	9321255	100	2	16200                              	17034	0	9321255	0
0.5	8100	259	0	1680860	8	9321255	100	2	16200                              	15316	0	9321255	0
0.5	8100	245	0	1653930	8	9321255	100	2	16200                              	15208	0	9321255	0
0.5	8100	292	0	1747125	8	9321255	100	2	16200                              	13336	0	9321255	0
0.5	8100	278	0	1720408	8	9321255	100	2	16200                              	17501	0	9321255	0
0.5	8100	279	0	1720425	8	9321255	100	2	16200                              	17359	0	9321255	0
0.5	8100	268	0	1698899	8	9321255	100	2	16200                              	17076	0	9321255	0
0.5	8100	307	0	1777474	8	9321255	100	2	16200                              	17653	0	9321255	0
0.5	8100	232	0	1626676	8	9321255	100	2	16200                              	12582	0	9321255	0
0.5	8100	236	0	1633202	8	9321255	100	2	16200                              	14910	0	9321255	0
0.5	8100	231	0	1623478	8	9321255	100	2	16200                              	17294	0	9321255	0
0.5	8100	255	0	1673987	8	9321255	100	2	16200                              	17590	0	9321255	0
0.5	8100	292	0	1746444	8	9321255	100	2	16200                              	21631	0	9321255	0
0.5	8100	231	0	1622594	8	9321255	100	2	16200                              	15931	0	9321255	0
0.5	8100	327	0	1818469	8	9321255	100	2	16200                              	15943	0	9321255	0
0.5	8100	235	0	1633036	8	9321255	100	2	16200                              	18790	0	9321255	0
0.5	8100	222	0	1605141	8	9321255	100	2	16200                              	13445	0	9321255	0
0.5	8100	248	0	1659175	8	9321255	100	2	16200                              	17941	0	9321255	0
0.5	8100	256	0	1677099	8	9321255	100	2	16200                              	15293	0	9321255	0
0.5	8100	228	0	1621706	8	9321255	100	2	16200                              	15643	0	9321255	0
0.5	8100	231	0	1625816	8	9321255	100	2	16200                              	11271	0	9321255	0
0.5	8100	214	0	1590718	8	9321255	100	2	16200                              	15902	0	9321255	0
0.5	8100	298	0	1762763	8	9321255	100	2	16200                              	22761	0	9321255	0
0.5	8100	240	0	1642858	8	9321255	100	2	16200                              	16572	0	9321255	0
0.5	8100	235	0	1633622	8	9321255	100	2	16200                              	18480	0	9321255	0
0.5	8100	252	0	1663928	8	9321255	100	2	16200                              	20389	0	9321255	0
0.5	8100	282	0	1725869	8	9321255	100	2	16200                              	18522	0	9321255	0
0.5	8100	289	0	1740601	8	9321255	100	2	16200                              	19447	0	9321255	0
0.5	8100	257	0	1674076	8	9321255	100	2	16200                              	15509	0	9321255	0
0.5	8100	247	0	1654990	8	9321255	100	2	16200                              	14762	0	9321255	0
0.5	8100	242	0	1646393	8	9321255	100	2	16200                              	16983	0	9321255	0
0.5	8100	284	0	1731330	8	9321255	100	2	16200                              	20053	0	9321255	0
0.5	8100	247	0	1656954	8	9321255	100	2	16200                              	15041	0	9321255	0
0.5	8100	270	0	1703774	8	9321255	100	2	16200                              	20803	0	9321255	0
0.5	8100	282	0	1727145	8	9321255	100	2	16200                              	17398	0	9321255	0
0.5	8100	277	0	1716391	8	9321255	100	2	16200                              	16373	0	9321255	0
0.5	8100	273	0	1706952	8	9321255	100	2	16200                              	14263	0	9321255	0
0.5	8100	238	0	1635735	8	9321255	100	2	16200                              	19962	0	9321255	0
0.5	8100	252	0	1664367	8	9321255	100	2	16200                              	19632	0	9321255	0
0.5	8100	213	0	1588016	8	9321255	100	2	16200                              	12568	0	9321255	0
0.5	8100	272	0	1706854	8	9321255	100	2	16200                              	15568	0	9321255	0
0.5	8100	219	0	1599277	8	9321255	100	2	16200                              	13977	0	9321255	0
0.5	8100	234	0	1630868	8	9321255	100	2	16200                              	20637	0	9321255	0
0.5	8100	283	0	1731989	8	9321255	100	2	16200                              	19784	0	9321255	0
0.5	8100	296	0	1756431	8	9321255	100	2	16200                              	14536	0	9321255	0
0.5	8100	259	0	1681481	8	9321255	100	2	16200                              	18815	0	9321255	0
0.5	8100	215	0	1589317	8	9321255	100	2	16200                              	20973	0	9321255	0
0.5	8100	225	0	1612414	8	9321255	100	2	16200                              	11127	0	9321255	0
0.5	8100	279	0	1717950	8	9321255	100	2	16200                              	13063	0	9321255	0
0.5	8100	240	0	1641459	8	9321255	100	2	16200                              	23700	0	9321255	0
0.5	8100	211	0	1584242	8	9321255	100	2	16200                              	21533	0	9321255	0
0.5	8100	307	0	1776072	8	9321255	100	2	16200                              	16685	0	9321255	0
0.5	8100	314	0	1794542	8	9321255	100	2	16200                              	17903	0	9321255	0
0.5	8100	259	0	1678716	8	9321255	100	2	16200                              	13502	0	9321255	0
0.5	8100	241	0	1641999	8	9321255	100	2	16200                              	21301	0	9321255	0
0.5	8100	205	0	1568620	8	9321255	100	2	16200                              	16575	0	9321255	0
0.5	8100	265	0	1690591	8	9321255	100	2	16200                              	13590	0	9321255	0
0.5	8100	315	0	1791559	8	9321255	100	2	16200                              	14817	0	9321255	0
0.5	8100	215	0	1594600	8	9321255	100	2	16200                              	18866	0	9321255	0
0.5	8100	270	0	1701958	8	9321255	100	2	16200                              	17103	0	9321255	0
0.5	8100	305	0	1772949	8	9321255	100	2	16200                              	14544	0	9321255	0
0.5	9100	274	0	1778268	8	9321255	100	2	18200                              	16062	0	9321255	0
0.5	9100	202	0	1613641	8	9321255	100	2	18200                              	14153	0	9321255	0
0.5	9100	298	0	1830610	8	9321255	100	2	18200                              	15590	0	9321255	0
0.5	9100	256	0	1736869	8	9321255	100	2	18200                              	21110	0	9321255	0
0.5	9100	234	0	1686101	8	9321255	100	2	18200                              	14035	0	9321255	0
0.5	9100	243	0	1708225	8	9321255	100	2	18200                              	21038	0	9321255	0
0.5	9100	234	0	1688736	8	9321255	100	2	18200                              	18964	0	9321255	0
0.5	9100	325	0	1891401	8	9321255	100	2	18200                              	21855	0	9321255	0
0.5	9100	260	0	1746611	8	9321255	100	2	18200                              	14951	0	9321255	0
0.5	9100	205	0	1620528	8	9321255	100	2	18200                              	13598	0	9321255	0
0.5	9100	256	0	1738170	8	9321255	100	2	18200                              	16056	0	9321255	0
0.5	9100	228	0	1672418	8	9321255	100	2	18200                              	16292	0	9321255	0
0.5	9100	251	0	1727636	8	9321255	100	2	18200                              	20209	0	9321255	0
0.5	9100	235	0	1689657	8	9321255	100	2	18200                              	13590	0	9321255	0
0.5	9100	237	0	1694209	8	9321255	100	2	18200                              	16176	0	9321255	0
0.5	9100	268	0	1766209	8	9321255	100	2	18200                              	14079	0	9321255	0
0.5	9100	181	0	1566464	8	9321255	100	2	18200                              	18855	0	9321255	0
0.5	9100	288	0	1809133	8	9321255	100	2	18200                              	17140	0	9321255	0
0.5	9100	246	0	1712113	8	9321255	100	2	18200                              	14183	0	9321255	0
0.5	9100	240	0	1702742	8	9321255	100	2	18200                              	21235	0	9321255	0
0.5	9100	270	0	1767250	8	9321255	100	2	18200                              	17328	0	9321255	0
0.5	9100	286	0	1801311	8	9321255	100	2	18200                              	13501	0	9321255	0
0.5	9100	283	0	1796598	8	9321255	100	2	18200                              	14336	0	9321255	0
0.5	9100	226	0	1667167	8	9321255	100	2	18200                              	17297	0	9321255	0
0.5	9100	310	0	1859251	8	9321255	100	2	18200                              	20645	0	9321255	0
0.5	9100	244	0	1708277	8	9321255	100	2	18200                              	15690	0	9321255	0
0.5	9100	266	0	1757893	8	9321255	100	2	18200                              	19156	0	9321255	0
0.5	9100	235	0	1687326	8	9321255	100	2	18200                              	15361	0	9321255	0
0.5	9100	224	0	1667606	8	9321255	100	2	18200                              	11284	0	9321255	0
0.5	9100	327	0	1902286	8	9321255	100	2	18200                              	24687	0	9321255	0
0.5	9100	248	0	1717648	8	9321255	100	2	18200                              	16003	0	9321255	0
0.5	9100	214	0	1640012	8	9321255	100	2	18200                              	13691	0	9321255	0
0.5	9100	252	0	1726059	8	9321255	100	2	18200                              	15728	0	9321255	0
0.5	9100	265	0	1755912	8	9321255	100	2	18200                              	16012	0	9321255	0
0.5	9100	219	0	1652674	8	9321255	100	2	18200                              	13501	0	9321255	0
0.5	9100	253	0	1729100	8	9321255	100	2	18200                              	15526	0	9321255	0
0.5	9100	252	0	1728783	8	9321255	100	2	18200                              	16312	0	9321255	0
0.5	9100	243	0	1707715	8	9321255	100	2	18200                              	15617	0	9321255	0
0.5	9100	258	0	1737581	8	9321255	100	2	18200                              	18089	0	9321255	0
0.5	9100	266	0	1762796	8	9321255	100	2	18200                              	15683	0	9321255	0
0.5	9100	265	0	1757583	8	9321255	100	2	18200                              	22199	0	9321255	0
0.5	9100	209	0	1628399	8	9321255	100	2	18200                              	16055	0	9321255	0
0.5	9100	251	0	1727232	8	9321255	100	2	18200                              	15040	0	9321255	0
0.5	9100	261	0	1748077	8	9321255	100	2	18200                              	12260	0	9321255	0
0.5	9100	239	0	1702198	8	9321255	100	2	18200                              	19726	0	9321255	0
0.5	9100	232	0	1680507	8	9321255	100	2	18200                              	16345	0	9321255	0
0.5	9100	222	0	1657348	8	9321255	100	2	18200                              	15696	0	9321255	0
0.5	9100	189	0	1584629	8	9321255	100	2	18200                              	10413	0	9321255	0
0.5	9100	293	0	1822885	8	9321255	100	2	18200                              	15306	0	9321255	0
0.5	9100	235	0	1690516	8	9321255	100	2	18200                              	16401	0	9321255	0
0.5	9100	237	0	1692985	8	9321255	100	2	18200                              	16551	0	9321255	0
0.5	9100	222	0	1660751	8	9321255	100	2	18200                              	17708	0	9321255	0
0.5	9100	237	0	1693076	8	9321255	100	2	18200                              	14851	0	9321255	0
0.5	9100	327	0	1897741	8	9321255	100	2	18200                              	15408	0	9321255	0
0.5	9100	225	0	1669269	8	9321255	100	2	18200                              	14152	0	9321255	0
0.5	9100	253	0	1729555	8	9321255	100	2	18200                              	21279	0	9321255	0
0.5	9100	213	0	1639296	8	9321255	100	2	18200                              	10727	0	9321255	0
0.5	9100	258	0	1741170	8	9321255	100	2	18200                              	15532	0	9321255	0
0.5	9100	248	0	1718881	8	9321255	100	2	18200                              	13600	0	9321255	0
0.5	9100	283	0	1797942	8	9321255	100	2	18200                              	19362	0	9321255	0
0.5	9100	274	0	1779468	8	9321255	100	2	18200                              	20341	0	9321255	0
0.5	9100	247	0	1718411	8	9321255	100	2	18200                              	14910	0	9321255	0
0.5	9100	272	0	1775063	8	9321255	100	2	18200                              	20694	0	9321255	0
0.5	9100	230	0	1676304	8	9321255	100	2	18200                              	15221	0	9321255	0
0.5	9100	250	0	1722363	8	9321255	100	2	18200                              	20372	0	9321255	0
0.5	9100	272	0	1772687	8	9321255	100	2	18200                              	13439	0	9321255	0
0.5	9100	292	0	1818620	8	9321255	100	2	18200                              	17579	0	9321255	0
0.5	9100	229	0	1674780	8	9321255	100	2	18200                              	14784	0	9321255	0
0.5	9100	301	0	1838813	8	9321255	100	2	18200                              	18097	0	9321255	0
0.5	9100	261	0	1751074	8	9321255	100	2	18200                              	15320	0	9321255	0
0.5	9100	253	0	1732053	8	9321255	100	2	18200                              	21825	0	9321255	0
0.5	9100	320	0	1884601	8	9321255	100	2	18200                              	17469	0	9321255	0
0.5	9100	205	0	1620753	8	9321255	100	2	18200                              	13083	0	9321255	0
0.5	9100	279	0	1793836	8	9321255	100	2	18200                              	20676	0	9321255	0
0.5	9100	251	0	1724917	8	9321255	100	2	18200                              	16365	0	9321255	0
0.5	9100	230	0	1678843	8	9321255	100	2	18200                              	15868	0	9321255	0
0.5	9100	287	0	1805823	8	9321255	100	2	18200                              	16591	0	9321255	0
0.5	9100	260	0	1749241	8	9321255	100	2	18200                              	14814	0	9321255	0
0.5	9100	295	0	1824819	8	9321255	100	2	18200                              	15821	0	9321255	0
0.5	9100	259	0	1747391	8	9321255	100	2	18200                              	18580	0	9321255	0
0.5	9100	279	0	1788116	8	9321255	100	2	18200                              	13472	0	9321255	0
0.5	9100	241	0	1705591	8	9321255	100	2	18200                              	17866	0	9321255	0
0.5	9100	218	0	1653038	8	9321255	100	2	18200                              	18366	0	9321255	0
0.5	9100	245	0	1714353	8	9321255	100	2	18200                              	19398	0	9321255	0
0.5	9100	236	0	1690985	8	9321255	100	2	18200                              	13819	0	9321255	0
0.5	9100	197	0	1600100	8	9321255	100	2	18200                              	14475	0	9321255	0
0.5	9100	265	0	1758416	8	9321255	100	2	18200                              	13908	0	9321255	0
0.5	9100	270	0	1765972	8	9321255	100	2	18200                              	15682	0	9321255	0
0.5	9100	269	0	1765675	8	9321255	100	2	18200                              	17965	0	9321255	0
0.5	9100	280	0	1793964	8	9321255	100	2	18200                              	13788	0	9321255	0
0.5	9100	239	0	1697091	8	9321255	100	2	18200                              	11534	0	9321255	0
0.5	9100	241	0	1702140	8	9321255	100	2	18200                              	13076	0	9321255	0
0.5	9100	232	0	1686202	8	9321255	100	2	18200                              	16155	0	9321255	0
0.5	9100	279	0	1788898	8	9321255	100	2	18200                              	19606	0	9321255	0
0.5	9100	247	0	1718559	8	9321255	100	2	18200                              	17309	0	9321255	0
0.5	9100	226	0	1670472	8	9321255	100	2	18200                              	17464	0	9321255	0
0.5	9100	258	0	1743345	8	9321255	100	2	18200                              	19228	0	9321255	0
0.5	9100	291	0	1815287	8	9321255	100	2	18200                              	22521	0	9321255	0
0.5	9100	240	0	1704242	8	9321255	100	2	18200                              	18401	0	9321255	0
0.5	9100	267	0	1763394	8	9321255	100	2	18200                              	19665	0	9321255	0
