0.02	100	42715	19294	865	413	40013	256	10000000	100                              	2	200	44929528	4947682	428
0.02	100	46252	19432	903	432	40071	256	10000000	100                              	2	200	45807845	4895426	422
0.02	100	42277	15624	891	436	40013	256	10000000	100                              	2	200	44891146	4929372	550
0.02	100	40838	19120	874	442	39990	256	10000000	100                              	2	200	45577710	5103795	466
0.02	100	39883	15419	781	369	39928	256	10000000	100                              	2	200	44818518	4935393	612
0.02	100	43017	17027	818	406	39973	256	10000000	100                              	2	200	45298771	4945109	422
0.02	100	46652	19262	990	450	40127	256	10000000	100                              	2	200	46012067	4969523	464
0.02	100	41132	17805	879	443	40008	256	10000000	100                              	2	200	45024513	4945400	414
0.02	100	43466	17774	889	421	40040	256	10000000	100                              	2	200	45183728	4974515	480
0.02	100	46540	17467	930	444	40083	256	10000000	100                              	2	200	46372427	4978797	420
0.02	100	42019	13860	903	347	40026	256	10000000	100                              	2	200	44619999	5216704	428
0.02	100	37871	17608	784	388	39906	256	10000000	100                              	2	200	45144591	4924183	442
0.02	100	40327	17156	857	419	39995	256	10000000	100                              	2	200	45118773	4927565	426
0.02	100	45982	19456	904	424	40056	256	10000000	100                              	2	200	46953618	4919752	458
0.02	100	40811	15947	831	382	39965	256	10000000	100                              	2	200	43377315	5018472	412
0.02	100	39937	18366	836	440	39973	256	10000000	100                              	2	200	48195851	4951604	580
0.02	100	41702	18772	833	405	39976	256	10000000	100                              	2	200	46332290	4915302	454
0.02	100	40625	16165	850	394	39988	256	10000000	100                              	2	200	45320677	5018498	446
0.02	100	41488	17954	862	378	39992	256	10000000	100                              	2	200	46149336	4937587	458
0.02	100	36807	13620	740	354	39881	256	10000000	100                              	2	200	43528798	4948962	466
0.02	100	43681	21476	936	499	40078	256	10000000	100                              	2	200	49035717	4962140	414
0.02	100	45493	17916	880	415	40046	256	10000000	100                              	2	200	45669253	4955412	472
0.02	100	40539	16656	815	415	39955	256	10000000	100                              	2	200	45653321	5136642	428
0.02	100	33573	14032	666	333	39784	256	10000000	100                              	2	200	43416251	4938915	444
0.02	100	45728	16071	885	405	40040	256	10000000	100                              	2	200	45830077	4936791	418
0.02	100	44034	19462	873	421	40009	256	10000000	100                              	2	200	45896723	4978610	528
0.02	100	44373	17132	893	425	40051	256	10000000	100                              	2	200	46060685	4940158	416
0.02	100	45121	18285	928	432	40069	256	10000000	100                              	2	200	47292072	4913806	466
0.02	100	44373	16265	854	403	40020	256	10000000	100                              	2	200	44174106	4926515	448
0.02	100	43814	17686	906	412	40049	256	10000000	100                              	2	200	46181624	4914427	428
0.02	100	43975	18700	920	413	40051	256	10000000	100                              	2	200	45176472	4926241	422
0.02	100	44268	19127	862	416	40019	256	10000000	100                              	2	200	45451263	4949364	412
0.02	100	43939	17961	889	445	40049	256	10000000	100                              	2	200	45728440	5080255	450
0.02	100	41543	17559	875	414	39999	256	10000000	100                              	2	200	45660487	4913918	522
0.02	100	43894	18224	895	436	40039	256	10000000	100                              	2	200	46221238	4909922	410
0.02	100	44723	18412	893	442	40041	256	10000000	100                              	2	200	44876232	4928807	506
0.02	100	38306	12815	733	331	39877	256	10000000	100                              	2	200	44246598	4936564	418
0.02	100	41829	17027	818	389	39960	256	10000000	100                              	2	200	45236010	4962287	436
0.02	100	40772	17780	841	408	39969	256	10000000	100                              	2	200	45735367	4946207	492
0.02	100	39811	15792	804	398	39950	256	10000000	100                              	2	200	44834027	5016650	448
0.02	100	41203	16864	805	392	39951	256	10000000	100                              	2	200	44631593	4920838	468
0.02	100	39636	15540	748	386	39898	256	10000000	100                              	2	200	43926893	4930552	424
0.02	100	43034	18841	821	446	39977	256	10000000	100                              	2	200	45142714	4918751	534
0.02	100	40450	15257	821	386	39955	256	10000000	100                              	2	200	44520104	4935237	418
0.02	100	36676	13893	793	347	39905	256	10000000	100                              	2	200	43502847	4949867	498
0.02	100	41424	15551	859	397	40003	256	10000000	100                              	2	200	44627849	5142757	422
0.02	100	41549	17668	854	421	39986	256	10000000	100                              	2	200	45537138	4994889	502
0.02	100	40677	17852	846	381	39975	256	10000000	100                              	2	200	47469234	4937471	450
0.02	100	40138	17893	815	371	39942	256	10000000	100                              	2	200	45190219	4908700	420
0.02	100	45071	18712	915	420	40069	256	10000000	100                              	2	200	44730868	4918296	562
0.02	100	42625	17870	832	419	39988	256	10000000	100                              	2	200	46626637	4912571	456
0.02	100	44031	18518	867	401	40022	256	10000000	100                              	2	200	46006059	4966300	512
0.02	100	44096	17483	902	417	40038	256	10000000	100                              	2	200	46170166	5040409	424
0.02	100	41599	16092	827	385	39965	256	10000000	100                              	2	200	44348911	4930699	518
0.02	100	41913	16831	844	418	39978	256	10000000	100                              	2	200	44455166	4927418	476
0.02	100	36831	15526	771	387	39910	256	10000000	100                              	2	200	45395780	5232328	456
0.02	100	43987	16717	931	401	40070	256	10000000	100                              	2	200	46242877	4957639	448
0.02	100	43329	14664	855	422	40013	256	10000000	100                              	2	200	44862004	5013731	462
0.02	100	45122	17212	897	402	40051	256	10000000	100                              	2	200	44530250	4923811	468
0.02	100	43785	20118	912	463	40051	256	10000000	100                              	2	200	46687673	4923227	438
0.02	100	44764	17872	956	427	40089	256	10000000	100                              	2	200	46414508	4943816	422
0.02	100	43911	17282	895	414	40042	256	10000000	100                              	2	200	45319494	4960062	436
0.02	100	43956	19247	919	460	40060	256	10000000	100                              	2	200	45581909	4911025	456
0.02	100	37122	15120	768	389	39901	256	10000000	100                              	2	200	43656068	4921504	420
0.02	100	38682	15247	823	364	39946	256	10000000	100                              	2	200	45688436	5036073	460
0.02	100	50335	15390	987	389	40172	256	10000000	100                              	2	200	45538711	4978142	586
0.02	100	44079	17572	961	452	40086	256	10000000	100                              	2	200	47028134	5005179	424
0.02	100	42578	14369	862	393	40001	256	10000000	100                              	2	200	45260268	5637480	406
0.02	100	48998	21044	942	457	40111	256	10000000	100                              	2	200	46913531	4899769	500
0.02	100	38464	14734	760	388	39899	256	10000000	100                              	2	200	44468964	4953238	424
0.02	100	46854	18104	986	414	40122	256	10000000	100                              	2	200	46772019	4903927	502
0.02	100	42062	14450	857	420	40009	256	10000000	100                              	2	200	43989563	4939241	492
0.02	100	45647	18602	906	445	40059	256	10000000	100                              	2	200	44371759	5013543	470
0.02	100	38419	15460	794	405	39927	256	10000000	100                              	2	200	44296333	4925070	522
0.02	100	38725	17765	802	408	39935	256	10000000	100                              	2	200	45277816	4910835	450
0.02	100	46483	19871	937	420	40080	256	10000000	100                              	2	200	46710670	4922068	420
0.02	100	35535	15847	738	374	39860	256	10000000	100                              	2	200	46455118	4971724	420
0.02	100	40257	15889	825	368	39956	256	10000000	100                              	2	200	43749579	4935536	438
0.02	100	41633	16293	852	414	39992	256	10000000	100                              	2	200	44776615	4936940	440
0.02	100	42893	16734	843	393	39989	256	10000000	100                              	2	200	45382377	4936525	434
0.02	100	36823	15376	768	390	39899	256	10000000	100                              	2	200	45700063	4928808	434
0.02	100	35626	12764	713	325	39830	256	10000000	100                              	2	200	44321776	4948711	458
0.02	100	46911	19231	919	446	40095	256	10000000	100                              	2	200	45143950	5066727	426
0.02	100	40916	16768	858	386	39989	256	10000000	100                              	2	200	45315316	4924739	428
0.02	100	37997	12805	810	367	39928	256	10000000	100                              	2	200	45492002	4941577	510
0.02	100	45187	17135	896	389	40049	256	10000000	100                              	2	200	45421119	4920113	464
0.02	100	42161	14992	882	383	40007	256	10000000	100                              	2	200	43703903	4916981	464
0.02	100	44258	14759	923	405	40064	256	10000000	100                              	2	200	45051040	4936203	456
0.02	100	42218	15076	802	368	39961	256	10000000	100                              	2	200	43810994	5010822	422
0.02	100	42297	14003	843	365	39986	256	10000000	100                              	2	200	42819165	4957788	424
0.02	100	42409	16270	843	382	39998	256	10000000	100                              	2	200	44476210	5065462	604
0.02	100	38668	13579	773	376	39918	256	10000000	100                              	2	200	43457418	5038988	428
0.02	100	44696	19240	856	445	40015	256	10000000	100                              	2	200	46044301	4986860	544
0.02	100	39021	14564	760	365	39902	256	10000000	100                              	2	200	44326565	4939664	412
0.02	100	39371	15637	808	330	39940	256	10000000	100                              	2	200	44498222	4970084	470
0.02	100	42329	16878	857	424	40012	256	10000000	100                              	2	200	43650125	4916189	480
0.02	100	44590	18393	916	426	40064	256	10000000	100                              	2	200	45526714	4914887	490
0.02	100	42836	16097	833	375	39986	256	10000000	100                              	2	200	44405775	4957884	450
0.02	100	47594	20578	972	455	40134	256	10000000	100                              	2	200	45828006	4903975	600
0.02	100	41722	16289	870	391	40005	256	10000000	100                              	2	200	44949599	4940468	424
0.26	100	6449	3273	2282	736	40804	256	10000000	100                              	2	200	37380255	10067067	1012
0.26	100	7615	4026	2712	932	41136	256	10000000	100                              	2	200	36922596	12381567	822
0.26	100	7249	3619	2507	815	40978	256	10000000	100                              	2	200	39900863	9047486	836
0.26	100	7418	3810	2575	866	41023	256	10000000	100                              	2	200	37702457	11575909	830
0.26	100	6676	3064	2326	746	40831	256	10000000	100                              	2	200	36776706	11621551	812
0.26	100	6844	2904	2366	707	40874	256	10000000	100                              	2	200	33478426	14715145	1014
0.26	100	7709	3904	2796	899	41209	256	10000000	100                              	2	200	36997860	13060098	1008
0.26	100	6604	2817	2349	689	40840	256	10000000	100                              	2	200	35422211	11555210	814
0.26	100	6953	3140	2524	699	41004	256	10000000	100                              	2	200	32190608	15318498	1032
0.26	100	7643	3521	2721	890	41169	256	10000000	100                              	2	200	32858022	16565397	1008
0.26	100	6186	2974	2228	689	40753	256	10000000	100                              	2	200	37353807	9937153	812
0.26	100	6061	3234	2142	792	40695	256	10000000	100                              	2	200	37525692	11047091	808
0.26	100	6192	3193	2163	691	40707	256	10000000	100                              	2	200	37338543	9905225	814
0.26	100	6899	3287	2407	722	40891	256	10000000	100                              	2	200	36270943	10500219	856
0.26	100	5677	2752	1958	618	40537	256	10000000	100                              	2	200	37098938	10053067	1008
0.26	100	6443	2760	2242	709	40770	256	10000000	100                              	2	200	36685676	10342805	822
0.26	100	7960	3562	2779	800	41197	256	10000000	100                              	2	200	33181254	15865683	1406
0.26	100	6308	3472	2203	802	40737	256	10000000	100                              	2	200	37250908	10716083	838
0.26	100	6209	2882	2178	672	40719	256	10000000	100                              	2	200	36659490	10696677	820
0.26	100	6943	3027	2518	731	40989	256	10000000	100                              	2	200	37102573	10669821	820
0.26	100	6785	3217	2407	771	40899	256	10000000	100                              	2	200	36389658	11422814	820
0.26	100	7515	4236	2581	997	41041	256	10000000	100                              	2	200	38142204	12342381	824
0.26	100	6159	3230	2093	765	40647	256	10000000	100                              	2	200	37557550	11487305	820
0.26	100	7407	3305	2532	738	41010	256	10000000	100                              	2	200	39640321	8473105	1016
0.26	100	6554	3307	2224	705	40750	256	10000000	100                              	2	200	37818096	10291114	1004
0.26	100	7469	3584	2624	890	41086	256	10000000	100                              	2	200	35777143	13700030	1014
0.26	100	6978	3086	2428	734	40909	256	10000000	100                              	2	200	36483107	11428540	820
0.26	100	6376	2921	2241	635	40766	256	10000000	100                              	2	200	34164309	12322531	1020
0.26	100	6048	2949	2133	691	40679	256	10000000	100                              	2	200	32935270	14185818	818
0.26	100	7490	3414	2625	812	41075	256	10000000	100                              	2	200	36018766	13004897	1216
0.26	100	6662	3083	2350	701	40848	256	10000000	100                              	2	200	36700063	10907141	820
0.26	100	6939	3710	2220	835	40761	256	10000000	100                              	2	200	37797594	11869759	812
0.26	100	6564	2979	2270	675	40782	256	10000000	100                              	2	200	35542212	11924204	834
0.26	100	6187	3047	2228	686	40751	256	10000000	100                              	2	200	36636460	11567655	1020
0.26	100	7668	3406	2589	749	41050	256	10000000	100                              	2	200	35677606	12037046	840
0.26	100	5669	2858	2062	703	40618	256	10000000	100                              	2	200	35383944	11508159	826
0.26	100	7772	3518	2783	795	41203	256	10000000	100                              	2	200	34935546	13768825	1032
0.26	100	7730	3230	2649	687	41101	256	10000000	100                              	2	200	35919053	11059590	816
0.26	100	6688	3048	2221	691	40755	256	10000000	100                              	2	200	38357197	9713268	808
0.26	100	7459	3311	2609	682	41068	256	10000000	100                              	2	200	35442136	12084439	834
0.26	100	6435	3154	2162	710	40699	256	10000000	100                              	2	200	36496367	10706075	830
0.26	100	6788	3082	2393	723	40894	256	10000000	100                              	2	200	36124149	11548831	1008
0.26	100	6601	2890	2279	705	40799	256	10000000	100                              	2	200	36424236	11086293	818
0.26	100	6185	3210	2083	753	40643	256	10000000	100                              	2	200	36155447	12563258	822
0.26	100	5884	2873	2132	738	40684	256	10000000	100                              	2	200	37527858	10213222	1014
0.26	100	9194	3863	3213	811	41549	256	10000000	100                              	2	200	38066101	10729395	818
0.26	100	7389	3407	2619	823	41073	256	10000000	100                              	2	200	37625288	11046521	1014
0.26	100	6163	3067	2207	718	40745	256	10000000	100                              	2	200	37641669	9900099	820
0.26	100	6682	2781	2423	665	40916	256	10000000	100                              	2	200	31890180	14799711	1018
0.26	100	7337	3258	2670	768	41108	256	10000000	100                              	2	200	31387712	17014504	1006
0.26	100	7077	3501	2500	795	40977	256	10000000	100                              	2	200	36555970	12528429	1014
0.26	100	6125	3087	2271	775	40792	256	10000000	100                              	2	200	35099945	12544514	816
0.26	100	6905	2870	2428	650	40907	256	10000000	100                              	2	200	36738289	9596254	842
0.26	100	6515	2649	2278	573	40796	256	10000000	100                              	2	200	36951129	9658494	1006
0.26	100	6339	2836	2216	623	40748	256	10000000	100                              	2	200	34975338	11403047	826
0.26	100	8902	3547	3096	805	41468	256	10000000	100                              	2	200	34703723	13677117	1018
0.26	100	8028	3807	2750	814	41174	256	10000000	100                              	2	200	37305221	10566408	822
0.26	100	7152	2889	2478	719	40953	256	10000000	100                              	2	200	36203955	11574042	1006
0.26	100	7201	3014	2652	757	41100	256	10000000	100                              	2	200	35983816	11439311	822
0.26	100	6950	3075	2448	698	40927	256	10000000	100                              	2	200	32417966	14428338	1006
0.26	100	7254	3383	2549	776	41021	256	10000000	100                              	2	200	34064951	14507380	826
0.26	100	7748	3315	2749	733	41168	256	10000000	100                              	2	200	35693072	11269366	820
0.26	100	6361	3225	2167	726	40702	256	10000000	100                              	2	200	37809475	9874151	818
0.26	100	7210	3433	2545	792	41010	256	10000000	100                              	2	200	34544404	14168595	1018
0.26	100	7495	3002	2542	681	41011	256	10000000	100                              	2	200	36523754	10512704	1000
0.26	100	7188	3569	2556	787	41022	256	10000000	100                              	2	200	35275765	12730652	1006
0.26	100	6151	2950	2246	758	40765	256	10000000	100                              	2	200	37670299	10091354	812
0.26	100	6868	3139	2367	701	40870	256	10000000	100                              	2	200	37470635	9512158	822
0.26	100	7173	3547	2537	799	41000	256	10000000	100                              	2	200	36392664	11972610	1008
0.26	100	6245	2985	2185	694	40720	256	10000000	100                              	2	200	36017361	10749817	808
0.26	100	7421	3601	2690	975	41113	256	10000000	100                              	2	200	35525973	14649848	816
0.26	100	6569	3381	2319	793	40822	256	10000000	100                              	2	200	37444308	11691025	812
0.26	100	7290	3259	2582	790	41035	256	10000000	100                              	2	200	37754793	10277890	1214
0.26	100	6341	2843	2183	653	40713	256	10000000	100                              	2	200	35809091	10943525	828
0.26	100	6822	2779	2444	668	40926	256	10000000	100                              	2	200	35444923	11715347	822
0.26	100	6837	2812	2455	636	40927	256	10000000	100                              	2	200	37439484	9463789	842
0.26	100	5735	2534	2102	623	40642	256	10000000	100                              	2	200	35465434	11523959	820
0.26	100	6528	2723	2211	642	40748	256	10000000	100                              	2	200	34323902	12734517	818
0.26	100	6463	2784	2393	673	40878	256	10000000	100                              	2	200	32139313	14925289	1232
0.26	100	7164	3337	2387	724	40890	256	10000000	100                              	2	200	34069224	13078311	1012
0.26	100	7001	3166	2429	689	40915	256	10000000	100                              	2	200	36561817	10128762	820
0.26	100	7185	3499	2494	809	40974	256	10000000	100                              	2	200	36956297	11164889	818
0.26	100	6561	3455	2278	827	40799	256	10000000	100                              	2	200	34856276	14233892	822
0.26	100	7364	3393	2572	718	41036	256	10000000	100                              	2	200	37295388	9978068	1008
0.26	100	7560	3575	2696	830	41130	256	10000000	100                              	2	200	37642876	10906661	818
0.26	100	7745	3809	2725	860	41151	256	10000000	100                              	2	200	40007714	8857244	1004
0.26	100	6595	2996	2362	671	40863	256	10000000	100                              	2	200	36485478	10837607	824
0.26	100	6274	2986	2153	655	40693	256	10000000	100                              	2	200	37336043	9402165	1012
0.26	100	6454	2814	2219	644	40750	256	10000000	100                              	2	200	36335996	10055894	828
0.26	100	5608	2583	1928	601	40516	256	10000000	100                              	2	200	36674494	9571441	1028
0.26	100	6507	3068	2347	758	40854	256	10000000	100                              	2	200	35530172	12008720	822
0.26	100	8027	3637	2939	871	41323	256	10000000	100                              	2	200	33329504	15259107	824
0.26	100	6412	3148	2150	708	40687	256	10000000	100                              	2	200	36079537	10890329	808
0.26	100	7468	4205	2612	931	41063	256	10000000	100                              	2	200	34094208	15939767	1012
0.26	100	6479	2840	2213	622	40742	256	10000000	100                              	2	200	34575825	11927366	820
0.26	100	7103	3449	2373	788	40883	256	10000000	100                              	2	200	37383929	10876690	812
0.26	100	6917	3495	2477	810	40959	256	10000000	100                              	2	200	36031691	11770997	824
0.26	100	7344	3052	2638	713	41077	256	10000000	100                              	2	200	37873433	10032057	810
0.26	100	6758	2784	2317	664	40838	256	10000000	100                              	2	200	36555463	10318700	828
0.26	100	5744	2747	2051	651	40622	256	10000000	100                              	2	200	36613593	9991419	822
0.5	100	4023	1824	3971	1310	42097	256	10000000	100                              	2	200	20285225	27700435	1422
0.5	100	4039	1905	3941	1255	42075	256	10000000	100                              	2	200	26804924	20526368	1416
0.5	100	4228	1737	4254	1244	42319	256	10000000	100                              	2	200	24254735	22787900	1412
0.5	100	3910	1797	3840	1195	41991	256	10000000	100                              	2	200	29000387	18091830	1412
0.5	100	4468	1827	4534	1355	42544	256	10000000	100                              	2	200	24119956	23163200	1414
0.5	100	4357	1954	4396	1350	42432	256	10000000	100                              	2	200	30819462	16854732	1220
0.5	100	4676	2097	4472	1378	42496	256	10000000	100                              	2	200	26297871	21667385	1218
0.5	100	3749	1709	3635	1222	41824	256	10000000	100                              	2	200	25025109	21930561	1212
0.5	100	5129	1962	5029	1297	42928	256	10000000	100                              	2	200	26094586	21901897	1416
0.5	100	4210	1711	4197	1144	42278	256	10000000	100                              	2	200	25442806	21574543	1816
0.5	100	5329	2132	5585	1508	43366	256	10000000	100                              	2	200	33345874	15680102	1410
0.5	100	4308	1646	4418	1176	42452	256	10000000	100                              	2	200	28779854	18393278	1410
0.5	100	4665	1993	4648	1371	42634	256	10000000	100                              	2	200	25402711	23267466	1612
0.5	100	4127	1941	4229	1408	42298	256	10000000	100                              	2	200	30571821	18029530	1410
0.5	100	3912	1727	3866	1222	42017	256	10000000	100                              	2	200	26888939	20506389	1420
0.5	100	3893	1709	3844	1139	41997	256	10000000	100                              	2	200	29884238	16674883	1414
0.5	100	4416	1765	4451	1228	42484	256	10000000	100                              	2	200	23996787	22779085	1614
0.5	100	4896	1787	4889	1214	42827	256	10000000	100                              	2	200	22488812	24290492	1622
0.5	100	4313	1799	4410	1343	42440	256	10000000	100                              	2	200	24203129	22898789	1404
0.5	100	4136	1684	4054	1190	42162	256	10000000	100                              	2	200	23254020	23613217	1610
0.5	100	3738	1691	3725	1220	41909	256	10000000	100                              	2	200	27967285	19458570	1410
0.5	100	5401	2419	5228	1558	43088	256	10000000	100                              	2	200	25735635	22583533	1624
0.5	100	3984	1926	3994	1392	42118	256	10000000	100                              	2	200	24986949	23321518	1402
0.5	100	3978	1568	4081	1107	42174	256	10000000	100                              	2	200	24296156	22349789	1414
0.5	100	4465	1820	4565	1293	42561	256	10000000	100                              	2	200	17476244	29570242	2012
0.5	100	4580	1913	4631	1332	42622	256	10000000	100                              	2	200	22881490	24942146	2018
0.5	100	3582	1595	3875	1128	42018	256	10000000	100                              	2	200	26988028	19236802	1214
0.5	100	3655	1533	3655	1057	41848	256	10000000	100                              	2	200	27162263	18804891	1402
0.5	100	4376	2071	4452	1406	42478	256	10000000	100                              	2	200	21590859	26241752	1818
0.5	100	4956	2051	4927	1331	42856	256	10000000	100                              	2	200	27046640	20843064	1616
0.5	100	4182	1947	4279	1339	42338	256	10000000	100                              	2	200	23859592	23176596	1422
0.5	100	4145	1767	4251	1215	42312	256	10000000	100                              	2	200	22696154	24274592	1406
0.5	100	3735	1616	3637	1141	41828	256	10000000	100                              	2	200	27921972	18339291	1406
0.5	100	4729	2123	4831	1460	42773	256	10000000	100                              	2	200	24556322	23372228	1410
0.5	100	4231	1696	4241	1150	42311	256	10000000	100                              	2	200	28311659	18566834	1418
0.5	100	4721	2081	4642	1506	42621	256	10000000	100                              	2	200	18610969	30655997	2004
0.5	100	4420	2149	4380	1490	42421	256	10000000	100                              	2	200	28394569	20280201	1416
0.5	100	3373	1631	3303	1120	41569	256	10000000	100                              	2	200	28987840	17723402	1214
0.5	100	3963	1544	3977	1066	42102	256	10000000	100                              	2	200	21233885	24727330	1616
0.5	100	4354	1821	4357	1261	42399	256	10000000	100                              	2	200	24570517	22081319	1616
0.5	100	5110	2023	5241	1510	43101	256	10000000	100                              	2	200	26817758	21423278	1612
0.5	100	4355	1682	4527	1173	42533	256	10000000	100                              	2	200	23310682	23372029	1416
0.5	100	4509	1869	4408	1318	42437	256	10000000	100                              	2	200	18868521	28768198	1624
0.5	100	4568	1876	4646	1258	42632	256	10000000	100                              	2	200	29427367	17745034	1624
0.5	100	3946	1846	3791	1241	41955	256	10000000	100                              	2	200	24018389	23121734	1412
0.5	100	5016	2094	5051	1459	42942	256	10000000	100                              	2	200	21976710	26410665	1810
0.5	100	4238	2016	4121	1350	42215	256	10000000	100                              	2	200	28717927	19375284	1226
0.5	100	4509	2066	4632	1402	42615	256	10000000	100                              	2	200	23575766	24175092	1430
0.5	100	4397	1854	4535	1376	42544	256	10000000	100                              	2	200	25922572	21843220	1418
0.5	100	4461	1840	4390	1264	42427	256	10000000	100                              	2	200	27114896	20054681	1404
0.5	100	4066	1741	4029	1160	42143	256	10000000	100                              	2	200	20452294	26079486	1422
0.5	100	3860	1846	3949	1312	42075	256	10000000	100                              	2	200	26336306	20867504	1410
0.5	100	3956	1685	3988	1153	42111	256	10000000	100                              	2	200	30157198	16750011	1420
0.5	100	4546	1990	4622	1345	42618	256	10000000	100                              	2	200	26128474	22153552	1626
0.5	100	4350	1807	4434	1242	42467	256	10000000	100                              	2	200	26159717	21007507	1620
0.5	100	3662	1692	3660	1168	41855	256	10000000	100                              	2	200	27451027	19282440	1412
0.5	100	3838	1790	3782	1130	41957	256	10000000	100                              	2	200	25229085	21475595	1412
0.5	100	4065	1775	4106	1314	42202	256	10000000	100                              	2	200	21328397	26935094	1610
0.5	100	5608	2732	5569	1940	43359	256	10000000	100                              	2	200	28728628	21947085	1810
0.5	100	3831	1601	3916	1182	42041	256	10000000	100                              	2	200	24078886	22728894	1414
0.5	100	4586	1903	4570	1421	42570	256	10000000	100                              	2	200	27783274	20643611	1426
0.5	100	4341	1779	4427	1252	42462	256	10000000	100                              	2	200	28946971	18054082	1618
0.5	100	3920	1743	3936	1197	42065	256	10000000	100                              	2	200	27831790	19499435	1218
0.5	100	4834	2193	4903	1574	42836	256	10000000	100                              	2	200	28499701	20805898	1416
0.5	100	4577	1812	4377	1282	42426	256	10000000	100                              	2	200	23903132	23681211	1224
0.5	100	4880	2361	4609	1650	42604	256	10000000	100                              	2	200	28945188	20387670	1424
0.5	100	4489	1993	4429	1343	42457	256	10000000	100                              	2	200	25560650	21972648	1414
0.5	100	4472	1786	4719	1299	42681	256	10000000	100                              	2	200	25420579	22384238	1410
0.5	100	4871	2076	4913	1442	42845	256	10000000	100                              	2	200	22605246	25316779	1622
0.5	100	4022	1698	4060	1123	42172	256	10000000	100                              	2	200	27993010	18304164	1418
0.5	100	4784	1869	4962	1395	42877	256	10000000	100                              	2	200	22430122	25615592	2008
0.5	100	4612	1998	4602	1417	42591	256	10000000	100                              	2	200	24076904	24507346	1414
0.5	100	4194	1888	4110	1276	42213	256	10000000	100                              	2	200	27313085	20467601	1406
0.5	100	4770	1813	4858	1299	42795	256	10000000	100                              	2	200	26123720	21337991	1408
0.5	100	4382	2118	4246	1391	42310	256	10000000	100                              	2	200	23605962	24354416	1422
0.5	100	4416	1764	4514	1272	42518	256	10000000	100                              	2	200	17421880	29736209	1628
0.5	100	4514	2008	4419	1429	42455	256	10000000	100                              	2	200	25352085	22955140	1616
0.5	100	5072	2022	4976	1441	42894	256	10000000	100                              	2	200	22387091	25694034	1416
0.5	100	4541	1734	4488	1181	42504	256	10000000	100                              	2	200	24099355	23097417	1442
0.5	100	3837	1810	3786	1236	41949	256	10000000	100                              	2	200	28284343	19105470	1224
0.5	100	5372	2123	5338	1396	43175	256	10000000	100                              	2	200	27866482	19666579	1402
0.5	100	4257	1803	4157	1251	42244	256	10000000	100                              	2	200	24440165	22913048	1416
0.5	100	4508	1715	4564	1149	42560	256	10000000	100                              	2	200	27995480	18475112	1414
0.5	100	4650	1957	4478	1293	42496	256	10000000	100                              	2	200	23773782	24004450	1418
0.5	100	4762	1736	4741	1296	42709	256	10000000	100                              	2	200	22617305	24345074	1606
0.5	100	4277	1841	4346	1301	42392	256	10000000	100                              	2	200	29696074	16949661	1416
0.5	100	4268	1746	4181	1285	42258	256	10000000	100                              	2	200	23190175	24462858	1426
0.5	100	3855	1828	3852	1223	42001	256	10000000	100                              	2	200	29563309	17786079	1220
0.5	100	4993	1992	4846	1404	42787	256	10000000	100                              	2	200	22757580	24755909	1608
0.5	100	4372	1860	4410	1249	42442	256	10000000	100                              	2	200	27246320	19645128	1420
0.5	100	4167	1773	4182	1222	42258	256	10000000	100                              	2	200	25246773	21619625	1620
0.5	100	6041	1986	5938	1285	43648	256	10000000	100                              	2	200	20607696	26644269	1616
0.5	100	3733	1659	3700	1179	41888	256	10000000	100                              	2	200	28053926	18745678	1410
0.5	100	4588	1903	4554	1273	42551	256	10000000	100                              	2	200	27504706	20207085	1214
0.5	100	4814	1903	4745	1369	42703	256	10000000	100                              	2	200	25750918	22278653	1604
0.5	100	4341	1676	4305	1178	42364	256	10000000	100                              	2	200	22275614	25450170	1804
0.5	100	4146	1711	4318	1193	42365	256	10000000	100                              	2	200	23113922	23376733	1418
0.5	100	3799	1757	3775	1156	41945	256	10000000	100                              	2	200	25544006	21307691	1610
0.5	100	4093	1833	4115	1317	42212	256	10000000	100                              	2	200	27061275	20841572	1214
0.5	100	4252	1828	4113	1195	42213	256	10000000	100                              	2	200	25875075	20922337	1418
