0.001 317174 4674
0.001 318495 5995
0.001 318889 6389
0.001 318234 5734
0.001 319249 6749
0.001 317996 5496
0.001 317119 4619
0.001 318538 6038
0.001 317894 5394
0.001 317128 4628
0.001 318435 5935
0.001 318032 5532
0.001 319822 7322
0.001 319246 6746
0.001 318650 6150
0.001 318477 5977
0.001 317460 4960
0.001 318384 5884
0.001 319595 7095
0.001 319072 6572
0.005 314378 1878
0.005 314672 2172
0.005 314114 1614
0.005 314672 2172
0.005 314509 2009
0.005 314313 1813
0.005 314567 2067
0.005 314703 2203
0.005 314901 2401
0.005 314858 2358
0.005 314803 2303
0.005 313799 1299
0.005 314687 2187
0.005 314295 1795
0.005 313968 1468
0.005 314392 1892
0.005 314288 1788
0.005 314358 1858
0.005 314137 1637
0.005 314587 2087
0.009000000000000001 314062 1562
0.009000000000000001 313914 1414
0.009000000000000001 313956 1456
0.009000000000000001 314771 2271
0.009000000000000001 313755 1255
0.009000000000000001 313597 1097
0.009000000000000001 313807 1307
0.009000000000000001 314063 1563
0.009000000000000001 313808 1308
0.009000000000000001 313951 1451
0.009000000000000001 313961 1461
0.009000000000000001 313799 1299
0.009000000000000001 313750 1250
0.009000000000000001 314016 1516
0.009000000000000001 313669 1169
0.009000000000000001 314463 1963
0.009000000000000001 313774 1274
0.009000000000000001 313789 1289
0.009000000000000001 313428 928
0.009000000000000001 313972 1472
0.013000000000000001 313803 1303
0.013000000000000001 313329 829
0.013000000000000001 313981 1481
0.013000000000000001 313926 1426
0.013000000000000001 313721 1221
0.013000000000000001 313669 1169
0.013000000000000001 313970 1470
0.013000000000000001 313462 962
0.013000000000000001 313607 1107
0.013000000000000001 313482 982
0.013000000000000001 313714 1214
0.013000000000000001 313707 1207
0.013000000000000001 313433 933
0.013000000000000001 313799 1299
0.013000000000000001 313611 1111
0.013000000000000001 314086 1586
0.013000000000000001 313305 805
0.013000000000000001 313501 1001
0.013000000000000001 313581 1081
0.013000000000000001 313655 1155
0.017 313520 1020
0.017 313786 1286
0.017 313785 1285
0.017 313359 859
0.017 313689 1189
0.017 313563 1063
0.017 313483 983
0.017 313522 1022
0.017 313577 1077
0.017 313502 1002
0.017 313417 917
0.017 313485 985
0.017 313762 1262
0.017 313608 1108
0.017 313130 630
0.017 313751 1251
0.017 313914 1414
0.017 313795 1295
0.017 313567 1067
0.017 313614 1114
0.021 313466 966
0.021 313252 752
0.021 313534 1034
0.021 313416 916
0.021 313728 1228
0.021 313489 989
0.021 313823 1323
0.021 313639 1139
0.021 313284 784
0.021 313559 1059
0.021 313632 1132
0.021 314050 1550
0.021 313481 981
0.021 313359 859
0.021 313400 900
0.021 313527 1027
0.021 313507 1007
0.021 313299 799
0.021 313535 1035
0.021 313671 1171
0.025 313356 856
0.025 313326 826
0.025 313596 1096
0.025 313125 625
0.025 313762 1262
0.025 313629 1129
0.025 313284 784
0.025 313551 1051
0.025 313778 1278
0.025 313407 907
0.025 313382 882
0.025 313343 843
0.025 313756 1256
0.025 313398 898
0.025 313645 1145
0.025 313717 1217
0.025 313709 1209
0.025 313536 1036
0.025 313384 884
0.025 313641 1141
0.029 313180 680
0.029 313443 943
0.029 313277 777
0.029 313677 1177
0.029 313386 886
0.029 313330 830
0.029 313426 926
0.029 313670 1170
0.029 313328 828
0.029 313315 815
0.029 313536 1036
0.029 313533 1033
0.029 313567 1067
0.029 313171 671
0.029 313278 778
0.029 313352 852
0.029 313181 681
0.029 313176 676
0.029 313583 1083
0.029 313522 1022
0.033 313513 1013
0.033 313318 818
0.033 313481 981
0.033 313706 1206
0.033 313499 999
0.033 313515 1015
0.033 313152 652
0.033 313590 1090
0.033 313501 1001
0.033 313433 933
0.033 313302 802
0.033 313607 1107
0.033 313573 1073
0.033 313708 1208
0.033 313557 1057
0.033 313579 1079
0.033 313415 915
0.033 313473 973
0.033 313618 1118
0.033 313265 765
0.037000000000000005 313459 959
0.037000000000000005 313476 976
0.037000000000000005 313212 712
0.037000000000000005 313305 805
0.037000000000000005 313235 735
0.037000000000000005 313411 911
0.037000000000000005 313478 978
0.037000000000000005 313393 893
0.037000000000000005 313225 725
0.037000000000000005 313405 905
0.037000000000000005 313414 914
0.037000000000000005 313306 806
0.037000000000000005 313478 978
0.037000000000000005 313393 893
0.037000000000000005 313295 795
0.037000000000000005 313463 963
0.037000000000000005 313421 921
0.037000000000000005 313417 917
0.037000000000000005 313605 1105
0.037000000000000005 313241 741
0.041 313570 1070
0.041 313153 653
0.041 313307 807
0.041 313613 1113
0.041 313479 979
0.041 313339 839
0.041 313652 1152
0.041 313427 927
0.041 313551 1051
0.041 313458 958
0.041 313213 713
0.041 313429 929
0.041 313298 798
0.041 313328 828
0.041 313360 860
0.041 313297 797
0.041 313603 1103
0.041 313571 1071
0.041 313513 1013
0.041 313389 889
0.045 313266 766
0.045 313668 1168
0.045 313503 1003
0.045 313400 900
0.045 313543 1043
0.045 313656 1156
0.045 313722 1222
0.045 313853 1353
0.045 313452 952
0.045 313228 728
0.045 313506 1006
0.045 313332 832
0.045 313342 842
0.045 313347 847
0.045 313313 813
0.045 313402 902
0.045 313153 653
0.045 313200 700
0.045 313384 884
0.045 313537 1037
0.049 313356 856
0.049 313311 811
0.049 313550 1050
0.049 313267 767
0.049 313564 1064
0.049 313549 1049
0.049 313699 1199
0.049 313307 807
0.049 313642 1142
0.049 313670 1170
0.049 313272 772
0.049 313485 985
0.049 313454 954
0.049 313193 693
0.049 313420 920
0.049 313572 1072
0.049 313264 764
0.049 313453 953
0.049 313154 654
0.049 313485 985
0.053000000000000005 313333 833
0.053000000000000005 313267 767
0.053000000000000005 313286 786
0.053000000000000005 313376 876
0.053000000000000005 313304 804
0.053000000000000005 313673 1173
0.053000000000000005 313238 738
0.053000000000000005 313176 676
0.053000000000000005 313428 928
0.053000000000000005 313652 1152
0.053000000000000005 313487 987
0.053000000000000005 313742 1242
0.053000000000000005 313403 903
0.053000000000000005 313399 899
0.053000000000000005 313437 937
0.053000000000000005 313300 800
0.053000000000000005 313537 1037
0.053000000000000005 313644 1144
0.053000000000000005 313582 1082
0.053000000000000005 313207 707
0.057 313492 992
0.057 313076 576
0.057 313445 945
0.057 313660 1160
0.057 313546 1046
0.057 313618 1118
0.057 313112 612
0.057 313329 829
0.057 313317 817
0.057 313391 891
0.057 313345 845
0.057 313593 1093
0.057 313522 1022
0.057 313083 583
0.057 313294 794
0.057 313333 833
0.057 313389 889
0.057 313603 1103
0.057 313334 834
0.057 313543 1043
0.061 313546 1046
0.061 313581 1081
0.061 313778 1278
0.061 313709 1209
0.061 313403 903
0.061 313438 938
0.061 313412 912
0.061 313855 1355
0.061 313489 989
0.061 313533 1033
0.061 313952 1452
0.061 313480 980
0.061 313447 947
0.061 313399 899
0.061 313581 1081
0.061 313479 979
0.061 313472 972
0.061 313426 926
0.061 313360 860
0.061 313467 967
0.065 313426 926
0.065 313314 814
0.065 313459 959
0.065 313549 1049
0.065 313326 826
0.065 313310 810
0.065 313935 1435
0.065 313629 1129
0.065 313402 902
0.065 313383 883
0.065 313666 1166
0.065 313302 802
0.065 313473 973
0.065 313332 832
0.065 313631 1131
0.065 313304 804
0.065 313288 788
0.065 313209 709
0.065 313621 1121
0.065 313541 1041
0.069 313598 1098
0.069 313444 944
0.069 313341 841
0.069 313541 1041
0.069 313382 882
0.069 313518 1018
0.069 313616 1116
0.069 313954 1454
0.069 313489 989
0.069 313611 1111
0.069 313641 1141
0.069 313548 1048
0.069 313254 754
0.069 313308 808
0.069 313422 922
0.069 313404 904
0.069 313604 1104
0.069 313277 777
0.069 313485 985
0.069 313516 1016
0.07300000000000001 313299 799
0.07300000000000001 313295 795
0.07300000000000001 313358 858
0.07300000000000001 313395 895
0.07300000000000001 313471 971
0.07300000000000001 313171 671
0.07300000000000001 313439 939
0.07300000000000001 313683 1183
0.07300000000000001 313687 1187
0.07300000000000001 313703 1203
0.07300000000000001 313442 942
0.07300000000000001 313620 1120
0.07300000000000001 313695 1195
0.07300000000000001 313342 842
0.07300000000000001 313229 729
0.07300000000000001 313431 931
0.07300000000000001 313582 1082
0.07300000000000001 313445 945
0.07300000000000001 313237 737
0.07300000000000001 313486 986
0.077 313707 1207
0.077 313649 1149
0.077 313566 1066
0.077 313513 1013
0.077 313334 834
0.077 313350 850
0.077 313533 1033
0.077 313495 995
0.077 313575 1075
0.077 313387 887
0.077 313629 1129
0.077 313633 1133
0.077 313408 908
0.077 313633 1133
0.077 313404 904
0.077 313559 1059
0.077 313607 1107
0.077 313458 958
0.077 313358 858
0.077 313926 1426
0.081 313634 1134
0.081 313688 1188
0.081 313532 1032
0.081 313292 792
0.081 313497 997
0.081 313436 936
0.081 313512 1012
0.081 313466 966
0.081 313699 1199
0.081 313290 790
0.081 313232 732
0.081 313388 888
0.081 313350 850
0.081 313465 965
0.081 313422 922
0.081 313563 1063
0.081 313373 873
0.081 313397 897
0.081 313447 947
0.081 313357 857
0.085 313198 698
0.085 313589 1089
0.085 313194 694
0.085 313324 824
0.085 313350 850
0.085 313474 974
0.085 313480 980
0.085 313398 898
0.085 313510 1010
0.085 313571 1071
0.085 313458 958
0.085 313450 950
0.085 313649 1149
0.085 313513 1013
0.085 313362 862
0.085 313281 781
0.085 313263 763
0.085 313460 960
0.085 313486 986
0.085 313464 964
0.089 313725 1225
0.089 313324 824
0.089 313285 785
0.089 313481 981
0.089 313376 876
0.089 313323 823
0.089 313176 676
0.089 313430 930
0.089 313318 818
0.089 313440 940
0.089 313309 809
0.089 313583 1083
0.089 313293 793
0.089 313332 832
0.089 313632 1132
0.089 313241 741
0.089 313242 742
0.089 313308 808
0.089 313374 874
0.089 313385 885
0.093 313728 1228
0.093 313510 1010
0.093 313603 1103
0.093 313445 945
0.093 313299 799
0.093 313282 782
0.093 313410 910
0.093 313258 758
0.093 313413 913
0.093 313632 1132
0.093 313519 1019
0.093 313419 919
0.093 313664 1164
0.093 313520 1020
0.093 313542 1042
0.093 313565 1065
0.093 313578 1078
0.093 313588 1088
0.093 313411 911
0.093 313306 806
0.097 313587 1087
0.097 313604 1104
0.097 313298 798
0.097 313384 884
0.097 313366 866
0.097 313451 951
0.097 313435 935
0.097 313667 1167
0.097 313900 1400
0.097 313484 984
0.097 313553 1053
0.097 313422 922
0.097 313734 1234
0.097 313717 1217
0.097 313556 1056
0.097 313872 1372
0.097 313539 1039
0.097 313595 1095
0.097 313295 795
0.097 313136 636
0.101 313495 995
0.101 313628 1128
0.101 313260 760
0.101 313376 876
0.101 313588 1088
0.101 313361 861
0.101 313492 992
0.101 313482 982
0.101 313817 1317
0.101 313557 1057
0.101 313535 1035
0.101 313466 966
0.101 313493 993
0.101 313287 787
0.101 313438 938
0.101 313433 933
0.101 313416 916
0.101 313315 815
0.101 313532 1032
0.101 313579 1079
0.10500000000000001 313604 1104
0.10500000000000001 313707 1207
0.10500000000000001 313669 1169
0.10500000000000001 313556 1056
0.10500000000000001 313332 832
0.10500000000000001 313114 614
0.10500000000000001 313466 966
0.10500000000000001 313574 1074
0.10500000000000001 313534 1034
0.10500000000000001 313262 762
0.10500000000000001 313649 1149
0.10500000000000001 313199 699
0.10500000000000001 313884 1384
0.10500000000000001 313587 1087
0.10500000000000001 313591 1091
0.10500000000000001 313590 1090
0.10500000000000001 313578 1078
0.10500000000000001 313500 1000
0.10500000000000001 313277 777
0.10500000000000001 313286 786
0.109 313578 1078
0.109 313342 842
0.109 313673 1173
0.109 313609 1109
0.109 313408 908
0.109 313281 781
0.109 313388 888
0.109 313495 995
0.109 313544 1044
0.109 313485 985
0.109 313127 627
0.109 313879 1379
0.109 313516 1016
0.109 313660 1160
0.109 313340 840
0.109 313509 1009
0.109 313598 1098
0.109 313423 923
0.109 313427 927
0.109 313411 911
0.113 313383 883
0.113 313581 1081
0.113 313505 1005
0.113 313437 937
0.113 313442 942
0.113 313488 988
0.113 313238 738
0.113 313473 973
0.113 313359 859
0.113 313520 1020
0.113 313455 955
0.113 313677 1177
0.113 313408 908
0.113 313362 862
0.113 313628 1128
0.113 313829 1329
0.113 313397 897
0.113 313729 1229
0.113 313679 1179
0.113 313602 1102
0.117 313427 927
0.117 313496 996
0.117 313504 1004
0.117 313353 853
0.117 313734 1234
0.117 313415 915
0.117 313732 1232
0.117 313464 964
0.117 313725 1225
0.117 313607 1107
0.117 313526 1026
0.117 313499 999
0.117 313563 1063
0.117 313550 1050
0.117 313843 1343
0.117 313504 1004
0.117 313360 860
0.117 313584 1084
0.117 313464 964
0.117 313385 885
0.121 313693 1193
0.121 313410 910
0.121 313424 924
0.121 313660 1160
0.121 313518 1018
0.121 313412 912
0.121 313461 961
0.121 313640 1140
0.121 313400 900
0.121 313641 1141
0.121 313428 928
0.121 313520 1020
0.121 313365 865
0.121 313531 1031
0.121 313601 1101
0.121 313391 891
0.121 313513 1013
0.121 313388 888
0.121 313318 818
0.121 313667 1167
0.125 313269 769
0.125 313441 941
0.125 313442 942
0.125 313432 932
0.125 313542 1042
0.125 313295 795
0.125 313825 1325
0.125 313638 1138
0.125 313494 994
0.125 313291 791
0.125 313282 782
0.125 313742 1242
0.125 313585 1085
0.125 313394 894
0.125 313527 1027
0.125 313646 1146
0.125 313416 916
0.125 313621 1121
0.125 313761 1261
0.125 313610 1110
0.129 313763 1263
0.129 313606 1106
0.129 313368 868
0.129 313486 986
0.129 313416 916
0.129 313334 834
0.129 313255 755
0.129 313917 1417
0.129 313914 1414
0.129 313321 821
0.129 313500 1000
0.129 313257 757
0.129 313364 864
0.129 313575 1075
0.129 313697 1197
0.129 313697 1197
0.129 313556 1056
0.129 313711 1211
0.129 313278 778
0.129 313654 1154
0.133 313617 1117
0.133 313695 1195
0.133 313514 1014
0.133 313574 1074
0.133 313481 981
0.133 313727 1227
0.133 313620 1120
0.133 313829 1329
0.133 313292 792
0.133 313732 1232
0.133 313342 842
0.133 313433 933
0.133 313736 1236
0.133 313338 838
0.133 313696 1196
0.133 313618 1118
0.133 313727 1227
0.133 313404 904
0.133 313489 989
0.133 313713 1213
0.137 313665 1165
0.137 313546 1046
0.137 313490 990
0.137 313345 845
0.137 313579 1079
0.137 313614 1114
0.137 313830 1330
0.137 313693 1193
0.137 313339 839
0.137 313723 1223
0.137 313386 886
0.137 313490 990
0.137 313899 1399
0.137 313444 944
0.137 313776 1276
0.137 313569 1069
0.137 313541 1041
0.137 313413 913
0.137 313357 857
0.137 313445 945
0.14100000000000001 313598 1098
0.14100000000000001 313476 976
0.14100000000000001 313387 887
0.14100000000000001 313764 1264
0.14100000000000001 313421 921
0.14100000000000001 313403 903
0.14100000000000001 313349 849
0.14100000000000001 313647 1147
0.14100000000000001 313560 1060
0.14100000000000001 313444 944
0.14100000000000001 313974 1474
0.14100000000000001 313592 1092
0.14100000000000001 313543 1043
0.14100000000000001 313532 1032
0.14100000000000001 313613 1113
0.14100000000000001 313656 1156
0.14100000000000001 313543 1043
0.14100000000000001 313831 1331
0.14100000000000001 313489 989
0.14100000000000001 313494 994
0.14500000000000002 313695 1195
0.14500000000000002 313507 1007
0.14500000000000002 313553 1053
0.14500000000000002 313817 1317
0.14500000000000002 313425 925
0.14500000000000002 313733 1233
0.14500000000000002 313387 887
0.14500000000000002 313608 1108
0.14500000000000002 313587 1087
0.14500000000000002 313668 1168
0.14500000000000002 313496 996
0.14500000000000002 313525 1025
0.14500000000000002 313664 1164
0.14500000000000002 313484 984
0.14500000000000002 313457 957
0.14500000000000002 313635 1135
0.14500000000000002 313690 1190
0.14500000000000002 313530 1030
0.14500000000000002 313547 1047
0.14500000000000002 313530 1030
0.149 313614 1114
0.149 313850 1350
0.149 313452 952
0.149 313675 1175
0.149 313745 1245
0.149 313689 1189
0.149 313345 845
0.149 313409 909
0.149 313605 1105
0.149 313522 1022
0.149 313637 1137
0.149 313530 1030
0.149 313467 967
0.149 313485 985
0.149 313335 835
0.149 313573 1073
0.149 313783 1283
0.149 313744 1244
0.149 313619 1119
0.149 313686 1186
0.153 313641 1141
0.153 313744 1244
0.153 313615 1115
0.153 313600 1100
0.153 313625 1125
0.153 313722 1222
0.153 314126 1626
0.153 313441 941
0.153 313450 950
0.153 313555 1055
0.153 313714 1214
0.153 313679 1179
0.153 313710 1210
0.153 313731 1231
0.153 313596 1096
0.153 313619 1119
0.153 313521 1021
0.153 313388 888
0.153 313677 1177
0.153 313539 1039
0.157 313659 1159
0.157 313478 978
0.157 313694 1194
0.157 313719 1219
0.157 313634 1134
0.157 313508 1008
0.157 313708 1208
0.157 313898 1398
0.157 313516 1016
0.157 313923 1423
0.157 313477 977
0.157 313704 1204
0.157 313468 968
0.157 313302 802
0.157 313847 1347
0.157 313905 1405
0.157 313655 1155
0.157 313633 1133
0.157 313547 1047
0.157 313663 1163
0.161 313722 1222
0.161 313595 1095
0.161 313934 1434
0.161 313525 1025
0.161 313604 1104
0.161 313569 1069
0.161 313912 1412
0.161 313867 1367
0.161 313640 1140
0.161 313373 873
0.161 313679 1179
0.161 313519 1019
0.161 313684 1184
0.161 313766 1266
0.161 313477 977
0.161 313428 928
0.161 313513 1013
0.161 313765 1265
0.161 313521 1021
0.161 313604 1104
0.165 313374 874
0.165 313567 1067
0.165 313562 1062
0.165 313523 1023
0.165 313654 1154
0.165 314016 1516
0.165 313855 1355
0.165 314004 1504
0.165 313567 1067
0.165 313593 1093
0.165 313647 1147
0.165 313799 1299
0.165 313637 1137
0.165 313921 1421
0.165 313742 1242
0.165 313461 961
0.165 313334 834
0.165 313551 1051
0.165 313697 1197
0.165 313875 1375
0.169 313333 833
0.169 313709 1209
0.169 313842 1342
0.169 313534 1034
0.169 313529 1029
0.169 313673 1173
0.169 313359 859
0.169 313416 916
0.169 313613 1113
0.169 313569 1069
0.169 313624 1124
0.169 314098 1598
0.169 313459 959
0.169 313864 1364
0.169 313717 1217
0.169 313356 856
0.169 313620 1120
0.169 313537 1037
0.169 313984 1484
0.169 313812 1312
0.17300000000000001 313604 1104
0.17300000000000001 313553 1053
0.17300000000000001 313632 1132
0.17300000000000001 313830 1330
0.17300000000000001 313490 990
0.17300000000000001 313565 1065
0.17300000000000001 313764 1264
0.17300000000000001 313615 1115
0.17300000000000001 313804 1304
0.17300000000000001 313612 1112
0.17300000000000001 313704 1204
0.17300000000000001 313591 1091
0.17300000000000001 313557 1057
0.17300000000000001 313432 932
0.17300000000000001 313766 1266
0.17300000000000001 313594 1094
0.17300000000000001 313527 1027
0.17300000000000001 313667 1167
0.17300000000000001 313753 1253
0.17300000000000001 313472 972
0.177 313625 1125
0.177 313687 1187
0.177 313478 978
0.177 313285 785
0.177 313733 1233
0.177 314389 1889
0.177 313464 964
0.177 313604 1104
0.177 313902 1402
0.177 313383 883
0.177 313715 1215
0.177 313836 1336
0.177 313721 1221
0.177 313565 1065
0.177 313703 1203
0.177 313696 1196
0.177 313612 1112
0.177 313502 1002
0.177 314058 1558
0.177 313711 1211
0.181 313586 1086
0.181 313898 1398
0.181 313627 1127
0.181 313756 1256
0.181 313830 1330
0.181 313364 864
0.181 313601 1101
0.181 313725 1225
0.181 313951 1451
0.181 313485 985
0.181 313761 1261
0.181 313882 1382
0.181 313630 1130
0.181 313901 1401
0.181 313624 1124
0.181 313518 1018
0.181 313636 1136
0.181 313906 1406
0.181 314005 1505
0.181 313673 1173
0.185 313785 1285
0.185 314097 1597
0.185 313668 1168
0.185 313619 1119
0.185 313945 1445
0.185 313653 1153
0.185 313820 1320
0.185 313707 1207
0.185 313865 1365
0.185 313790 1290
0.185 313940 1440
0.185 313598 1098
0.185 313980 1480
0.185 313918 1418
0.185 313577 1077
0.185 313770 1270
0.185 313669 1169
0.185 313378 878
0.185 313545 1045
0.185 313612 1112
0.189 313648 1148
0.189 313434 934
0.189 313568 1068
0.189 313867 1367
0.189 313604 1104
0.189 313956 1456
0.189 313914 1414
0.189 313811 1311
0.189 313653 1153
0.189 313613 1113
0.189 313713 1213
0.189 313675 1175
0.189 313815 1315
0.189 313689 1189
0.189 313541 1041
0.189 313857 1357
0.189 313650 1150
0.189 313687 1187
0.189 313958 1458
0.189 313750 1250
0.193 313574 1074
0.193 313545 1045
0.193 313983 1483
0.193 313769 1269
0.193 313948 1448
0.193 314097 1597
0.193 313517 1017
0.193 313676 1176
0.193 313948 1448
0.193 313957 1457
0.193 313552 1052
0.193 313723 1223
0.193 313542 1042
0.193 313621 1121
0.193 313771 1271
0.193 313897 1397
0.193 313482 982
0.193 313559 1059
0.193 313633 1133
0.193 313809 1309
0.197 313941 1441
0.197 313530 1030
0.197 313970 1470
0.197 313708 1208
0.197 313940 1440
0.197 313720 1220
0.197 313610 1110
0.197 313655 1155
0.197 313655 1155
0.197 313601 1101
0.197 313530 1030
0.197 313914 1414
0.197 313607 1107
0.197 314120 1620
0.197 313570 1070
0.197 313659 1159
0.197 314071 1571
0.197 313794 1294
0.197 313600 1100
0.197 314010 1510
