0.02 79103 978
0.02 78959 834
0.02 79151 1026
0.02 79234 1109
0.02 79259 1134
0.02 79191 1066
0.02 79291 1166
0.02 79063 938
0.02 79181 1056
0.02 79220 1095
0.02 79053 928
0.02 79209 1084
0.02 79093 968
0.02 79070 945
0.02 79179 1054
0.02 79157 1032
0.02 79014 889
0.02 79030 905
0.02 79001 876
0.02 79066 941
0.02 79072 947
0.02 79105 980
0.02 79253 1128
0.02 79284 1159
0.02 79252 1127
0.02 79002 877
0.02 79180 1055
0.02 78974 849
0.02 79153 1028
0.02 79104 979
0.02 79162 1037
0.02 79050 925
0.02 79308 1183
0.02 79218 1093
0.02 79123 998
0.02 79085 960
0.02 79292 1167
0.02 79054 929
0.02 79064 939
0.02 79237 1112
0.02 79167 1042
0.02 79217 1092
0.02 79257 1132
0.02 79062 937
0.02 79138 1013
0.02 79268 1143
0.02 79001 876
0.02 79081 956
0.02 79265 1140
0.02 79084 959
0.02 79137 1012
0.02 79041 916
0.02 79102 977
0.02 79227 1102
0.02 79322 1197
0.02 79184 1059
0.02 79008 883
0.02 79097 972
0.02 79232 1107
0.02 79141 1016
0.02 79042 917
0.02 78854 729
0.02 79067 942
0.02 79094 969
0.02 78881 756
0.02 79068 943
0.02 79152 1027
0.02 79143 1018
0.02 79287 1162
0.02 79264 1139
0.02 79110 985
0.02 79003 878
0.02 79104 979
0.02 78959 834
0.02 79185 1060
0.02 79151 1026
0.02 79265 1140
0.02 79167 1042
0.02 79021 896
0.02 79224 1099
0.02 79190 1065
0.02 79093 968
0.02 79192 1067
0.02 79151 1026
0.02 79205 1080
0.02 79224 1099
0.02 79021 896
0.02 79137 1012
0.02 78952 827
0.02 79107 982
0.02 79100 975
0.02 79106 981
0.02 79043 918
0.02 79196 1071
0.02 79145 1020
0.02 79097 972
0.02 79029 904
0.02 79106 981
0.02 79237 1112
0.02 79055 930
0.26 79805 1680
0.26 80289 2164
0.26 80075 1950
0.26 79720 1595
0.26 79808 1683
0.26 79540 1415
0.26 79534 1409
0.26 79943 1818
0.26 79728 1603
0.26 79673 1548
0.26 80129 2004
0.26 79791 1666
0.26 79849 1724
0.26 79484 1359
0.26 79622 1497
0.26 79715 1590
0.26 79889 1764
0.26 79935 1810
0.26 79996 1871
0.26 80075 1950
0.26 79594 1469
0.26 79861 1736
0.26 79822 1697
0.26 79977 1852
0.26 80081 1956
0.26 79844 1719
0.26 79828 1703
0.26 79801 1676
0.26 79771 1646
0.26 80085 1960
0.26 79948 1823
0.26 79701 1576
0.26 80352 2227
0.26 80253 2128
0.26 80119 1994
0.26 79676 1551
0.26 79679 1554
0.26 79800 1675
0.26 79836 1711
0.26 79739 1614
0.26 79943 1818
0.26 79914 1789
0.26 79645 1520
0.26 79882 1757
0.26 79597 1472
0.26 79697 1572
0.26 79867 1742
0.26 80004 1879
0.26 79739 1614
0.26 79920 1795
0.26 79859 1734
0.26 80068 1943
0.26 79741 1616
0.26 80198 2073
0.26 79969 1844
0.26 79727 1602
0.26 80039 1914
0.26 79966 1841
0.26 79780 1655
0.26 79522 1397
0.26 79829 1704
0.26 79928 1803
0.26 79837 1712
0.26 79728 1603
0.26 80163 2038
0.26 79937 1812
0.26 79840 1715
0.26 79722 1597
0.26 79556 1431
0.26 79684 1559
0.26 79791 1666
0.26 79752 1627
0.26 79772 1647
0.26 79887 1762
0.26 79790 1665
0.26 80128 2003
0.26 80033 1908
0.26 79603 1478
0.26 79846 1721
0.26 79676 1551
0.26 79844 1719
0.26 79883 1758
0.26 79765 1640
0.26 79478 1353
0.26 79676 1551
0.26 79765 1640
0.26 79978 1853
0.26 79766 1641
0.26 80208 2083
0.26 79888 1763
0.26 79718 1593
0.26 79924 1799
0.26 79623 1498
0.26 80018 1893
0.26 79645 1520
0.26 79488 1363
0.26 80101 1976
0.26 79877 1752
0.26 79726 1601
0.26 79576 1451
0.5 81071 2946
0.5 81798 3673
0.5 80956 2831
0.5 81658 3533
0.5 81070 2945
0.5 81155 3030
0.5 81402 3277
0.5 81168 3043
0.5 81001 2876
0.5 81401 3276
0.5 81282 3157
0.5 81771 3646
0.5 81382 3257
0.5 81325 3200
0.5 81969 3844
0.5 81095 2970
0.5 81399 3274
0.5 80776 2651
0.5 81033 2908
0.5 81485 3360
0.5 81416 3291
0.5 80882 2757
0.5 81558 3433
0.5 81361 3236
0.5 81243 3118
0.5 81829 3704
0.5 80733 2608
0.5 80677 2552
0.5 81238 3113
0.5 81377 3252
0.5 81049 2924
0.5 82257 4132
0.5 81183 3058
0.5 81205 3080
0.5 81293 3168
0.5 80953 2828
0.5 81088 2963
0.5 81022 2897
0.5 81114 2989
0.5 81735 3610
0.5 81196 3071
0.5 81343 3218
0.5 81650 3525
0.5 80863 2738
0.5 81272 3147
0.5 81402 3277
0.5 80905 2780
0.5 81724 3599
0.5 81247 3122
0.5 81210 3085
0.5 81041 2916
0.5 81743 3618
0.5 80961 2836
0.5 81441 3316
0.5 81126 3001
0.5 81128 3003
0.5 81030 2905
0.5 81081 2956
0.5 80919 2794
0.5 80848 2723
0.5 81006 2881
0.5 81214 3089
0.5 81056 2931
0.5 81260 3135
0.5 81709 3584
0.5 81342 3217
0.5 80949 2824
0.5 81090 2965
0.5 80989 2864
0.5 81535 3410
0.5 81175 3050
0.5 81171 3046
0.5 81327 3202
0.5 80877 2752
0.5 80976 2851
0.5 80691 2566
0.5 81285 3160
0.5 81387 3262
0.5 81381 3256
0.5 81630 3505
0.5 81246 3121
0.5 81150 3025
0.5 82278 4153
0.5 81961 3836
0.5 81227 3102
0.5 81910 3785
0.5 80812 2687
0.5 81012 2887
0.5 81257 3132
0.5 81027 2902
0.5 81594 3469
0.5 81287 3162
0.5 80742 2617
0.5 81271 3146
0.5 81806 3681
0.5 81961 3836
0.5 81357 3232
0.5 81131 3006
0.5 81091 2966
0.5 81096 2971
0.001 320791 8291
0.001 319093 6593
0.001 316617 4117
0.001 318623 6123
0.001 319563 7063
0.001 318347 5847
0.001 318606 6106
0.001 318569 6069
0.001 318089 5589
0.001 318605 6105
0.001 319261 6761
0.001 316197 3697
0.001 318045 5545
0.001 317516 5016
0.001 319735 7235
0.001 317021 4521
0.001 317176 4676
0.001 319454 6954
0.001 319574 7074
0.001 319102 6602
0.005 314325 1825
0.005 314416 1916
0.005 314920 2420
0.005 315589 3089
0.005 314517 2017
0.005 315420 2920
0.005 314702 2202
0.005 314657 2157
0.005 315255 2755
0.005 315019 2519
0.005 315437 2937
0.005 314701 2201
0.005 315015 2515
0.005 315710 3210
0.005 314355 1855
0.005 315279 2779
0.005 314857 2357
0.005 315215 2715
0.005 314398 1898
0.005 314222 1722
0.009000000000000001 314953 2453
0.009000000000000001 314310 1810
0.009000000000000001 314620 2120
0.009000000000000001 314837 2337
0.009000000000000001 314014 1514
0.009000000000000001 314454 1954
0.009000000000000001 314472 1972
0.009000000000000001 313937 1437
0.009000000000000001 314374 1874
0.009000000000000001 314389 1889
0.009000000000000001 314119 1619
0.009000000000000001 314395 1895
0.009000000000000001 314793 2293
0.009000000000000001 314646 2146
0.009000000000000001 314785 2285
0.009000000000000001 314349 1849
0.009000000000000001 314122 1622
0.009000000000000001 314949 2449
0.009000000000000001 314699 2199
0.009000000000000001 314492 1992
0.013000000000000001 314360 1860
0.013000000000000001 314127 1627
0.013000000000000001 314288 1788
0.013000000000000001 313481 981
0.013000000000000001 314283 1783
0.013000000000000001 313934 1434
0.013000000000000001 314795 2295
0.013000000000000001 314589 2089
0.013000000000000001 314207 1707
0.013000000000000001 314971 2471
0.013000000000000001 314514 2014
0.013000000000000001 314420 1920
0.013000000000000001 314501 2001
0.013000000000000001 314067 1567
0.013000000000000001 314287 1787
0.013000000000000001 314409 1909
0.013000000000000001 314113 1613
0.013000000000000001 314389 1889
0.013000000000000001 314255 1755
0.013000000000000001 314740 2240
0.017 314180 1680
0.017 314459 1959
0.017 313956 1456
0.017 314173 1673
0.017 314147 1647
0.017 313803 1303
0.017 314463 1963
0.017 313946 1446
0.017 314026 1526
0.017 313820 1320
0.017 314218 1718
0.017 313675 1175
0.017 314153 1653
0.017 313958 1458
0.017 313773 1273
0.017 314153 1653
0.017 314305 1805
0.017 314741 2241
0.017 314740 2240
0.017 313951 1451
0.021 313963 1463
0.021 314251 1751
0.021 314557 2057
0.021 314584 2084
0.021 314322 1822
0.021 313988 1488
0.021 315011 2511
0.021 313897 1397
0.021 314406 1906
0.021 314109 1609
0.021 314446 1946
0.021 314211 1711
0.021 314464 1964
0.021 314386 1886
0.021 314150 1650
0.021 314092 1592
0.021 314132 1632
0.021 313640 1140
0.021 314560 2060
0.021 314309 1809
0.025 313574 1074
0.025 314063 1563
0.025 313430 930
0.025 314139 1639
0.025 314415 1915
0.025 314019 1519
0.025 314121 1621
0.025 314414 1914
0.025 313996 1496
0.025 313962 1462
0.025 315194 2694
0.025 313993 1493
0.025 314185 1685
0.025 314224 1724
0.025 314254 1754
0.025 313662 1162
0.025 314327 1827
0.025 314409 1909
0.025 313686 1186
0.025 314642 2142
0.029 314149 1649
0.029 314053 1553
0.029 313994 1494
0.029 313968 1468
0.029 314195 1695
0.029 314494 1994
0.029 314099 1599
0.029 314332 1832
0.029 314328 1828
0.029 313770 1270
0.029 314169 1669
0.029 313881 1381
0.029 314141 1641
0.029 313956 1456
0.029 314316 1816
0.029 314310 1810
0.029 314408 1908
0.029 313948 1448
0.029 313901 1401
0.029 313784 1284
0.033 314257 1757
0.033 314511 2011
0.033 314229 1729
0.033 314045 1545
0.033 313992 1492
0.033 314041 1541
0.033 313938 1438
0.033 314449 1949
0.033 313841 1341
0.033 314143 1643
0.033 314200 1700
0.033 314116 1616
0.033 313884 1384
0.033 314723 2223
0.033 313902 1402
0.033 314345 1845
0.033 314060 1560
0.033 314257 1757
0.033 313792 1292
0.033 314698 2198
0.037000000000000005 314045 1545
0.037000000000000005 313999 1499
0.037000000000000005 314106 1606
0.037000000000000005 314629 2129
0.037000000000000005 313946 1446
0.037000000000000005 314050 1550
0.037000000000000005 314084 1584
0.037000000000000005 314233 1733
0.037000000000000005 314262 1762
0.037000000000000005 314059 1559
0.037000000000000005 314339 1839
0.037000000000000005 314293 1793
0.037000000000000005 313981 1481
0.037000000000000005 314966 2466
0.037000000000000005 314200 1700
0.037000000000000005 315174 2674
0.037000000000000005 313673 1173
0.037000000000000005 314039 1539
0.037000000000000005 314317 1817
0.037000000000000005 314252 1752
0.041 314105 1605
0.041 314096 1596
0.041 314349 1849
0.041 314556 2056
0.041 313628 1128
0.041 314046 1546
0.041 313919 1419
0.041 314280 1780
0.041 314206 1706
0.041 313735 1235
0.041 313885 1385
0.041 314602 2102
0.041 313929 1429
0.041 314464 1964
0.041 314140 1640
0.041 314063 1563
0.041 314083 1583
0.041 314458 1958
0.041 313995 1495
0.041 314065 1565
0.045 313550 1050
0.045 314701 2201
0.045 314101 1601
0.045 314703 2203
0.045 314576 2076
0.045 313794 1294
0.045 314238 1738
0.045 314002 1502
0.045 314420 1920
0.045 314142 1642
0.045 314048 1548
0.045 314079 1579
0.045 313978 1478
0.045 313759 1259
0.045 313587 1087
0.045 314266 1766
0.045 314431 1931
0.045 314023 1523
0.045 314172 1672
0.045 313990 1490
0.049 313916 1416
0.049 314350 1850
0.049 313951 1451
0.049 313956 1456
0.049 314139 1639
0.049 314004 1504
0.049 313850 1350
0.049 313976 1476
0.049 314021 1521
0.049 314097 1597
0.049 314163 1663
0.049 314263 1763
0.049 314132 1632
0.049 313925 1425
0.049 313674 1174
0.049 313901 1401
0.049 314281 1781
0.049 314180 1680
0.049 313936 1436
0.049 313911 1411
0.053000000000000005 314293 1793
0.053000000000000005 314502 2002
0.053000000000000005 313892 1392
0.053000000000000005 314455 1955
0.053000000000000005 314407 1907
0.053000000000000005 313850 1350
0.053000000000000005 313597 1097
0.053000000000000005 314179 1679
0.053000000000000005 313824 1324
0.053000000000000005 313892 1392
0.053000000000000005 314054 1554
0.053000000000000005 314306 1806
0.053000000000000005 313948 1448
0.053000000000000005 314108 1608
0.053000000000000005 314134 1634
0.053000000000000005 313916 1416
0.053000000000000005 313976 1476
0.053000000000000005 313875 1375
0.053000000000000005 313997 1497
0.053000000000000005 313926 1426
0.057 314200 1700
0.057 314149 1649
0.057 314013 1513
0.057 314136 1636
0.057 314109 1609
0.057 314072 1572
0.057 314186 1686
0.057 314420 1920
0.057 314248 1748
0.057 314343 1843
0.057 314269 1769
0.057 314140 1640
0.057 314163 1663
0.057 314362 1862
0.057 313979 1479
0.057 314205 1705
0.057 313826 1326
0.057 314252 1752
0.057 314183 1683
0.057 314113 1613
0.061 313856 1356
0.061 314400 1900
0.061 314199 1699
0.061 313704 1204
0.061 313812 1312
0.061 313946 1446
0.061 314035 1535
0.061 314116 1616
0.061 314384 1884
0.061 314115 1615
0.061 313749 1249
0.061 314240 1740
0.061 314399 1899
0.061 314164 1664
0.061 314372 1872
0.061 314276 1776
0.061 313481 981
0.061 313378 878
0.061 313450 950
0.061 313904 1404
0.065 314108 1608
0.065 313791 1291
0.065 313848 1348
0.065 314465 1965
0.065 314809 2309
0.065 314311 1811
0.065 314066 1566
0.065 314305 1805
0.065 314089 1589
0.065 314019 1519
0.065 313740 1240
0.065 313856 1356
0.065 313997 1497
0.065 314392 1892
0.065 314336 1836
0.065 314431 1931
0.065 313827 1327
0.065 313795 1295
0.065 313974 1474
0.065 314444 1944
0.069 314190 1690
0.069 314111 1611
0.069 313712 1212
0.069 313890 1390
0.069 314107 1607
0.069 313937 1437
0.069 313681 1181
0.069 314159 1659
0.069 313949 1449
0.069 313912 1412
0.069 313901 1401
0.069 313925 1425
0.069 313932 1432
0.069 314336 1836
0.069 313965 1465
0.069 314309 1809
0.069 314403 1903
0.069 313951 1451
0.069 313967 1467
0.069 314179 1679
0.07300000000000001 314241 1741
0.07300000000000001 314237 1737
0.07300000000000001 314554 2054
0.07300000000000001 314170 1670
0.07300000000000001 314286 1786
0.07300000000000001 313780 1280
0.07300000000000001 314892 2392
0.07300000000000001 314219 1719
0.07300000000000001 314319 1819
0.07300000000000001 314704 2204
0.07300000000000001 314268 1768
0.07300000000000001 314160 1660
0.07300000000000001 313946 1446
0.07300000000000001 313842 1342
0.07300000000000001 314152 1652
0.07300000000000001 313986 1486
0.07300000000000001 313615 1115
0.07300000000000001 314115 1615
0.07300000000000001 314040 1540
0.07300000000000001 314105 1605
0.077 314267 1767
0.077 314203 1703
0.077 313962 1462
0.077 313865 1365
0.077 314465 1965
0.077 313901 1401
0.077 314541 2041
0.077 314120 1620
0.077 314018 1518
0.077 313881 1381
0.077 314157 1657
0.077 314545 2045
0.077 314015 1515
0.077 314130 1630
0.077 314801 2301
0.077 314141 1641
0.077 314220 1720
0.077 314556 2056
0.077 314327 1827
0.077 313677 1177
0.081 314792 2292
0.081 313690 1190
0.081 313812 1312
0.081 314169 1669
0.081 314036 1536
0.081 314006 1506
0.081 313922 1422
0.081 314362 1862
0.081 314481 1981
0.081 314343 1843
0.081 314407 1907
0.081 314375 1875
0.081 314057 1557
0.081 313915 1415
0.081 313992 1492
0.081 313841 1341
0.081 314640 2140
0.081 314016 1516
0.081 313758 1258
0.081 314292 1792
0.085 314232 1732
0.085 314585 2085
0.085 314664 2164
0.085 314015 1515
0.085 314874 2374
0.085 314352 1852
0.085 314354 1854
0.085 314061 1561
0.085 314210 1710
0.085 314715 2215
0.085 314276 1776
0.085 314103 1603
0.085 314525 2025
0.085 314473 1973
0.085 313910 1410
0.085 314658 2158
0.085 314316 1816
0.085 314400 1900
0.085 313597 1097
0.085 314439 1939
0.089 314050 1550
0.089 313744 1244
0.089 314139 1639
0.089 314169 1669
0.089 314345 1845
0.089 313889 1389
0.089 313554 1054
0.089 314273 1773
0.089 314486 1986
0.089 314033 1533
0.089 313931 1431
0.089 314210 1710
0.089 314014 1514
0.089 314400 1900
0.089 314024 1524
0.089 314353 1853
0.089 314510 2010
0.089 313973 1473
0.089 314562 2062
0.089 314504 2004
0.093 314312 1812
0.093 314117 1617
0.093 313966 1466
0.093 314260 1760
0.093 314309 1809
0.093 314059 1559
0.093 313820 1320
0.093 314356 1856
0.093 314520 2020
0.093 314407 1907
0.093 314532 2032
0.093 314560 2060
0.093 314728 2228
0.093 314002 1502
0.093 314164 1664
0.093 314076 1576
0.093 314156 1656
0.093 314233 1733
0.093 314484 1984
0.093 314282 1782
0.097 314573 2073
0.097 314410 1910
0.097 314321 1821
0.097 314725 2225
0.097 313684 1184
0.097 314137 1637
0.097 314129 1629
0.097 314495 1995
0.097 313796 1296
0.097 313841 1341
0.097 313914 1414
0.097 313921 1421
0.097 313950 1450
0.097 314345 1845
0.097 313828 1328
0.097 314494 1994
0.097 314573 2073
0.097 313769 1269
0.097 314042 1542
0.097 313953 1453
0.101 314205 1705
0.101 313862 1362
0.101 314527 2027
0.101 313977 1477
0.101 314130 1630
0.101 315214 2714
0.101 313680 1180
0.101 314281 1781
0.101 313871 1371
0.101 314268 1768
0.101 313996 1496
0.101 314423 1923
0.101 314125 1625
0.101 313966 1466
0.101 314588 2088
0.101 314973 2473
0.101 314578 2078
0.101 314358 1858
0.101 313813 1313
0.101 314252 1752
0.10500000000000001 313723 1223
0.10500000000000001 314290 1790
0.10500000000000001 314643 2143
0.10500000000000001 314026 1526
0.10500000000000001 313713 1213
0.10500000000000001 314202 1702
0.10500000000000001 314746 2246
0.10500000000000001 314162 1662
0.10500000000000001 314382 1882
0.10500000000000001 314062 1562
0.10500000000000001 313890 1390
0.10500000000000001 314327 1827
0.10500000000000001 313693 1193
0.10500000000000001 313989 1489
0.10500000000000001 313931 1431
0.10500000000000001 314005 1505
0.10500000000000001 313706 1206
0.10500000000000001 314506 2006
0.10500000000000001 314647 2147
0.10500000000000001 314443 1943
0.109 314097 1597
0.109 314281 1781
0.109 314605 2105
0.109 314107 1607
0.109 314675 2175
0.109 314530 2030
0.109 314012 1512
0.109 314091 1591
0.109 314541 2041
0.109 314445 1945
0.109 313935 1435
0.109 314169 1669
0.109 315061 2561
0.109 314060 1560
0.109 314895 2395
0.109 314556 2056
0.109 314583 2083
0.109 314032 1532
0.109 314191 1691
0.109 314546 2046
0.113 314204 1704
0.113 314814 2314
0.113 313815 1315
0.113 314304 1804
0.113 314702 2202
0.113 314294 1794
0.113 314266 1766
0.113 314248 1748
0.113 314055 1555
0.113 314039 1539
0.113 314579 2079
0.113 314621 2121
0.113 313851 1351
0.113 314899 2399
0.113 314517 2017
0.113 313844 1344
0.113 314145 1645
0.113 314458 1958
0.113 314109 1609
0.113 315118 2618
0.117 314499 1999
0.117 314199 1699
0.117 313812 1312
0.117 313975 1475
0.117 314300 1800
0.117 314450 1950
0.117 315070 2570
0.117 314561 2061
0.117 314062 1562
0.117 314110 1610
0.117 314525 2025
0.117 314286 1786
0.117 314302 1802
0.117 314843 2343
0.117 315171 2671
0.117 314459 1959
0.117 314450 1950
0.117 314005 1505
0.117 314310 1810
0.117 314085 1585
0.121 314275 1775
0.121 314100 1600
0.121 314003 1503
0.121 313933 1433
0.121 314102 1602
0.121 313875 1375
0.121 314044 1544
0.121 314925 2425
0.121 314410 1910
0.121 314440 1940
0.121 314506 2006
0.121 314728 2228
0.121 314403 1903
0.121 314089 1589
0.121 314451 1951
0.121 314317 1817
0.121 313954 1454
0.121 314195 1695
0.121 314447 1947
0.121 314125 1625
0.125 314320 1820
0.125 314946 2446
0.125 314431 1931
0.125 314498 1998
0.125 314746 2246
0.125 314331 1831
0.125 314362 1862
0.125 314276 1776
0.125 314479 1979
0.125 313876 1376
0.125 314439 1939
0.125 314243 1743
0.125 314143 1643
0.125 313858 1358
0.125 313813 1313
0.125 314169 1669
0.125 313739 1239
0.125 314646 2146
0.125 315046 2546
0.125 314321 1821
0.129 314119 1619
0.129 314120 1620
0.129 314198 1698
0.129 314430 1930
0.129 314259 1759
0.129 314532 2032
0.129 315012 2512
0.129 314860 2360
0.129 313972 1472
0.129 314289 1789
0.129 314575 2075
0.129 314247 1747
0.129 314586 2086
0.129 314081 1581
0.129 314579 2079
0.129 314647 2147
0.129 313865 1365
0.129 314740 2240
0.129 314372 1872
0.129 313755 1255
0.133 314428 1928
0.133 314683 2183
0.133 314282 1782
0.133 315046 2546
0.133 314371 1871
0.133 315043 2543
0.133 314373 1873
0.133 314474 1974
0.133 314393 1893
0.133 313912 1412
0.133 314587 2087
0.133 314563 2063
0.133 313972 1472
0.133 315003 2503
0.133 313928 1428
0.133 314316 1816
0.133 314178 1678
0.133 314449 1949
0.133 314376 1876
0.133 314360 1860
0.137 314454 1954
0.137 314174 1674
0.137 314207 1707
0.137 314442 1942
0.137 314443 1943
0.137 313745 1245
0.137 314690 2190
0.137 313997 1497
0.137 314425 1925
0.137 314120 1620
0.137 314346 1846
0.137 314312 1812
0.137 314837 2337
0.137 314232 1732
0.137 314498 1998
0.137 315465 2965
0.137 314275 1775
0.137 313942 1442
0.137 314559 2059
0.137 314449 1949
0.14100000000000001 314603 2103
0.14100000000000001 314636 2136
0.14100000000000001 314554 2054
0.14100000000000001 314377 1877
0.14100000000000001 314242 1742
0.14100000000000001 313897 1397
0.14100000000000001 314325 1825
0.14100000000000001 314290 1790
0.14100000000000001 314537 2037
0.14100000000000001 314401 1901
0.14100000000000001 314653 2153
0.14100000000000001 314505 2005
0.14100000000000001 314788 2288
0.14100000000000001 315051 2551
0.14100000000000001 314284 1784
0.14100000000000001 314698 2198
0.14100000000000001 315252 2752
0.14100000000000001 314472 1972
0.14100000000000001 314526 2026
0.14100000000000001 314236 1736
0.14500000000000002 313841 1341
0.14500000000000002 314420 1920
0.14500000000000002 314313 1813
0.14500000000000002 314208 1708
0.14500000000000002 314356 1856
0.14500000000000002 314780 2280
0.14500000000000002 314533 2033
0.14500000000000002 314963 2463
0.14500000000000002 314396 1896
0.14500000000000002 314863 2363
0.14500000000000002 313844 1344
0.14500000000000002 314709 2209
0.14500000000000002 314363 1863
0.14500000000000002 314670 2170
0.14500000000000002 314445 1945
0.14500000000000002 314344 1844
0.14500000000000002 314389 1889
0.14500000000000002 314263 1763
0.14500000000000002 314125 1625
0.14500000000000002 314676 2176
0.149 314323 1823
0.149 314068 1568
0.149 314119 1619
0.149 314178 1678
0.149 314173 1673
0.149 314374 1874
0.149 314964 2464
0.149 314655 2155
0.149 313698 1198
0.149 313880 1380
0.149 314653 2153
0.149 314296 1796
0.149 314629 2129
0.149 314271 1771
0.149 314279 1779
0.149 314655 2155
0.149 315061 2561
0.149 314537 2037
0.149 314466 1966
0.149 314586 2086
0.153 314566 2066
0.153 314020 1520
0.153 314649 2149
0.153 314367 1867
0.153 314126 1626
0.153 314697 2197
0.153 314846 2346
0.153 314220 1720
0.153 314555 2055
0.153 315114 2614
0.153 314134 1634
0.153 314921 2421
0.153 314450 1950
0.153 313968 1468
0.153 314609 2109
0.153 314065 1565
0.153 314744 2244
0.153 314378 1878
0.153 314941 2441
0.153 314317 1817
0.157 314797 2297
0.157 314281 1781
0.157 315162 2662
0.157 314334 1834
0.157 314229 1729
0.157 314489 1989
0.157 314271 1771
0.157 314005 1505
0.157 314152 1652
0.157 314603 2103
0.157 314361 1861
0.157 314110 1610
0.157 314400 1900
0.157 314368 1868
0.157 314274 1774
0.157 314242 1742
0.157 314352 1852
0.157 314552 2052
0.157 315009 2509
0.157 315348 2848
0.161 314107 1607
0.161 314614 2114
0.161 314710 2210
0.161 314432 1932
0.161 314456 1956
0.161 314446 1946
0.161 315205 2705
0.161 314710 2210
0.161 315327 2827
0.161 314630 2130
0.161 314830 2330
0.161 314486 1986
0.161 314568 2068
0.161 314490 1990
0.161 314237 1737
0.161 313846 1346
0.161 314892 2392
0.161 313899 1399
0.161 314407 1907
0.161 314969 2469
0.165 314689 2189
0.165 315119 2619
0.165 314639 2139
0.165 314172 1672
0.165 314120 1620
0.165 314453 1953
0.165 314605 2105
0.165 314100 1600
0.165 314065 1565
0.165 314305 1805
0.165 314500 2000
0.165 314565 2065
0.165 314950 2450
0.165 314784 2284
0.165 314810 2310
0.165 314498 1998
0.165 314654 2154
0.165 314952 2452
0.165 314153 1653
0.165 314655 2155
0.169 315076 2576
0.169 314414 1914
0.169 314149 1649
0.169 314144 1644
0.169 315125 2625
0.169 314327 1827
0.169 314405 1905
0.169 315017 2517
0.169 314545 2045
0.169 314487 1987
0.169 314377 1877
0.169 314087 1587
0.169 314186 1686
0.169 314097 1597
0.169 314712 2212
0.169 315279 2779
0.169 314565 2065
0.169 314002 1502
0.169 314411 1911
0.169 314854 2354
0.17300000000000001 314559 2059
0.17300000000000001 314643 2143
0.17300000000000001 314257 1757
0.17300000000000001 314374 1874
0.17300000000000001 314656 2156
0.17300000000000001 314984 2484
0.17300000000000001 314572 2072
0.17300000000000001 314643 2143
0.17300000000000001 314460 1960
0.17300000000000001 314674 2174
0.17300000000000001 315304 2804
0.17300000000000001 314922 2422
0.17300000000000001 314469 1969
0.17300000000000001 314803 2303
0.17300000000000001 314797 2297
0.17300000000000001 315593 3093
0.17300000000000001 314524 2024
0.17300000000000001 314588 2088
0.17300000000000001 314901 2401
0.17300000000000001 315302 2802
0.177 315059 2559
0.177 314461 1961
0.177 314430 1930
0.177 314650 2150
0.177 314477 1977
0.177 314694 2194
0.177 314632 2132
0.177 314624 2124
0.177 314179 1679
0.177 314680 2180
0.177 314393 1893
0.177 314882 2382
0.177 313930 1430
0.177 314522 2022
0.177 314863 2363
0.177 314237 1737
0.177 314500 2000
0.177 314824 2324
0.177 314358 1858
0.177 315033 2533
0.181 314428 1928
0.181 315114 2614
0.181 314485 1985
0.181 314344 1844
0.181 315024 2524
0.181 315294 2794
0.181 314887 2387
0.181 314005 1505
0.181 314571 2071
0.181 314153 1653
0.181 314644 2144
0.181 315027 2527
0.181 314394 1894
0.181 314541 2041
0.181 313916 1416
0.181 314391 1891
0.181 314302 1802
0.181 314817 2317
0.181 314814 2314
0.181 314475 1975
0.185 314657 2157
0.185 314824 2324
0.185 314820 2320
0.185 314896 2396
0.185 314396 1896
0.185 315404 2904
0.185 314717 2217
0.185 314039 1539
0.185 314363 1863
0.185 315133 2633
0.185 314470 1970
0.185 314826 2326
0.185 315021 2521
0.185 315013 2513
0.185 314614 2114
0.185 315247 2747
0.185 314052 1552
0.185 314783 2283
0.185 314589 2089
0.185 314717 2217
0.189 314533 2033
0.189 314304 1804
0.189 315014 2514
0.189 314993 2493
0.189 314737 2237
0.189 315045 2545
0.189 314652 2152
0.189 314933 2433
0.189 315302 2802
0.189 314773 2273
0.189 314385 1885
0.189 314844 2344
0.189 315374 2874
0.189 314396 1896
0.189 314827 2327
0.189 314281 1781
0.189 314964 2464
0.189 315513 3013
0.189 314892 2392
0.189 314470 1970
0.193 314528 2028
0.193 314424 1924
0.193 314336 1836
0.193 314567 2067
0.193 314352 1852
0.193 315719 3219
0.193 314213 1713
0.193 314425 1925
0.193 314064 1564
0.193 314565 2065
0.193 314395 1895
0.193 314604 2104
0.193 315010 2510
0.193 314367 1867
0.193 314840 2340
0.193 314675 2175
0.193 314735 2235
0.193 314308 1808
0.193 314832 2332
0.193 314374 1874
0.197 314723 2223
0.197 315478 2978
0.197 314500 2000
0.197 314420 1920
0.197 314258 1758
0.197 314318 1818
0.197 314711 2211
0.197 314777 2277
0.197 314924 2424
0.197 314731 2231
0.197 314880 2380
0.197 314618 2118
0.197 314830 2330
0.197 314492 1992
0.197 314429 1929
0.197 314409 1909
0.197 315159 2659
0.197 314494 1994
0.197 314612 2112
0.197 314699 2199
