0.02	100	9739	3275	202	103	157112	64	10000000	100                              	2	200	35090228	5549563	376
0.02	100	13678	4261	251	136	157431	64	10000000	100                              	2	200	32389323	4978399	418
0.02	100	12670	4643	268	149	157436	64	10000000	100                              	2	200	34307506	4971240	426
0.02	100	9996	3516	213	110	157180	64	10000000	100                              	2	200	34429599	4985424	410
0.02	100	8653	3395	184	120	157047	64	10000000	100                              	2	200	32457873	5251762	394
0.02	100	11611	4113	224	145	157260	64	10000000	100                              	2	200	35641863	4987818	380
0.02	100	12995	4943	277	153	157468	64	10000000	100                              	2	200	34554289	4969046	408
0.02	100	10694	3706	232	136	157264	64	10000000	100                              	2	200	33204692	5003820	408
0.02	100	13835	4779	260	156	157435	64	10000000	100                              	2	200	34177990	4973476	420
0.02	100	12171	4233	233	142	157288	64	10000000	100                              	2	200	33502490	4972938	382
0.02	100	10675	3386	214	112	157185	64	10000000	100                              	2	200	33687279	4985234	414
0.02	100	13323	4016	280	122	157466	64	10000000	100                              	2	200	32629617	4970994	438
0.02	100	11824	3877	245	123	157330	64	10000000	100                              	2	200	32674292	5124379	416
0.02	100	12678	5259	262	167	157408	64	10000000	100                              	2	200	34594759	4970327	444
0.02	100	13892	5418	293	148	157545	64	10000000	100                              	2	200	33973164	5186237	422
0.02	100	9400	2256	186	88	157068	64	10000000	100                              	2	200	32021460	5047910	418
0.02	100	12876	5244	251	148	157363	64	10000000	100                              	2	200	38442865	4975441	412
0.02	100	10892	4219	240	144	157288	64	10000000	100                              	2	200	34309539	4983332	406
0.02	100	10830	3660	201	114	157178	64	10000000	100                              	2	200	34066268	4974177	424
0.02	100	13805	4516	256	151	157438	64	10000000	100                              	2	200	33211734	4977849	396
0.02	100	12296	4215	252	141	157369	64	10000000	100                              	2	200	33194376	4987467	398
0.02	100	10304	4234	192	117	157115	64	10000000	100                              	2	200	34617402	4990283	376
0.02	100	11711	3321	229	131	157269	64	10000000	100                              	2	200	34060429	5156124	406
0.02	100	11014	3950	236	128	157282	64	10000000	100                              	2	200	34038277	4976786	434
0.02	100	10543	3712	221	114	157214	64	10000000	100                              	2	200	33345444	4976398	398
0.02	100	12668	4802	267	147	157414	64	10000000	100                              	2	200	33368175	4972685	396
0.02	100	10789	3705	226	118	157233	64	10000000	100                              	2	200	33621367	4978597	426
0.02	100	11697	3552	265	132	157379	64	10000000	100                              	2	200	31646766	4982892	482
0.02	100	8002	2804	167	93	156965	64	10000000	100                              	2	200	33592906	4986459	434
0.02	100	11476	3767	223	136	157249	64	10000000	100                              	2	200	32322463	5115533	370
0.02	100	11483	4469	240	130	157291	64	10000000	100                              	2	200	33442545	4970833	466
0.02	100	12688	4332	241	140	157340	64	10000000	100                              	2	200	32973549	4979460	390
0.02	100	13992	4448	278	153	157504	64	10000000	100                              	2	200	33964721	5013290	454
0.02	100	12963	4211	259	131	157420	64	10000000	100                              	2	200	32050565	5052974	412
0.02	100	9218	3226	203	105	157116	64	10000000	100                              	2	200	34966265	4990810	404
0.02	100	10974	3990	220	110	157205	64	10000000	100                              	2	200	32657904	5096988	484
0.02	100	12341	5293	254	156	157367	64	10000000	100                              	2	200	36369097	4975588	380
0.02	100	11477	3746	231	126	157263	64	10000000	100                              	2	200	31737375	4977042	400
0.02	100	13142	4417	263	150	157436	64	10000000	100                              	2	200	34521410	5164379	470
0.02	100	11125	2864	233	125	157281	64	10000000	100                              	2	200	32890455	5102785	388
0.02	100	13813	5289	261	144	157438	64	10000000	100                              	2	200	35785401	4976354	488
0.02	100	10837	4229	214	125	157207	64	10000000	100                              	2	200	34929467	4995835	400
0.02	100	8570	3284	179	98	157034	64	10000000	100                              	2	200	33521215	5166331	430
0.02	100	12315	4490	260	149	157384	64	10000000	100                              	2	200	34509606	4976779	410
0.02	100	9796	3414	207	117	157158	64	10000000	100                              	2	200	33502209	4980656	356
0.02	100	10919	3773	245	131	157303	64	10000000	100                              	2	200	34578056	5135997	462
0.02	100	11304	3724	232	115	157272	64	10000000	100                              	2	200	33937121	4993188	346
0.02	100	9297	3860	192	115	157088	64	10000000	100                              	2	200	33449135	4977920	462
0.02	100	11865	5379	264	147	157370	64	10000000	100                              	2	200	35304988	5215656	440
0.02	100	10100	3561	208	112	157136	64	10000000	100                              	2	200	33242652	4984556	620
0.02	100	10700	3043	214	114	157200	64	10000000	100                              	2	200	33572097	5018045	432
0.02	100	13348	5302	280	144	157484	64	10000000	100                              	2	200	33774558	4970671	384
0.02	100	10311	2832	203	101	157154	64	10000000	100                              	2	200	31984582	4987802	422
0.02	100	13221	4549	251	130	157391	64	10000000	100                              	2	200	35019761	4984845	422
0.02	100	13536	5213	272	162	157470	64	10000000	100                              	2	200	35841364	5034585	424
0.02	100	14545	4220	290	138	157543	64	10000000	100                              	2	200	33615805	4984622	416
0.02	100	13106	5501	268	171	157456	64	10000000	100                              	2	200	36362699	5062425	406
0.02	100	10533	4210	234	143	157246	64	10000000	100                              	2	200	35962662	4993077	392
0.02	100	7938	3185	189	96	157023	64	10000000	100                              	2	200	33541964	5016411	382
0.02	100	12348	4145	243	125	157329	64	10000000	100                              	2	200	34218943	4972677	454
0.02	100	11433	3896	229	119	157248	64	10000000	100                              	2	200	32303768	4975470	330
0.02	100	13495	5101	272	170	157480	64	10000000	100                              	2	200	33571184	5024541	408
0.02	100	9554	2973	183	104	157065	64	10000000	100                              	2	200	30726677	5001895	406
0.02	100	9682	3116	193	96	157099	64	10000000	100                              	2	200	36361708	5096864	546
0.02	100	11953	4267	215	126	157249	64	10000000	100                              	2	200	34756620	4973039	418
0.02	100	15250	4730	308	176	157635	64	10000000	100                              	2	200	33490121	5022975	430
0.02	100	11979	3576	220	126	157259	64	10000000	100                              	2	200	33856031	5173833	408
0.02	100	12073	3653	226	110	157280	64	10000000	100                              	2	200	32512477	4974158	412
0.02	100	14369	4623	288	161	157540	64	10000000	100                              	2	200	34083654	4983546	418
0.02	100	12571	5467	237	139	157323	64	10000000	100                              	2	200	35516407	4971113	480
0.02	100	10958	4372	238	125	157287	64	10000000	100                              	2	200	33909621	4969632	438
0.02	100	12928	4175	269	135	157438	64	10000000	100                              	2	200	33204421	4972291	370
0.02	100	12444	4902	236	132	157325	64	10000000	100                              	2	200	36124973	4972198	346
0.02	100	11237	4290	244	130	157312	64	10000000	100                              	2	200	34025836	4980811	402
0.02	100	11942	3311	273	124	157418	64	10000000	100                              	2	200	33204557	5037082	406
0.02	100	10501	3410	216	125	157188	64	10000000	100                              	2	200	32126465	5009290	434
0.02	100	13292	5209	274	149	157459	64	10000000	100                              	2	200	35390627	4980056	430
0.02	100	12936	4553	275	165	157452	64	10000000	100                              	2	200	33678173	5091166	424
0.02	100	14371	5175	280	166	157507	64	10000000	100                              	2	200	34666796	4980886	406
0.02	100	8998	3115	212	119	157138	64	10000000	100                              	2	200	33159014	5176969	414
0.02	100	12102	4565	270	149	157431	64	10000000	100                              	2	200	34524755	4981578	404
0.02	100	10545	3874	216	117	157205	64	10000000	100                              	2	200	35126131	4982115	390
0.02	100	10727	3350	215	119	157197	64	10000000	100                              	2	200	33446224	5826665	416
0.02	100	10575	4464	214	129	157193	64	10000000	100                              	2	200	32293754	4975035	390
0.02	100	10603	3915	217	121	157215	64	10000000	100                              	2	200	36122659	5007701	440
0.02	100	12889	4815	238	131	157352	64	10000000	100                              	2	200	35089911	5029480	464
0.02	100	11571	4174	243	119	157310	64	10000000	100                              	2	200	32418666	4971965	418
0.02	100	10318	3648	220	128	157191	64	10000000	100                              	2	200	33469209	5022764	420
0.02	100	10468	3858	219	118	157205	64	10000000	100                              	2	200	34303233	5107542	366
0.02	100	12513	4154	242	136	157366	64	10000000	100                              	2	200	34274508	4972161	464
0.02	100	9875	3932	189	120	157122	64	10000000	100                              	2	200	33492077	4975969	418
0.02	100	10283	3306	209	116	157162	64	10000000	100                              	2	200	34018174	4973664	390
0.02	100	10995	3679	242	129	157288	64	10000000	100                              	2	200	34474682	5067104	368
0.02	100	12410	5375	239	157	157329	64	10000000	100                              	2	200	35697447	4969500	410
0.02	100	9504	2649	210	115	157150	64	10000000	100                              	2	200	32030524	5172652	412
0.02	100	11357	3641	228	124	157277	64	10000000	100                              	2	200	36065921	4986720	406
0.02	100	14393	3989	272	141	157494	64	10000000	100                              	2	200	33017219	4976797	414
0.02	100	11705	3298	236	115	157286	64	10000000	100                              	2	200	32599438	4974988	384
0.02	100	10769	4318	224	149	157232	64	10000000	100                              	2	200	33465801	5005044	482
0.02	100	12753	3045	219	118	157275	64	10000000	100                              	2	200	33428174	4981116	432
0.26	100	1772	835	594	207	158065	64	10000000	100                              	2	200	25971111	11103342	620
0.26	100	1789	977	642	254	158217	64	10000000	100                              	2	200	22227656	15722533	816
0.26	100	1693	883	601	234	158093	64	10000000	100                              	2	200	27238530	10357863	642
0.26	100	1579	842	542	220	157884	64	10000000	100                              	2	200	28801308	7597032	624
0.26	100	1512	922	569	241	157967	64	10000000	100                              	2	200	28640490	9284623	616
0.26	100	1492	902	542	221	157905	64	10000000	100                              	2	200	27038109	8597650	610
0.26	100	1934	1040	665	251	158299	64	10000000	100                              	2	200	28841445	8782500	802
0.26	100	1373	826	530	244	157862	64	10000000	100                              	2	200	26452428	10259017	608
0.26	100	1379	867	463	228	157651	64	10000000	100                              	2	200	29134479	8710830	616
0.26	100	1750	1002	616	244	158126	64	10000000	100                              	2	200	26775417	10911986	618
0.26	100	1830	919	632	199	158180	64	10000000	100                              	2	200	26893831	9313471	608
0.26	100	1404	774	495	221	157750	64	10000000	100                              	2	200	29885109	8044447	612
0.26	100	1517	820	513	206	157825	64	10000000	100                              	2	200	27147398	9648591	814
0.26	100	1556	893	513	220	157797	64	10000000	100                              	2	200	28616474	8507698	630
0.26	100	1681	950	555	237	157930	64	10000000	100                              	2	200	30216565	8338645	612
0.26	100	1542	788	550	195	157911	64	10000000	100                              	2	200	21176145	13940179	826
0.26	100	1492	846	486	191	157707	64	10000000	100                              	2	200	27444019	9115302	614
0.26	100	1652	911	568	227	157984	64	10000000	100                              	2	200	28970706	7955223	620
0.26	100	1436	855	480	229	157692	64	10000000	100                              	2	200	27581476	9932096	810
0.26	100	1770	1037	595	260	158068	64	10000000	100                              	2	200	28022307	9320554	612
0.26	100	1329	741	462	156	157623	64	10000000	100                              	2	200	26203459	9353607	614
0.26	100	1365	815	446	185	157572	64	10000000	100                              	2	200	27574793	8335445	808
0.26	100	1827	904	649	250	158219	64	10000000	100                              	2	200	27659651	11167487	608
0.26	100	1494	912	562	272	157938	64	10000000	100                              	2	200	30508287	7483502	628
0.26	100	2272	1181	751	279	158557	64	10000000	100                              	2	200	29971263	9205870	832
0.26	100	1462	881	507	229	157777	64	10000000	100                              	2	200	27648134	8435224	618
0.26	100	1593	868	602	233	158089	64	10000000	100                              	2	200	26758426	10967070	806
0.26	100	1703	854	600	224	158059	64	10000000	100                              	2	200	27436715	8478730	824
0.26	100	1603	930	567	252	157973	64	10000000	100                              	2	200	25012430	12366075	810
0.26	100	1269	672	465	201	157637	64	10000000	100                              	2	200	27409905	8690004	616
0.26	100	1540	894	493	216	157729	64	10000000	100                              	2	200	27036172	8885163	812
0.26	100	1803	982	675	267	158318	64	10000000	100                              	2	200	27489280	10232802	1030
0.26	100	1503	881	529	228	157836	64	10000000	100                              	2	200	29432918	9379364	614
0.26	100	1538	846	549	246	157926	64	10000000	100                              	2	200	29950062	7985238	810
0.26	100	1590	877	541	202	157884	64	10000000	100                              	2	200	26213651	10099670	812
0.26	100	1487	879	557	256	157920	64	10000000	100                              	2	200	27866750	10793340	816
0.26	100	1575	911	568	235	157966	64	10000000	100                              	2	200	28544211	8489207	616
0.26	100	1474	847	490	219	157725	64	10000000	100                              	2	200	24151707	12284352	820
0.26	100	1807	1044	634	303	158221	64	10000000	100                              	2	200	29129857	8727560	614
0.26	100	1472	828	527	206	157830	64	10000000	100                              	2	200	21999730	15119633	1012
0.26	100	1661	879	569	218	157983	64	10000000	100                              	2	200	28086506	8177470	808
0.26	100	1398	722	471	169	157667	64	10000000	100                              	2	200	28275232	6993595	606
0.26	100	1597	816	505	199	157780	64	10000000	100                              	2	200	29462297	7513279	642
0.26	100	1501	887	525	201	157844	64	10000000	100                              	2	200	27948756	8499727	608
0.26	100	1365	857	502	228	157777	64	10000000	100                              	2	200	28470592	7868563	614
0.26	100	1433	728	513	170	157797	64	10000000	100                              	2	200	27565167	7878951	820
0.26	100	1586	893	505	213	157790	64	10000000	100                              	2	200	28486836	8030841	620
0.26	100	1601	790	554	224	157930	64	10000000	100                              	2	200	28172042	9081990	810
0.26	100	1626	866	565	251	157969	64	10000000	100                              	2	200	25299321	12439702	610
0.26	100	1612	930	576	256	158005	64	10000000	100                              	2	200	25890402	12124424	812
0.26	100	1580	815	593	227	158054	64	10000000	100                              	2	200	26021339	9932008	810
0.26	100	1438	906	502	255	157771	64	10000000	100                              	2	200	30606672	8847602	608
0.26	100	1285	843	452	219	157619	64	10000000	100                              	2	200	27031831	10059421	618
0.26	100	1416	826	471	209	157652	64	10000000	100                              	2	200	25173945	10868315	614
0.26	100	1532	937	520	248	157822	64	10000000	100                              	2	200	27822056	9607005	630
0.26	100	1363	696	505	199	157759	64	10000000	100                              	2	200	24259536	12220299	810
0.26	100	1389	800	496	223	157734	64	10000000	100                              	2	200	27567602	9581982	618
0.26	100	1476	726	513	168	157789	64	10000000	100                              	2	200	29513842	6766274	844
0.26	100	1836	919	649	285	158255	64	10000000	100                              	2	200	23203214	16080591	1224
0.26	100	1266	746	495	215	157743	64	10000000	100                              	2	200	28335118	9023819	810
0.26	100	1251	665	446	172	157570	64	10000000	100                              	2	200	26460622	9350286	618
0.26	100	1615	901	560	223	157947	64	10000000	100                              	2	200	28635835	9795362	614
0.26	100	1613	838	492	199	157731	64	10000000	100                              	2	200	29909052	7070747	612
0.26	100	1282	675	459	180	157625	64	10000000	100                              	2	200	26830815	8420129	610
0.26	100	1611	882	589	240	158063	64	10000000	100                              	2	200	25963532	10130117	616
0.26	100	1511	779	526	217	157843	64	10000000	100                              	2	200	27472930	8533210	822
0.26	100	1396	835	501	248	157754	64	10000000	100                              	2	200	25834755	10981797	812
0.26	100	1749	996	621	237	158148	64	10000000	100                              	2	200	26836899	9899971	802
0.26	100	1546	748	548	197	157907	64	10000000	100                              	2	200	24035360	11679147	826
0.26	100	1363	834	548	244	157908	64	10000000	100                              	2	200	25133893	12991922	814
0.26	100	1519	843	558	214	157940	64	10000000	100                              	2	200	22672042	14115863	820
0.26	100	1543	1055	540	268	157872	64	10000000	100                              	2	200	24320262	14152297	610
0.26	100	1553	933	571	246	157991	64	10000000	100                              	2	200	30255835	7782282	608
0.26	100	1417	730	507	193	157780	64	10000000	100                              	2	200	25934602	9326630	618
0.26	100	1606	1055	560	290	157977	64	10000000	100                              	2	200	29881868	9866651	802
0.26	100	1564	1006	597	287	158073	64	10000000	100                              	2	200	28506836	9281349	620
0.26	100	1266	696	460	216	157617	64	10000000	100                              	2	200	29648358	6886921	610
0.26	100	1699	890	567	218	157980	64	10000000	100                              	2	200	24560122	11127831	822
0.26	100	1540	850	558	221	157931	64	10000000	100                              	2	200	29527977	8123740	822
0.26	100	1742	1076	608	267	158110	64	10000000	100                              	2	200	28125974	9468340	604
0.26	100	1364	734	512	208	157796	64	10000000	100                              	2	200	26222932	9511140	612
0.26	100	1388	772	463	182	157655	64	10000000	100                              	2	200	27726441	8896867	806
0.26	100	1620	823	535	183	157864	64	10000000	100                              	2	200	27422258	8977782	804
0.26	100	1471	842	517	205	157820	64	10000000	100                              	2	200	28779012	8252532	608
0.26	100	1674	1026	580	259	158010	64	10000000	100                              	2	200	29451806	7340000	616
0.26	100	1434	825	489	211	157728	64	10000000	100                              	2	200	29339311	8166840	626
0.26	100	1353	647	497	177	157748	64	10000000	100                              	2	200	27705307	7790691	812
0.26	100	1530	863	572	231	157978	64	10000000	100                              	2	200	28539115	7810608	610
0.26	100	1732	985	659	248	158265	64	10000000	100                              	2	200	29295935	7826668	808
0.26	100	1526	910	533	211	157880	64	10000000	100                              	2	200	29069951	7936810	618
0.26	100	1252	723	459	216	157625	64	10000000	100                              	2	200	25972978	10435113	614
0.26	100	1441	845	475	194	157699	64	10000000	100                              	2	200	27931063	8175790	616
0.26	100	1881	1081	612	255	158130	64	10000000	100                              	2	200	26614074	11402639	820
0.26	100	1608	862	562	251	157970	64	10000000	100                              	2	200	27777920	10280531	624
0.26	100	1473	903	527	229	157835	64	10000000	100                              	2	200	24351908	12852931	816
0.26	100	1801	949	646	287	158231	64	10000000	100                              	2	200	25517611	12635491	826
0.26	100	1698	1030	587	251	158027	64	10000000	100                              	2	200	27633340	10426403	620
0.26	100	1791	952	630	236	158195	64	10000000	100                              	2	200	25503565	11703050	814
0.26	100	1288	752	464	196	157646	64	10000000	100                              	2	200	26478393	8352264	612
0.26	100	1257	669	443	193	157576	64	10000000	100                              	2	200	26409156	9837277	806
0.5	100	977	470	995	344	159300	64	10000000	100                              	2	200	18922637	17462950	1416
0.5	100	1029	460	1034	348	159421	64	10000000	100                              	2	200	19192030	17467978	1206
0.5	100	1086	619	1123	488	159684	64	10000000	100                              	2	200	16844843	21631971	1216
0.5	100	916	597	785	390	158638	64	10000000	100                              	2	200	22222800	15036118	1006
0.5	100	930	485	955	386	159152	64	10000000	100                              	2	200	18543443	18370421	1016
0.5	100	923	485	934	350	159098	64	10000000	100                              	2	200	20612711	14906165	1010
0.5	100	861	488	822	337	158743	64	10000000	100                              	2	200	22423965	13566489	1006
0.5	100	874	492	868	364	158883	64	10000000	100                              	2	200	21276000	14690122	1020
0.5	100	1090	644	1133	488	159719	64	10000000	100                              	2	200	19406279	17998956	1010
0.5	100	880	430	901	323	158988	64	10000000	100                              	2	200	18194000	17788551	1010
0.5	100	958	562	909	455	159023	64	10000000	100                              	2	200	18550220	21229967	1010
0.5	100	894	452	876	363	158908	64	10000000	100                              	2	200	16599161	19751046	1222
0.5	100	645	344	674	256	158273	64	10000000	100                              	2	200	21123678	13619239	814
0.5	100	1051	440	1069	361	159523	64	10000000	100                              	2	200	18017055	17728476	1214
0.5	100	928	465	900	339	158998	64	10000000	100                              	2	200	20365973	16020958	1208
0.5	100	849	516	811	392	158712	64	10000000	100                              	2	200	24768642	12455018	1010
0.5	100	781	469	727	313	158439	64	10000000	100                              	2	200	22085313	13299051	1014
0.5	100	967	553	999	420	159302	64	10000000	100                              	2	200	18532228	17750442	1008
0.5	100	928	529	870	368	158905	64	10000000	100                              	2	200	15750806	19574716	1412
0.5	100	1068	595	1107	481	159637	64	10000000	100                              	2	200	21284878	17632073	1416
0.5	100	1085	572	1062	423	159500	64	10000000	100                              	2	200	21654539	16194169	1016
0.5	100	916	527	928	397	159051	64	10000000	100                              	2	200	18101209	18061804	1212
0.5	100	984	456	930	347	159097	64	10000000	100                              	2	200	19581508	15815526	1016
0.5	100	1091	596	1169	538	159839	64	10000000	100                              	2	200	21659540	17975115	1006
0.5	100	1005	480	1039	360	159430	64	10000000	100                              	2	200	15184109	21419942	1408
0.5	100	859	445	846	317	158819	64	10000000	100                              	2	200	12963332	22415261	1210
0.5	100	929	517	956	389	159151	64	10000000	100                              	2	200	20993790	16760061	1004
0.5	100	955	611	970	469	159210	64	10000000	100                              	2	200	22838264	15927086	1208
0.5	100	695	398	746	357	158509	64	10000000	100                              	2	200	22776120	13247973	810
0.5	100	909	493	851	357	158834	64	10000000	100                              	2	200	22402646	13659904	1210
0.5	100	856	477	831	328	158765	64	10000000	100                              	2	200	21080385	15419076	1014
0.5	100	1034	494	1058	396	159489	64	10000000	100                              	2	200	21492412	15645076	1212
0.5	100	1005	606	938	424	159121	64	10000000	100                              	2	200	19268537	17033103	1010
0.5	100	979	474	949	329	159151	64	10000000	100                              	2	200	14313916	21346906	1212
0.5	100	984	473	990	406	159278	64	10000000	100                              	2	200	18215302	18409926	1210
0.5	100	799	452	854	364	158847	64	10000000	100                              	2	200	20610147	15260977	1006
0.5	100	823	409	828	307	158774	64	10000000	100                              	2	200	16934224	17880821	1010
0.5	100	871	456	853	400	158831	64	10000000	100                              	2	200	22085227	14890354	1012
0.5	100	936	422	906	305	159011	64	10000000	100                              	2	200	15243355	20098591	1222
0.5	100	1008	558	957	368	159169	64	10000000	100                              	2	200	22512259	13854294	1006
0.5	100	974	585	911	437	159032	64	10000000	100                              	2	200	24775530	13698951	1024
0.5	100	931	496	948	366	159138	64	10000000	100                              	2	200	20057129	16207834	1016
0.5	100	1089	508	1032	377	159423	64	10000000	100                              	2	200	20246897	16448657	1204
0.5	100	756	422	752	324	158527	64	10000000	100                              	2	200	17467460	18208508	1010
0.5	100	869	462	880	366	158933	64	10000000	100                              	2	200	20262276	16421559	1214
0.5	100	844	467	765	317	158562	64	10000000	100                              	2	200	23876314	11808830	804
0.5	100	974	583	1017	430	159353	64	10000000	100                              	2	200	21910029	15053311	1204
0.5	100	1001	471	989	360	159288	64	10000000	100                              	2	200	18485204	16687474	1208
0.5	100	779	474	735	342	158473	64	10000000	100                              	2	200	22978299	13998897	1014
0.5	100	1061	510	1076	364	159542	64	10000000	100                              	2	200	15682878	20694310	1208
0.5	100	839	495	888	418	158967	64	10000000	100                              	2	200	18738184	18176289	1202
0.5	100	1102	601	1155	471	159793	64	10000000	100                              	2	200	17274264	20659522	1212
0.5	100	1025	561	1008	414	159304	64	10000000	100                              	2	200	23046754	13082323	1210
0.5	100	705	402	692	286	158339	64	10000000	100                              	2	200	23912079	12151741	812
0.5	100	737	405	754	330	158519	64	10000000	100                              	2	200	16953431	19154047	1020
0.5	100	1177	588	1222	410	160001	64	10000000	100                              	2	200	20552995	16168323	1008
0.5	100	908	492	937	364	159086	64	10000000	100                              	2	200	17602329	17659809	1414
0.5	100	898	461	932	396	159091	64	10000000	100                              	2	200	15102385	20628727	1010
0.5	100	773	486	785	410	158621	64	10000000	100                              	2	200	21625002	15042166	1008
0.5	100	1248	637	1417	546	160620	64	10000000	100                              	2	200	12716559	24346637	1414
0.5	100	914	466	945	357	159138	64	10000000	100                              	2	200	20077943	15235580	1020
0.5	100	1103	459	1082	363	159565	64	10000000	100                              	2	200	12745568	23237092	1812
0.5	100	1059	536	1053	425	159467	64	10000000	100                              	2	200	16212120	20613920	1408
0.5	100	786	425	749	320	158520	64	10000000	100                              	2	200	19180133	16661156	1208
0.5	100	918	551	840	398	158808	64	10000000	100                              	2	200	22588945	14385502	1006
0.5	100	983	549	940	389	159124	64	10000000	100                              	2	200	21207854	16120985	1012
0.5	100	1132	606	1070	404	159535	64	10000000	100                              	2	200	15639660	19997261	1208
0.5	100	973	515	948	368	159151	64	10000000	100                              	2	200	22757808	13056719	1018
0.5	100	1029	506	962	368	159189	64	10000000	100                              	2	200	16738867	21002042	1206
0.5	100	1011	457	965	347	159195	64	10000000	100                              	2	200	18884021	16548760	1404
0.5	100	960	503	1027	411	159386	64	10000000	100                              	2	200	14993747	22121192	1008
0.5	100	880	454	899	354	158991	64	10000000	100                              	2	200	22881049	13548285	1004
0.5	100	805	422	872	361	158885	64	10000000	100                              	2	200	19717752	16272188	1208
0.5	100	1132	530	1113	393	159675	64	10000000	100                              	2	200	18035047	18333414	1218
0.5	100	1247	430	1194	291	159907	64	10000000	100                              	2	200	16157372	19539482	1410
0.5	100	812	433	806	332	158702	64	10000000	100                              	2	200	19429509	15373053	1006
0.5	100	950	438	985	332	159257	64	10000000	100                              	2	200	20696855	15020179	1206
0.5	100	901	411	847	292	158825	64	10000000	100                              	2	200	15632409	19734939	1012
0.5	100	894	569	894	404	158978	64	10000000	100                              	2	200	17688312	17084154	1014
0.5	100	837	452	812	299	158707	64	10000000	100                              	2	200	19418422	15553798	1008
0.5	100	819	468	866	392	158896	64	10000000	100                              	2	200	19105772	18288121	1006
0.5	100	971	506	1062	478	159502	64	10000000	100                              	2	200	16990379	20736571	1014
0.5	100	945	471	939	336	159113	64	10000000	100                              	2	200	18536090	17119331	1202
0.5	100	1076	539	1040	404	159429	64	10000000	100                              	2	200	21156415	15117749	1004
0.5	100	951	548	998	449	159293	64	10000000	100                              	2	200	21229302	17303370	1208
0.5	100	1046	469	991	355	159298	64	10000000	100                              	2	200	19507541	17070881	1220
0.5	100	962	527	941	374	159098	64	10000000	100                              	2	200	20089344	16464602	1006
0.5	100	952	456	915	319	159057	64	10000000	100                              	2	200	21689964	13935845	1016
0.5	100	1172	552	1104	386	159637	64	10000000	100                              	2	200	13618988	22396497	1406
0.5	100	812	461	808	346	158719	64	10000000	100                              	2	200	20302182	15522684	1008
0.5	100	1171	538	1149	410	159779	64	10000000	100                              	2	200	20381668	17513531	1404
0.5	100	849	490	842	377	158821	64	10000000	100                              	2	200	22412132	14716938	1208
0.5	100	784	392	846	314	158815	64	10000000	100                              	2	200	19753917	15095747	1214
0.5	100	980	460	1035	362	159406	64	10000000	100                              	2	200	17002238	18951319	1616
0.5	100	1177	639	1235	495	160057	64	10000000	100                              	2	200	23961624	12978746	1204
0.5	100	821	470	808	353	158707	64	10000000	100                              	2	200	18663404	17136386	1004
0.5	100	1023	456	1164	420	159803	64	10000000	100                              	2	200	14222644	21597864	1816
0.5	100	809	465	840	386	158817	64	10000000	100                              	2	200	23555070	13105952	1212
0.5	100	856	439	926	377	159083	64	10000000	100                              	2	200	19845217	16802349	1212
0.5	100	934	518	929	359	159072	64	10000000	100                              	2	200	17886316	17845543	1210
