0.02	200	25946	10665	492	228	79941	128	10000000	100                              	2	400	41495676	4903856	792
0.02	200	20819	6783	433	171	79647	128	10000000	100                              	2	400	39861768	4930658	810
0.02	200	20188	4890	428	163	79655	128	10000000	100                              	2	400	37547021	5035759	618
0.02	200	19540	6272	395	164	79551	128	10000000	100                              	2	400	38353217	5006251	856
0.02	200	23183	5971	422	187	79653	128	10000000	100                              	2	400	39626395	4994984	982
0.02	200	17215	6866	368	171	79420	128	10000000	100                              	2	400	38351122	5031983	702
0.02	200	23178	8878	454	218	79757	128	10000000	100                              	2	400	39441520	5068578	948
0.02	200	24749	9376	493	233	79869	128	10000000	100                              	2	400	40562765	4985214	944
0.02	200	20618	5808	408	172	79575	128	10000000	100                              	2	400	39162491	4920721	700
0.02	200	23771	6050	456	182	79772	128	10000000	100                              	2	400	38835185	4931808	802
0.02	200	20997	4785	421	156	79645	128	10000000	100                              	2	400	38504355	4944502	810
0.02	200	20483	6544	454	195	79687	128	10000000	100                              	2	400	39983223	5030188	836
0.02	200	19860	8163	402	192	79587	128	10000000	100                              	2	400	40710589	5079405	804
0.02	200	18943	5912	399	177	79532	128	10000000	100                              	2	400	38505593	4999984	810
0.02	200	21225	6166	422	169	79628	128	10000000	100                              	2	400	38288201	4955262	832
0.02	200	17780	6245	353	160	79315	128	10000000	100                              	2	400	37983125	4937259	976
0.02	200	21550	5422	416	171	79607	128	10000000	100                              	2	400	37487781	4926112	808
0.02	200	22435	7793	468	198	79748	128	10000000	100                              	2	400	39039602	4924163	928
0.02	200	20117	8694	421	214	79664	128	10000000	100                              	2	400	39173805	4913887	730
0.02	200	23972	5739	454	174	79779	128	10000000	100                              	2	400	38943347	4929678	862
0.02	200	24789	6613	480	195	79849	128	10000000	100                              	2	400	38345957	5138350	906
0.02	200	21416	6506	419	158	79616	128	10000000	100                              	2	400	37158075	5009682	884
0.02	200	19099	4592	410	141	79536	128	10000000	100                              	2	400	36961498	4998946	806
0.02	200	23617	8242	500	194	79898	128	10000000	100                              	2	400	38754142	5072983	816
0.02	200	19888	7730	398	190	79553	128	10000000	100                              	2	400	38585559	4955042	802
0.02	200	26038	9958	515	250	79928	128	10000000	100                              	2	400	40844890	4919996	714
0.02	200	19789	6754	402	163	79559	128	10000000	100                              	2	400	41128767	4983743	820
0.02	200	23725	7214	459	196	79772	128	10000000	100                              	2	400	38131891	4966215	822
0.02	200	23766	6923	457	200	79777	128	10000000	100                              	2	400	40102501	4944021	814
0.02	200	20881	6900	419	183	79601	128	10000000	100                              	2	400	39409753	5752527	872
0.02	200	20778	8054	425	193	79612	128	10000000	100                              	2	400	42316436	5024852	942
0.02	200	22388	7066	442	186	79707	128	10000000	100                              	2	400	38732013	4931215	996
0.02	200	19882	5289	404	171	79578	128	10000000	100                              	2	400	37732252	4922229	816
0.02	200	19385	6127	429	183	79581	128	10000000	100                              	2	400	38165110	5184459	822
0.02	200	25151	6668	493	188	79869	128	10000000	100                              	2	400	39400113	4983631	790
0.02	200	23446	9680	463	231	79819	128	10000000	100                              	2	400	41482935	4945659	936
0.02	200	22689	7185	427	189	79679	128	10000000	100                              	2	400	37928679	4950745	990
0.02	200	19976	4936	419	163	79585	128	10000000	100                              	2	400	37275095	5075955	830
0.02	200	23285	7534	466	210	79791	128	10000000	100                              	2	400	40190783	4949396	840
0.02	200	21668	6826	443	144	79744	128	10000000	100                              	2	400	37373238	4992571	900
0.02	200	22939	7134	489	206	79837	128	10000000	100                              	2	400	37161031	4936685	846
0.02	200	24301	9715	500	230	79900	128	10000000	100                              	2	400	41082109	4934757	814
0.02	200	23603	8114	480	193	79838	128	10000000	100                              	2	400	42019133	4948710	810
0.02	200	21454	9305	452	215	79756	128	10000000	100                              	2	400	40335626	4978289	934
0.02	200	21383	6090	419	186	79650	128	10000000	100                              	2	400	39126477	4986336	806
0.02	200	20247	7441	416	180	79596	128	10000000	100                              	2	400	37958964	4921590	846
0.02	200	22245	8717	461	201	79797	128	10000000	100                              	2	400	38868870	4925514	844
0.02	200	18436	6842	356	154	79403	128	10000000	100                              	2	400	38275271	4946297	722
0.02	200	19200	6353	365	175	79441	128	10000000	100                              	2	400	39027628	4944681	948
0.02	200	21473	5036	452	183	79708	128	10000000	100                              	2	400	36648310	4958740	836
0.02	200	24005	8054	485	206	79893	128	10000000	100                              	2	400	39412986	5016229	792
0.02	200	25292	10396	478	242	79829	128	10000000	100                              	2	400	41279522	4904822	878
0.02	200	21984	7549	455	172	79731	128	10000000	100                              	2	400	39158143	4976891	894
0.02	200	30691	9910	569	270	80210	128	10000000	100                              	2	400	39447459	4891523	786
0.02	200	18748	5710	407	191	79588	128	10000000	100                              	2	400	38571969	4943185	852
0.02	200	22690	8769	482	224	79822	128	10000000	100                              	2	400	40809008	5087610	864
0.02	200	22271	6324	467	205	79747	128	10000000	100                              	2	400	39791403	4958334	696
0.02	200	24351	10058	501	227	79921	128	10000000	100                              	2	400	41564292	5063408	804
0.02	200	24286	8543	475	195	79826	128	10000000	100                              	2	400	39577786	4962014	824
0.02	200	21792	6326	437	205	79693	128	10000000	100                              	2	400	39093366	4960273	806
0.02	200	21246	5893	426	190	79628	128	10000000	100                              	2	400	37380679	5045088	930
0.02	200	19123	5080	394	175	79478	128	10000000	100                              	2	400	40064262	5000727	906
0.02	200	19783	5653	392	164	79504	128	10000000	100                              	2	400	38607323	4927747	842
0.02	200	19912	7297	442	195	79703	128	10000000	100                              	2	400	38011572	5342682	930
0.02	200	20669	8107	446	211	79679	128	10000000	100                              	2	400	38082776	5035920	816
0.02	200	22170	7368	407	196	79583	128	10000000	100                              	2	400	38079659	4990938	834
0.02	200	19381	6129	406	172	79525	128	10000000	100                              	2	400	38269622	4938979	964
0.02	200	21864	6639	457	184	79725	128	10000000	100                              	2	400	37926243	4959882	874
0.02	200	22332	8941	444	197	79695	128	10000000	100                              	2	400	39689623	4996001	996
0.02	200	21503	5597	430	179	79707	128	10000000	100                              	2	400	39723575	5036605	822
0.02	200	24327	9908	514	225	79963	128	10000000	100                              	2	400	40170482	4934498	956
0.02	200	19637	6802	402	183	79529	128	10000000	100                              	2	400	39309540	4977362	838
0.02	200	21489	7605	463	201	79738	128	10000000	100                              	2	400	39044524	4945499	866
0.02	200	19357	6915	402	196	79536	128	10000000	100                              	2	400	38455088	4928510	706
0.02	200	20747	8090	447	224	79691	128	10000000	100                              	2	400	43258038	4951122	742
0.02	200	19575	8972	440	208	79664	128	10000000	100                              	2	400	41536116	4926406	998
0.02	200	24622	8783	483	223	79859	128	10000000	100                              	2	400	39840930	4979773	702
0.02	200	16175	6210	353	171	79342	128	10000000	100                              	2	400	39090158	4963748	842
0.02	200	21666	8366	440	210	79693	128	10000000	100                              	2	400	39474433	4946830	944
0.02	200	18824	6309	409	187	79571	128	10000000	100                              	2	400	41875455	4991317	874
0.02	200	21817	6358	407	171	79628	128	10000000	100                              	2	400	39798564	4973471	756
0.02	200	19978	6721	384	177	79521	128	10000000	100                              	2	400	40501650	4952335	1004
0.02	200	18622	5830	415	176	79557	128	10000000	100                              	2	400	37687865	5082380	990
0.02	200	21366	8549	477	229	79772	128	10000000	100                              	2	400	40816893	4974945	816
0.02	200	22257	5619	475	197	79787	128	10000000	100                              	2	400	38232945	5085986	854
0.02	200	18511	8461	396	202	79532	128	10000000	100                              	2	400	41659534	4967394	850
0.02	200	19029	6491	404	180	79527	128	10000000	100                              	2	400	38558746	5034023	836
0.02	200	24229	8481	479	214	79907	128	10000000	100                              	2	400	39224179	4912858	986
0.02	200	23718	9064	495	206	79853	128	10000000	100                              	2	400	41122845	4913241	1076
0.02	200	20348	5205	421	177	79645	128	10000000	100                              	2	400	36989522	4922680	872
0.02	200	20803	6715	393	175	79504	128	10000000	100                              	2	400	39055777	4948732	870
0.02	200	21187	7300	423	181	79623	128	10000000	100                              	2	400	40084334	4956904	836
0.02	200	17482	5785	372	168	79399	128	10000000	100                              	2	400	38833467	4945368	820
0.02	200	22570	8623	487	203	79813	128	10000000	100                              	2	400	41522527	5018274	804
0.02	200	24018	10334	486	250	79931	128	10000000	100                              	2	400	39077023	4914103	920
0.02	200	19207	6094	386	162	79465	128	10000000	100                              	2	400	38338083	4927828	850
0.02	200	23622	6477	487	174	79896	128	10000000	100                              	2	400	38504357	4953651	960
0.02	200	20778	7971	456	204	79689	128	10000000	100                              	2	400	38308943	4939435	828
0.02	200	19376	6787	429	190	79604	128	10000000	100                              	2	400	38800904	4921918	914
0.02	200	20627	9676	408	173	79541	128	10000000	100                              	2	400	39250663	4979064	988
0.26	200	3319	1773	1202	400	81741	128	10000000	100                              	2	400	32562514	11211480	2004
0.26	200	2558	1322	925	290	80864	128	10000000	100                              	2	400	31835809	10118828	1606
0.26	200	2999	1508	1149	376	81568	128	10000000	100                              	2	400	33010725	8364138	1612
0.26	200	3104	1567	1114	340	81481	128	10000000	100                              	2	400	31137146	10241063	1216
0.26	200	2632	1279	941	348	80924	128	10000000	100                              	2	400	31783933	10293518	1610
0.26	200	2414	1369	848	335	80653	128	10000000	100                              	2	400	30657432	11957664	1610
0.26	200	3004	1536	1023	339	81160	128	10000000	100                              	2	400	32957645	9921554	1626
0.26	200	3190	1833	1086	403	81376	128	10000000	100                              	2	400	33595910	10059729	1616
0.26	200	2805	1320	1012	347	81144	128	10000000	100                              	2	400	32036138	10470416	1616
0.26	200	2865	1408	996	311	81079	128	10000000	100                              	2	400	28710981	13178708	1604
0.26	200	3177	1536	1075	318	81303	128	10000000	100                              	2	400	31029333	10994290	1630
0.26	200	3170	1494	1122	351	81506	128	10000000	100                              	2	400	32398885	9939350	2006
0.26	200	3152	1720	1051	397	81239	128	10000000	100                              	2	400	34314046	10543337	1612
0.26	200	3240	1700	1164	374	81627	128	10000000	100                              	2	400	35327273	8791419	1618
0.26	200	3309	1540	1103	326	81443	128	10000000	100                              	2	400	30466304	11516753	1226
0.26	200	3260	1622	1081	357	81342	128	10000000	100                              	2	400	32912025	10027308	1624
0.26	200	3794	1767	1316	433	82117	128	10000000	100                              	2	400	31665427	12947933	2018
0.26	200	3488	1616	1215	391	81780	128	10000000	100                              	2	400	29165519	14179140	1602
0.26	200	2828	1406	1000	297	81094	128	10000000	100                              	2	400	29129533	12838578	1620
0.26	200	2629	1445	896	317	80782	128	10000000	100                              	2	400	30223605	11213266	1220
0.26	200	3221	1603	1106	359	81403	128	10000000	100                              	2	400	30781916	11984448	1614
0.26	200	3141	1449	1111	356	81423	128	10000000	100                              	2	400	32271715	10491246	1616
0.26	200	2750	1353	1002	352	81105	128	10000000	100                              	2	400	30131537	11993388	1604
0.26	200	3055	1733	1107	408	81439	128	10000000	100                              	2	400	31939421	11869949	1216
0.26	200	2708	1317	993	338	81075	128	10000000	100                              	2	400	29938499	11347281	1218
0.26	200	3314	1520	1157	315	81578	128	10000000	100                              	2	400	32140839	9453979	1610
0.26	200	3113	1548	1181	375	81666	128	10000000	100                              	2	400	31073734	11705854	2018
0.26	200	3021	1366	1044	324	81230	128	10000000	100                              	2	400	28728766	13074571	1622
0.26	200	3311	1464	1123	356	81502	128	10000000	100                              	2	400	30502281	11768157	1610
0.26	200	3119	1566	1018	326	81151	128	10000000	100                              	2	400	33531481	8853471	1220
0.26	200	3074	1754	1089	414	81365	128	10000000	100                              	2	400	32464417	11549184	1620
0.26	200	2737	1471	991	334	81067	128	10000000	100                              	2	400	33748348	8697658	1608
0.26	200	2704	1475	994	375	81084	128	10000000	100                              	2	400	32461641	9943629	1234
0.26	200	3651	1896	1293	422	82011	128	10000000	100                              	2	400	36051423	7965010	1610
0.26	200	3680	1674	1262	324	81921	128	10000000	100                              	2	400	27854523	13766915	1636
0.26	200	3196	1550	1162	395	81610	128	10000000	100                              	2	400	28677009	14554243	1622
0.26	200	2566	1392	940	320	80895	128	10000000	100                              	2	400	30842797	10440054	1610
0.26	200	3684	1691	1262	338	81917	128	10000000	100                              	2	400	30990741	10778088	1610
0.26	200	2976	1441	1037	335	81214	128	10000000	100                              	2	400	30917753	11095849	2022
0.26	200	3520	1625	1253	371	81885	128	10000000	100                              	2	400	32428309	10352278	1606
0.26	200	2975	1402	1033	318	81205	128	10000000	100                              	2	400	29872133	11456373	1608
0.26	200	2905	1437	1114	353	81446	128	10000000	100                              	2	400	30979712	11330653	1630
0.26	200	2850	1329	995	302	81082	128	10000000	100                              	2	400	31232611	9361749	1614
0.26	200	2838	1420	1066	352	81291	128	10000000	100                              	2	400	31442904	10684412	1610
0.26	200	2581	1204	987	314	81021	128	10000000	100                              	2	400	29781871	10970692	1610
0.26	200	3427	1347	1254	331	81912	128	10000000	100                              	2	400	32573269	9321456	1608
0.26	200	3472	1514	1223	340	81811	128	10000000	100                              	2	400	29679277	11615443	1628
0.26	200	3543	1673	1222	348	81793	128	10000000	100                              	2	400	28463582	13620789	1616
0.26	200	2825	1350	1001	323	81092	128	10000000	100                              	2	400	31299343	10062628	1222
0.26	200	3093	1583	1102	365	81421	128	10000000	100                              	2	400	33299043	10092804	1610
0.26	200	2884	1637	1035	422	81193	128	10000000	100                              	2	400	34800771	9311603	1224
0.26	200	3368	1661	1131	397	81489	128	10000000	100                              	2	400	31633369	12138500	1610
0.26	200	3013	1581	1056	355	81276	128	10000000	100                              	2	400	29447893	13246328	1220
0.26	200	3191	1527	1185	366	81665	128	10000000	100                              	2	400	31644145	10896119	1618
0.26	200	3370	1641	1162	379	81584	128	10000000	100                              	2	400	31258193	12150143	1606
0.26	200	3348	1504	1129	353	81515	128	10000000	100                              	2	400	27507233	14897763	2018
0.26	200	3122	1501	1094	361	81393	128	10000000	100                              	2	400	31157606	11167396	1618
0.26	200	3653	1800	1271	426	81929	128	10000000	100                              	2	400	32283200	11502474	1612
0.26	200	3338	1376	1193	299	81730	128	10000000	100                              	2	400	29565545	11538257	2002
0.26	200	2736	1358	974	328	80993	128	10000000	100                              	2	400	28515485	14039274	2008
0.26	200	2705	1317	969	314	80992	128	10000000	100                              	2	400	31150246	10912943	1616
0.26	200	3267	1876	1110	418	81451	128	10000000	100                              	2	400	31360043	12719813	1622
0.26	200	2853	1410	973	314	80991	128	10000000	100                              	2	400	31683543	9877964	1218
0.26	200	3107	1663	1072	394	81311	128	10000000	100                              	2	400	32565003	11193841	1238
0.26	200	3107	1673	1110	400	81433	128	10000000	100                              	2	400	31735165	11220765	1612
0.26	200	3388	1547	1173	337	81650	128	10000000	100                              	2	400	27881735	13968406	1634
0.26	200	2945	1516	1088	382	81363	128	10000000	100                              	2	400	30957128	11912626	1618
0.26	200	3489	1924	1178	384	81667	128	10000000	100                              	2	400	32307985	9763336	1604
0.26	200	2931	1370	1087	359	81375	128	10000000	100                              	2	400	31634815	9784980	1616
0.26	200	2813	1294	977	287	81013	128	10000000	100                              	2	400	30453331	10942734	1606
0.26	200	2672	1367	918	333	80829	128	10000000	100                              	2	400	34591182	7683743	1608
0.26	200	3299	1255	1167	289	81639	128	10000000	100                              	2	400	29806481	11143827	2426
0.26	200	2837	1353	1044	316	81206	128	10000000	100                              	2	400	32015026	9400132	1620
0.26	200	3126	1505	1027	295	81162	128	10000000	100                              	2	400	33547649	7769175	1216
0.26	200	2682	1429	973	344	81005	128	10000000	100                              	2	400	31555903	9574141	1610
0.26	200	3137	1440	1100	343	81393	128	10000000	100                              	2	400	33691146	8561654	1210
0.26	200	3250	1807	1160	439	81634	128	10000000	100                              	2	400	31582470	12196024	1622
0.26	200	2830	1289	1036	296	81215	128	10000000	100                              	2	400	31755843	9909757	1614
0.26	200	2801	1314	1019	313	81164	128	10000000	100                              	2	400	33531677	8481333	1610
0.26	200	3380	1757	1234	405	81848	128	10000000	100                              	2	400	35374051	8507040	1604
0.26	200	3048	1429	1053	353	81270	128	10000000	100                              	2	400	31890022	10870888	1606
0.26	200	3226	1375	1132	316	81525	128	10000000	100                              	2	400	29221219	11889546	1618
0.26	200	3340	1572	1164	352	81610	128	10000000	100                              	2	400	28932560	12835358	1626
0.26	200	2940	1340	1086	330	81363	128	10000000	100                              	2	400	29742436	12211596	1642
0.26	200	2786	1413	990	347	81065	128	10000000	100                              	2	400	31885640	9572091	1610
0.26	200	3041	1483	1090	325	81368	128	10000000	100                              	2	400	30417688	11494667	2008
0.26	200	3160	1642	1042	372	81206	128	10000000	100                              	2	400	30579619	12447234	1606
0.26	200	3043	1545	1118	396	81483	128	10000000	100                              	2	400	29005202	13602418	2008
0.26	200	3150	1550	1097	337	81406	128	10000000	100                              	2	400	31831208	10140565	1616
0.26	200	3186	1570	1127	369	81506	128	10000000	100                              	2	400	33522234	9453933	1620
0.26	200	3433	1710	1164	380	81606	128	10000000	100                              	2	400	34747049	8781457	1628
0.26	200	2977	1535	1042	376	81243	128	10000000	100                              	2	400	34260029	8779339	1608
0.26	200	3554	1811	1243	397	81894	128	10000000	100                              	2	400	31656945	11129121	1612
0.26	200	3379	1454	1204	354	81717	128	10000000	100                              	2	400	30758472	11041670	1630
0.26	200	3123	1543	1155	398	81562	128	10000000	100                              	2	400	33887947	9787305	1608
0.26	200	2859	1270	982	269	81044	128	10000000	100                              	2	400	30570678	10514283	1610
0.26	200	2920	1467	1015	341	81148	128	10000000	100                              	2	400	33480221	8581687	1600
0.26	200	2876	1591	1053	383	81274	128	10000000	100                              	2	400	32898375	9969678	1614
0.26	200	3401	1359	1183	272	81655	128	10000000	100                              	2	400	31185230	9457687	2412
0.26	200	3376	1584	1158	375	81611	128	10000000	100                              	2	400	30914000	12296811	1638
0.5	200	2039	912	2023	568	84312	128	10000000	100                              	2	400	19814198	21983063	2814
0.5	200	1936	922	1947	650	84033	128	10000000	100                              	2	400	25946828	16573972	2812
0.5	200	2134	942	2240	728	84941	128	10000000	100                              	2	400	20662441	21806092	2824
0.5	200	1638	782	1594	565	82917	128	10000000	100                              	2	400	24119059	17219312	2422
0.5	200	2043	893	1972	600	84126	128	10000000	100                              	2	400	22750951	19357686	2806
0.5	200	1834	857	1799	571	83557	128	10000000	100                              	2	400	19666786	22261641	2814
0.5	200	1677	826	1696	610	83269	128	10000000	100                              	2	400	23765079	18107647	2016
0.5	200	1767	908	1838	614	83683	128	10000000	100                              	2	400	22527089	18913696	2412
0.5	200	1596	793	1594	542	82935	128	10000000	100                              	2	400	20428485	20560970	2410
0.5	200	2278	911	2204	619	84857	128	10000000	100                              	2	400	14927100	26593511	3204
0.5	200	1593	778	1724	628	83333	128	10000000	100                              	2	400	24810285	17063569	2018
0.5	200	1715	918	1745	692	83419	128	10000000	100                              	2	400	25255232	17239916	2406
0.5	200	2090	854	2123	622	84597	128	10000000	100                              	2	400	20030160	21514955	2814
0.5	200	1508	758	1555	588	82816	128	10000000	100                              	2	400	22969665	18901244	2410
0.5	200	1897	986	1922	688	83952	128	10000000	100                              	2	400	23561161	19040371	2408
0.5	200	2009	706	2033	515	84306	128	10000000	100                              	2	400	22542146	18177104	3606
0.5	200	1930	891	1984	634	84140	128	10000000	100                              	2	400	24353634	17690272	2410
0.5	200	2225	997	2142	573	84652	128	10000000	100                              	2	400	21601386	19484629	2808
0.5	200	1799	809	1830	585	83682	128	10000000	100                              	2	400	17407697	24454780	2814
0.5	200	1905	886	1958	647	84065	128	10000000	100                              	2	400	21900005	20170182	2408
0.5	200	1808	887	1763	587	83485	128	10000000	100                              	2	400	23895126	17661320	2412
0.5	200	2059	828	2028	546	84282	128	10000000	100                              	2	400	23675836	17112777	2006
0.5	200	1795	774	1811	557	83604	128	10000000	100                              	2	400	22432984	19064693	2404
0.5	200	2550	1268	2487	870	85738	128	10000000	100                              	2	400	19202110	26342330	2820
0.5	200	1879	904	1780	619	83510	128	10000000	100                              	2	400	23588150	18891191	2416
0.5	200	1840	868	1934	652	83985	128	10000000	100                              	2	400	24110275	18085248	2418
0.5	200	1891	852	1952	655	84065	128	10000000	100                              	2	400	23149607	19250482	2820
0.5	200	1606	776	1670	570	83177	128	10000000	100                              	2	400	23148239	18779689	2814
0.5	200	1884	803	1820	525	83652	128	10000000	100                              	2	400	21738410	19748730	2804
0.5	200	1956	767	1817	559	83637	128	10000000	100                              	2	400	22919110	18880370	2410
0.5	200	2292	992	2116	596	84583	128	10000000	100                              	2	400	20828211	22074693	2802
0.5	200	1923	808	1822	541	83645	128	10000000	100                              	2	400	18213031	22861199	2408
0.5	200	1889	859	1923	650	83978	128	10000000	100                              	2	400	22260075	19746221	2824
0.5	200	1971	755	2077	522	84445	128	10000000	100                              	2	400	16591354	23668263	3208
0.5	200	1658	719	1612	559	83009	128	10000000	100                              	2	400	23667935	17723424	2410
0.5	200	1697	750	1694	567	83269	128	10000000	100                              	2	400	20934260	20794485	2412
0.5	200	2117	884	2124	568	84587	128	10000000	100                              	2	400	22512869	18675201	2408
0.5	200	1655	782	1681	531	83213	128	10000000	100                              	2	400	23470128	17570173	2016
0.5	200	2004	940	1979	618	84143	128	10000000	100                              	2	400	24555892	18451032	2820
0.5	200	2320	1153	2314	816	85203	128	10000000	100                              	2	400	29752487	14976931	2416
0.5	200	2273	1267	2242	850	84962	128	10000000	100                              	2	400	18838030	26260672	2810
0.5	200	1721	844	1730	613	83356	128	10000000	100                              	2	400	25701298	16735424	2412
0.5	200	1845	905	1779	595	83537	128	10000000	100                              	2	400	24700117	17264279	2404
0.5	200	2036	727	1972	488	84140	128	10000000	100                              	2	400	18245851	22286827	2830
0.5	200	1786	697	1730	464	83365	128	10000000	100                              	2	400	26849142	13661070	2420
0.5	200	1971	933	1934	637	84009	128	10000000	100                              	2	400	24731240	17406231	2812
0.5	200	1735	781	1796	599	83568	128	10000000	100                              	2	400	21912037	20027983	2418
0.5	200	1971	910	2003	622	84213	128	10000000	100                              	2	400	25736989	16866531	2404
0.5	200	1715	819	1713	551	83310	128	10000000	100                              	2	400	20891986	20659755	2414
0.5	200	1884	803	1957	589	84063	128	10000000	100                              	2	400	18023108	23246878	3210
0.5	200	2269	903	2258	654	85017	128	10000000	100                              	2	400	23916660	18583384	2828
0.5	200	1834	943	1739	615	83397	128	10000000	100                              	2	400	24590286	17175715	2410
0.5	200	2008	936	1851	567	83737	128	10000000	100                              	2	400	20720208	20889145	2414
0.5	200	2226	895	2239	601	84956	128	10000000	100                              	2	400	20711099	21059652	2810
0.5	200	1895	784	1953	602	84047	128	10000000	100                              	2	400	19112023	22051851	2818
0.5	200	1928	728	1882	517	83847	128	10000000	100                              	2	400	23032355	17489657	2420
0.5	200	1830	773	1780	514	83499	128	10000000	100                              	2	400	24068893	17493517	2014
0.5	200	1955	941	1932	677	84007	128	10000000	100                              	2	400	24365427	18217351	2814
0.5	200	1830	906	1785	653	83536	128	10000000	100                              	2	400	20555738	21766437	2818
0.5	200	1859	895	1792	591	83566	128	10000000	100                              	2	400	23062125	18527093	2430
0.5	200	1977	1029	1999	710	84194	128	10000000	100                              	2	400	24085844	19310364	2406
0.5	200	1548	679	1530	480	82737	128	10000000	100                              	2	400	21382957	18621577	2408
0.5	200	2013	886	2115	689	84565	128	10000000	100                              	2	400	22296093	20418546	2816
0.5	200	1671	739	1655	531	83110	128	10000000	100                              	2	400	19727220	21493574	3214
0.5	200	1753	850	1737	593	83370	128	10000000	100                              	2	400	22281262	19581548	2408
0.5	200	1724	729	1854	590	83755	128	10000000	100                              	2	400	20897399	20536305	3216
0.5	200	2478	836	2479	613	85704	128	10000000	100                              	2	400	16796084	24645031	4014
0.5	200	1693	837	1598	576	82929	128	10000000	100                              	2	400	28160542	13730237	2402
0.5	200	2203	837	2226	590	84928	128	10000000	100                              	2	400	26094585	15472171	2418
0.5	200	1642	824	1643	563	83082	128	10000000	100                              	2	400	23275767	18011178	2012
0.5	200	1848	775	1809	506	83613	128	10000000	100                              	2	400	23304844	18195176	2418
0.5	200	1792	677	1864	555	83789	128	10000000	100                              	2	400	18666894	22474919	3214
0.5	200	2090	932	2129	651	84603	128	10000000	100                              	2	400	20944219	21409346	2816
0.5	200	1731	759	1697	548	83262	128	10000000	100                              	2	400	22121746	18809369	2812
0.5	200	2083	862	1984	597	84151	128	10000000	100                              	2	400	21493167	19991383	2426
0.5	200	1627	772	1639	567	83060	128	10000000	100                              	2	400	21857252	19101700	2412
0.5	200	1964	914	1874	617	83797	128	10000000	100                              	2	400	24240183	17517390	2020
0.5	200	1879	810	1851	573	83731	128	10000000	100                              	2	400	17963533	24001420	2800
0.5	200	1670	797	1745	602	83393	128	10000000	100                              	2	400	23776567	18120360	2008
0.5	200	1916	943	1906	634	83932	128	10000000	100                              	2	400	24181517	18410537	3214
0.5	200	1625	772	1655	554	83101	128	10000000	100                              	2	400	22290494	18982924	2410
0.5	200	2135	918	2087	605	84467	128	10000000	100                              	2	400	28373255	13146343	2016
0.5	200	1904	834	1959	604	84092	128	10000000	100                              	2	400	24462281	17497464	2816
0.5	200	1808	857	1839	596	83693	128	10000000	100                              	2	400	23970970	17264652	2008
0.5	200	2190	987	2120	653	84577	128	10000000	100                              	2	400	25129411	17242963	2410
0.5	200	2161	870	2095	535	84516	128	10000000	100                              	2	400	22479623	18488325	2826
0.5	200	2092	925	2110	573	84554	128	10000000	100                              	2	400	20570095	20390922	2412
0.5	200	1736	852	1768	651	83476	128	10000000	100                              	2	400	25217984	18064776	2418
0.5	200	1821	853	1837	614	83695	128	10000000	100                              	2	400	19040947	22375304	2808
0.5	200	1800	935	1884	713	83839	128	10000000	100                              	2	400	23246937	19304136	2414
0.5	200	2041	1021	2033	680	84320	128	10000000	100                              	2	400	24390264	18235075	2406
0.5	200	1882	889	1930	654	83993	128	10000000	100                              	2	400	24813879	17976098	2404
0.5	200	2086	959	2045	573	84350	128	10000000	100                              	2	400	26157270	15474122	2410
0.5	200	1766	824	1748	556	83417	128	10000000	100                              	2	400	18750653	22863961	2806
0.5	200	2024	892	2002	614	84220	128	10000000	100                              	2	400	21549293	20685057	2410
0.5	200	1710	774	1717	530	83311	128	10000000	100                              	2	400	21371373	19559044	2808
0.5	200	1733	700	1825	534	83665	128	10000000	100                              	2	400	19508161	21118524	2412
0.5	200	1620	795	1575	542	82880	128	10000000	100                              	2	400	21358406	20343721	2416
0.5	200	2022	905	2024	656	84294	128	10000000	100                              	2	400	23641720	18645876	2804
0.5	200	2363	816	2475	613	85690	128	10000000	100                              	2	400	15527439	25844287	3212
