0.02	200	10958	3039	241	99	157917	64	10000000	100                              	2	400	34884808	4990417	862
0.02	200	10362	3398	232	127	157886	64	10000000	100                              	2	400	34068301	5001623	662
0.02	200	11296	3111	225	116	157862	64	10000000	100                              	2	400	33762629	5163112	702
0.02	200	12326	3690	256	121	158087	64	10000000	100                              	2	400	32117627	5101053	828
0.02	200	13522	3720	279	122	158255	64	10000000	100                              	2	400	33056760	4944391	698
0.02	200	7629	1613	158	66	157336	64	10000000	100                              	2	400	30904712	4978212	784
0.02	200	11052	3204	206	105	157747	64	10000000	100                              	2	400	32122914	4977984	768
0.02	200	11620	3799	239	123	158034	64	10000000	100                              	2	400	32490635	4950998	706
0.02	200	7586	2155	145	68	157222	64	10000000	100                              	2	400	32741435	5188523	776
0.02	200	12848	2971	249	117	158055	64	10000000	100                              	2	400	32831378	4963596	710
0.02	200	11961	4114	258	136	158081	64	10000000	100                              	2	400	37387005	5090192	746
0.02	200	12133	3629	233	123	157939	64	10000000	100                              	2	400	33947114	5023060	686
0.02	200	10966	3046	219	88	157813	64	10000000	100                              	2	400	32569868	4974624	812
0.02	200	10923	3440	254	113	158041	64	10000000	100                              	2	400	32938181	4996826	874
0.02	200	14752	3649	304	133	158458	64	10000000	100                              	2	400	32763057	4938722	766
0.02	200	11005	4383	223	135	157851	64	10000000	100                              	2	400	36445524	4976009	774
0.02	200	9646	2854	188	91	157548	64	10000000	100                              	2	400	31848485	4974422	724
0.02	200	10265	3912	222	110	157887	64	10000000	100                              	2	400	33658960	5098303	920
0.02	200	11762	3146	227	97	157869	64	10000000	100                              	2	400	32739390	5019690	752
0.02	200	11286	3554	251	118	158041	64	10000000	100                              	2	400	32078096	4952120	670
0.02	200	11477	3118	221	93	157759	64	10000000	100                              	2	400	34591097	5017873	904
0.02	200	11370	3425	220	104	157832	64	10000000	100                              	2	400	33766109	5280526	860
0.02	200	10990	3469	230	110	157908	64	10000000	100                              	2	400	32562842	4961358	832
0.02	200	12133	3767	235	115	158013	64	10000000	100                              	2	400	34163009	4961444	678
0.02	200	12131	3579	241	110	158031	64	10000000	100                              	2	400	33810750	4975924	846
0.02	200	13331	5473	255	127	158144	64	10000000	100                              	2	400	33270871	4946880	854
0.02	200	13495	3244	269	129	158216	64	10000000	100                              	2	400	32848557	4960500	652
0.02	200	9774	3531	203	101	157645	64	10000000	100                              	2	400	32222312	4971575	818
0.02	200	11851	3440	235	113	157924	64	10000000	100                              	2	400	32813680	4963178	724
0.02	200	11745	2682	229	108	157866	64	10000000	100                              	2	400	33403177	4991610	804
0.02	200	11641	2928	241	116	157969	64	10000000	100                              	2	400	33305915	4983174	1064
0.02	200	14478	5135	289	144	158353	64	10000000	100                              	2	400	37113404	4960887	850
0.02	200	9699	2710	217	99	157731	64	10000000	100                              	2	400	32849486	5289607	812
0.02	200	10628	3777	241	115	157962	64	10000000	100                              	2	400	31978824	5030736	652
0.02	200	10796	2346	225	82	157805	64	10000000	100                              	2	400	32017608	4969896	838
0.02	200	11147	2873	233	113	157906	64	10000000	100                              	2	400	32243421	5220889	914
0.02	200	12848	4619	263	130	158156	64	10000000	100                              	2	400	31984047	4948878	744
0.02	200	9475	2327	188	106	157559	64	10000000	100                              	2	400	31569089	4988276	858
0.02	200	11548	4435	250	133	158062	64	10000000	100                              	2	400	34915640	5005109	870
0.02	200	10573	3783	225	105	157878	64	10000000	100                              	2	400	33763608	4958375	872
0.02	200	15348	4793	333	165	158640	64	10000000	100                              	2	400	35697816	4949772	882
0.02	200	14599	4407	304	148	158463	64	10000000	100                              	2	400	34175968	4954551	650
0.02	200	9131	2974	189	85	157616	64	10000000	100                              	2	400	32760744	5005501	628
0.02	200	11234	4064	217	124	157860	64	10000000	100                              	2	400	34225595	5113784	838
0.02	200	12281	4045	245	117	158035	64	10000000	100                              	2	400	31582588	4951468	796
0.02	200	12633	3397	270	125	158153	64	10000000	100                              	2	400	32594461	4950789	832
0.02	200	10443	2834	215	94	157779	64	10000000	100                              	2	400	34536907	5013629	862
0.02	200	12163	2987	235	110	157908	64	10000000	100                              	2	400	32738073	4989535	720
0.02	200	8611	2704	198	88	157635	64	10000000	100                              	2	400	33287062	5050137	736
0.02	200	10078	2775	209	90	157710	64	10000000	100                              	2	400	31597663	5040174	778
0.02	200	7901	3299	194	97	157572	64	10000000	100                              	2	400	32755009	4984686	828
0.02	200	11163	3497	250	125	158014	64	10000000	100                              	2	400	32375140	4989834	830
0.02	200	9252	2987	181	99	157515	64	10000000	100                              	2	400	33560506	4994935	852
0.02	200	12317	4662	252	134	158096	64	10000000	100                              	2	400	33916917	4947633	812
0.02	200	10940	2792	222	96	157863	64	10000000	100                              	2	400	32616277	4991474	848
0.02	200	11460	3867	252	133	158040	64	10000000	100                              	2	400	35950423	4966845	792
0.02	200	13963	3393	272	115	158183	64	10000000	100                              	2	400	32956996	4988161	890
0.02	200	12268	3374	234	111	157962	64	10000000	100                              	2	400	30913659	5057212	916
0.02	200	12606	3169	246	96	158035	64	10000000	100                              	2	400	33403517	5007551	802
0.02	200	10449	4187	226	127	157878	64	10000000	100                              	2	400	33446820	4964796	942
0.02	200	11840	3313	216	105	157793	64	10000000	100                              	2	400	33286252	4956773	1030
0.02	200	12125	3728	226	114	157946	64	10000000	100                              	2	400	33723696	4952515	832
0.02	200	11813	3799	246	139	158048	64	10000000	100                              	2	400	35936397	5014484	884
0.02	200	9799	2935	211	96	157709	64	10000000	100                              	2	400	33164755	5027014	816
0.02	200	13883	3855	276	120	158320	64	10000000	100                              	2	400	31574725	5069740	684
0.02	200	9438	2976	208	87	157672	64	10000000	100                              	2	400	33585635	4976920	1050
0.02	200	11784	3061	243	113	157979	64	10000000	100                              	2	400	31772298	5138117	800
0.02	200	11240	4395	208	116	157765	64	10000000	100                              	2	400	35743959	5014466	804
0.02	200	12801	3384	265	131	158219	64	10000000	100                              	2	400	33143574	4996103	806
0.02	200	10099	2819	207	103	157747	64	10000000	100                              	2	400	32914251	4966054	830
0.02	200	13306	4060	265	126	158239	64	10000000	100                              	2	400	35032177	4954887	750
0.02	200	11190	3378	244	131	157996	64	10000000	100                              	2	400	32507156	4979826	914
0.02	200	9770	3672	225	116	157823	64	10000000	100                              	2	400	33266726	4991266	842
0.02	200	9067	2998	179	79	157550	64	10000000	100                              	2	400	32601159	4968208	872
0.02	200	10432	3064	206	102	157748	64	10000000	100                              	2	400	33389414	4987862	806
0.02	200	8196	2640	186	106	157528	64	10000000	100                              	2	400	31963670	5158236	964
0.02	200	13473	4268	244	125	158066	64	10000000	100                              	2	400	34417048	4962635	776
0.02	200	9926	2546	200	86	157649	64	10000000	100                              	2	400	31822000	5023050	786
0.02	200	10424	2842	232	118	157864	64	10000000	100                              	2	400	33669933	4991512	692
0.02	200	12394	3848	254	121	158098	64	10000000	100                              	2	400	34365137	4959204	886
0.02	200	11117	2791	203	95	157695	64	10000000	100                              	2	400	33847987	5189986	806
0.02	200	8586	2340	183	84	157505	64	10000000	100                              	2	400	32539206	4995859	714
0.02	200	14117	4288	282	145	158336	64	10000000	100                              	2	400	35493225	4971646	860
0.02	200	11953	3906	249	123	158006	64	10000000	100                              	2	400	33685842	4959941	900
0.02	200	13428	3665	246	114	158044	64	10000000	100                              	2	400	32505054	4957290	866
0.02	200	9777	3600	213	107	157736	64	10000000	100                              	2	400	32403936	5243935	786
0.02	200	13572	3892	257	122	158182	64	10000000	100                              	2	400	33714340	4946984	814
0.02	200	11074	2628	225	90	157812	64	10000000	100                              	2	400	32782563	5580992	612
0.02	200	10843	3304	206	95	157776	64	10000000	100                              	2	400	32184774	5082490	834
0.02	200	10875	4270	222	118	157866	64	10000000	100                              	2	400	35529371	5012382	830
0.02	200	12905	3577	251	127	158088	64	10000000	100                              	2	400	34260415	4956448	794
0.02	200	12100	3041	248	115	158073	64	10000000	100                              	2	400	32959160	4961202	748
0.02	200	10909	3129	197	87	157709	64	10000000	100                              	2	400	32034465	5100297	770
0.02	200	9794	3728	215	106	157767	64	10000000	100                              	2	400	33483037	4974753	734
0.02	200	7294	3237	146	85	157294	64	10000000	100                              	2	400	33350360	5015652	848
0.02	200	12672	3846	255	124	158120	64	10000000	100                              	2	400	34153172	4945615	824
0.02	200	12253	3740	265	132	158159	64	10000000	100                              	2	400	33918654	5104790	810
0.02	200	10656	3248	221	101	157849	64	10000000	100                              	2	400	33267859	4955412	766
0.02	200	11777	3520	239	108	158010	64	10000000	100                              	2	400	33907495	4949747	800
0.02	200	11793	3211	228	112	157885	64	10000000	100                              	2	400	32576789	4957992	828
0.26	200	1513	791	513	188	159294	64	10000000	100                              	2	400	28039398	8481381	1608
0.26	200	1461	854	494	203	159209	64	10000000	100                              	2	400	26398209	10064154	1608
0.26	200	1421	769	470	170	159036	64	10000000	100                              	2	400	28663260	7425669	1206
0.26	200	1675	925	586	230	159777	64	10000000	100                              	2	400	29191596	7716562	1210
0.26	200	1492	716	526	167	159399	64	10000000	100                              	2	400	25868311	9161912	1224
0.26	200	1546	899	525	206	159381	64	10000000	100                              	2	400	26167150	10474662	1224
0.26	200	1247	710	488	197	159145	64	10000000	100                              	2	400	25905702	9740469	1214
0.26	200	1181	631	407	136	158598	64	10000000	100                              	2	400	26416584	8466206	1214
0.26	200	1320	663	440	149	158846	64	10000000	100                              	2	400	27082207	8701824	1220
0.26	200	1625	919	567	210	159596	64	10000000	100                              	2	400	27462180	8801262	1220
0.26	200	1268	666	460	165	158922	64	10000000	100                              	2	400	25480840	10489159	1606
0.26	200	1471	772	560	232	159656	64	10000000	100                              	2	400	29631281	8063341	1616
0.26	200	1430	794	482	206	159089	64	10000000	100                              	2	400	27671630	10538160	1608
0.26	200	1358	698	495	186	159207	64	10000000	100                              	2	400	27048202	10289344	1610
0.26	200	1465	883	525	213	159411	64	10000000	100                              	2	400	29547596	6727226	836
0.26	200	1212	569	395	139	158523	64	10000000	100                              	2	400	24677871	9529781	1218
0.26	200	1554	820	506	189	159257	64	10000000	100                              	2	400	29945449	7414569	1208
0.26	200	1248	702	492	169	159155	64	10000000	100                              	2	400	28176805	7863322	1606
0.26	200	1623	877	575	203	159683	64	10000000	100                              	2	400	28200600	7778001	1218
0.26	200	1402	782	525	194	159362	64	10000000	100                              	2	400	25382533	11355584	1618
0.26	200	1724	1068	560	252	159593	64	10000000	100                              	2	400	28102428	11240870	1234
0.26	200	1350	685	494	200	159190	64	10000000	100                              	2	400	28217080	8740172	1218
0.26	200	1413	778	473	217	159054	64	10000000	100                              	2	400	28153987	9783491	1208
0.26	200	1287	639	468	175	159043	64	10000000	100                              	2	400	24589646	11134615	1610
0.26	200	1800	955	697	286	160464	64	10000000	100                              	2	400	27627340	10021518	1608
0.26	200	1453	768	499	189	159217	64	10000000	100                              	2	400	26237299	9738440	1610
0.26	200	1381	764	491	218	159147	64	10000000	100                              	2	400	28383992	8946785	1614
0.26	200	1590	893	600	238	159831	64	10000000	100                              	2	400	28348380	9363484	1606
0.26	200	1566	891	549	245	159540	64	10000000	100                              	2	400	28573898	10118684	1218
0.26	200	1223	699	419	170	158686	64	10000000	100                              	2	400	29647024	7969432	1602
0.26	200	1548	721	511	175	159281	64	10000000	100                              	2	400	26363668	10514868	1224
0.26	200	1653	889	597	223	159784	64	10000000	100                              	2	400	22422502	15220603	1614
0.26	200	1355	681	493	166	159198	64	10000000	100                              	2	400	26908989	8518854	1212
0.26	200	1396	704	509	180	159251	64	10000000	100                              	2	400	27311098	9674265	1614
0.26	200	1431	750	531	160	159414	64	10000000	100                              	2	400	26350516	8913119	1224
0.26	200	1395	743	474	186	159039	64	10000000	100                              	2	400	25717705	11947382	1218
0.26	200	1500	924	527	240	159366	64	10000000	100                              	2	400	26918568	10989475	1210
0.26	200	1523	712	549	186	159545	64	10000000	100                              	2	400	24509023	11590303	2012
0.26	200	1226	680	397	159	158553	64	10000000	100                              	2	400	26716847	9366023	1208
0.26	200	2025	1079	723	268	160667	64	10000000	100                              	2	400	32671067	7441033	1216
0.26	200	1719	841	633	222	160039	64	10000000	100                              	2	400	25441491	10919040	1616
0.26	200	1545	804	558	215	159568	64	10000000	100                              	2	400	26141807	11249565	1218
0.26	200	1392	753	465	165	159042	64	10000000	100                              	2	400	27771360	8220907	1210
0.26	200	1502	825	503	184	159248	64	10000000	100                              	2	400	27731317	9294329	1214
0.26	200	1180	657	454	210	158905	64	10000000	100                              	2	400	25701535	11871504	1216
0.26	200	1903	778	649	171	160154	64	10000000	100                              	2	400	23914109	12104015	1610
0.26	200	1673	822	576	211	159699	64	10000000	100                              	2	400	29732101	7881922	1210
0.26	200	1344	632	468	169	159001	64	10000000	100                              	2	400	22552164	12994427	1606
0.26	200	1192	660	405	155	158667	64	10000000	100                              	2	400	27886103	8128290	1212
0.26	200	1376	750	450	169	158914	64	10000000	100                              	2	400	24880362	11016971	1610
0.26	200	1602	772	600	191	159828	64	10000000	100                              	2	400	25358156	10418822	1234
0.26	200	1542	918	537	212	159473	64	10000000	100                              	2	400	29975979	7392372	1206
0.26	200	1534	835	540	191	159487	64	10000000	100                              	2	400	25799195	11097904	1608
0.26	200	1386	674	399	143	158554	64	10000000	100                              	2	400	27425848	8474659	1222
0.26	200	1328	684	456	164	158942	64	10000000	100                              	2	400	24837642	11119656	1610
0.26	200	1332	812	491	222	159131	64	10000000	100                              	2	400	28566536	9437135	1604
0.26	200	1503	722	535	213	159473	64	10000000	100                              	2	400	25024285	11337136	1602
0.26	200	1619	828	571	189	159666	64	10000000	100                              	2	400	26028246	9649716	1614
0.26	200	1571	820	594	226	159809	64	10000000	100                              	2	400	25397091	10950835	1616
0.26	200	1179	724	418	165	158712	64	10000000	100                              	2	400	28140416	8084472	1610
0.26	200	1222	717	438	180	158839	64	10000000	100                              	2	400	25703885	10922769	1222
0.26	200	1426	805	497	195	159169	64	10000000	100                              	2	400	28076849	8476954	1206
0.26	200	1347	748	501	198	159216	64	10000000	100                              	2	400	26640473	9413760	1214
0.26	200	1765	875	632	260	160018	64	10000000	100                              	2	400	27242075	12563224	2020
0.26	200	1774	833	600	179	159826	64	10000000	100                              	2	400	24283492	12809176	1622
0.26	200	1492	773	494	189	159176	64	10000000	100                              	2	400	26444894	9739530	1610
0.26	200	1656	1024	558	220	159584	64	10000000	100                              	2	400	28706595	8741331	1638
0.26	200	1660	1087	564	251	159600	64	10000000	100                              	2	400	27914859	9951750	1218
0.26	200	1809	877	571	196	159683	64	10000000	100                              	2	400	22690181	13346139	1630
0.26	200	1645	862	595	228	159847	64	10000000	100                              	2	400	29826697	8154345	1214
0.26	200	1215	657	451	190	158901	64	10000000	100                              	2	400	27156580	9347376	1210
0.26	200	1396	743	513	190	159289	64	10000000	100                              	2	400	28702155	8410502	1602
0.26	200	1512	752	564	218	159578	64	10000000	100                              	2	400	27498054	10904935	1230
0.26	200	1459	791	476	181	159057	64	10000000	100                              	2	400	25886293	10787256	1608
0.26	200	1484	753	555	203	159609	64	10000000	100                              	2	400	24856594	11269263	1610
0.26	200	1288	695	474	177	159106	64	10000000	100                              	2	400	25601533	9952126	1608
0.26	200	1275	692	458	162	158957	64	10000000	100                              	2	400	27926970	8143419	1210
0.26	200	1289	726	431	186	158788	64	10000000	100                              	2	400	26168016	9395440	1208
0.26	200	1358	850	480	207	159093	64	10000000	100                              	2	400	27416341	9152590	1606
0.26	200	1299	671	510	185	159295	64	10000000	100                              	2	400	24142039	12223678	1214
0.26	200	1423	645	455	143	158954	64	10000000	100                              	2	400	27160965	8311130	1212
0.26	200	1599	714	607	219	159909	64	10000000	100                              	2	400	26737225	11828446	1630
0.26	200	1373	709	484	171	159112	64	10000000	100                              	2	400	28703973	8232198	1616
0.26	200	1359	775	486	193	159145	64	10000000	100                              	2	400	28237268	9151662	1214
0.26	200	1719	1024	579	232	159713	64	10000000	100                              	2	400	28383019	9766702	1608
0.26	200	1641	841	599	206	159837	64	10000000	100                              	2	400	28764450	9002866	1224
0.26	200	1583	876	559	220	159595	64	10000000	100                              	2	400	25961591	12156577	1610
0.26	200	1366	700	445	151	158906	64	10000000	100                              	2	400	28151744	8184829	1204
0.26	200	1704	864	585	207	159759	64	10000000	100                              	2	400	29723694	7868742	1212
0.26	200	1580	920	561	224	159612	64	10000000	100                              	2	400	26248831	9995798	1214
0.26	200	1627	840	559	199	159575	64	10000000	100                              	2	400	28363162	8295200	1212
0.26	200	1226	706	443	189	158874	64	10000000	100                              	2	400	27102572	9271663	1216
0.26	200	1385	717	538	189	159497	64	10000000	100                              	2	400	25588015	10224852	1212
0.26	200	1460	858	522	203	159354	64	10000000	100                              	2	400	27249774	10043336	1234
0.26	200	1379	731	508	174	159278	64	10000000	100                              	2	400	23440483	12370369	1620
0.26	200	1604	809	548	200	159545	64	10000000	100                              	2	400	27735016	8471406	1618
0.26	200	1627	877	539	208	159442	64	10000000	100                              	2	400	24752922	12247177	1602
0.26	200	1309	749	474	168	159028	64	10000000	100                              	2	400	25786130	9527147	1232
0.26	200	1834	839	625	168	160019	64	10000000	100                              	2	400	21997370	13583040	1628
0.26	200	1535	758	542	222	159476	64	10000000	100                              	2	400	26202323	12288023	1612
0.5	200	951	560	972	425	162129	64	10000000	100                              	2	400	18394450	19179435	2412
0.5	200	688	363	674	262	160241	64	10000000	100                              	2	400	19806508	16102070	2406
0.5	200	940	396	1026	327	162473	64	10000000	100                              	2	400	16682871	19313908	2810
0.5	200	985	517	930	337	161900	64	10000000	100                              	2	400	17813139	19048660	2404
0.5	200	813	386	784	273	160982	64	10000000	100                              	2	400	17674799	17719701	2014
0.5	200	1111	531	1089	412	162882	64	10000000	100                              	2	400	19583536	19063855	3608
0.5	200	1022	495	1092	380	162909	64	10000000	100                              	2	400	20682972	16685946	2014
0.5	200	729	431	708	295	160486	64	10000000	100                              	2	400	23580883	12151017	1608
0.5	200	783	360	804	290	161121	64	10000000	100                              	2	400	14462085	20335702	2812
0.5	200	1056	492	966	320	162108	64	10000000	100                              	2	400	23928436	11875835	1622
0.5	200	951	394	952	279	162025	64	10000000	100                              	2	400	19226302	16432236	2008
0.5	200	961	461	964	287	162122	64	10000000	100                              	2	400	20421677	16128827	2402
0.5	200	819	458	870	345	161517	64	10000000	100                              	2	400	17216685	19743828	2406
0.5	200	911	427	1002	364	162323	64	10000000	100                              	2	400	17462269	19242226	2412
0.5	200	933	500	930	382	161881	64	10000000	100                              	2	400	22553843	15345067	2806
0.5	200	1004	466	990	301	162230	64	10000000	100                              	2	400	18888077	17882786	2408
0.5	200	886	476	833	345	161316	64	10000000	100                              	2	400	20367025	16637609	2004
0.5	200	902	476	905	343	161723	64	10000000	100                              	2	400	18113675	18913466	2402
0.5	200	870	479	912	356	161808	64	10000000	100                              	2	400	17341618	19969642	2010
0.5	200	763	387	756	302	160797	64	10000000	100                              	2	400	20495080	14736838	2010
0.5	200	1020	649	1071	472	162765	64	10000000	100                              	2	400	25649444	13229423	2410
0.5	200	1042	436	1041	287	162588	64	10000000	100                              	2	400	18742762	17039591	3218
0.5	200	863	512	887	378	161619	64	10000000	100                              	2	400	18690552	18381298	2404
0.5	200	970	453	962	277	162093	64	10000000	100                              	2	400	16909576	18353143	2416
0.5	200	993	525	975	369	162158	64	10000000	100                              	2	400	15643931	21382853	2408
0.5	200	795	410	792	312	161036	64	10000000	100                              	2	400	20799371	14944955	2014
0.5	200	904	461	978	366	162187	64	10000000	100                              	2	400	22512919	14482722	2416
0.5	200	1067	520	1112	373	163027	64	10000000	100                              	2	400	20937006	16515014	2010
0.5	200	1048	485	978	338	162169	64	10000000	100                              	2	400	19535013	18320940	2804
0.5	200	913	447	909	334	161761	64	10000000	100                              	2	400	21266873	14909909	2002
0.5	200	792	403	774	291	160901	64	10000000	100                              	2	400	19427616	16672058	2406
0.5	200	748	384	727	292	160612	64	10000000	100                              	2	400	21796173	13151798	2022
0.5	200	939	440	939	338	161968	64	10000000	100                              	2	400	23853549	12770095	2420
0.5	200	781	415	893	345	161665	64	10000000	100                              	2	400	15554708	20693116	2424
0.5	200	928	491	948	366	161994	64	10000000	100                              	2	400	19498311	17296070	2810
0.5	200	880	480	836	386	161277	64	10000000	100                              	2	400	18887850	18755744	2010
0.5	200	1002	495	1033	377	162506	64	10000000	100                              	2	400	15064236	22260065	2814
0.5	200	1092	497	1018	323	162465	64	10000000	100                              	2	400	17523800	19646649	2816
0.5	200	864	416	879	327	161549	64	10000000	100                              	2	400	20403781	15311112	2414
0.5	200	887	413	819	275	161192	64	10000000	100                              	2	400	12413857	22713033	2402
0.5	200	864	497	849	368	161371	64	10000000	100                              	2	400	23721848	13901392	2004
0.5	200	969	526	916	349	161824	64	10000000	100                              	2	400	15333575	21126715	2410
0.5	200	866	411	856	277	161416	64	10000000	100                              	2	400	21653979	13394000	2402
0.5	200	942	422	905	289	161748	64	10000000	100                              	2	400	19574428	16514612	2408
0.5	200	912	473	939	366	161962	64	10000000	100                              	2	400	21674799	15299924	2400
0.5	200	781	427	797	346	161061	64	10000000	100                              	2	400	17711131	19648373	2010
0.5	200	874	426	829	285	161262	64	10000000	100                              	2	400	23630067	12259998	2414
0.5	200	829	438	817	291	161175	64	10000000	100                              	2	400	22998286	12224800	2008
0.5	200	809	342	841	265	161316	64	10000000	100                              	2	400	20522957	15778532	2006
0.5	200	832	412	795	278	161055	64	10000000	100                              	2	400	18669588	16489719	2008
0.5	200	984	495	875	297	161568	64	10000000	100                              	2	400	20952406	15788227	2416
0.5	200	815	442	769	310	160898	64	10000000	100                              	2	400	23187025	13102380	2010
0.5	200	895	470	877	339	161561	64	10000000	100                              	2	400	17446444	20042322	2034
0.5	200	1126	545	1146	379	163246	64	10000000	100                              	2	400	22512680	14977177	3212
0.5	200	787	398	787	279	160987	64	10000000	100                              	2	400	21435938	14436056	2404
0.5	200	1097	613	1068	434	162740	64	10000000	100                              	2	400	21316538	17274210	2422
0.5	200	1024	507	1042	382	162583	64	10000000	100                              	2	400	20994779	15647128	2008
0.5	200	1194	509	1189	393	163514	64	10000000	100                              	2	400	14377428	23598090	3220
0.5	200	791	395	775	302	160913	64	10000000	100                              	2	400	19984114	16456357	2414
0.5	200	822	425	826	297	161234	64	10000000	100                              	2	400	19595338	16057191	2002
0.5	200	758	350	795	299	161033	64	10000000	100                              	2	400	17220262	18809412	2814
0.5	200	790	404	823	323	161205	64	10000000	100                              	2	400	20006949	16215617	2404
0.5	200	854	504	893	407	161647	64	10000000	100                              	2	400	14141018	23441047	2416
0.5	200	854	370	874	293	161546	64	10000000	100                              	2	400	19547490	15352796	2014
0.5	200	865	493	883	383	161598	64	10000000	100                              	2	400	21804914	15586018	2406
0.5	200	975	496	933	366	161931	64	10000000	100                              	2	400	13699380	23315097	2814
0.5	200	801	368	769	268	160865	64	10000000	100                              	2	400	12035271	23124500	3220
0.5	200	1096	499	1120	354	163098	64	10000000	100                              	2	400	19467793	17165263	2808
0.5	200	935	468	931	340	161873	64	10000000	100                              	2	400	20140783	16676528	2808
0.5	200	859	447	941	331	161938	64	10000000	100                              	2	400	21812398	15523716	2012
0.5	200	794	326	725	232	160636	64	10000000	100                              	2	400	17788353	16366056	2020
0.5	200	887	399	830	288	161272	64	10000000	100                              	2	400	20598581	15303905	2416
0.5	200	917	404	902	272	161691	64	10000000	100                              	2	400	19596273	15283768	2414
0.5	200	718	385	704	264	160480	64	10000000	100                              	2	400	15217162	20121870	2406
0.5	200	1034	467	953	299	161981	64	10000000	100                              	2	400	16078893	19307028	3618
0.5	200	953	400	962	292	162101	64	10000000	100                              	2	400	15587139	19959192	2402
0.5	200	864	486	790	305	161012	64	10000000	100                              	2	400	18741066	17105293	2010
0.5	200	813	381	856	318	161425	64	10000000	100                              	2	400	23446739	12433654	2006
0.5	200	927	483	976	372	162177	64	10000000	100                              	2	400	18203547	18152443	2410
0.5	200	833	437	860	319	161466	64	10000000	100                              	2	400	18648167	17232019	2410
0.5	200	818	487	827	343	161214	64	10000000	100                              	2	400	19878555	16757578	2406
0.5	200	888	474	851	351	161407	64	10000000	100                              	2	400	19946423	16998051	2010
0.5	200	858	394	830	292	161253	64	10000000	100                              	2	400	17064086	18875772	2410
0.5	200	901	403	954	328	162064	64	10000000	100                              	2	400	15163244	20585144	2408
0.5	200	855	429	894	395	161628	64	10000000	100                              	2	400	18489557	20034948	2406
0.5	200	905	447	921	306	161841	64	10000000	100                              	2	400	13879470	21971010	2814
0.5	200	771	357	845	299	161361	64	10000000	100                              	2	400	22721180	12823533	2810
0.5	200	790	397	812	286	161127	64	10000000	100                              	2	400	19459054	16210929	1612
0.5	200	896	529	822	340	161228	64	10000000	100                              	2	400	19255011	18109462	2006
0.5	200	959	562	946	382	161982	64	10000000	100                              	2	400	18044974	19244517	2412
0.5	200	830	395	875	346	161530	64	10000000	100                              	2	400	16504198	19448160	2812
0.5	200	779	348	791	288	161027	64	10000000	100                              	2	400	18060350	18133614	2008
0.5	200	806	337	803	229	161080	64	10000000	100                              	2	400	14935870	19558853	2810
0.5	200	934	407	913	290	161786	64	10000000	100                              	2	400	19221205	16282010	1610
0.5	200	1013	460	986	308	162220	64	10000000	100                              	2	400	18700399	16967115	2010
0.5	200	978	397	991	314	162260	64	10000000	100                              	2	400	17791849	18873447	3222
0.5	200	1133	489	1247	350	163879	64	10000000	100                              	2	400	17592715	17401375	2008
0.5	200	844	340	851	238	161404	64	10000000	100                              	2	400	19131572	15116556	2012
0.5	200	849	462	867	314	161484	64	10000000	100                              	2	400	15643771	20585970	2406
0.5	200	979	459	874	286	161546	64	10000000	100                              	2	400	13621765	22040134	2414
