0.02	200	40034	10689	777	281	40455	256	10000000	100                              	2	400	43599525	4928090	1212
0.02	200	32550	11169	682	254	40234	256	10000000	100                              	2	400	43313207	5002514	834
0.02	200	33561	11018	703	242	40258	256	10000000	100                              	2	400	45570003	4920607	822
0.02	200	43962	15082	898	331	40631	256	10000000	100                              	2	400	45788119	4873086	1030
0.02	200	37997	13762	771	325	40426	256	10000000	100                              	2	400	44771250	4888535	974
0.02	200	45566	14927	947	320	40738	256	10000000	100                              	2	400	46611018	4896279	978
0.02	200	37874	12079	760	295	40387	256	10000000	100                              	2	400	45002276	4951203	896
0.02	200	38064	13871	816	306	40464	256	10000000	100                              	2	400	43602011	5034514	880
0.02	200	39383	16932	822	378	40492	256	10000000	100                              	2	400	45832168	5028771	944
0.02	200	39858	12143	864	314	40552	256	10000000	100                              	2	400	43799955	4902641	850
0.02	200	44264	13725	871	347	40649	256	10000000	100                              	2	400	45908726	5009259	838
0.02	200	37704	12687	727	305	40342	256	10000000	100                              	2	400	44350867	4871794	842
0.02	200	41495	10833	814	261	40501	256	10000000	100                              	2	400	44338317	4953069	994
0.02	200	43726	16894	913	355	40661	256	10000000	100                              	2	400	46737140	4904784	834
0.02	200	40853	15229	887	364	40605	256	10000000	100                              	2	400	45543819	4926453	934
0.02	200	46368	13074	915	316	40671	256	10000000	100                              	2	400	43824967	4875372	860
0.02	200	40436	13743	810	344	40476	256	10000000	100                              	2	400	44266393	4912284	910
0.02	200	45217	14788	932	331	40696	256	10000000	100                              	2	400	45027239	4848478	826
0.02	200	41679	13831	845	312	40521	256	10000000	100                              	2	400	43834721	4888569	808
0.02	200	38330	11852	822	322	40455	256	10000000	100                              	2	400	44282445	4883660	888
0.02	200	41427	14460	904	321	40590	256	10000000	100                              	2	400	44149119	4947587	914
0.02	200	45347	14891	947	341	40750	256	10000000	100                              	2	400	45098314	4907317	876
0.02	200	41598	18301	824	365	40554	256	10000000	100                              	2	400	46274749	4850229	922
0.02	200	42745	11265	839	264	40508	256	10000000	100                              	2	400	44730583	4910395	1114
0.02	200	42442	14899	897	374	40606	256	10000000	100                              	2	400	45180403	4918705	824
0.02	200	35937	13990	754	307	40397	256	10000000	100                              	2	400	46309618	4946239	802
0.02	200	42923	16521	879	383	40621	256	10000000	100                              	2	400	45802707	5037918	958
0.02	200	39665	13242	843	369	40529	256	10000000	100                              	2	400	44261092	4922847	842
0.02	200	35715	13706	756	315	40354	256	10000000	100                              	2	400	44653022	4911693	938
0.02	200	41896	15665	845	336	40545	256	10000000	100                              	2	400	44813946	4944724	978
0.02	200	38805	13343	781	340	40421	256	10000000	100                              	2	400	44110982	4882431	840
0.02	200	47458	15098	953	364	40757	256	10000000	100                              	2	400	44605649	4891372	888
0.02	200	38962	13724	813	315	40471	256	10000000	100                              	2	400	46439244	4899383	956
0.02	200	40830	11756	846	309	40534	256	10000000	100                              	2	400	44930149	4877346	864
0.02	200	41422	15142	886	341	40609	256	10000000	100                              	2	400	44602079	4875313	822
0.02	200	41536	15412	887	362	40606	256	10000000	100                              	2	400	46390037	4865914	898
0.02	200	36188	14449	770	354	40389	256	10000000	100                              	2	400	44992166	4906470	848
0.02	200	37175	12765	809	299	40471	256	10000000	100                              	2	400	45032967	4921021	850
0.02	200	43292	15064	892	324	40641	256	10000000	100                              	2	400	45122539	4901758	986
0.02	200	41096	14430	854	334	40549	256	10000000	100                              	2	400	43918468	4845316	868
0.02	200	40512	14538	812	344	40505	256	10000000	100                              	2	400	44618960	4922108	794
0.02	200	39077	14750	781	330	40437	256	10000000	100                              	2	400	44749540	4901746	864
0.02	200	38321	13824	829	349	40477	256	10000000	100                              	2	400	45873454	4893550	878
0.02	200	40797	13166	787	327	40471	256	10000000	100                              	2	400	44245422	4871024	900
0.02	200	36353	8803	720	240	40292	256	10000000	100                              	2	400	43789272	5037281	928
0.02	200	41121	9578	800	283	40481	256	10000000	100                              	2	400	42243677	4876923	870
0.02	200	45011	16447	866	371	40606	256	10000000	100                              	2	400	46376119	4886778	962
0.02	200	37757	14568	738	332	40379	256	10000000	100                              	2	400	44883142	4899375	936
0.02	200	42615	12758	840	283	40552	256	10000000	100                              	2	400	44998703	4968739	870
0.02	200	38327	13406	798	304	40464	256	10000000	100                              	2	400	44054312	4862070	774
0.02	200	45465	16033	886	342	40598	256	10000000	100                              	2	400	45178190	4864722	916
0.02	200	42138	16069	858	344	40558	256	10000000	100                              	2	400	45672404	4855465	988
0.02	200	37428	14339	753	308	40370	256	10000000	100                              	2	400	43822444	5015539	930
0.02	200	40313	12772	824	337	40517	256	10000000	100                              	2	400	44527704	4941671	948
0.02	200	33462	13319	726	332	40319	256	10000000	100                              	2	400	45254723	4969302	906
0.02	200	40196	17041	800	343	40517	256	10000000	100                              	2	400	45010060	5133449	978
0.02	200	43137	13565	850	300	40558	256	10000000	100                              	2	400	45248891	4971076	900
0.02	200	38262	11309	737	301	40363	256	10000000	100                              	2	400	43581587	4981731	938
0.02	200	42098	15365	830	326	40534	256	10000000	100                              	2	400	45521105	4846290	896
0.02	200	40597	11747	833	285	40510	256	10000000	100                              	2	400	43165051	5045321	984
0.02	200	42969	13554	885	327	40600	256	10000000	100                              	2	400	44741393	4883373	1002
0.02	200	42086	16248	835	339	40542	256	10000000	100                              	2	400	45305903	4879471	812
0.02	200	41058	11011	814	230	40484	256	10000000	100                              	2	400	45495999	4947011	998
0.02	200	45688	13875	914	339	40667	256	10000000	100                              	2	400	46044087	4948939	950
0.02	200	36329	12525	784	291	40411	256	10000000	100                              	2	400	43986430	4885654	878
0.02	200	47207	14595	918	334	40685	256	10000000	100                              	2	400	45095471	4918723	896
0.02	200	40829	13816	776	325	40486	256	10000000	100                              	2	400	43607108	4862391	960
0.02	200	45705	16028	1008	406	40813	256	10000000	100                              	2	400	46464834	4896440	812
0.02	200	44721	13180	919	342	40663	256	10000000	100                              	2	400	43459719	4890251	802
0.02	200	44178	17326	891	369	40651	256	10000000	100                              	2	400	46642856	4936422	882
0.02	200	43453	14509	910	341	40648	256	10000000	100                              	2	400	47256027	4918460	838
0.02	200	41592	16871	811	370	40538	256	10000000	100                              	2	400	44030357	4846420	868
0.02	200	40537	15032	848	335	40513	256	10000000	100                              	2	400	44304326	4857257	890
0.02	200	42879	17008	901	389	40665	256	10000000	100                              	2	400	45566737	4875666	864
0.02	200	48598	13781	984	322	40817	256	10000000	100                              	2	400	44398210	4842438	998
0.02	200	36952	13630	760	315	40375	256	10000000	100                              	2	400	45374187	4872669	970
0.02	200	38676	15426	851	340	40525	256	10000000	100                              	2	400	44160553	4904106	836
0.02	200	41082	17819	843	346	40531	256	10000000	100                              	2	400	47010395	4916244	912
0.02	200	43737	12888	976	356	40736	256	10000000	100                              	2	400	43796146	4878404	972
0.02	200	40093	14024	852	345	40535	256	10000000	100                              	2	400	44607201	5233590	822
0.02	200	36387	14277	756	313	40368	256	10000000	100                              	2	400	44277136	5038633	1014
0.02	200	43373	14854	936	342	40698	256	10000000	100                              	2	400	44220022	4845052	900
0.02	200	48970	14410	1013	354	40847	256	10000000	100                              	2	400	45034076	4879974	844
0.02	200	41880	14938	859	392	40628	256	10000000	100                              	2	400	46221779	4859244	880
0.02	200	37177	12546	763	331	40369	256	10000000	100                              	2	400	44158046	4929702	864
0.02	200	47094	18889	916	384	40721	256	10000000	100                              	2	400	45583719	4916692	1072
0.02	200	38843	11778	771	290	40415	256	10000000	100                              	2	400	44432084	4901486	884
0.02	200	41551	12567	834	308	40540	256	10000000	100                              	2	400	44691534	4942190	878
0.02	200	41814	13387	846	329	40561	256	10000000	100                              	2	400	44459569	4842997	818
0.02	200	46107	15987	965	373	40768	256	10000000	100                              	2	400	45354986	4856624	900
0.02	200	41959	16435	865	384	40613	256	10000000	100                              	2	400	45938833	4848360	854
0.02	200	45611	18958	910	389	40676	256	10000000	100                              	2	400	48579770	4918402	956
0.02	200	38078	13365	837	318	40524	256	10000000	100                              	2	400	44502606	4857683	830
0.02	200	40942	15089	812	330	40492	256	10000000	100                              	2	400	45565263	4905454	806
0.02	200	34045	12287	698	281	40298	256	10000000	100                              	2	400	43541300	4900752	930
0.02	200	45465	15668	926	381	40703	256	10000000	100                              	2	400	45179366	5006573	874
0.02	200	37175	13787	758	321	40397	256	10000000	100                              	2	400	45595273	4996151	986
0.02	200	40956	14993	841	350	40554	256	10000000	100                              	2	400	44121566	4921286	850
0.02	200	42769	13596	851	303	40559	256	10000000	100                              	2	400	44937214	5223894	830
0.02	200	45120	15430	914	356	40684	256	10000000	100                              	2	400	45181449	4920894	880
0.26	200	6115	2629	2172	588	42277	256	10000000	100                              	2	400	36414890	10867772	1626
0.26	200	6722	3328	2323	727	42542	256	10000000	100                              	2	400	38669745	10789585	1614
0.26	200	6910	2774	2450	585	42745	256	10000000	100                              	2	400	37019783	10551901	2016
0.26	200	6661	2829	2262	565	42452	256	10000000	100                              	2	400	36855508	10678128	2014
0.26	200	6332	3150	2286	737	42483	256	10000000	100                              	2	400	36502958	12511407	2010
0.26	200	6816	3169	2321	650	42562	256	10000000	100                              	2	400	36755923	11514931	2014
0.26	200	6621	3030	2466	645	42765	256	10000000	100                              	2	400	34810953	13100465	2022
0.26	200	6213	2882	2214	572	42359	256	10000000	100                              	2	400	37480831	10237917	2018
0.26	200	7341	3195	2586	694	42971	256	10000000	100                              	2	400	36881739	11441783	1624
0.26	200	7254	3556	2585	824	42952	256	10000000	100                              	2	400	39501606	11306078	2014
0.26	200	5522	2353	1934	538	41923	256	10000000	100                              	2	400	32497398	13889665	2012
0.26	200	6530	2449	2260	556	42445	256	10000000	100                              	2	400	36397015	10952152	1632
0.26	200	6560	2955	2263	627	42432	256	10000000	100                              	2	400	37712066	11020565	2016
0.26	200	6385	2582	2344	582	42580	256	10000000	100                              	2	400	35619298	11757242	1614
0.26	200	6490	3334	2303	680	42510	256	10000000	100                              	2	400	36443032	12551536	1626
0.26	200	5982	2677	2079	556	42167	256	10000000	100                              	2	400	36771646	10511667	1616
0.26	200	5660	2160	1973	484	41989	256	10000000	100                              	2	400	36074982	9999345	2014
0.26	200	7521	2862	2658	636	43075	256	10000000	100                              	2	400	35675968	12238902	2004
0.26	200	5431	2366	1913	497	41917	256	10000000	100                              	2	400	35417539	10930130	2016
0.26	200	5660	2672	1975	562	41979	256	10000000	100                              	2	400	37740893	9288134	1620
0.26	200	6650	2714	2345	591	42561	256	10000000	100                              	2	400	37876365	9766938	1614
0.26	200	7145	3312	2591	650	42963	256	10000000	100                              	2	400	36999059	11456495	2006
0.26	200	6099	2597	2225	583	42394	256	10000000	100                              	2	400	36158825	11223301	1616
0.26	200	6455	2993	2250	641	42403	256	10000000	100                              	2	400	37360315	11081588	1612
0.26	200	6263	2705	2240	571	42411	256	10000000	100                              	2	400	35535522	11511287	2026
0.26	200	7723	3013	2670	575	43096	256	10000000	100                              	2	400	32082380	14949523	2016
0.26	200	5743	2722	2071	606	42147	256	10000000	100                              	2	400	34370411	13010839	2406
0.26	200	6248	2649	2198	577	42360	256	10000000	100                              	2	400	36391333	10896982	1608
0.26	200	6483	2703	2204	531	42348	256	10000000	100                              	2	400	33161036	13810982	2038
0.26	200	6992	2716	2496	588	42816	256	10000000	100                              	2	400	35664204	11598288	2022
0.26	200	6232	2683	2095	569	42180	256	10000000	100                              	2	400	34454805	13336827	2014
0.26	200	5829	2586	2068	533	42149	256	10000000	100                              	2	400	35775398	10950175	1620
0.26	200	7154	3102	2553	679	42912	256	10000000	100                              	2	400	36266098	12051255	1622
0.26	200	6811	3010	2416	692	42700	256	10000000	100                              	2	400	39363780	9543711	2008
0.26	200	6012	2829	2081	593	42168	256	10000000	100                              	2	400	36775439	10953936	1614
0.26	200	7775	3076	2766	626	43253	256	10000000	100                              	2	400	37178350	10725409	2010
0.26	200	6459	3461	2293	753	42490	256	10000000	100                              	2	400	37324779	12443319	1616
0.26	200	8075	3206	2814	642	43316	256	10000000	100                              	2	400	34714606	13755751	2026
0.26	200	6233	2924	2212	686	42396	256	10000000	100                              	2	400	37596565	11209270	2030
0.26	200	5676	2576	2081	580	42149	256	10000000	100                              	2	400	35376943	11749927	1636
0.26	200	5907	2600	2120	561	42224	256	10000000	100                              	2	400	36737743	10656509	1610
0.26	200	7001	2853	2435	627	42711	256	10000000	100                              	2	400	37068801	10417205	1618
0.26	200	6425	2809	2260	646	42445	256	10000000	100                              	2	400	34734182	13735007	2008
0.26	200	6420	3011	2196	618	42353	256	10000000	100                              	2	400	37937351	10370858	2008
0.26	200	6255	2601	2152	529	42261	256	10000000	100                              	2	400	35575185	11241592	1630
0.26	200	5908	2305	2054	452	42104	256	10000000	100                              	2	400	36105382	9778941	2012
0.26	200	6519	2886	2361	580	42605	256	10000000	100                              	2	400	37289406	9933917	1630
0.26	200	6753	3182	2471	708	42779	256	10000000	100                              	2	400	37041913	11596285	1618
0.26	200	5739	2632	2028	572	42080	256	10000000	100                              	2	400	35814242	11119640	2012
0.26	200	6629	2507	2353	558	42602	256	10000000	100                              	2	400	33503370	12822925	2026
0.26	200	6511	2848	2261	622	42439	256	10000000	100                              	2	400	35546191	12425219	1628
0.26	200	6612	3239	2268	674	42466	256	10000000	100                              	2	400	37231104	12421583	2008
0.26	200	5812	2847	2120	616	42227	256	10000000	100                              	2	400	37487947	10312796	2404
0.26	200	5968	2506	2131	524	42238	256	10000000	100                              	2	400	36075616	10804997	2002
0.26	200	7648	3446	2780	722	43270	256	10000000	100                              	2	400	34285184	14948742	2012
0.26	200	7875	2820	2719	558	43156	256	10000000	100                              	2	400	31732995	16041597	2020
0.26	200	5695	2391	2016	533	42047	256	10000000	100                              	2	400	36323667	10324357	1616
0.26	200	6135	3010	2083	650	42176	256	10000000	100                              	2	400	36028753	12481225	1618
0.26	200	6701	3004	2494	708	42819	256	10000000	100                              	2	400	38282583	10698766	2024
0.26	200	7263	2915	2509	604	42822	256	10000000	100                              	2	400	33199816	14523331	2020
0.26	200	6725	3011	2272	632	42475	256	10000000	100                              	2	400	37146135	11090857	1616
0.26	200	7101	2911	2527	664	42884	256	10000000	100                              	2	400	35072458	13337130	1620
0.26	200	5864	2717	2063	572	42135	256	10000000	100                              	2	400	38757816	8538448	1620
0.26	200	6280	2520	2222	571	42391	256	10000000	100                              	2	400	34992142	11908454	2016
0.26	200	5840	2444	2111	529	42202	256	10000000	100                              	2	400	36277383	10872072	1624
0.26	200	6197	3116	2136	680	42245	256	10000000	100                              	2	400	37680967	11280171	1622
0.26	200	6799	2899	2305	564	42527	256	10000000	100                              	2	400	38264171	9803065	1622
0.26	200	8615	3263	3125	669	43823	256	10000000	100                              	2	400	34569423	13409325	2012
0.26	200	6096	2732	2217	628	42366	256	10000000	100                              	2	400	34556253	13236523	2012
0.26	200	6951	2845	2552	621	42913	256	10000000	100                              	2	400	38386622	9316280	1616
0.26	200	6897	2888	2425	648	42709	256	10000000	100                              	2	400	37671645	10807688	1614
0.26	200	6155	2534	2179	555	42299	256	10000000	100                              	2	400	34037450	12905565	2018
0.26	200	6080	2629	2112	598	42201	256	10000000	100                              	2	400	35846874	11954088	1616
0.26	200	6379	2959	2250	619	42433	256	10000000	100                              	2	400	37450317	10728943	1646
0.26	200	6777	3191	2226	655	42390	256	10000000	100                              	2	400	39436031	9340614	1624
0.26	200	8001	2821	2805	606	43310	256	10000000	100                              	2	400	34063348	14049733	2032
0.26	200	5859	2707	2082	571	42169	256	10000000	100                              	2	400	35438035	11804606	1634
0.26	200	6900	3107	2378	614	42624	256	10000000	100                              	2	400	31193105	16734766	2030
0.26	200	6533	2585	2304	516	42506	256	10000000	100                              	2	400	35880929	10791259	1620
0.26	200	5843	2716	2020	580	42058	256	10000000	100                              	2	400	36921875	10378625	1612
0.26	200	6480	3146	2272	669	42462	256	10000000	100                              	2	400	36771438	12229242	1620
0.26	200	6481	3011	2260	587	42451	256	10000000	100                              	2	400	35128104	12510267	1616
0.26	200	7013	2950	2470	646	42788	256	10000000	100                              	2	400	38872659	9482489	2006
0.26	200	6752	2452	2353	527	42585	256	10000000	100                              	2	400	33293036	13531034	2022
0.26	200	5446	2314	2026	546	42083	256	10000000	100                              	2	400	36162841	10479255	1616
0.26	200	6323	2698	2147	566	42267	256	10000000	100                              	2	400	35353805	12041261	1638
0.26	200	6423	2472	2298	542	42516	256	10000000	100                              	2	400	35552212	11126700	1620
0.26	200	7162	3191	2548	690	42905	256	10000000	100                              	2	400	34930372	14236985	2008
0.26	200	6860	3086	2412	667	42678	256	10000000	100                              	2	400	38736983	9664949	1640
0.26	200	6117	3108	2168	688	42321	256	10000000	100                              	2	400	36225039	12547489	1614
0.26	200	6069	2785	2077	573	42175	256	10000000	100                              	2	400	37480077	10165646	1616
0.26	200	5870	2604	2070	549	42126	256	10000000	100                              	2	400	36022027	10331284	1620
0.26	200	7071	3115	2544	663	42904	256	10000000	100                              	2	400	32341575	16066646	2022
0.26	200	5949	2758	2100	610	42183	256	10000000	100                              	2	400	36259712	12173458	1620
0.26	200	5997	2643	2065	596	42152	256	10000000	100                              	2	400	36755257	10365630	1624
0.26	200	5245	2590	1809	534	41745	256	10000000	100                              	2	400	36581653	10162696	1610
0.26	200	7272	3383	2613	694	42998	256	10000000	100                              	2	400	40302679	9256408	2002
0.26	200	7970	3234	2756	606	43232	256	10000000	100                              	2	400	34704196	13291472	2002
0.26	200	6103	2794	2113	640	42205	256	10000000	100                              	2	400	34981299	12993865	2000
0.26	200	6061	2832	2115	636	42222	256	10000000	100                              	2	400	34546050	13376393	1618
0.5	200	3908	1512	3931	972	45038	256	10000000	100                              	2	400	25176056	21531319	2812
0.5	200	3647	1381	3564	868	44459	256	10000000	100                              	2	400	20310870	25628824	2824
0.5	200	4030	1546	4077	991	45271	256	10000000	100                              	2	400	22757594	23909253	3204
0.5	200	4360	1561	4467	1080	45885	256	10000000	100                              	2	400	23725514	23545191	3220
0.5	200	4191	1545	4253	989	45547	256	10000000	100                              	2	400	23374951	23383607	3222
0.5	200	3856	1508	3894	1023	44970	256	10000000	100                              	2	400	23644341	23178935	3206
0.5	200	4033	1662	4039	996	45218	256	10000000	100                              	2	400	23031594	23635720	2808
0.5	200	3828	1771	3917	1272	45013	256	10000000	100                              	2	400	27889161	21045538	2818
0.5	200	3916	1414	3852	926	44921	256	10000000	100                              	2	400	22422001	23664536	2814
0.5	200	4864	1754	4877	1171	46526	256	10000000	100                              	2	400	20890257	27096397	4438
0.5	200	4469	1683	4601	1183	46100	256	10000000	100                              	2	400	22586165	25241903	2828
0.5	200	4196	1591	4307	1033	45635	256	10000000	100                              	2	400	22072446	25305587	3220
0.5	200	3847	1706	3950	1046	45066	256	10000000	100                              	2	400	27417690	19894004	2804
0.5	200	3559	1513	3543	994	44437	256	10000000	100                              	2	400	24152240	22659414	2820
0.5	200	3491	1548	3502	1081	44371	256	10000000	100                              	2	400	22685812	25177604	3206
0.5	200	4752	1642	4740	995	46309	256	10000000	100                              	2	400	17957256	28390042	3218
0.5	200	4213	1834	4216	1185	45488	256	10000000	100                              	2	400	27679234	20038998	2418
0.5	200	4456	1907	4483	1218	45907	256	10000000	100                              	2	400	24794770	23940707	3212
0.5	200	3866	1544	3890	1058	44951	256	10000000	100                              	2	400	26278085	21105327	2808
0.5	200	4065	1823	4018	1229	45183	256	10000000	100                              	2	400	24409128	24209568	3222
0.5	200	5233	1883	5254	1147	47115	256	10000000	100                              	2	400	29571495	18187850	3216
0.5	200	5014	1894	4951	1215	46645	256	10000000	100                              	2	400	24313973	24281363	3616
0.5	200	4098	1478	4170	1058	45422	256	10000000	100                              	2	400	19458647	27945592	3224
0.5	200	4130	1754	3982	1107	45116	256	10000000	100                              	2	400	28973745	18760125	2806
0.5	200	3888	1491	3894	966	44999	256	10000000	100                              	2	400	24580411	21443927	2812
0.5	200	4245	1669	4279	1108	45577	256	10000000	100                              	2	400	25655482	21809846	2818
0.5	200	3854	1664	3859	1127	44903	256	10000000	100                              	2	400	24111211	23524136	2810
0.5	200	3675	1514	3745	1017	44744	256	10000000	100                              	2	400	22252711	24722256	3204
0.5	200	4620	1639	4576	1086	46060	256	10000000	100                              	2	400	23095780	24169688	2816
0.5	200	4179	1667	4102	1074	45307	256	10000000	100                              	2	400	23900938	23279631	2808
0.5	200	4770	1880	4768	1306	46342	256	10000000	100                              	2	400	25945218	22955269	2820
0.5	200	3904	1538	3926	1017	45038	256	10000000	100                              	2	400	28554527	18558208	2816
0.5	200	3413	1374	3629	978	44572	256	10000000	100                              	2	400	26915040	19953596	3210
0.5	200	4536	1766	4455	1075	45866	256	10000000	100                              	2	400	25758090	21589657	2810
0.5	200	3937	1662	3882	1057	44947	256	10000000	100                              	2	400	31511275	16012535	2826
0.5	200	4197	1496	4016	961	45194	256	10000000	100                              	2	400	20631461	25920170	3208
0.5	200	4770	1577	4727	1051	46296	256	10000000	100                              	2	400	25920307	21401318	2820
0.5	200	4400	1446	4446	951	45847	256	10000000	100                              	2	400	24871389	21144345	3226
0.5	200	6078	2073	6053	1344	48360	256	10000000	100                              	2	400	21531137	28179850	4020
0.5	200	3874	1451	3893	1033	44981	256	10000000	100                              	2	400	24924470	22356470	3214
0.5	200	4098	1378	4208	904	45467	256	10000000	100                              	2	400	22687101	23103140	3218
0.5	200	3709	1362	3763	977	44769	256	10000000	100                              	2	400	24621973	21642931	2822
0.5	200	3731	1461	3576	908	44489	256	10000000	100                              	2	400	26027385	20016299	2810
0.5	200	5051	1648	5125	1020	46895	256	10000000	100                              	2	400	27298133	19710217	2814
0.5	200	4219	1624	4216	970	45470	256	10000000	100                              	2	400	29101995	17618776	2418
0.5	200	4021	1502	4067	998	45254	256	10000000	100                              	2	400	23649094	22665023	2806
0.5	200	4149	1554	4206	1075	45470	256	10000000	100                              	2	400	22296858	24980047	3604
0.5	200	4621	1577	4642	1035	46155	256	10000000	100                              	2	400	23506704	23391747	3604
0.5	200	3960	1566	4003	1105	45154	256	10000000	100                              	2	400	25687956	21643909	3220
0.5	200	3646	1391	3688	904	44646	256	10000000	100                              	2	400	23860595	22357011	2804
0.5	200	3559	1401	3549	915	44450	256	10000000	100                              	2	400	23906747	22316769	3202
0.5	200	4093	1510	4251	1044	45536	256	10000000	100                              	2	400	24172538	22811828	3210
0.5	200	4106	1452	4108	950	45309	256	10000000	100                              	2	400	22295620	23947585	2818
0.5	200	3829	1472	3980	985	45101	256	10000000	100                              	2	400	28113436	18473567	2816
0.5	200	3860	1525	3952	1028	45048	256	10000000	100                              	2	400	21235232	26064296	2814
0.5	200	4247	1651	4150	1005	45384	256	10000000	100                              	2	400	29616348	17579624	2820
0.5	200	3925	1453	3891	979	44973	256	10000000	100                              	2	400	23085463	23557422	3218
0.5	200	4260	1653	4310	1065	45636	256	10000000	100                              	2	400	24423946	22832437	2818
0.5	200	3750	1314	3676	910	44630	256	10000000	100                              	2	400	20582018	25298313	2820
0.5	200	3600	1449	3583	969	44483	256	10000000	100                              	2	400	24837078	21437530	3214
0.5	200	4231	1886	4299	1228	45612	256	10000000	100                              	2	400	28228813	19877394	2816
0.5	200	3833	1522	3819	1018	44863	256	10000000	100                              	2	400	20614130	26368866	3612
0.5	200	3516	1432	3508	941	44365	256	10000000	100                              	2	400	28346476	18052861	2414
0.5	200	4289	1370	4210	866	45492	256	10000000	100                              	2	400	21893732	23644038	2814
0.5	200	3742	1682	3528	1051	44397	256	10000000	100                              	2	400	20289983	27537082	3214
0.5	200	4082	1709	3913	1054	45018	256	10000000	100                              	2	400	27512322	19479427	2808
0.5	200	4181	1705	4347	1148	45680	256	10000000	100                              	2	400	26975316	20864602	2416
0.5	200	3807	1447	3777	903	44781	256	10000000	100                              	2	400	28394174	17757361	2410
0.5	200	3866	1504	3764	948	44771	256	10000000	100                              	2	400	29553241	17089801	2808
0.5	200	4597	1723	4607	1103	46093	256	10000000	100                              	2	400	22238930	25220215	3618
0.5	200	4289	1630	4241	1066	45511	256	10000000	100                              	2	400	25960222	21414825	2810
0.5	200	4173	1697	4213	1103	45464	256	10000000	100                              	2	400	24793426	23249003	2836
0.5	200	3714	1560	3705	1012	44669	256	10000000	100                              	2	400	26282187	20676328	2416
0.5	200	3490	1343	3438	859	44250	256	10000000	100                              	2	400	22697339	22997890	3212
0.5	200	3579	1546	3568	1080	44452	256	10000000	100                              	2	400	25558496	22170473	2812
0.5	200	3723	1562	3826	1084	44869	256	10000000	100                              	2	400	29277448	18331284	2818
0.5	200	4362	1783	4542	1133	46021	256	10000000	100                              	2	400	25283086	22354221	3206
0.5	200	4725	1738	4650	1042	46164	256	10000000	100                              	2	400	21579162	25362867	3618
0.5	200	4239	1563	4308	996	45629	256	10000000	100                              	2	400	22705986	23924515	2814
0.5	200	4481	1721	4338	950	45680	256	10000000	100                              	2	400	27986374	18436099	3204
0.5	200	4260	1577	4281	999	45596	256	10000000	100                              	2	400	28227398	18309340	2818
0.5	200	4357	1642	4427	1082	45815	256	10000000	100                              	2	400	23247396	23738858	3208
0.5	200	4307	1582	4177	1036	45406	256	10000000	100                              	2	400	28706087	18306395	2826
0.5	200	4294	1679	4234	1086	45502	256	10000000	100                              	2	400	26370764	21249881	2810
0.5	200	3785	1648	3671	1024	44634	256	10000000	100                              	2	400	22035537	25257787	2814
0.5	200	3888	1594	3844	1079	44895	256	10000000	100                              	2	400	21509468	26086625	3232
0.5	200	4429	1575	4383	1072	45752	256	10000000	100                              	2	400	21987305	25147793	2816
0.5	200	4520	1723	4444	1143	45843	256	10000000	100                              	2	400	23725707	23989358	3216
0.5	200	4192	1525	4029	889	45180	256	10000000	100                              	2	400	23127903	22871014	3214
0.5	200	3931	1474	3970	987	45089	256	10000000	100                              	2	400	29085579	17947099	3616
0.5	200	3996	1490	4063	975	45231	256	10000000	100                              	2	400	22334590	24019154	3620
0.5	200	4016	1693	4056	1193	45228	256	10000000	100                              	2	400	31052301	17191318	2414
0.5	200	5016	2232	5019	1410	46726	256	10000000	100                              	2	400	22678486	27418602	3218
0.5	200	3889	1792	3977	1234	45123	256	10000000	100                              	2	400	27384170	21083612	3208
0.5	200	3891	1489	4129	964	45337	256	10000000	100                              	2	400	21790234	24969222	3210
0.5	200	3911	1581	3885	1015	44961	256	10000000	100                              	2	400	24421264	22582323	3618
0.5	200	4498	1766	4431	1129	45829	256	10000000	100                              	2	400	24920964	23384869	3224
0.5	200	4080	1680	4012	1000	45156	256	10000000	100                              	2	400	29239386	17848385	2810
0.5	200	4464	1741	4598	1209	46071	256	10000000	100                              	2	400	22176834	25872944	3220
0.5	200	3760	1462	3787	1016	44804	256	10000000	100                              	2	400	25251944	21800817	2814
