0.02	200	4627	1237	97	51	313848	32	10000000	100                              	2	400	28192231	4997186	784
0.02	200	5601	1150	114	56	314192	32	10000000	100                              	2	400	25530651	4988551	662
0.02	200	6038	1222	108	60	314122	32	10000000	100                              	2	400	25495435	5007595	766
0.02	200	6791	1877	125	71	314327	32	10000000	100                              	2	400	28684351	4973831	668
0.02	200	6325	1306	127	62	314392	32	10000000	100                              	2	400	26013250	5029510	656
0.02	200	3907	1243	100	53	313885	32	10000000	100                              	2	400	27445860	4981127	1098
0.02	200	6771	1445	145	62	314579	32	10000000	100                              	2	400	27639746	5026966	746
0.02	200	4771	1330	103	55	313989	32	10000000	100                              	2	400	25538668	4978360	984
0.02	200	7178	1573	141	74	314657	32	10000000	100                              	2	400	28313002	5030802	792
0.02	200	5330	1336	106	62	314056	32	10000000	100                              	2	400	26988420	5030567	726
0.02	200	5668	1270	114	61	314141	32	10000000	100                              	2	400	28674623	4983213	686
0.02	200	4309	1334	114	60	314082	32	10000000	100                              	2	400	26547453	4982380	584
0.02	200	4221	1233	103	49	313963	32	10000000	100                              	2	400	26993454	4986036	606
0.02	200	5605	1280	114	58	314195	32	10000000	100                              	2	400	27873906	5035521	734
0.02	200	6727	1425	144	78	314539	32	10000000	100                              	2	400	26899223	4986023	660
0.02	200	6841	1619	142	59	314551	32	10000000	100                              	2	400	27613435	4984701	776
0.02	200	5870	1885	123	69	314362	32	10000000	100                              	2	400	29810467	4973870	620
0.02	200	7035	1659	147	83	314680	32	10000000	100                              	2	400	28093880	5215157	866
0.02	200	6055	1443	122	59	314289	32	10000000	100                              	2	400	26087396	4973757	698
0.02	200	5158	1094	103	47	313933	32	10000000	100                              	2	400	26420003	4985624	606
0.02	200	5167	1221	111	53	314019	32	10000000	100                              	2	400	25222994	4985978	792
0.02	200	6207	1465	112	59	314190	32	10000000	100                              	2	400	26140570	4973982	878
0.02	200	7615	2078	172	90	315035	32	10000000	100                              	2	400	31626146	4972633	854
0.02	200	4534	1196	95	49	313877	32	10000000	100                              	2	400	28439743	5032024	686
0.02	200	5555	1313	114	54	314122	32	10000000	100                              	2	400	27640945	5032581	620
0.02	200	7905	1909	145	86	314662	32	10000000	100                              	2	400	27543139	4966204	670
0.02	200	6141	1657	122	75	314243	32	10000000	100                              	2	400	27869355	4976321	592
0.02	200	5519	1537	115	57	314152	32	10000000	100                              	2	400	26689492	4994174	644
0.02	200	6513	1594	128	64	314401	32	10000000	100                              	2	400	26748263	4992691	646
0.02	200	4988	932	88	42	313781	32	10000000	100                              	2	400	24967283	5044102	590
0.02	200	5820	1489	129	70	314358	32	10000000	100                              	2	400	27710175	5000705	734
0.02	200	6497	1604	139	76	314528	32	10000000	100                              	2	400	26063791	4985888	574
0.02	200	3896	987	80	39	313592	32	10000000	100                              	2	400	24534144	4989526	680
0.02	200	6912	1591	133	66	314485	32	10000000	100                              	2	400	27739185	5044076	654
0.02	200	5091	1551	113	60	314062	32	10000000	100                              	2	400	28295687	4976542	700
0.02	200	4364	1042	93	46	313803	32	10000000	100                              	2	400	27307455	5048359	702
0.02	200	6358	1077	122	63	314311	32	10000000	100                              	2	400	27699832	5063859	598
0.02	200	6343	1623	135	71	314509	32	10000000	100                              	2	400	27771819	4979341	648
0.02	200	5473	1416	121	64	314212	32	10000000	100                              	2	400	28207922	5036575	724
0.02	200	5264	1284	106	52	314077	32	10000000	100                              	2	400	26826060	5031532	722
0.02	200	5141	1269	105	58	313967	32	10000000	100                              	2	400	26692013	4989330	572
0.02	200	4091	841	80	34	313659	32	10000000	100                              	2	400	25353497	5000616	776
0.02	200	6810	1586	129	73	314379	32	10000000	100                              	2	400	27946391	4975129	898
0.02	200	7526	1703	133	80	314515	32	10000000	100                              	2	400	27715815	4970129	766
0.02	200	6038	1195	108	57	314104	32	10000000	100                              	2	400	27142869	4975090	626
0.02	200	7105	1393	137	67	314571	32	10000000	100                              	2	400	25974872	4972926	838
0.02	200	5160	1349	104	44	313982	32	10000000	100                              	2	400	28822957	5029947	618
0.02	200	5342	1525	115	60	314118	32	10000000	100                              	2	400	28158531	4976533	574
0.02	200	6019	1475	106	54	314030	32	10000000	100                              	2	400	27868987	4979282	640
0.02	200	7731	1543	153	74	314761	32	10000000	100                              	2	400	27091301	4966669	630
0.02	200	6298	1688	118	72	314197	32	10000000	100                              	2	400	28910650	5051676	584
0.02	200	6549	1840	134	78	314414	32	10000000	100                              	2	400	29657149	4971578	676
0.02	200	4320	1295	104	56	313929	32	10000000	100                              	2	400	27646029	5208118	764
0.02	200	5285	1005	103	47	313994	32	10000000	100                              	2	400	26354932	5051526	798
0.02	200	6356	1067	118	52	314233	32	10000000	100                              	2	400	25924748	4973832	826
0.02	200	4329	1073	101	47	313923	32	10000000	100                              	2	400	26035367	4984202	600
0.02	200	5462	2084	122	58	314265	32	10000000	100                              	2	400	29807715	4975051	558
0.02	200	6528	1461	130	60	314364	32	10000000	100                              	2	400	29311505	4973087	672
0.02	200	6073	1473	141	60	314494	32	10000000	100                              	2	400	27154522	4977443	598
0.02	200	6810	1611	143	75	314579	32	10000000	100                              	2	400	28857807	5368896	890
0.02	200	6201	1695	132	64	314412	32	10000000	100                              	2	400	27062296	4972154	642
0.02	200	6283	1386	122	56	314297	32	10000000	100                              	2	400	25339768	6332081	784
0.02	200	5349	1043	109	51	314062	32	10000000	100                              	2	400	25400829	4976563	604
0.02	200	4685	1117	109	54	314001	32	10000000	100                              	2	400	26558197	4980650	742
0.02	200	6031	1387	129	63	314327	32	10000000	100                              	2	400	27606492	5052806	634
0.02	200	5861	1372	141	72	314493	32	10000000	100                              	2	400	27648893	4981804	642
0.02	200	4863	1164	103	51	314020	32	10000000	100                              	2	400	25917377	4977256	594
0.02	200	6069	1579	127	64	314296	32	10000000	100                              	2	400	27195381	4978324	804
0.02	200	5046	1217	113	54	314118	32	10000000	100                              	2	400	27063289	4977779	606
0.02	200	5986	1512	105	56	314054	32	10000000	100                              	2	400	27587947	4979962	756
0.02	200	6907	1713	144	76	314592	32	10000000	100                              	2	400	27791900	4978248	594
0.02	200	5512	1576	107	56	314025	32	10000000	100                              	2	400	27925569	5099956	662
0.02	200	5611	1257	111	56	314091	32	10000000	100                              	2	400	26974055	4997437	910
0.02	200	5917	1460	128	71	314338	32	10000000	100                              	2	400	27372392	5076708	976
0.02	200	3099	726	60	23	313279	32	10000000	100                              	2	400	25076180	5180150	722
0.02	200	5480	1436	121	72	314223	32	10000000	100                              	2	400	28542393	4974141	910
0.02	200	7317	2052	160	85	314855	32	10000000	100                              	2	400	31011997	4978638	650
0.02	200	5278	1412	117	63	314199	32	10000000	100                              	2	400	28135950	5083660	654
0.02	200	5102	1178	101	50	313986	32	10000000	100                              	2	400	24439220	5160611	658
0.02	200	4780	1185	96	50	313866	32	10000000	100                              	2	400	25843529	4980846	604
0.02	200	5222	1396	122	65	314207	32	10000000	100                              	2	400	27161902	4996712	844
0.02	200	4383	1504	95	53	313897	32	10000000	100                              	2	400	28936708	5009960	618
0.02	200	5689	1609	119	70	314224	32	10000000	100                              	2	400	25948399	5053149	816
0.02	200	7555	1340	137	60	314479	32	10000000	100                              	2	400	26399193	5090030	796
0.02	200	5858	1144	121	53	314201	32	10000000	100                              	2	400	26504401	4992237	628
0.02	200	5759	1201	105	58	314036	32	10000000	100                              	2	400	26676481	4986294	706
0.02	200	5137	1251	105	54	314037	32	10000000	100                              	2	400	25805958	4976987	624
0.02	200	5042	1205	105	55	314007	32	10000000	100                              	2	400	27928314	4981739	730
0.02	200	6827	1461	134	64	314474	32	10000000	100                              	2	400	27920602	4993990	704
0.02	200	4815	1234	102	64	314026	32	10000000	100                              	2	400	24794154	4985371	620
0.02	200	5869	1324	132	65	314364	32	10000000	100                              	2	400	25974444	4991028	612
0.02	200	6378	1374	130	66	314360	32	10000000	100                              	2	400	25744605	5046420	772
0.02	200	5867	1403	124	56	314297	32	10000000	100                              	2	400	27050687	4978259	722
0.02	200	4803	1143	106	49	313996	32	10000000	100                              	2	400	25536870	4976911	812
0.02	200	4258	989	106	47	313948	32	10000000	100                              	2	400	27016272	5787326	662
0.02	200	6409	1436	115	61	314272	32	10000000	100                              	2	400	27003722	4972856	738
0.02	200	4080	1472	99	58	313837	32	10000000	100                              	2	400	25612992	5044287	1050
0.02	200	5593	1191	107	51	314033	32	10000000	100                              	2	400	24926456	4980739	690
0.02	200	4462	1546	101	52	313917	32	10000000	100                              	2	400	29980792	5250579	862
0.02	200	3915	996	92	56	313786	32	10000000	100                              	2	400	26509279	5035381	676
0.26	200	599	315	204	83	314901	32	10000000	100                              	2	400	23309481	6591974	1212
0.26	200	525	282	162	72	314322	32	10000000	100                              	2	400	20144675	10159462	1210
0.26	200	855	518	257	121	315634	32	10000000	100                              	2	400	22333453	9658496	1206
0.26	200	851	580	305	156	316180	32	10000000	100                              	2	400	22377578	9959768	812
0.26	200	714	385	224	101	315135	32	10000000	100                              	2	400	22813069	8000670	1206
0.26	200	631	367	220	92	315067	32	10000000	100                              	2	400	24604609	6579153	1202
0.26	200	647	409	230	104	315170	32	10000000	100                              	2	400	22351822	8023094	1206
0.26	200	739	466	279	141	315844	32	10000000	100                              	2	400	21382234	10548005	1220
0.26	200	733	374	267	94	315680	32	10000000	100                              	2	400	24121064	7742284	1624
0.26	200	742	428	277	112	315841	32	10000000	100                              	2	400	20528315	9320129	1218
0.26	200	813	493	294	132	316079	32	10000000	100                              	2	400	24092386	7528554	1604
0.26	200	495	296	200	98	314800	32	10000000	100                              	2	400	21114501	7813610	1212
0.26	200	741	437	249	128	315441	32	10000000	100                              	2	400	25587207	7740963	1212
0.26	200	763	420	303	122	316168	32	10000000	100                              	2	400	18418796	12620988	1618
0.26	200	726	392	230	89	315243	32	10000000	100                              	2	400	24067246	6443886	1206
0.26	200	554	385	202	99	314779	32	10000000	100                              	2	400	22550452	8885601	1606
0.26	200	586	312	190	78	314703	32	10000000	100                              	2	400	22440821	7944057	1210
0.26	200	645	412	223	120	315153	32	10000000	100                              	2	400	23333696	9854368	1206
0.26	200	654	370	205	84	314916	32	10000000	100                              	2	400	21277211	9216120	1214
0.26	200	532	307	184	77	314638	32	10000000	100                              	2	400	18700509	9944311	1214
0.26	200	817	433	281	112	315857	32	10000000	100                              	2	400	22726408	9196418	1230
0.26	200	758	405	231	86	315213	32	10000000	100                              	2	400	19907474	10044191	1626
0.26	200	655	329	228	91	315186	32	10000000	100                              	2	400	22868724	7026699	1610
0.26	200	660	365	239	107	315314	32	10000000	100                              	2	400	21356914	10017908	1606
0.26	200	723	374	254	95	315517	32	10000000	100                              	2	400	21652478	8812717	1206
0.26	200	498	298	185	85	314601	32	10000000	100                              	2	400	19806596	9729537	1212
0.26	200	499	303	170	78	314454	32	10000000	100                              	2	400	23438146	5880059	822
0.26	200	656	384	246	115	315402	32	10000000	100                              	2	400	25481163	7418721	1220
0.26	200	577	291	223	85	315087	32	10000000	100                              	2	400	21316793	8633013	1214
0.26	200	872	626	323	184	316395	32	10000000	100                              	2	400	26087729	8522563	1202
0.26	200	801	377	295	119	316009	32	10000000	100                              	2	400	19938010	10358407	1200
0.26	200	491	257	203	86	314898	32	10000000	100                              	2	400	20112809	9484443	1602
0.26	200	619	374	196	87	314767	32	10000000	100                              	2	400	20633916	9943667	1204
0.26	200	606	364	219	95	315018	32	10000000	100                              	2	400	19143231	11113876	1218
0.26	200	636	305	224	74	315111	32	10000000	100                              	2	400	21898574	8913214	1210
0.26	200	709	437	273	131	315730	32	10000000	100                              	2	400	25577599	7089898	1208
0.26	200	835	494	274	124	315724	32	10000000	100                              	2	400	23594467	8608419	1202
0.26	200	607	332	245	106	315406	32	10000000	100                              	2	400	22439883	8892961	1222
0.26	200	708	390	243	111	315403	32	10000000	100                              	2	400	22475576	9259834	1216
0.26	200	721	316	237	82	315269	32	10000000	100                              	2	400	21470963	8703485	1208
0.26	200	671	391	211	91	314999	32	10000000	100                              	2	400	22531187	8115413	848
0.26	200	520	324	187	97	314657	32	10000000	100                              	2	400	21234993	9110172	1222
0.26	200	740	388	281	113	315931	32	10000000	100                              	2	400	22993050	8524011	1608
0.26	200	629	347	232	95	315262	32	10000000	100                              	2	400	19486764	11727423	1208
0.26	200	629	311	213	78	314965	32	10000000	100                              	2	400	23244115	6222770	1200
0.26	200	674	281	238	80	315317	32	10000000	100                              	2	400	22022359	8284852	1206
0.26	200	736	392	222	89	315134	32	10000000	100                              	2	400	21434566	9220035	1212
0.26	200	727	338	264	102	315641	32	10000000	100                              	2	400	21954383	8676452	1214
0.26	200	668	472	236	119	315252	32	10000000	100                              	2	400	26677379	6977643	1204
0.26	200	610	303	214	72	315058	32	10000000	100                              	2	400	20076922	8362670	1202
0.26	200	581	348	231	102	315244	32	10000000	100                              	2	400	18686208	12266683	1222
0.26	200	665	366	246	107	315438	32	10000000	100                              	2	400	17509714	13139953	1610
0.26	200	596	325	193	89	314717	32	10000000	100                              	2	400	23018318	8137800	1218
0.26	200	704	434	231	100	315221	32	10000000	100                              	2	400	24994957	6879817	812
0.26	200	622	335	222	100	315072	32	10000000	100                              	2	400	20777210	9499002	1212
0.26	200	631	350	198	86	314787	32	10000000	100                              	2	400	22847787	7586974	822
0.26	200	676	360	261	109	315601	32	10000000	100                              	2	400	22207921	8297895	1212
0.26	200	728	366	268	127	315718	32	10000000	100                              	2	400	23361942	10327325	1204
0.26	200	699	414	248	110	315410	32	10000000	100                              	2	400	24060295	8182508	1204
0.26	200	702	417	215	108	315083	32	10000000	100                              	2	400	22056583	9448539	1202
0.26	200	539	352	191	107	314701	32	10000000	100                              	2	400	22691613	8440648	828
0.26	200	695	396	267	118	315642	32	10000000	100                              	2	400	23658538	7686525	1200
0.26	200	728	446	237	124	315291	32	10000000	100                              	2	400	21703517	9838606	1208
0.26	200	533	305	188	80	314727	32	10000000	100                              	2	400	19989522	8820335	1210
0.26	200	765	371	267	115	315700	32	10000000	100                              	2	400	19027512	12063972	1612
0.26	200	666	355	227	93	315199	32	10000000	100                              	2	400	21849320	9758146	1214
0.26	200	810	443	281	124	315886	32	10000000	100                              	2	400	22878209	9097705	1214
0.26	200	588	301	214	82	314952	32	10000000	100                              	2	400	19197842	10332630	1204
0.26	200	1084	505	357	99	316813	32	10000000	100                              	2	400	22762771	8436104	1614
0.26	200	717	367	227	105	315170	32	10000000	100                              	2	400	23010442	7903388	1210
0.26	200	747	352	280	101	315830	32	10000000	100                              	2	400	23766660	7718805	1618
0.26	200	683	405	233	104	315224	32	10000000	100                              	2	400	22924589	8834267	1612
0.26	200	660	341	212	94	314975	32	10000000	100                              	2	400	24458425	5954942	812
0.26	200	702	395	246	124	315394	32	10000000	100                              	2	400	19864237	12362752	1602
0.26	200	808	539	286	146	315907	32	10000000	100                              	2	400	25263875	7297081	1206
0.26	200	610	375	218	108	315084	32	10000000	100                              	2	400	21095453	10775913	1600
0.26	200	532	294	194	89	314711	32	10000000	100                              	2	400	19326438	10902505	1606
0.26	200	664	351	203	84	314894	32	10000000	100                              	2	400	22132668	7496057	1210
0.26	200	776	372	258	87	315644	32	10000000	100                              	2	400	19863643	9470069	1216
0.26	200	718	468	255	120	315564	32	10000000	100                              	2	400	24168097	6630551	1204
0.26	200	620	323	218	97	315078	32	10000000	100                              	2	400	24025597	6792263	1218
0.26	200	699	314	266	94	315668	32	10000000	100                              	2	400	21537788	9476085	1612
0.26	200	606	341	229	94	315216	32	10000000	100                              	2	400	22830373	7527098	1226
0.26	200	595	359	247	111	315410	32	10000000	100                              	2	400	21127067	11547517	1606
0.26	200	660	432	218	121	315062	32	10000000	100                              	2	400	24727178	8170472	808
0.26	200	677	371	236	94	315278	32	10000000	100                              	2	400	22834096	7848531	1610
0.26	200	543	336	202	95	314879	32	10000000	100                              	2	400	22999162	7848657	1204
0.26	200	624	318	236	92	315282	32	10000000	100                              	2	400	21429934	8757105	1210
0.26	200	724	320	236	70	315235	32	10000000	100                              	2	400	21662559	7524135	1232
0.26	200	604	351	194	96	314786	32	10000000	100                              	2	400	22364018	8611131	1210
0.26	200	639	385	243	106	315366	32	10000000	100                              	2	400	23132029	8996643	1204
0.26	200	619	339	225	104	315102	32	10000000	100                              	2	400	22043132	8998067	1206
0.26	200	566	330	203	81	314799	32	10000000	100                              	2	400	19485042	9122823	1608
0.26	200	754	399	257	118	315572	32	10000000	100                              	2	400	20476729	11449615	1218
0.26	200	671	322	273	122	315701	32	10000000	100                              	2	400	18822854	11384246	1214
0.26	200	642	334	197	74	314801	32	10000000	100                              	2	400	23620877	7106785	810
0.26	200	761	449	272	124	315750	32	10000000	100                              	2	400	20367835	9773430	1204
0.26	200	555	267	192	70	314681	32	10000000	100                              	2	400	21086931	7529060	852
0.26	200	845	450	262	101	315625	32	10000000	100                              	2	400	21539079	10303545	1200
0.26	200	678	440	226	111	315126	32	10000000	100                              	2	400	24371241	7424953	1210
0.5	200	348	184	364	151	316929	32	10000000	100                              	2	400	15652400	14917702	1602
0.5	200	414	219	426	150	317645	32	10000000	100                              	2	400	17060924	12033338	1604
0.5	200	272	161	279	119	315812	32	10000000	100                              	2	400	14665705	14321239	1608
0.5	200	343	204	348	131	316688	32	10000000	100                              	2	400	16091133	13515908	2006
0.5	200	607	271	586	216	319649	32	10000000	100                              	2	400	16221099	16256193	3212
0.5	200	332	176	331	133	316437	32	10000000	100                              	2	400	16235746	12697105	1606
0.5	200	380	227	394	187	317242	32	10000000	100                              	2	400	13492117	16951930	2006
0.5	200	368	220	388	188	317175	32	10000000	100                              	2	400	18039836	12888755	2008
0.5	200	426	224	391	165	317231	32	10000000	100                              	2	400	17236654	13349738	1610
0.5	200	580	227	533	142	318990	32	10000000	100                              	2	400	8718527	21108895	3226
0.5	200	518	254	501	193	318581	32	10000000	100                              	2	400	18714273	14008243	2412
0.5	200	476	302	475	219	318240	32	10000000	100                              	2	400	17196960	13782603	1608
0.5	200	453	224	422	152	317594	32	10000000	100                              	2	400	12456219	16885754	2408
0.5	200	355	216	347	159	316627	32	10000000	100                              	2	400	18946335	11683172	1604
0.5	200	388	210	368	141	316940	32	10000000	100                              	2	400	17569657	12504192	2412
0.5	200	364	234	374	155	316988	32	10000000	100                              	2	400	16201098	15038339	1610
0.5	200	395	230	386	167	317167	32	10000000	100                              	2	400	12980464	17901206	2012
0.5	200	548	269	514	190	318701	32	10000000	100                              	2	400	13289728	17872453	2408
0.5	200	406	216	397	140	317230	32	10000000	100                              	2	400	14416555	15994351	2806
0.5	200	343	180	374	136	316982	32	10000000	100                              	2	400	12828787	16953743	2400
0.5	200	524	259	484	183	318334	32	10000000	100                              	2	400	16000987	16382285	2004
0.5	200	542	347	505	282	318674	32	10000000	100                              	2	400	15781034	19018232	1614
0.5	200	356	221	326	172	316433	32	10000000	100                              	2	400	20724608	10803092	1602
0.5	200	533	297	583	263	319629	32	10000000	100                              	2	400	11114220	20874259	2804
0.5	200	420	246	386	197	317141	32	10000000	100                              	2	400	19462483	12517886	2008
0.5	200	465	299	439	228	317834	32	10000000	100                              	2	400	15709301	17930889	2012
0.5	200	341	200	345	158	316650	32	10000000	100                              	2	400	16054476	14121861	1610
0.5	200	360	240	345	200	316585	32	10000000	100                              	2	400	18472927	13276094	1214
0.5	200	441	260	455	214	318026	32	10000000	100                              	2	400	14077097	17565504	2002
0.5	200	541	314	532	228	318945	32	10000000	100                              	2	400	15274069	17939471	2004
0.5	200	367	188	355	110	316749	32	10000000	100                              	2	400	18788793	11312092	1214
0.5	200	425	271	428	189	317691	32	10000000	100                              	2	400	19812133	10964493	1604
0.5	200	378	198	384	169	317043	32	10000000	100                              	2	400	17039982	13890032	1608
0.5	200	509	224	579	190	319489	32	10000000	100                              	2	400	16210410	14608966	2404
0.5	200	554	261	492	190	318448	32	10000000	100                              	2	400	19119768	13361595	2814
0.5	200	385	183	401	147	317332	32	10000000	100                              	2	400	15479933	13669476	2406
0.5	200	458	252	489	194	318427	32	10000000	100                              	2	400	19179444	12400033	1604
0.5	200	326	184	315	149	316253	32	10000000	100                              	2	400	15649622	13872959	1604
0.5	200	404	203	339	145	316523	32	10000000	100                              	2	400	15198171	14622905	2414
0.5	200	456	276	426	191	317702	32	10000000	100                              	2	400	15498098	15371988	2406
0.5	200	434	212	404	172	317336	32	10000000	100                              	2	400	15341766	15897269	1612
0.5	200	491	279	491	223	318466	32	10000000	100                              	2	400	21252855	11201703	1608
0.5	200	477	240	493	185	318492	32	10000000	100                              	2	400	17484428	13919248	2420
0.5	200	369	188	359	151	316819	32	10000000	100                              	2	400	17618709	11375920	1606
0.5	200	443	235	459	203	318035	32	10000000	100                              	2	400	13402226	18310189	2014
0.5	200	430	248	434	188	317804	32	10000000	100                              	2	400	18332199	12384883	2006
0.5	200	362	213	352	183	316720	32	10000000	100                              	2	400	20306695	10403961	2012
0.5	200	375	221	378	168	317068	32	10000000	100                              	2	400	12610428	17337271	2402
0.5	200	380	237	384	175	317086	32	10000000	100                              	2	400	15605179	14720649	2006
0.5	200	476	289	469	230	318215	32	10000000	100                              	2	400	19983752	13329053	1600
0.5	200	395	189	371	117	316942	32	10000000	100                              	2	400	16719268	13144808	2010
0.5	200	327	177	316	106	316251	32	10000000	100                              	2	400	11843891	17596787	2810
0.5	200	408	227	398	148	317306	32	10000000	100                              	2	400	18124532	11456763	1606
0.5	200	418	244	473	219	318209	32	10000000	100                              	2	400	17853160	15167012	2012
0.5	200	442	230	449	169	317966	32	10000000	100                              	2	400	14169241	16315914	2006
0.5	200	455	263	428	175	317699	32	10000000	100                              	2	400	18029234	12604881	1608
0.5	200	434	254	429	200	317637	32	10000000	100                              	2	400	15400322	17092099	2002
0.5	200	342	201	375	167	316984	32	10000000	100                              	2	400	15248066	14958653	1608
0.5	200	431	248	418	171	317547	32	10000000	100                              	2	400	18231248	12349896	1606
0.5	200	517	295	446	197	317889	32	10000000	100                              	2	400	16929463	13614120	1608
0.5	200	399	222	371	143	316927	32	10000000	100                              	2	400	16800405	13638074	2020
0.5	200	415	224	381	168	317027	32	10000000	100                              	2	400	17276778	12850438	2012
0.5	200	320	191	348	164	316669	32	10000000	100                              	2	400	17585434	11806214	1612
0.5	200	354	193	338	150	316543	32	10000000	100                              	2	400	17243200	13404361	1608
0.5	200	431	253	398	204	317319	32	10000000	100                              	2	400	17601916	13711525	1610
0.5	200	435	269	430	203	317706	32	10000000	100                              	2	400	21367718	11657183	1608
0.5	200	565	272	539	182	319006	32	10000000	100                              	2	400	11369618	19064949	3204
0.5	200	363	186	407	172	317451	32	10000000	100                              	2	400	15078789	15056512	2014
0.5	200	444	256	431	163	317683	32	10000000	100                              	2	400	17103354	13544973	2006
0.5	200	390	244	392	183	317171	32	10000000	100                              	2	400	16396132	14311966	2006
0.5	200	396	247	360	158	316801	32	10000000	100                              	2	400	18179142	12871189	1612
0.5	200	304	172	297	122	316034	32	10000000	100                              	2	400	13483653	15152385	1604
0.5	200	432	212	370	133	316939	32	10000000	100                              	2	400	16479913	14184501	1604
0.5	200	416	222	430	171	317680	32	10000000	100                              	2	400	17043244	12943916	1608
0.5	200	366	212	344	179	316638	32	10000000	100                              	2	400	16322589	14237013	2002
0.5	200	405	239	435	198	317767	32	10000000	100                              	2	400	17050943	12776501	1210
0.5	200	320	166	345	158	316635	32	10000000	100                              	2	400	15861826	13993196	2002
0.5	200	404	216	400	168	317315	32	10000000	100                              	2	400	16546251	14502579	2002
0.5	200	411	256	408	197	317397	32	10000000	100                              	2	400	13729558	18419480	2006
0.5	200	401	239	361	169	316795	32	10000000	100                              	2	400	19494451	11697373	1610
0.5	200	408	212	354	164	316722	32	10000000	100                              	2	400	13625752	18058241	2014
0.5	200	365	207	413	171	317484	32	10000000	100                              	2	400	17621366	13597978	2402
0.5	200	323	166	352	140	316727	32	10000000	100                              	2	400	14173978	15219879	1608
0.5	200	336	152	333	119	316462	32	10000000	100                              	2	400	10534137	17794570	2006
0.5	200	480	249	463	187	318129	32	10000000	100                              	2	400	11940312	18528276	2420
0.5	200	546	284	532	199	318957	32	10000000	100                              	2	400	16464180	14767623	2410
0.5	200	406	175	434	144	317761	32	10000000	100                              	2	400	16004497	14527861	2018
0.5	200	398	184	375	129	317024	32	10000000	100                              	2	400	16592313	12700084	2008
0.5	200	406	262	399	194	317348	32	10000000	100                              	2	400	19387871	12944708	1602
0.5	200	371	207	375	162	316993	32	10000000	100                              	2	400	14133008	15820080	2014
0.5	200	502	247	465	155	318127	32	10000000	100                              	2	400	20448901	10218677	2004
0.5	200	360	186	395	159	317263	32	10000000	100                              	2	400	14957246	14674099	2406
0.5	200	334	215	326	132	316479	32	10000000	100                              	2	400	15774833	13015285	2006
0.5	200	462	245	464	165	318131	32	10000000	100                              	2	400	18651584	12851743	2408
0.5	200	319	177	376	153	317009	32	10000000	100                              	2	400	15971689	14130073	1602
0.5	200	379	175	423	140	317610	32	10000000	100                              	2	400	16583108	12233093	2008
0.5	200	364	196	360	150	316827	32	10000000	100                              	2	400	15196784	14876923	2010
0.5	200	356	197	359	168	316771	32	10000000	100                              	2	400	16710132	12975391	2402
0.5	200	310	195	304	119	316134	32	10000000	100                              	2	400	18818873	11273762	1606
0.5	200	535	311	489	206	318439	32	10000000	100                              	2	400	16349692	16394671	1606
