0.001 317174
0.001 318495
0.001 318889
0.001 318234
0.001 319249
0.001 317996
0.001 317119
0.001 318538
0.001 317894
0.001 317128
0.001 318435
0.001 318032
0.001 319822
0.001 319246
0.001 318650
0.001 318477
0.001 317460
0.001 318384
0.001 319595
0.001 319072
0.005 314378
0.005 314672
0.005 314114
0.005 314672
0.005 314509
0.005 314313
0.005 314567
0.005 314703
0.005 314901
0.005 314858
0.005 314803
0.005 313799
0.005 314687
0.005 314295
0.005 313968
0.005 314392
0.005 314288
0.005 314358
0.005 314137
0.005 314587
0.009000000000000001 314062
0.009000000000000001 313914
0.009000000000000001 313956
0.009000000000000001 314771
0.009000000000000001 313755
0.009000000000000001 313597
0.009000000000000001 313807
0.009000000000000001 314063
0.009000000000000001 313808
0.009000000000000001 313951
0.009000000000000001 313961
0.009000000000000001 313799
0.009000000000000001 313750
0.009000000000000001 314016
0.009000000000000001 313669
0.009000000000000001 314463
0.009000000000000001 313774
0.009000000000000001 313789
0.009000000000000001 313428
0.009000000000000001 313972
0.013000000000000001 313803
0.013000000000000001 313329
0.013000000000000001 313981
0.013000000000000001 313926
0.013000000000000001 313721
0.013000000000000001 313669
0.013000000000000001 313970
0.013000000000000001 313462
0.013000000000000001 313607
0.013000000000000001 313482
0.013000000000000001 313714
0.013000000000000001 313707
0.013000000000000001 313433
0.013000000000000001 313799
0.013000000000000001 313611
0.013000000000000001 314086
0.013000000000000001 313305
0.013000000000000001 313501
0.013000000000000001 313581
0.013000000000000001 313655
0.017 313520
0.017 313786
0.017 313785
0.017 313359
0.017 313689
0.017 313563
0.017 313483
0.017 313522
0.017 313577
0.017 313502
0.017 313417
0.017 313485
0.017 313762
0.017 313608
0.017 313130
0.017 313751
0.017 313914
0.017 313795
0.017 313567
0.017 313614
0.021 313466
0.021 313252
0.021 313534
0.021 313416
0.021 313728
0.021 313489
0.021 313823
0.021 313639
0.021 313284
0.021 313559
0.021 313632
0.021 314050
0.021 313481
0.021 313359
0.021 313400
0.021 313527
0.021 313507
0.021 313299
0.021 313535
0.021 313671
0.025 313356
0.025 313326
0.025 313596
0.025 313125
0.025 313762
0.025 313629
0.025 313284
0.025 313551
0.025 313778
0.025 313407
0.025 313382
0.025 313343
0.025 313756
0.025 313398
0.025 313645
0.025 313717
0.025 313709
0.025 313536
0.025 313384
0.025 313641
0.029 313180
0.029 313443
0.029 313277
0.029 313677
0.029 313386
0.029 313330
0.029 313426
0.029 313670
0.029 313328
0.029 313315
0.029 313536
0.029 313533
0.029 313567
0.029 313171
0.029 313278
0.029 313352
0.029 313181
0.029 313176
0.029 313583
0.029 313522
0.033 313513
0.033 313318
0.033 313481
0.033 313706
0.033 313499
0.033 313515
0.033 313152
0.033 313590
0.033 313501
0.033 313433
0.033 313302
0.033 313607
0.033 313573
0.033 313708
0.033 313557
0.033 313579
0.033 313415
0.033 313473
0.033 313618
0.033 313265
0.037000000000000005 313459
0.037000000000000005 313476
0.037000000000000005 313212
0.037000000000000005 313305
0.037000000000000005 313235
0.037000000000000005 313411
0.037000000000000005 313478
0.037000000000000005 313393
0.037000000000000005 313225
0.037000000000000005 313405
0.037000000000000005 313414
0.037000000000000005 313306
0.037000000000000005 313478
0.037000000000000005 313393
0.037000000000000005 313295
0.037000000000000005 313463
0.037000000000000005 313421
0.037000000000000005 313417
0.037000000000000005 313605
0.037000000000000005 313241
0.041 313570
0.041 313153
0.041 313307
0.041 313613
0.041 313479
0.041 313339
0.041 313652
0.041 313427
0.041 313551
0.041 313458
0.041 313213
0.041 313429
0.041 313298
0.041 313328
0.041 313360
0.041 313297
0.041 313603
0.041 313571
0.041 313513
0.041 313389
0.045 313266
0.045 313668
0.045 313503
0.045 313400
0.045 313543
0.045 313656
0.045 313722
0.045 313853
0.045 313452
0.045 313228
0.045 313506
0.045 313332
0.045 313342
0.045 313347
0.045 313313
0.045 313402
0.045 313153
0.045 313200
0.045 313384
0.045 313537
0.049 313356
0.049 313311
0.049 313550
0.049 313267
0.049 313564
0.049 313549
0.049 313699
0.049 313307
0.049 313642
0.049 313670
0.049 313272
0.049 313485
0.049 313454
0.049 313193
0.049 313420
0.049 313572
0.049 313264
0.049 313453
0.049 313154
0.049 313485
0.053000000000000005 313333
0.053000000000000005 313267
0.053000000000000005 313286
0.053000000000000005 313376
0.053000000000000005 313304
0.053000000000000005 313673
0.053000000000000005 313238
0.053000000000000005 313176
0.053000000000000005 313428
0.053000000000000005 313652
0.053000000000000005 313487
0.053000000000000005 313742
0.053000000000000005 313403
0.053000000000000005 313399
0.053000000000000005 313437
0.053000000000000005 313300
0.053000000000000005 313537
0.053000000000000005 313644
0.053000000000000005 313582
0.053000000000000005 313207
0.057 313492
0.057 313076
0.057 313445
0.057 313660
0.057 313546
0.057 313618
0.057 313112
0.057 313329
0.057 313317
0.057 313391
0.057 313345
0.057 313593
0.057 313522
0.057 313083
0.057 313294
0.057 313333
0.057 313389
0.057 313603
0.057 313334
0.057 313543
0.061 313546
0.061 313581
0.061 313778
0.061 313709
0.061 313403
0.061 313438
0.061 313412
0.061 313855
0.061 313489
0.061 313533
0.061 313952
0.061 313480
0.061 313447
0.061 313399
0.061 313581
0.061 313479
0.061 313472
0.061 313426
0.061 313360
0.061 313467
0.065 313426
0.065 313314
0.065 313459
0.065 313549
0.065 313326
0.065 313310
0.065 313935
0.065 313629
0.065 313402
0.065 313383
0.065 313666
0.065 313302
0.065 313473
0.065 313332
0.065 313631
0.065 313304
0.065 313288
0.065 313209
0.065 313621
0.065 313541
0.069 313598
0.069 313444
0.069 313341
0.069 313541
0.069 313382
0.069 313518
0.069 313616
0.069 313954
0.069 313489
0.069 313611
0.069 313641
0.069 313548
0.069 313254
0.069 313308
0.069 313422
0.069 313404
0.069 313604
0.069 313277
0.069 313485
0.069 313516
0.07300000000000001 313299
0.07300000000000001 313295
0.07300000000000001 313358
0.07300000000000001 313395
0.07300000000000001 313471
0.07300000000000001 313171
0.07300000000000001 313439
0.07300000000000001 313683
0.07300000000000001 313687
0.07300000000000001 313703
0.07300000000000001 313442
0.07300000000000001 313620
0.07300000000000001 313695
0.07300000000000001 313342
0.07300000000000001 313229
0.07300000000000001 313431
0.07300000000000001 313582
0.07300000000000001 313445
0.07300000000000001 313237
0.07300000000000001 313486
0.077 313707
0.077 313649
0.077 313566
0.077 313513
0.077 313334
0.077 313350
0.077 313533
0.077 313495
0.077 313575
0.077 313387
0.077 313629
0.077 313633
0.077 313408
0.077 313633
0.077 313404
0.077 313559
0.077 313607
0.077 313458
0.077 313358
0.077 313926
0.081 313634
0.081 313688
0.081 313532
0.081 313292
0.081 313497
0.081 313436
0.081 313512
0.081 313466
0.081 313699
0.081 313290
0.081 313232
0.081 313388
0.081 313350
0.081 313465
0.081 313422
0.081 313563
0.081 313373
0.081 313397
0.081 313447
0.081 313357
0.085 313198
0.085 313589
0.085 313194
0.085 313324
0.085 313350
0.085 313474
0.085 313480
0.085 313398
0.085 313510
0.085 313571
0.085 313458
0.085 313450
0.085 313649
0.085 313513
0.085 313362
0.085 313281
0.085 313263
0.085 313460
0.085 313486
0.085 313464
0.089 313725
0.089 313324
0.089 313285
0.089 313481
0.089 313376
0.089 313323
0.089 313176
0.089 313430
0.089 313318
0.089 313440
0.089 313309
0.089 313583
0.089 313293
0.089 313332
0.089 313632
0.089 313241
0.089 313242
0.089 313308
0.089 313374
0.089 313385
0.093 313728
0.093 313510
0.093 313603
0.093 313445
0.093 313299
0.093 313282
0.093 313410
0.093 313258
0.093 313413
0.093 313632
0.093 313519
0.093 313419
0.093 313664
0.093 313520
0.093 313542
0.093 313565
0.093 313578
0.093 313588
0.093 313411
0.093 313306
0.097 313587
0.097 313604
0.097 313298
0.097 313384
0.097 313366
0.097 313451
0.097 313435
0.097 313667
0.097 313900
0.097 313484
0.097 313553
0.097 313422
0.097 313734
0.097 313717
0.097 313556
0.097 313872
0.097 313539
0.097 313595
0.097 313295
0.097 313136
0.101 313495
0.101 313628
0.101 313260
0.101 313376
0.101 313588
0.101 313361
0.101 313492
0.101 313482
0.101 313817
0.101 313557
0.101 313535
0.101 313466
0.101 313493
0.101 313287
0.101 313438
0.101 313433
0.101 313416
0.101 313315
0.101 313532
0.101 313579
0.10500000000000001 313604
0.10500000000000001 313707
0.10500000000000001 313669
0.10500000000000001 313556
0.10500000000000001 313332
0.10500000000000001 313114
0.10500000000000001 313466
0.10500000000000001 313574
0.10500000000000001 313534
0.10500000000000001 313262
0.10500000000000001 313649
0.10500000000000001 313199
0.10500000000000001 313884
0.10500000000000001 313587
0.10500000000000001 313591
0.10500000000000001 313590
0.10500000000000001 313578
0.10500000000000001 313500
0.10500000000000001 313277
0.10500000000000001 313286
0.109 313578
0.109 313342
0.109 313673
0.109 313609
0.109 313408
0.109 313281
0.109 313388
0.109 313495
0.109 313544
0.109 313485
0.109 313127
0.109 313879
0.109 313516
0.109 313660
0.109 313340
0.109 313509
0.109 313598
0.109 313423
0.109 313427
0.109 313411
0.113 313383
0.113 313581
0.113 313505
0.113 313437
0.113 313442
0.113 313488
0.113 313238
0.113 313473
0.113 313359
0.113 313520
0.113 313455
0.113 313677
0.113 313408
0.113 313362
0.113 313628
0.113 313829
0.113 313397
0.113 313729
0.113 313679
0.113 313602
0.117 313427
0.117 313496
0.117 313504
0.117 313353
0.117 313734
0.117 313415
0.117 313732
0.117 313464
0.117 313725
0.117 313607
0.117 313526
0.117 313499
0.117 313563
0.117 313550
0.117 313843
0.117 313504
0.117 313360
0.117 313584
0.117 313464
0.117 313385
0.121 313693
0.121 313410
0.121 313424
0.121 313660
0.121 313518
0.121 313412
0.121 313461
0.121 313640
0.121 313400
0.121 313641
0.121 313428
0.121 313520
0.121 313365
0.121 313531
0.121 313601
0.121 313391
0.121 313513
0.121 313388
0.121 313318
0.121 313667
0.125 313269
0.125 313441
0.125 313442
0.125 313432
0.125 313542
0.125 313295
0.125 313825
0.125 313638
0.125 313494
0.125 313291
0.125 313282
0.125 313742
0.125 313585
0.125 313394
0.125 313527
0.125 313646
0.125 313416
0.125 313621
0.125 313761
0.125 313610
0.129 313763
0.129 313606
0.129 313368
0.129 313486
0.129 313416
0.129 313334
0.129 313255
0.129 313917
0.129 313914
0.129 313321
0.129 313500
0.129 313257
0.129 313364
0.129 313575
0.129 313697
0.129 313697
0.129 313556
0.129 313711
0.129 313278
0.129 313654
0.133 313617
0.133 313695
0.133 313514
0.133 313574
0.133 313481
0.133 313727
0.133 313620
0.133 313829
0.133 313292
0.133 313732
0.133 313342
0.133 313433
0.133 313736
0.133 313338
0.133 313696
0.133 313618
0.133 313727
0.133 313404
0.133 313489
0.133 313713
0.137 313665
0.137 313546
0.137 313490
0.137 313345
0.137 313579
0.137 313614
0.137 313830
0.137 313693
0.137 313339
0.137 313723
0.137 313386
0.137 313490
0.137 313899
0.137 313444
0.137 313776
0.137 313569
0.137 313541
0.137 313413
0.137 313357
0.137 313445
0.14100000000000001 313598
0.14100000000000001 313476
0.14100000000000001 313387
0.14100000000000001 313764
0.14100000000000001 313421
0.14100000000000001 313403
0.14100000000000001 313349
0.14100000000000001 313647
0.14100000000000001 313560
0.14100000000000001 313444
0.14100000000000001 313974
0.14100000000000001 313592
0.14100000000000001 313543
0.14100000000000001 313532
0.14100000000000001 313613
0.14100000000000001 313656
0.14100000000000001 313543
0.14100000000000001 313831
0.14100000000000001 313489
0.14100000000000001 313494
0.14500000000000002 313695
0.14500000000000002 313507
0.14500000000000002 313553
0.14500000000000002 313817
0.14500000000000002 313425
0.14500000000000002 313733
0.14500000000000002 313387
0.14500000000000002 313608
0.14500000000000002 313587
0.14500000000000002 313668
0.14500000000000002 313496
0.14500000000000002 313525
0.14500000000000002 313664
0.14500000000000002 313484
0.14500000000000002 313457
0.14500000000000002 313635
0.14500000000000002 313690
0.14500000000000002 313530
0.14500000000000002 313547
0.14500000000000002 313530
0.149 313614
0.149 313850
0.149 313452
0.149 313675
0.149 313745
0.149 313689
0.149 313345
0.149 313409
0.149 313605
0.149 313522
0.149 313637
0.149 313530
0.149 313467
0.149 313485
0.149 313335
0.149 313573
0.149 313783
0.149 313744
0.149 313619
0.149 313686
0.153 313641
0.153 313744
0.153 313615
0.153 313600
0.153 313625
0.153 313722
0.153 314126
0.153 313441
0.153 313450
0.153 313555
0.153 313714
0.153 313679
0.153 313710
0.153 313731
0.153 313596
0.153 313619
0.153 313521
0.153 313388
0.153 313677
0.153 313539
0.157 313659
0.157 313478
0.157 313694
0.157 313719
0.157 313634
0.157 313508
0.157 313708
0.157 313898
0.157 313516
0.157 313923
0.157 313477
0.157 313704
0.157 313468
0.157 313302
0.157 313847
0.157 313905
0.157 313655
0.157 313633
0.157 313547
0.157 313663
0.161 313722
0.161 313595
0.161 313934
0.161 313525
0.161 313604
0.161 313569
0.161 313912
0.161 313867
0.161 313640
0.161 313373
0.161 313679
0.161 313519
0.161 313684
0.161 313766
0.161 313477
0.161 313428
0.161 313513
0.161 313765
0.161 313521
0.161 313604
0.165 313374
0.165 313567
0.165 313562
0.165 313523
0.165 313654
0.165 314016
0.165 313855
0.165 314004
0.165 313567
0.165 313593
0.165 313647
0.165 313799
0.165 313637
0.165 313921
0.165 313742
0.165 313461
0.165 313334
0.165 313551
0.165 313697
0.165 313875
0.169 313333
0.169 313709
0.169 313842
0.169 313534
0.169 313529
0.169 313673
0.169 313359
0.169 313416
0.169 313613
0.169 313569
0.169 313624
0.169 314098
0.169 313459
0.169 313864
0.169 313717
0.169 313356
0.169 313620
0.169 313537
0.169 313984
0.169 313812
0.17300000000000001 313604
0.17300000000000001 313553
0.17300000000000001 313632
0.17300000000000001 313830
0.17300000000000001 313490
0.17300000000000001 313565
0.17300000000000001 313764
0.17300000000000001 313615
0.17300000000000001 313804
0.17300000000000001 313612
0.17300000000000001 313704
0.17300000000000001 313591
0.17300000000000001 313557
0.17300000000000001 313432
0.17300000000000001 313766
0.17300000000000001 313594
0.17300000000000001 313527
0.17300000000000001 313667
0.17300000000000001 313753
0.17300000000000001 313472
0.177 313625
0.177 313687
0.177 313478
0.177 313285
0.177 313733
0.177 314389
0.177 313464
0.177 313604
0.177 313902
0.177 313383
0.177 313715
0.177 313836
0.177 313721
0.177 313565
0.177 313703
0.177 313696
0.177 313612
0.177 313502
0.177 314058
0.177 313711
0.181 313586
0.181 313898
0.181 313627
0.181 313756
0.181 313830
0.181 313364
0.181 313601
0.181 313725
0.181 313951
0.181 313485
0.181 313761
0.181 313882
0.181 313630
0.181 313901
0.181 313624
0.181 313518
0.181 313636
0.181 313906
0.181 314005
0.181 313673
0.185 313785
0.185 314097
0.185 313668
0.185 313619
0.185 313945
0.185 313653
0.185 313820
0.185 313707
0.185 313865
0.185 313790
0.185 313940
0.185 313598
0.185 313980
0.185 313918
0.185 313577
0.185 313770
0.185 313669
0.185 313378
0.185 313545
0.185 313612
0.189 313648
0.189 313434
0.189 313568
0.189 313867
0.189 313604
0.189 313956
0.189 313914
0.189 313811
0.189 313653
0.189 313613
0.189 313713
0.189 313675
0.189 313815
0.189 313689
0.189 313541
0.189 313857
0.189 313650
0.189 313687
0.189 313958
0.189 313750
0.193 313574
0.193 313545
0.193 313983
0.193 313769
0.193 313948
0.193 314097
0.193 313517
0.193 313676
0.193 313948
0.193 313957
0.193 313552
0.193 313723
0.193 313542
0.193 313621
0.193 313771
0.193 313897
0.193 313482
0.193 313559
0.193 313633
0.193 313809
0.197 313941
0.197 313530
0.197 313970
0.197 313708
0.197 313940
0.197 313720
0.197 313610
0.197 313655
0.197 313655
0.197 313601
0.197 313530
0.197 313914
0.197 313607
0.197 314120
0.197 313570
0.197 313659
0.197 314071
0.197 313794
0.197 313600
0.197 314010
