processor M_size B_size W D W/D T_attendu T_simul T_Sequentiel T_simul/T_attendu speedup=(n^3+2*n^2)/T_Simul eff=speedup/nb_proc 
2 3000 30 27945000000 36116100 773.754641281866 14008616100 14218859700 27018000000 1.01500816344021 1.90015237297826 0.950076186489132 
3 3000 30 27945000000 36116100 773.754641281866 9351116100 9556536600 27018000000 1.02196748471554 2.82717485746876 0.942391619156254 
4 3000 30 27945000000 36116100 773.754641281866 7022366100 7206283800 27018000000 1.0261902750983 3.74922786138398 0.937306965345994 
5 3000 30 27945000000 36116100 773.754641281866 5625116100 5790311100 27018000000 1.02936739385699 4.66607053289417 0.933214106578833 
6 3000 30 27945000000 36116100 773.754641281866 4693616100 4843613700 27018000000 1.03195779049761 5.57806664061587 0.929677773435978 
7 3000 30 27945000000 36116100 773.754641281866 4028258957.14286 4166442900 27018000000 1.03430363944505 6.48466825262384 0.926381178946263 
8 3000 30 27945000000 36116100 773.754641281866 3529241100 3657868200 27018000000 1.03644610735152 7.38626941233148 0.923283676541435 
9 3000 30 27945000000 36116100 773.754641281866 3141116100 3261753000 27018000000 1.03840574374185 8.28327589489455 0.920363988321617 
10 3000 30 27945000000 36116100 773.754641281866 2830616100 2944673100 27018000000 1.04029405471127 9.17521201249809 0.917521201249809 
11 3000 30 27945000000 36116100 773.754641281866 2576570645.45455 2685149100 27018000000 1.04214068600719 10.0620110816193 0.914728280147206 
12 3000 30 27945000000 36116100 773.754641281866 2364866100 2468662200 27018000000 1.04389089936212 10.9443892323543 0.912032436029522 
13 3000 30 27945000000 36116100 773.754641281866 2185731484.61539 2285452800 27018000000 1.04562377221837 11.8217274056152 0.909363646585785 
14 3000 30 27945000000 36116100 773.754641281866 2032187528.57143 2128404600 27018000000 1.0473465514751 12.6940150383062 0.906715359879011 
15 3000 30 27945000000 36116100 773.754641281866 1899116100 1992146400 27018000000 1.048986104641 13.5622562679128 0.904150417860856 
16 3000 30 27945000000 36116100 773.754641281866 1782678600 1872952200 27018000000 1.05063930200318 14.4253547954934 0.90158467471834 
17 3000 30 27945000000 36116100 773.754641281866 1679939629.41176 1767729600 27018000000 1.05225781275187 15.284011762885 0.899059515463824 
18 3000 30 27945000000 36116100 773.754641281866 1588616100 1674192600 27018000000 1.05386858410915 16.1379282168611 0.896551567603393 
19 3000 30 27945000000 36116100 773.754641281866 1506905573.68421 1590488100 27018000000 1.05546633297761 16.9872380686155 0.894065161506081 
20 3000 30 27945000000 36116100 773.754641281866 1433366100 1515085200 27018000000 1.05701202226005 17.8326604998848 0.891633024994238 
21 3000 30 27945000000 36116100 773.754641281866 1366830385.71429 1446925500 27018000000 1.05859916133182 18.6726960026622 0.889176000126771 
22 3000 30 27945000000 36116100 773.754641281866 1306343372.72727 1384863300 27018000000 1.0601066525938 19.5095068228034 0.886795764672881 
23 3000 30 27945000000 36116100 773.754641281866 1251116100 1328233500 27018000000 1.06163888387337 20.3413029410868 0.884404475699426 
24 3000 30 27945000000 36116100 773.754641281866 1200491100 1276319700 27018000000 1.06316464986704 21.1686774089595 0.882028225373313 
25 3000 30 27945000000 36116100 773.754641281866 1153916100 1228507200 27018000000 1.06464170142006 21.9925450986368 0.879701803945471 
26 3000 30 27945000000 36116100 773.754641281866 1110923792.30769 1184423400 27018000000 1.06616080076891 22.8110994767581 0.87734997987531 
27 3000 30 27945000000 36116100 773.754641281866 1071116100 1143574200 27018000000 1.06764728865526 23.6259265030638 0.87503431492829 
28 3000 30 27945000000 36116100 773.754641281866 1034151814.28571 1105667100 27018000000 1.06915356597202 24.4359265098871 0.872711661067397 
29 3000 30 27945000000 36116100 773.754641281866 999736789.655173 1070302500 27018000000 1.07058428885984 25.2433307406084 0.870459680710634 
30 3000 30 27945000000 36116100 773.754641281866 967616100 1037340900 27018000000 1.07205832974462 26.0454398356413 0.86818132785471 
31 3000 30 27945000000 36116100 773.754641281866 937567712.903226 1006464600 27018000000 1.0734847053163 26.8444612955091 0.86595036437126 
32 3000 30 27945000000 36116100 773.754641281866 909397350 977539500 27018000000 1.07493110684785 27.6387808369892 0.863711901155912 
33 3000 30 27945000000 36116100 773.754641281866 882934281.818182 950371200 27018000000 1.07637818529704 28.4288917845995 0.861481569230289 
34 3000 30 27945000000 36116100 773.754641281866 858027864.705882 924773400 27018000000 1.07778947285937 29.2158057314365 0.859288403865779 
35 3000 30 27945000000 36116100 773.754641281866 834544671.428572 900588600 27018000000 1.07913767930286 30.0003797516424 0.857153707189784 
36 3000 30 27945000000 36116100 773.754641281866 812366100 877780800 27018000000 1.08052367030087 30.779894023656 0.854997056212667 
37 3000 30 27945000000 36116100 773.754641281866 791386370.27027 856269000 27018000000 1.08198603383524 31.5531684552401 0.852788336628111 
38 3000 30 27945000000 36116100 773.754641281866 771510836.842105 835838100 27018000000 1.08337830149113 32.3244417788565 0.850643204706749 
39 3000 30 27945000000 36116100 773.754641281866 752654561.538462 816412500 27018000000 1.08471075805508 33.0935648339534 0.848552944460344 
40 3000 30 27945000000 36116100 773.754641281866 734741100 797957100 27018000000 1.08603846987735 33.8589630946325 0.846474077365813 
41 3000 30 27945000000 36116100 773.754641281866 717701465.853659 780395400 27018000000 1.08735377748152 34.620911399529 0.844412473159244 
42 3000 30 27945000000 36116100 773.754641281866 701473242.857143 763775100 27018000000 1.08881572857875 35.3742875356895 0.84224494132594 
43 3000 30 27945000000 36116100 773.754641281866 685999820.930233 747804600 27018000000 1.09009445364863 36.1297590306345 0.840226954200802 
44 3000 30 27945000000 36116100 773.754641281866 671229736.363636 732627900 27018000000 1.09147116152658 36.8782024271803 0.838140964254098 
45 3000 30 27945000000 36116100 773.754641281866 657116100 718100100 27018000000 1.09280551792902 37.6242810716779 0.836095134926175 
46 3000 30 27945000000 36116100 773.754641281866 643616100 704167200 27018000000 1.09407952970723 38.3687283361111 0.834102789915458 
47 3000 30 27945000000 36116100 773.754641281866 630690568.085106 690811200 27018000000 1.09532508484697 39.1105413461739 0.832139177578168 
48 3000 30 27945000000 36116100 773.754641281866 618303600 678096000 27018000000 1.09670394932198 39.8439159057125 0.83008158136901 
49 3000 30 27945000000 36116100 773.754641281866 606422222.44898 665883900 27018000000 1.09805326280902 40.5746407143948 0.828053892130506 
50 3000 30 27945000000 36116100 773.754641281866 595016100 654037200 27018000000 1.09919244201964 41.3095768864523 0.826191537729047 
51 3000 30 27945000000 36116100 773.754641281866 584057276.470588 642832200 27018000000 1.10063212273389 42.0296307496731 0.824110406856335 
52 3000 30 27945000000 36116100 773.754641281866 573519946.153846 631941300 27018000000 1.10186455455986 42.7539709780006 0.822191749576936 
53 3000 30 27945000000 36116100 773.754641281866 563380250.943396 621416700 27018000000 1.10301470269755 43.4780719604092 0.820340980385079 
54 3000 30 27945000000 36116100 773.754641281866 553616100 611405100 27018000000 1.10438460875686 44.1900141166634 0.818333594753026 
55 3000 30 27945000000 36116100 773.754641281866 544207009.090909 601631100 27018000000 1.10551883740898 44.9079178253917 0.816507596825303 
56 3000 30 27945000000 36116100 773.754641281866 535133957.142857 592290900 27018000000 1.1068086636892 45.6160984408168 0.814573186443158 
57 3000 30 27945000000 36116100 773.754641281866 526379257.894737 583275600 27018000000 1.10809001542504 46.3211558995439 0.812651857886735 
58 3000 30 27945000000 36116100 773.754641281866 517926444.827586 574544700 27018000000 1.10931717377602 47.0250617575969 0.810776926855119 
59 3000 30 27945000000 36116100 773.754641281866 509760167.79661 566105400 27018000000 1.11053282653868 47.7260948226249 0.808916861400422 
60 3000 30 27945000000 36116100 773.754641281866 501866100 557933400 27018000000 1.11171764739639 48.4251346128409 0.807085576880681 
61 3000 30 27945000000 36116100 773.754641281866 494230854.098361 550013400 27018000000 1.11286738866881 49.1224395623816 0.805285894465272 
62 3000 30 27945000000 36116100 773.754641281866 486841906.451613 542456100 27018000000 1.11423460637096 49.8067954254731 0.803335410088276 
63 3000 30 27945000000 36116100 773.754641281866 479687528.571429 535005900 27018000000 1.11532167949689 50.5003776593866 0.801593296180739 
64 3000 30 27945000000 36116100 773.754641281866 472756725 527899500 27018000000 1.11664091081941 51.1801962305325 0.799690566102071 
65 3000 30 27945000000 36116100 773.754641281866 466039176.923077 520896600 27018000000 1.11770989606305 51.868259458787 0.797973222442877 
66 3000 30 27945000000 36116100 773.754641281866 459525190.909091 514192500 27018000000 1.11896477096883 52.5445236949197 0.796129146892723 
67 3000 30 27945000000 36116100 773.754641281866 453205652.238806 507693600 27018000000 1.12022786452911 53.2171372654688 0.794285630827892 
68 3000 30 27945000000 36116100 773.754641281866 447071982.352941 501372000 27018000000 1.12145699079884 53.8881309686221 0.792472514244443 
69 3000 30 27945000000 36116100 773.754641281866 441116100 495090900 27018000000 1.12235962369091 54.5717968154939 0.79089560602165 
70 3000 30 27945000000 36116100 773.754641281866 435330385.714286 489110400 27018000000 1.12353838842991 55.2390625920038 0.789129465600054 
71 3000 30 27945000000 36116100 773.754641281866 429707649.295775 483301800 27018000000 1.12472235668147 55.9029575308844 0.787365599026541 
72 3000 30 27945000000 36116100 773.754641281866 424241100 477646200 27018000000 1.12588384293742 56.5648800304493 0.78562333375624 
73 3000 30 27945000000 36116100 773.754641281866 418924319.178082 472120200 27018000000 1.12698207859187 57.2269519499483 0.783930848629429 
74 3000 30 27945000000 36116100 773.754641281866 413751235.135135 466881300 27018000000 1.12841064957187 57.8690986338498 0.782014846403375 
75 3000 30 27945000000 36116100 773.754641281866 408716100 461638800 27018000000 1.12948523437173 58.5262763875134 0.780350351833511 
76 3000 30 27945000000 36116100 773.754641281866 403813468.421053 456525900 27018000000 1.13053658607539 59.1817463149407 0.778707188354483 
77 3000 30 27945000000 36116100 773.754641281866 399038177.922078 451550700 27018000000 1.13159773922228 59.8338126814996 0.777062502357137 
78 3000 30 27945000000 36116100 773.754641281866 394385330.769231 446809500 27018000000 1.13292626561064 60.4687232478271 0.775240041638809 
79 3000 30 27945000000 36116100 773.754641281866 389850277.21519 442056600 27018000000 1.13391377622644 61.1188702985093 0.77365658605708 
80 3000 30 27945000000 36116100 773.754641281866 385428600 437427900 27018000000 1.13491292550683 61.7656075435518 0.772070094294397 
