processor M_size B_size W D W/D T_attendu T_simul T_Sequentiel T_simul/T_attendu speedup=(n^3+2*n^2)/T_Simul eff=speedup/nb_proc 
2 3000 125 27261000000 38312500 711.543230016313 13668812500 13689109375 27018000000 1.00148490404708 1.97368574242983 0.986842871214914 
3 3000 125 27261000000 38312500 711.543230016313 9125312500 9166406250 27018000000 1.00450327043594 2.94750191766812 0.982500639222705 
4 3000 125 27261000000 38312500 711.543230016313 6853562500 6899406250 27018000000 1.00668903945941 3.91598914761687 0.978997286904217 
5 3000 125 27261000000 38312500 711.543230016313 5490512500 5538265625 27018000000 1.00869738936028 4.87842256572878 0.975684513145756 
6 3000 125 27261000000 38312500 711.543230016313 4581812500 4629968750 27018000000 1.01051030569234 5.83546055251453 0.972576758752421 
7 3000 125 27261000000 38312500 711.543230016313 3932741071.42857 3980625000 27018000000 1.01217571350408 6.78737635421573 0.96962519345939 
8 3000 125 27261000000 38312500 711.543230016313 3445937500 3493468750 27018000000 1.01379341616033 7.73386050755428 0.966732563444284 
9 3000 125 27261000000 38312500 711.543230016313 3067312500 3114515625 27018000000 1.01538908246225 8.67486416928796 0.963873796587551 
10 3000 125 27261000000 38312500 711.543230016313 2764412500 2811156250 27018000000 1.01690910817398 9.61099191836099 0.961099191836099 
11 3000 125 27261000000 38312500 711.543230016313 2516585227.27273 2562843750 27018000000 1.0183814647825 10.5421955591323 0.958381414466574 
12 3000 125 27261000000 38312500 711.543230016313 2310062500 2356171875 27018000000 1.0199602283488 11.4669054013727 0.955575450114394 
13 3000 125 27261000000 38312500 711.543230016313 2135312500 2180828125 27018000000 1.02131567393531 12.388871773194 0.952990136399535 
14 3000 125 27261000000 38312500 711.543230016313 1985526785.71429 2030828125 27018000000 1.02281577846829 13.3039323551815 0.950280882512962 
15 3000 125 27261000000 38312500 711.543230016313 1855712500 1900531250 27018000000 1.02415177458793 14.216025124554 0.947735008303599 
16 3000 125 27261000000 38312500 711.543230016313 1742125000 1786609375 27018000000 1.0255345483246 15.1224998469517 0.945156240434482 
17 3000 125 27261000000 38312500 711.543230016313 1641900735.29412 1686078125 27018000000 1.02690624881045 16.0241685123576 0.942598147785743 
18 3000 125 27261000000 38312500 711.543230016313 1552812500 1596671875 27018000000 1.0282451197424 16.9214479336902 0.940080440760566 
19 3000 125 27261000000 38312500 711.543230016313 1473101973.68421 1516687500 27018000000 1.02958758259402 17.8138212387192 0.937569538879961 
20 3000 125 27261000000 38312500 711.543230016313 1401362500 1444515625 27018000000 1.03079369185346 18.7038475267445 0.935192376337224 
21 3000 125 27261000000 38312500 711.543230016313 1336455357.14286 1379359375 27018000000 1.03210284401034 19.5873537307854 0.932731130037398 
22 3000 125 27261000000 38312500 711.543230016313 1277448863.63636 1320171875 27018000000 1.03344400905569 20.4655170373176 0.930250774423527 
23 3000 125 27261000000 38312500 711.543230016313 1223573369.56522 1266062500 27018000000 1.03472544556104 21.340178703658 0.927833856680782 
24 3000 125 27261000000 38312500 711.543230016313 1174187500 1216421875 27018000000 1.03596902113163 22.2110441741275 0.925460173921979 
25 3000 125 27261000000 38312500 711.543230016313 1128752500 1170281250 27018000000 1.03679172360637 23.0867579908676 0.923470319634703 
26 3000 125 27261000000 38312500 711.543230016313 1086812500 1128015625 27018000000 1.03791189832653 23.951795880487 0.92122291848027 
27 3000 125 27261000000 38312500 711.543230016313 1047979166.66667 1088640625 27018000000 1.038799872771 24.8181074447777 0.919189164621398 
28 3000 125 27261000000 38312500 711.543230016313 1011919642.85714 1052187500 27018000000 1.03979353244806 25.6779328779329 0.917069031354746 
29 3000 125 27261000000 38312500 711.543230016313 978346982.758621 1018109375 27018000000 1.04064242333457 26.5374238401449 0.915083580694651 
30 3000 125 27261000000 38312500 711.543230016313 947012500 986468750 27018000000 1.04166391679096 27.388602021098 0.912953400703266 
31 3000 125 27261000000 38312500 711.543230016313 917699596.774194 956671875 27018000000 1.04246735899503 28.2416580920182 0.911021228774782 
32 3000 125 27261000000 38312500 711.543230016313 890218750 928890625 27018000000 1.04344086776424 29.0863092734949 0.908947164796717 
33 3000 125 27261000000 38312500 711.543230016313 864403409.090909 902656250 27018000000 1.04425345909883 29.931660031158 0.907020000944183 
34 3000 125 27261000000 38312500 711.543230016313 840106617.647059 878093750 27018000000 1.04521703740334 30.7689241610022 0.904968357676534 
35 3000 125 27261000000 38312500 711.543230016313 817198214.285714 854750000 27018000000 1.04595186951933 31.6092424685581 0.903121213387373 
36 3000 125 27261000000 38312500 711.543230016313 795562500 832796875 27018000000 1.04680257679315 32.4424848496219 0.901180134711721 
37 3000 125 27261000000 38312500 711.543230016313 775096283.783784 812156250 27018000000 1.04781337105024 33.2669975758975 0.899108042591824 
38 3000 125 27261000000 38312500 711.543230016313 755707236.842105 792484375 27018000000 1.04866585413629 34.0927857410438 0.897178572132731 
39 3000 125 27261000000 38312500 711.543230016313 737312500 773859375 27018000000 1.04956768670001 34.9133200072688 0.895213333519712 
40 3000 125 27261000000 38312500 711.543230016313 719837500 756187500 27018000000 1.05049750811815 35.7292338209769 0.893230845524423 
41 3000 125 27261000000 38312500 711.543230016313 703214939.02439 739203125 27018000000 1.05117665165865 36.5501701578981 0.891467564826782 
42 3000 125 27261000000 38312500 711.543230016313 687383928.571429 723250000 27018000000 1.05217764038084 37.3563774628413 0.88943755863908 
43 3000 125 27261000000 38312500 711.543230016313 672289244.186046 707937500 27018000000 1.05302517647313 38.1643859804008 0.887543860009321 
44 3000 125 27261000000 38312500 711.543230016313 657880681.818182 693125000 27018000000 1.05357250813995 38.9799819657349 0.885908681039429 
45 3000 125 27261000000 38312500 711.543230016313 644112500 679171875 27018000000 1.05443051485571 39.7807992269998 0.884017760599995 
46 3000 125 27261000000 38312500 711.543230016313 630942934.782609 665875000 27018000000 1.05536485677493 40.5751830298479 0.882069196301042 
47 3000 125 27261000000 38312500 711.543230016313 618333776.595745 653140625 27018000000 1.05629135868315 41.366283103275 0.880133683048405 
48 3000 125 27261000000 38312500 711.543230016313 606250000 640843750 27018000000 1.0570618556701 42.1600429121763 0.878334227337007 
49 3000 125 27261000000 38312500 711.543230016313 594659438.77551 629031250 27018000000 1.05780083352459 42.9517611406429 0.87656655389067 
50 3000 125 27261000000 38312500 711.543230016313 583532500 617656250 27018000000 1.05847789112003 43.7427776372375 0.874855552744751 
51 3000 125 27261000000 38312500 711.543230016313 572841911.764706 606953125 27018000000 1.05954734200612 44.5141459647316 0.872826391465326 
52 3000 125 27261000000 38312500 711.543230016313 562562500 596562500 27018000000 1.06043772914121 45.289470927187 0.870951363984366 
53 3000 125 27261000000 38312500 711.543230016313 552670990.566038 586625000 27018000000 1.06143620709889 46.0566801619433 0.868993965319685 
54 3000 125 27261000000 38312500 711.543230016313 543145833.333333 576812500 27018000000 1.06198458056845 46.840177700726 0.867410698161592 
55 3000 125 27261000000 38312500 711.543230016313 533967045.454545 567468750 27018000000 1.06274114635096 47.6114323475962 0.865662406319932 
56 3000 125 27261000000 38312500 711.543230016313 525116071.428571 558343750 27018000000 1.06327682655195 48.3895449711759 0.864099017342427 
57 3000 125 27261000000 38312500 711.543230016313 516575657.894737 549703125 27018000000 1.06412897433122 49.1501662829368 0.862283618998891 
58 3000 125 27261000000 38312500 711.543230016313 508329741.37931 541406250 27018000000 1.06506900133551 49.9033766233766 0.860403045230631 
59 3000 125 27261000000 38312500 711.543230016313 500363347.457627 533343750 27018000000 1.06591290651074 50.6577605906135 0.858606111705313 
60 3000 125 27261000000 38312500 711.543230016313 492662500 525453125 27018000000 1.06655798848096 51.4184780992596 0.856974634987659 
61 3000 125 27261000000 38312500 711.543230016313 485214139.344262 518015625 27018000000 1.06760208121731 52.1567278979278 0.855028326195537 
62 3000 125 27261000000 38312500 711.543230016313 478006048.387097 510609375 27018000000 1.06820693320286 52.9132470393831 0.853439468377147 
63 3000 125 27261000000 38312500 711.543230016313 471026785.714286 503437500 27018000000 1.06880864373045 53.6670391061453 0.851857763589607 
64 3000 125 27261000000 38312500 711.543230016313 464265625 496734375 27018000000 1.06993571837243 54.3912428045673 0.849863168821365 
65 3000 125 27261000000 38312500 711.543230016313 457712500 490187500 27018000000 1.07095065133681 55.1176845594798 0.847964377838151 
66 3000 125 27261000000 38312500 711.543230016313 451357954.545455 483625000 27018000000 1.07148881531741 55.8655983458258 0.846448459785239 
67 3000 125 27261000000 38312500 711.543230016313 445193097.014925 477234375 27018000000 1.07197164151896 56.6136921716924 0.844980480174513 
68 3000 125 27261000000 38312500 711.543230016313 439209558.823529 471093750 27018000000 1.07259448374001 57.3516417910448 0.843406496927129 
69 3000 125 27261000000 38312500 711.543230016313 433399456.521739 465171875 27018000000 1.07330977923519 58.081757414934 0.841764600216435 
70 3000 125 27261000000 38312500 711.543230016313 427755357.142857 459765625 27018000000 1.07483311973216 58.7647238742566 0.839496055346523 
71 3000 125 27261000000 38312500 711.543230016313 422270246.478873 453968750 27018000000 1.0750668648465 59.5151097955531 0.838240983035959 
72 3000 125 27261000000 38312500 711.543230016313 416937500 448546875 27018000000 1.07581322140609 60.2345072630369 0.83659037865329 
73 3000 125 27261000000 38312500 711.543230016313 411750856.164384 443328125 27018000000 1.07669023236471 60.9435731152857 0.83484346733268 
74 3000 125 27261000000 38312500 711.543230016313 406704391.891892 438125000 27018000000 1.07725662356865 61.667332382311 0.833342329490689 
75 3000 125 27261000000 38312500 711.543230016313 401792500 433359375 27018000000 1.0785651175669 62.34548404543 0.831273120605733 
76 3000 125 27261000000 38312500 711.543230016313 397009868.421053 428250000 27018000000 1.07868855175614 63.0893169877408 0.830122591943958 
77 3000 125 27261000000 38312500 711.543230016313 392351461.038961 423531250 27018000000 1.07946902728098 63.7922231240316 0.828470430182228 
78 3000 125 27261000000 38312500 711.543230016313 387812500 418890625 27018000000 1.08013698630137 64.4989369241673 0.826909447745734 
79 3000 125 27261000000 38312500 711.543230016313 383388449.367089 414406250 27018000000 1.0809043691434 65.1968931453133 0.825277128421688 
80 3000 125 27261000000 38312500 711.543230016313 379075000 410187500 27018000000 1.08207478731122 65.8674386713393 0.823342983391742 
