processor M_size B_size W D W/D T_attendu T_simul T_Sequentiel T_simul/T_attendu speedup=(n^3+2*n^2)/T_Simul eff=speedup/nb_proc 
2 3000 1000 27072000000 1038000000 26.0809248554913 14574000000 14062000000 27018000000 0.964868944696034 1.92134831460674 0.960674157303371 
3 3000 1000 27072000000 1038000000 26.0809248554913 10062000000 9080000000 27018000000 0.9024050884516 2.97555066079295 0.991850220264317 
4 3000 1000 27072000000 1038000000 26.0809248554913 7806000000 7076000000 27018000000 0.90648219318473 3.81825890333522 0.954564725833804 
5 3000 1000 27072000000 1038000000 26.0809248554913 6452400000 6066000000 27018000000 0.940115305932676 4.4540059347181 0.89080118694362 
6 3000 1000 27072000000 1038000000 26.0809248554913 5550000000 5073000000 27018000000 0.914054054054054 5.32584269662921 0.887640449438202 
7 3000 1000 27072000000 1038000000 26.0809248554913 4905428571.42857 4074000000 27018000000 0.830508474576271 6.63181148748159 0.947401641068799 
8 3000 1000 27072000000 1038000000 26.0809248554913 4422000000 4072000000 27018000000 0.920850293984622 6.63506876227898 0.829383595284872 
9 3000 1000 27072000000 1038000000 26.0809248554913 4046000000 3072000000 27018000000 0.759268413247652 8.794921875 0.977213541666667 
10 3000 1000 27072000000 1038000000 26.0809248554913 3745200000 3063000000 27018000000 0.817846843960269 8.820763956905 0.8820763956905 
11 3000 1000 27072000000 1038000000 26.0809248554913 3499090909.09091 3063000000 27018000000 0.875370226032736 8.820763956905 0.801887632445909 
12 3000 1000 27072000000 1038000000 26.0809248554913 3294000000 3062000000 27018000000 0.929568913175471 8.82364467668191 0.735303723056826 
13 3000 1000 27072000000 1038000000 26.0809248554913 3120461538.46154 3052000000 27018000000 0.97806044470739 8.85255570117955 0.680965823167658 
14 3000 1000 27072000000 1038000000 26.0809248554913 2971714285.71429 2061000000 27018000000 0.693539082780501 13.1091703056769 0.936369307548347 
15 3000 1000 27072000000 1038000000 26.0809248554913 2842800000 2061000000 27018000000 0.724989447024061 13.1091703056769 0.873944687045124 
16 3000 1000 27072000000 1038000000 26.0809248554913 2730000000 2061000000 27018000000 0.754945054945055 13.1091703056769 0.819323144104803 
17 3000 1000 27072000000 1038000000 26.0809248554913 2630470588.23529 2061000000 27018000000 0.783509995974776 13.1091703056769 0.771127665039815 
18 3000 1000 27072000000 1038000000 26.0809248554913 2542000000 2060000000 27018000000 0.810385523210071 13.1155339805825 0.728640776699029 
19 3000 1000 27072000000 1038000000 26.0809248554913 2462842105.26316 2060000000 27018000000 0.836432021199298 13.1155339805825 0.690291262135922 
20 3000 1000 27072000000 1038000000 26.0809248554913 2391600000 2060000000 27018000000 0.861348051513631 13.1155339805825 0.655776699029126 
21 3000 1000 27072000000 1038000000 26.0809248554913 2327142857.14286 2060000000 27018000000 0.885205647636586 13.1155339805825 0.624549237170596 
22 3000 1000 27072000000 1038000000 26.0809248554913 2268545454.54545 2060000000 27018000000 0.908070850364673 13.1155339805825 0.596160635481024 
23 3000 1000 27072000000 1038000000 26.0809248554913 2215043478.26087 2060000000 27018000000 0.930004318297805 13.1155339805825 0.570240607851414 
24 3000 1000 27072000000 1038000000 26.0809248554913 2166000000 2060000000 27018000000 0.951061865189289 13.1155339805825 0.546480582524272 
25 3000 1000 27072000000 1038000000 26.0809248554913 2120880000 2060000000 27018000000 0.971294934178266 13.1155339805825 0.524621359223301 
26 3000 1000 27072000000 1038000000 26.0809248554913 2079230769.23077 2059000000 27018000000 0.990270070292267 13.121903836814 0.50468860910823 
27 3000 1000 27072000000 1038000000 26.0809248554913 2040666666.66667 1059000000 27018000000 0.518948056190786 25.5127478753541 0.944916587976078 
28 3000 1000 27072000000 1038000000 26.0809248554913 2004857142.85714 1059000000 27018000000 0.52821718683198 25.5127478753541 0.911169566976932 
29 3000 1000 27072000000 1038000000 26.0809248554913 1971517241.37931 1059000000 27018000000 0.537149753384406 25.5127478753541 0.879749926736349 
30 3000 1000 27072000000 1038000000 26.0809248554913 1940400000 1059000000 27018000000 0.545763760049474 25.5127478753541 0.85042492917847 
31 3000 1000 27072000000 1038000000 26.0809248554913 1911290322.58065 1059000000 27018000000 0.554075949367087 25.5127478753541 0.822991866946907 
32 3000 1000 27072000000 1038000000 26.0809248554913 1884000000 1059000000 27018000000 0.562101910828026 25.5127478753541 0.797273371104816 
33 3000 1000 27072000000 1038000000 26.0809248554913 1858363636.36364 1059000000 27018000000 0.569856178456119 25.5127478753541 0.773113571980428 
34 3000 1000 27072000000 1038000000 26.0809248554913 1834235294.11765 1059000000 27018000000 0.577352318645371 25.5127478753541 0.750374937510415 
35 3000 1000 27072000000 1038000000 26.0809248554913 1811485714.28571 1059000000 27018000000 0.584603009368791 25.5127478753541 0.728935653581546 
36 3000 1000 27072000000 1038000000 26.0809248554913 1790000000 1059000000 27018000000 0.591620111731844 25.5127478753541 0.708687440982059 
37 3000 1000 27072000000 1038000000 26.0809248554913 1769675675.67568 1059000000 27018000000 0.598414734720057 25.5127478753541 0.689533726360922 
38 3000 1000 27072000000 1038000000 26.0809248554913 1750421052.63158 1059000000 27018000000 0.604997293884178 25.5127478753541 0.671388101983003 
39 3000 1000 27072000000 1038000000 26.0809248554913 1732153846.15385 1059000000 27018000000 0.611377564614973 25.5127478753541 0.654173022444977 
40 3000 1000 27072000000 1038000000 26.0809248554913 1714800000 1059000000 27018000000 0.617564730580826 25.5127478753541 0.637818696883853 
41 3000 1000 27072000000 1038000000 26.0809248554913 1698292682.92683 1059000000 27018000000 0.62356742783283 25.5127478753541 0.62226214330132 
42 3000 1000 27072000000 1038000000 26.0809248554913 1682571428.57143 1059000000 27018000000 0.629393785022924 25.5127478753541 0.607446377984622 
43 3000 1000 27072000000 1038000000 26.0809248554913 1667581395.34884 1059000000 27018000000 0.635051460128858 25.5127478753541 0.593319718031491 
44 3000 1000 27072000000 1038000000 26.0809248554913 1653272727.27273 1059000000 27018000000 0.640547674034971 25.5127478753541 0.579835178985321 
45 3000 1000 27072000000 1038000000 26.0809248554913 1639600000 1059000000 27018000000 0.645889241278361 25.5127478753541 0.566949952785647 
46 3000 1000 27072000000 1038000000 26.0809248554913 1626521739.13043 1059000000 27018000000 0.651082598235768 25.5127478753541 0.554624953812046 
47 3000 1000 27072000000 1038000000 26.0809248554913 1614000000 1059000000 27018000000 0.656133828996282 25.5127478753541 0.542824422879875 
48 3000 1000 27072000000 1038000000 26.0809248554913 1602000000 1059000000 27018000000 0.661048689138577 25.5127478753541 0.531515580736544 
49 3000 1000 27072000000 1038000000 26.0809248554913 1590489795.91837 1059000000 27018000000 0.665832627607975 25.5127478753541 0.520668323986819 
50 3000 1000 27072000000 1038000000 26.0809248554913 1579440000 1059000000 27018000000 0.670490806868257 25.5127478753541 0.510254957507082 
51 3000 1000 27072000000 1038000000 26.0809248554913 1568823529.41176 1059000000 27018000000 0.675028121484816 25.5127478753541 0.500249958340277 
52 3000 1000 27072000000 1038000000 26.0809248554913 1558615384.61538 1059000000 27018000000 0.679449215279836 25.5127478753541 0.490629766833733 
53 3000 1000 27072000000 1038000000 26.0809248554913 1548792452.83019 1059000000 27018000000 0.683758497185878 25.5127478753541 0.481372601421776 
54 3000 1000 27072000000 1038000000 26.0809248554913 1539333333.33333 1059000000 27018000000 0.687960155911652 25.5127478753541 0.472458293988039 
55 3000 1000 27072000000 1038000000 26.0809248554913 1530218181.81818 1059000000 27018000000 0.692058173522493 25.5127478753541 0.463868143188257 
56 3000 1000 27072000000 1038000000 26.0809248554913 1521428571.42857 1059000000 27018000000 0.69605633802817 25.5127478753541 0.455584783488466 
57 3000 1000 27072000000 1038000000 26.0809248554913 1512947368.42105 1059000000 27018000000 0.699958255061575 25.5127478753541 0.447592067988669 
58 3000 1000 27072000000 1038000000 26.0809248554913 1504758620.68966 1059000000 27018000000 0.703767358724046 25.5127478753541 0.439874963368174 
59 3000 1000 27072000000 1038000000 26.0809248554913 1496847457.62712 1059000000 27018000000 0.707486921665873 25.5127478753541 0.432419455514476 
60 3000 1000 27072000000 1038000000 26.0809248554913 1489200000 1059000000 27018000000 0.711120064464142 25.5127478753541 0.425212464589235 
61 3000 1000 27072000000 1038000000 26.0809248554913 1481803278.68852 1059000000 27018000000 0.714669764354466 25.5127478753541 0.418241768448428 
62 3000 1000 27072000000 1038000000 26.0809248554913 1474645161.29032 1059000000 27018000000 0.718138863367897 25.5127478753541 0.411495933473453 
63 3000 1000 27072000000 1038000000 26.0809248554913 1467714285.71429 1059000000 27018000000 0.721530075919795 25.5127478753541 0.404964251989748 
64 3000 1000 27072000000 1038000000 26.0809248554913 1461000000 1059000000 27018000000 0.724845995893224 25.5127478753541 0.398636685552408 
65 3000 1000 27072000000 1038000000 26.0809248554913 1454492307.69231 1059000000 27018000000 0.728089103255695 25.5127478753541 0.392503813466986 
66 3000 1000 27072000000 1038000000 26.0809248554913 1448181818.18182 1059000000 27018000000 0.73126177024482 25.5127478753541 0.386556785990214 
67 3000 1000 27072000000 1038000000 26.0809248554913 1442059701.49254 1059000000 27018000000 0.734366267155187 25.5127478753541 0.380787281721703 
68 3000 1000 27072000000 1038000000 26.0809248554913 1436117647.05882 1059000000 27018000000 0.737404767756207 25.5127478753541 0.375187468755207 
69 3000 1000 27072000000 1038000000 26.0809248554913 1430347826.08696 1059000000 27018000000 0.740379354368045 25.5127478753541 0.369749969208031 
70 3000 1000 27072000000 1038000000 26.0809248554913 1424742857.14286 1059000000 27018000000 0.743292022620622 25.5127478753541 0.364467826790773 
71 3000 1000 27072000000 1038000000 26.0809248554913 1419295774.64789 1059000000 27018000000 0.746144685918427 25.5127478753541 0.359334477117663 
72 3000 1000 27072000000 1038000000 26.0809248554913 1414000000 1059000000 27018000000 0.748939179632249 25.5127478753541 0.354343720491029 
73 3000 1000 27072000000 1038000000 26.0809248554913 1408849315.06849 1059000000 27018000000 0.751677265037047 25.5127478753541 0.349489696922659 
74 3000 1000 27072000000 1038000000 26.0809248554913 1403837837.83784 1059000000 27018000000 0.754360633013745 25.5127478753541 0.344766863180461 
75 3000 1000 27072000000 1038000000 26.0809248554913 1398960000 1059000000 27018000000 0.756990907531309 25.5127478753541 0.340169971671388 
76 3000 1000 27072000000 1038000000 26.0809248554913 1394210526.31579 1059000000 27018000000 0.759569648924122 25.5127478753541 0.335694050991501 
77 3000 1000 27072000000 1038000000 26.0809248554913 1389584415.58442 1059000000 27018000000 0.762098356978633 25.5127478753541 0.331334387991612 
78 3000 1000 27072000000 1038000000 26.0809248554913 1385076923.07692 1059000000 27018000000 0.764578473842054 25.5127478753541 0.327086511222489 
79 3000 1000 27072000000 1038000000 26.0809248554913 1380683544.3038 1059000000 27018000000 0.767011386764947 25.5127478753541 0.322946175637394 
80 3000 1000 27072000000 1038000000 26.0809248554913 1376400000 1059000000 27018000000 0.769398430688753 25.5127478753541 0.318909348441926 
