processor M_size B_size W D W/D T_attendu T_simul T_Sequentiel T_simul/T_attendu speedup=(n^3+2*n^2)/T_Simul eff=speedup/nb_proc 
2 3000 750 27081000000 459562500 58.9277845777234 14000062500 13582687500 27018000000 0.970187633090924 1.98914979086429 0.994574895432145 
3 3000 750 27081000000 459562500 58.9277845777234 9486562500 9343687500 27018000000 0.984939223243404 2.89157787008609 0.963859290028696 
4 3000 750 27081000000 459562500 58.9277845777234 7229812500 6829312500 27018000000 0.944604372520034 3.95618153364632 0.989045383411581 
5 3000 750 27081000000 459562500 58.9277845777234 5875762500 5562562500 27018000000 0.946696279844531 4.85711396501163 0.971422793002326 
6 3000 750 27081000000 459562500 58.9277845777234 4973062500 4716000000 27018000000 0.948309014817328 5.72900763358779 0.954834605597964 
7 3000 750 27081000000 459562500 58.9277845777234 4328276785.71429 4281187500 27018000000 0.989120546571857 6.31086585205623 0.901552264579462 
8 3000 750 27081000000 459562500 58.9277845777234 3844687500 3449250000 27018000000 0.897147037307974 7.83300717547293 0.979125896934116 
9 3000 750 27081000000 459562500 58.9277845777234 3468562500 3435750000 27018000000 0.990540029190767 7.86378519973805 0.873753911082005 
10 3000 750 27081000000 459562500 58.9277845777234 3167662500 3025687500 27018000000 0.95517988422062 8.92954080684142 0.892954080684142 
11 3000 750 27081000000 459562500 58.9277845777234 2921471590.90909 2603250000 27018000000 0.891074898041344 10.3785652549697 0.943505932269977 
12 3000 750 27081000000 459562500 58.9277845777234 2716312500 2602687500 27018000000 0.95816939324912 10.3808082991139 0.865067358259491 
13 3000 750 27081000000 459562500 58.9277845777234 2542716346.15385 2180250000 27018000000 0.857449161916105 12.3921568627451 0.953242835595777 
14 3000 750 27081000000 459562500 58.9277845777234 2393919642.85714 2180250000 27018000000 0.910744855828943 12.3921568627451 0.88515406162465 
15 3000 750 27081000000 459562500 58.9277845777234 2264962500 2180250000 27018000000 0.96259871852183 12.3921568627451 0.826143790849673 
16 3000 750 27081000000 459562500 58.9277845777234 2152125000 1757812500 27018000000 0.816779926816519 15.37024 0.96064 
17 3000 750 27081000000 459562500 58.9277845777234 2052562500 1748812500 27018000000 0.852014250479583 15.4493406239949 0.908784742587933 
18 3000 750 27081000000 459562500 58.9277845777234 1964062500 1748812500 27018000000 0.890405727923628 15.4493406239949 0.858296701333047 
19 3000 750 27081000000 459562500 58.9277845777234 1884878289.47368 1748250000 27018000000 0.927513468515874 15.4543114543115 0.813384813384813 
20 3000 750 27081000000 459562500 58.9277845777234 1813612500 1748812500 27018000000 0.964270206562868 15.4493406239949 0.772467031199743 
21 3000 750 27081000000 459562500 58.9277845777234 1749133928.57143 1738125000 27018000000 0.993706068819772 15.5443365695793 0.740206503313299 
22 3000 750 27081000000 459562500 58.9277845777234 1690517045.45455 1325812500 27018000000 0.784264496808734 20.3784471786169 0.926293053573495 
23 3000 750 27081000000 459562500 58.9277845777234 1636997282.6087 1325812500 27018000000 0.809905131844324 20.3784471786169 0.88601944254856 
24 3000 750 27081000000 459562500 58.9277845777234 1587937500 1325812500 27018000000 0.834927382217499 20.3784471786169 0.849101965775704 
25 3000 750 27081000000 459562500 58.9277845777234 1542802500 1325812500 27018000000 0.859353352097887 20.3784471786169 0.815137887144675 
26 3000 750 27081000000 459562500 58.9277845777234 1501139423.07692 1325812500 27018000000 0.883204104574412 20.3784471786169 0.783786429946803 
27 3000 750 27081000000 459562500 58.9277845777234 1462562500 1325812500 27018000000 0.906499722234093 20.3784471786169 0.754757302911736 
28 3000 750 27081000000 459562500 58.9277845777234 1426741071.42857 1325250000 27018000000 0.928865108420164 20.3870967741935 0.728110599078341 
29 3000 750 27081000000 459562500 58.9277845777234 1393390086.2069 1325250000 27018000000 0.951097623787183 20.3870967741935 0.703003337041157 
30 3000 750 27081000000 459562500 58.9277845777234 1362262500 1325250000 27018000000 0.9728301263523 20.3870967741935 0.679569892473118 
31 3000 750 27081000000 459562500 58.9277845777234 1333143145.16129 1325250000 27018000000 0.994079296593214 20.3870967741935 0.657648283038502 
32 3000 750 27081000000 459562500 58.9277845777234 1305843750 902812500 27018000000 0.691363342666379 29.9264797507788 0.935202492211838 
33 3000 750 27081000000 459562500 58.9277845777234 1280198863.63636 902812500 27018000000 0.705212702216898 29.9264797507788 0.906863022750873 
34 3000 750 27081000000 459562500 58.9277845777234 1256062500 902812500 27018000000 0.718763994626064 29.9264797507788 0.880190580905259 
35 3000 750 27081000000 459562500 58.9277845777234 1233305357.14286 902812500 27018000000 0.732026739988792 29.9264797507788 0.855042278593681 
36 3000 750 27081000000 459562500 58.9277845777234 1211812500 902812500 27018000000 0.745010057248956 29.9264797507788 0.8312911041883 
37 3000 750 27081000000 459562500 58.9277845777234 1191481418.91892 902812500 27018000000 0.757722685108391 29.9264797507788 0.808823777048076 
38 3000 750 27081000000 459562500 58.9277845777234 1172220394.73684 902812500 27018000000 0.770173001641623 29.9264797507788 0.787538940809969 
39 3000 750 27081000000 459562500 58.9277845777234 1153947115.38462 902812500 27018000000 0.78236904270876 29.9264797507788 0.767345634635354 
40 3000 750 27081000000 459562500 58.9277845777234 1136587500 902812500 27018000000 0.794318519251707 29.9264797507788 0.74816199376947 
41 3000 750 27081000000 459562500 58.9277845777234 1120074695.12195 902812500 27018000000 0.80602883355177 29.9264797507788 0.729914140262898 
42 3000 750 27081000000 459562500 58.9277845777234 1104348214.28571 902812500 27018000000 0.81750709452085 29.9264797507788 0.7125352321614 
43 3000 750 27081000000 459562500 58.9277845777234 1089353197.67442 902812500 27018000000 0.828760132092464 29.9264797507788 0.695964645366949 
44 3000 750 27081000000 459562500 58.9277845777234 1075039772.72727 902812500 27018000000 0.839794510773917 29.9264797507788 0.680147267063155 
45 3000 750 27081000000 459562500 58.9277845777234 1061362500 902812500 27018000000 0.850616542415998 29.9264797507788 0.66503288335064 
46 3000 750 27081000000 459562500 58.9277845777234 1048279891.30435 902812500 27018000000 0.86123229825257 29.9264797507788 0.650575646756061 
47 3000 750 27081000000 459562500 58.9277845777234 1035753989.3617 902812500 27018000000 0.871647620258139 29.9264797507788 0.636733611718698 
48 3000 750 27081000000 459562500 58.9277845777234 1023750000 902812500 27018000000 0.881868131868132 29.9264797507788 0.623468328141225 
49 3000 750 27081000000 459562500 58.9277845777234 1012235969.38776 902250000 27018000000 0.891343547637135 29.9451371571072 0.611125248104229 
50 3000 750 27081000000 459562500 58.9277845777234 1001182500 902250000 27018000000 0.901184349506708 29.9451371571072 0.598902743142145 
51 3000 750 27081000000 459562500 58.9277845777234 990562500 902250000 27018000000 0.910846110164679 29.9451371571072 0.587159552100142 
52 3000 750 27081000000 459562500 58.9277845777234 980350961.538462 902250000 27018000000 0.920333671712936 29.9451371571072 0.575868022252062 
53 3000 750 27081000000 459562500 58.9277845777234 970524764.150944 902250000 27018000000 0.929651703209579 29.9451371571072 0.565002587869948 
54 3000 750 27081000000 459562500 58.9277845777234 961062500 902250000 27018000000 0.938804708330624 29.9451371571072 0.554539576983467 
55 3000 750 27081000000 459562500 58.9277845777234 951944318.181818 902250000 27018000000 0.947797032628198 29.9451371571072 0.544457039220132 
56 3000 750 27081000000 459562500 58.9277845777234 943151785.714286 902250000 27018000000 0.956632870409815 29.9451371571072 0.534734592091201 
57 3000 750 27081000000 459562500 58.9277845777234 934667763.157895 902250000 27018000000 0.965316271261601 29.9451371571072 0.525353283458022 
58 3000 750 27081000000 459562500 58.9277845777234 926476293.103448 902250000 27018000000 0.973851146236784 29.9451371571072 0.516295468225987 
59 3000 750 27081000000 459562500 58.9277845777234 918562500 902250000 27018000000 0.982241273729333 29.9451371571072 0.507544697578089 
60 3000 750 27081000000 459562500 58.9277845777234 910912500 902250000 27018000000 0.990490305051254 29.9451371571072 0.499085619285121 
61 3000 750 27081000000 459562500 58.9277845777234 903513319.672131 902250000 27018000000 0.998601769730866 29.9451371571072 0.49090388782143 
62 3000 750 27081000000 459562500 58.9277845777234 896352822.580645 902250000 27018000000 1.00657908054819 29.9451371571072 0.482986083179149 
63 3000 750 27081000000 459562500 58.9277845777234 889419642.857143 902250000 27018000000 1.01442553832254 29.9451371571072 0.475319637414401 
64 3000 750 27081000000 459562500 58.9277845777234 882703125 479812500 27018000000 0.5435717699538 56.3094958968347 0.879835873388042 
65 3000 750 27081000000 459562500 58.9277845777234 876193269.230769 479812500 27018000000 0.547610346768857 56.3094958968347 0.86629993687438 
66 3000 750 27081000000 459562500 58.9277845777234 869880681.818182 479812500 27018000000 0.55158426900241 56.3094958968347 0.853174180255071 
67 3000 750 27081000000 459562500 58.9277845777234 863756529.850746 479812500 27018000000 0.555495076932049 56.3094958968347 0.84044023726619 
68 3000 750 27081000000 459562500 58.9277845777234 857812500 479812500 27018000000 0.559344262295082 56.3094958968347 0.828080822012275 
69 3000 750 27081000000 459562500 58.9277845777234 852040760.869565 479812500 27018000000 0.563133270185712 56.3094958968347 0.816079650678764 
70 3000 750 27081000000 459562500 58.9277845777234 846433928.571429 479812500 27018000000 0.566863500863918 56.3094958968347 0.804421369954782 
71 3000 750 27081000000 459562500 58.9277845777234 840985035.211268 479812500 27018000000 0.570536311480815 56.3094958968347 0.793091491504714 
72 3000 750 27081000000 459562500 58.9277845777234 835687500 479812500 27018000000 0.574153017724927 56.3094958968347 0.782076331900482 
73 3000 750 27081000000 459562500 58.9277845777234 830535102.739726 479812500 27018000000 0.577714895393608 56.3094958968347 0.771362957490886 
74 3000 750 27081000000 459562500 58.9277845777234 825521959.45946 479812500 27018000000 0.581223181893519 56.3094958968347 0.76093913374101 
75 3000 750 27081000000 459562500 58.9277845777234 820642500 479812500 27018000000 0.584679077673896 56.3094958968347 0.750793278624463 
76 3000 750 27081000000 459562500 58.9277845777234 815891447.368421 479812500 27018000000 0.588083747596067 56.3094958968347 0.740914419695193 
77 3000 750 27081000000 459562500 58.9277845777234 811263798.701299 479812500 27018000000 0.591438322242533 56.3094958968347 0.731292154504347 
78 3000 750 27081000000 459562500 58.9277845777234 806754807.692308 479812500 27018000000 0.594743899168678 56.3094958968347 0.721916614061983 
79 3000 750 27081000000 459562500 58.9277845777234 802359968.35443 479812500 27018000000 0.59800154410003 56.3094958968347 0.712778429073857 
80 3000 750 27081000000 459562500 58.9277845777234 798075000 479812500 27018000000 0.601212292077812 56.3094958968347 0.703868698710434 
