Processor M_size B_size W D W/D T_attendu T_simul T_Sequentiel T_simul/T_attendu speedup=(n^3+2*n^2)/T_Simul eff=speedup/nb_proc 
2 3000 300 27135000000 63810000 425.24682651622 13631310000 13623750000 27018000000 0.999445394463188 1.9831544178365 0.991577208918249 
3 3000 300 27135000000 63810000 425.24682651622 9108810000 9114120000 27018000000 1.000582952109 2.9644112651578 0.988137088385933 
4 3000 300 27135000000 63810000 425.24682651622 6847560000 6856200000 27018000000 1.00126176331423 3.94066684169073 0.985166710422683 
5 3000 300 27135000000 63810000 425.24682651622 5490810000 5502690000 27018000000 1.00216361520431 4.9099622184786 0.98199244369572 
6 3000 300 27135000000 63810000 425.24682651622 4586310000 4599180000 27018000000 1.00280617751526 5.87452545888615 0.979087576481025 
7 3000 300 27135000000 63810000 425.24682651622 3940238571.42857 3953160000 27018000000 1.0032793518304 6.83453237410072 0.976361767728674 
8 3000 300 27135000000 63810000 425.24682651622 3455685000 3468150000 27018000000 1.00360709960543 7.79032048786817 0.973790060983521 
9 3000 300 27135000000 63810000 425.24682651622 3078810000 3092220000 27018000000 1.00435557894121 8.73741195645847 0.970823550717607 
10 3000 300 27135000000 63810000 425.24682651622 2777310000 2790540000 27018000000 1.00476360219061 9.68199703283235 0.968199703283235 
11 3000 300 27135000000 63810000 425.24682651622 2530628181.81818 2542320000 27018000000 1.004620124863 10.6273010478618 0.966118277078345 
12 3000 300 27135000000 63810000 425.24682651622 2325060000 2344860000 27018000000 1.00851590926686 11.5222230751516 0.960185256262634 
13 3000 300 27135000000 63810000 425.24682651622 2151117692.30769 2161980000 27018000000 1.00504961106087 12.4968778619599 0.961298297073836 
14 3000 300 27135000000 63810000 425.24682651622 2002024285.71429 2019510000 27018000000 1.00873401706986 13.3784928027096 0.955606628764969 
15 3000 300 27135000000 63810000 425.24682651622 1872810000 1883970000 27018000000 1.00595896006536 14.3409926909664 0.956066179397761 
16 3000 300 27135000000 63810000 425.24682651622 1759747500 1775430000 27018000000 1.00891178990168 15.2177219039895 0.951107618999341 
17 3000 300 27135000000 63810000 425.24682651622 1659986470.58824 1669590000 27018000000 1.00578530583346 16.1824160422619 0.951906826015404 
18 3000 300 27135000000 63810000 425.24682651622 1571310000 1585350000 27018000000 1.00893521965748 17.0422934998581 0.946794083325449 
19 3000 300 27135000000 63810000 425.24682651622 1491967894.73684 1504080000 27018000000 1.00811820770801 17.9631402584969 0.945428434657731 
20 3000 300 27135000000 63810000 425.24682651622 1420560000 1428840000 27018000000 1.00582868727826 18.9090450995213 0.945452254976064 
21 3000 300 27135000000 63810000 425.24682651622 1355952857.14286 1368180000 27018000000 1.00901738050311 19.7474016576766 0.940352459889363 
22 3000 300 27135000000 63810000 425.24682651622 1297219090.90909 1313910000 27018000000 1.0128666847473 20.5630522638537 0.934684193811531 
23 3000 300 27135000000 63810000 425.24682651622 1243592608.69565 1259640000 27018000000 1.01290405812333 21.448985424407 0.932564583669868 
24 3000 300 27135000000 63810000 425.24682651622 1194435000 1205460000 27018000000 1.00923030554195 22.4130207555622 0.933875864815091 
25 3000 300 27135000000 63810000 425.24682651622 1149210000 1155960000 27018000000 1.0058736001253 23.3727810650888 0.93491124260355 
26 3000 300 27135000000 63810000 425.24682651622 1107463846.15385 1123920000 27018000000 1.01485931473366 24.0390775144138 0.924579904400532 
27 3000 300 27135000000 63810000 425.24682651622 1068810000 1083960000 27018000000 1.01417464282707 24.9252739953504 0.923158296124088 
28 3000 300 27135000000 63810000 425.24682651622 1032917142.85714 1042560000 27018000000 1.00933555727053 25.9150552486188 0.925537687450671 
29 3000 300 27135000000 63810000 425.24682651622 999499655.172414 1015290000 27018000000 1.01579824939996 26.6111160358124 0.917624690890084 
30 3000 300 27135000000 63810000 425.24682651622 968310000 988020000 27018000000 1.02035505158472 27.3456002914921 0.911520009716403 
31 3000 300 27135000000 63810000 425.24682651622 939132580.645161 960930000 27018000000 1.02321016201979 28.1165121288752 0.906984262221779 
32 3000 300 27135000000 63810000 425.24682651622 911778750 933750000 27018000000 1.02409712882648 28.9349397590361 0.90421686746988 
33 3000 300 27135000000 63810000 425.24682651622 886082727.272727 906660000 27018000000 1.02322274443901 29.799483819734 0.90301466120406 
34 3000 300 27135000000 63810000 425.24682651622 861898235.294118 879480000 27018000000 1.0203988869984 30.7204257060991 0.903541932532325 
35 3000 300 27135000000 63810000 425.24682651622 839095714.285714 852390000 27018000000 1.01584358671836 31.6967585260268 0.905621672172195 
36 3000 300 27135000000 63810000 425.24682651622 817560000 825300000 27018000000 1.00946719506825 32.7371864776445 0.90936629104568 
37 3000 300 27135000000 63810000 425.24682651622 797188378.378379 813690000 27018000000 1.02069977695258 33.2042915606681 0.897413285423461 
38 3000 300 27135000000 63810000 425.24682651622 777888947.368421 798030000 27018000000 1.02589193830265 33.8558700800722 0.890943949475584 
39 3000 300 27135000000 63810000 425.24682651622 759579230.769231 771030000 27018000000 1.01507514788046 35.0414380763394 0.898498412213832 
40 3000 300 27135000000 63810000 425.24682651622 742185000 747000000 27018000000 1.00648760080034 36.1686746987952 0.90421686746988 
41 3000 300 27135000000 63810000 425.24682651622 725639268.292683 743670000 27018000000 1.02484806500307 36.3306305216023 0.886112939551276 
42 3000 300 27135000000 63810000 425.24682651622 709881428.571429 716760000 27018000000 1.00968974697988 37.6946258161728 0.897491090861257 
43 3000 300 27135000000 63810000 425.24682651622 694856511.627907 716490000 27018000000 1.03113374921307 37.708830548926 0.876949547649442 
44 3000 300 27135000000 63810000 425.24682651622 680514545.454545 689490000 27018000000 1.0131892177844 39.1854849236392 0.890579202809982 
45 3000 300 27135000000 63810000 425.24682651622 666810000 689310000 27018000000 1.03374274530976 39.195717456587 0.871015943479712 
46 3000 300 27135000000 63810000 425.24682651622 653701304.347826 662310000 27018000000 1.01316915783236 40.7935860850659 0.88681708880578 
47 3000 300 27135000000 63810000 425.24682651622 641150425.531915 662220000 27018000000 1.03286213910036 40.7991301984235 0.868066599966457 
48 3000 300 27135000000 63810000 425.24682651622 629122500 635220000 27018000000 1.00969207109903 42.5332955511476 0.886110323982242 
49 3000 300 27135000000 63810000 425.24682651622 617585510.204082 635040000 27018000000 1.02826246650468 42.5453514739229 0.868272479059651 
50 3000 300 27135000000 63810000 425.24682651622 606510000 609750000 27018000000 1.00534203887817 44.309963099631 0.88619926199262 
51 3000 300 27135000000 63810000 425.24682651622 595868823.529412 607950000 27018000000 1.02027489271721 44.4411547002221 0.871395190200433 
52 3000 300 27135000000 63810000 425.24682651622 585636923.076923 607860000 27018000000 1.03794685076603 44.4477346757477 0.854764128379764 
53 3000 300 27135000000 63810000 425.24682651622 575791132.075472 580950000 27018000000 1.00895961684219 46.5065840433772 0.87748271779957 
54 3000 300 27135000000 63810000 425.24682651622 566310000 580770000 27018000000 1.02553371828151 46.5209979854331 0.861499962693206 
55 3000 300 27135000000 63810000 425.24682651622 557173636.363636 580680000 27018000000 1.04218857839322 46.5282083075016 0.845967423772755 
56 3000 300 27135000000 63810000 425.24682651622 548363571.428571 553680000 27018000000 1.00969507977632 48.7971391417425 0.871377484673974 
57 3000 300 27135000000 63810000 425.24682651622 539862631.578947 553680000 27018000000 1.02559423011117 48.7971391417425 0.856090160381448 
58 3000 300 27135000000 63810000 425.24682651622 531654827.586207 553590000 27018000000 1.04125829631489 48.80507234596 0.841466764585517 
59 3000 300 27135000000 63810000 425.24682651622 523725254.237288 526590000 27018000000 1.00546994008697 51.3074688087506 0.869618115402553 
60 3000 300 27135000000 63810000 425.24682651622 516060000 526500000 27018000000 1.02023020579002 51.3162393162393 0.855270655270655 
61 3000 300 27135000000 63810000 425.24682651622 508646065.573771 526410000 27018000000 1.03492395917029 51.3250128227047 0.841393652831225 
62 3000 300 27135000000 63810000 425.24682651622 501471290.322581 526320000 27018000000 1.04955160974706 51.3337893296854 0.827964344027183 
63 3000 300 27135000000 63810000 425.24682651622 494524285.714286 499410000 27018000000 1.00987962457427 54.0998378086142 0.858727584263717 
64 3000 300 27135000000 63810000 425.24682651622 487794375 499320000 27018000000 1.02362803999124 54.1095890410959 0.845462328767123 
65 3000 300 27135000000 63810000 425.24682651622 481271538.461538 499320000 27018000000 1.03750161830919 54.1095890410959 0.83245521601686 
66 3000 300 27135000000 63810000 425.24682651622 474946363.636364 499230000 27018000000 1.05112921841892 54.1193437894357 0.819990057415693 
67 3000 300 27135000000 63810000 425.24682651622 468810000 472230000 27018000000 1.00729506623152 57.2136458928912 0.853935013326734 
68 3000 300 27135000000 63810000 425.24682651622 462854117.647059 472140000 27018000000 1.02006222262891 57.2245520396493 0.841537529994842 
69 3000 300 27135000000 63810000 425.24682651622 457070869.565217 472140000 27018000000 1.03296891453423 57.2245520396493 0.82934133390796 
70 3000 300 27135000000 63810000 425.24682651622 451452857.142857 472050000 27018000000 1.04562412781591 57.2354623450906 0.817649462072722 
71 3000 300 27135000000 63810000 425.24682651622 445993098.591549 471960000 27018000000 1.0582226529748 57.2463768115942 0.806286997346397 
72 3000 300 27135000000 63810000 425.24682651622 440685000 445050000 27018000000 1.00990503420811 60.7077856420627 0.843163689473093 
73 3000 300 27135000000 63810000 425.24682651622 435522328.767123 445050000 27018000000 1.02187642424637 60.7077856420627 0.831613501946064 
74 3000 300 27135000000 63810000 425.24682651622 430499189.189189 444960000 27018000000 1.0335907968562 60.7200647249191 0.820541415201609 
75 3000 300 27135000000 63810000 425.24682651622 425610000 444960000 27018000000 1.04546415732713 60.7200647249191 0.809600862998921 
76 3000 300 27135000000 63810000 425.24682651622 420849473.684211 444870000 27018000000 1.05707628930959 60.7323487760469 0.799109852316407 
77 3000 300 27135000000 63810000 425.24682651622 416212597.402597 417870000 27018000000 1.00398210579821 64.6564721085505 0.839694442968188 
78 3000 300 27135000000 63810000 425.24682651622 411694615.384615 417870000 27018000000 1.01499991591975 64.6564721085505 0.828929129596801 
79 3000 300 27135000000 63810000 425.24682651622 407291012.658228 417870000 27018000000 1.02597402597403 64.6564721085505 0.818436355804437 
80 3000 300 27135000000 63810000 425.24682651622 402997500 417780000 27018000000 1.03668136899112 64.670400689358 0.808380008616975 
