processor M_size B_size W D W/D T_attendu T_simul T_Sequentiel T_simul/T_attendu speedup=(n^3+2*n^2)/T_Simul eff=speedup/nb_proc 
2 3000 1500 27063000000 3413250000 7.92880685563612 16944750000 13569750000 27018000000 0.800823263842783 1.99104626098491 0.995523130492456 
3 3000 1500 27063000000 3413250000 7.92880685563612 12434250000 10192500000 27018000000 0.819711683454973 2.65077262693157 0.883590875643856 
4 3000 1500 27063000000 3413250000 7.92880685563612 10179000000 6822000000 27018000000 0.670203359858532 3.96042216358839 0.990105540897098 
5 3000 1500 27063000000 3413250000 7.92880685563612 8825850000 6813000000 27018000000 0.771936980574109 3.96565389696169 0.793130779392338 
6 3000 1500 27063000000 3413250000 7.92880685563612 7923750000 6813000000 27018000000 0.859820160908661 3.96565389696169 0.660942316160282 
7 3000 1500 27063000000 3413250000 7.92880685563612 7279392857.14286 6804000000 27018000000 0.93469333686581 3.97089947089947 0.567271352985639 
8 3000 1500 27063000000 3413250000 7.92880685563612 6796125000 3435750000 27018000000 0.505545439496772 7.86378519973805 0.982973149967256 
9 3000 1500 27063000000 3413250000 7.92880685563612 6420250000 3435750000 27018000000 0.535142712511195 7.86378519973805 0.873753911082005 
10 3000 1500 27063000000 3413250000 7.92880685563612 6119550000 3435750000 27018000000 0.561438341054489 7.86378519973805 0.786378519973805 
11 3000 1500 27063000000 3413250000 7.92880685563612 5873522727.27273 3435750000 27018000000 0.58495559811945 7.86378519973805 0.71488956361255 
12 3000 1500 27063000000 3413250000 7.92880685563612 5668500000 3435750000 27018000000 0.606112728234983 7.86378519973805 0.655315433311504 
13 3000 1500 27063000000 3413250000 7.92880685563612 5495019230.76923 3435750000 27018000000 0.625248039308325 7.86378519973805 0.604906553826004 
14 3000 1500 27063000000 3413250000 7.92880685563612 5346321428.57143 3435750000 27018000000 0.642638129020621 7.86378519973805 0.561698942838432 
15 3000 1500 27063000000 3413250000 7.92880685563612 5217450000 3435750000 27018000000 0.658511341747405 7.86378519973805 0.524252346649203 
16 3000 1500 27063000000 3413250000 7.92880685563612 5104687500 3435750000 27018000000 0.673057851239669 7.86378519973805 0.491486574983628 
17 3000 1500 27063000000 3413250000 7.92880685563612 5005191176.47059 3435750000 27018000000 0.686437316550757 7.86378519973805 0.462575599984591 
18 3000 1500 27063000000 3413250000 7.92880685563612 4916750000 3435750000 27018000000 0.698784766359892 7.86378519973805 0.436876955541003 
19 3000 1500 27063000000 3413250000 7.92880685563612 4837618421.05263 3435750000 27018000000 0.710215172211207 7.86378519973805 0.41388343156516 
20 3000 1500 27063000000 3413250000 7.92880685563612 4766400000 3435750000 27018000000 0.720827039274924 7.86378519973805 0.393189259986902 
21 3000 1500 27063000000 3413250000 7.92880685563612 4701964285.71429 3435750000 27018000000 0.730705252364133 7.86378519973805 0.374465961892288 
22 3000 1500 27063000000 3413250000 7.92880685563612 4643386363.63636 3435750000 27018000000 0.739923351394212 7.86378519973805 0.357444781806275 
23 3000 1500 27063000000 3413250000 7.92880685563612 4589902173.91304 3435750000 27018000000 0.748545365416996 7.86378519973805 0.341903704336437 
24 3000 1500 27063000000 3413250000 7.92880685563612 4540875000 3435750000 27018000000 0.756627302006772 7.86378519973805 0.327657716655752 
25 3000 1500 27063000000 3413250000 7.92880685563612 4495770000 3435750000 27018000000 0.764218365263348 7.86378519973805 0.314551407989522 
26 3000 1500 27063000000 3413250000 7.92880685563612 4454134615.38461 3435750000 27018000000 0.771361958422383 7.86378519973805 0.302453276913002 
27 3000 1500 27063000000 3413250000 7.92880685563612 4415583333.33333 3435750000 27018000000 0.778096514239342 7.86378519973805 0.291251303694002 
28 3000 1500 27063000000 3413250000 7.92880685563612 4379785714.28571 3435750000 27018000000 0.784456186701894 7.86378519973805 0.280849471419216 
29 3000 1500 27063000000 3413250000 7.92880685563612 4346456896.55172 3435750000 27018000000 0.790471430356474 7.86378519973805 0.271165006887519 
30 3000 1500 27063000000 3413250000 7.92880685563612 4315350000 3435750000 27018000000 0.796169487990545 7.86378519973805 0.262126173324602 
31 3000 1500 27063000000 3413250000 7.92880685563612 4286250000 3435750000 27018000000 0.801574803149606 7.86378519973805 0.253670490314131 
32 3000 1500 27063000000 3413250000 7.92880685563612 4258968750 3435750000 27018000000 0.806709370666314 7.86378519973805 0.245743287491814 
33 3000 1500 27063000000 3413250000 7.92880685563612 4233340909.09091 3435750000 27018000000 0.811593035803443 7.86378519973805 0.238296521204183 
34 3000 1500 27063000000 3413250000 7.92880685563612 4209220588.23529 3435750000 27018000000 0.816243750589568 7.86378519973805 0.231287799992296 
35 3000 1500 27063000000 3413250000 7.92880685563612 4186478571.42857 3435750000 27018000000 0.820677794327657 7.86378519973805 0.224679577135373 
36 3000 1500 27063000000 3413250000 7.92880685563612 4165000000 3435750000 27018000000 0.824909963985594 7.86378519973805 0.218438477770501 
37 3000 1500 27063000000 3413250000 7.92880685563612 4144682432.43243 3435750000 27018000000 0.828953739161055 7.86378519973805 0.212534735128055 
38 3000 1500 27063000000 3413250000 7.92880685563612 4125434210.52632 3435750000 27018000000 0.83282142549588 7.86378519973805 0.20694171578258 
39 3000 1500 27063000000 3413250000 7.92880685563612 4107173076.92308 3435750000 27018000000 0.836524279754463 7.86378519973805 0.201635517942001 
40 3000 1500 27063000000 3413250000 7.92880685563612 4089825000 3435750000 27018000000 0.8400726192441 7.86378519973805 0.196594629993451 
41 3000 1500 27063000000 3413250000 7.92880685563612 4073323170.73171 3435750000 27018000000 0.843475917817446 7.86378519973805 0.191799639018001 
42 3000 1500 27063000000 3413250000 7.92880685563612 4057607142.85714 3435750000 27018000000 0.846742890338254 7.86378519973805 0.187232980946144 
43 3000 1500 27063000000 3413250000 7.92880685563612 4042622093.02326 3435750000 27018000000 0.849881567196054 7.86378519973805 0.182878725575303 
44 3000 1500 27063000000 3413250000 7.92880685563612 4028318181.81818 3435750000 27018000000 0.852899360211232 7.86378519973805 0.178722390903137 
45 3000 1500 27063000000 3413250000 7.92880685563612 4014650000 3435750000 27018000000 0.855803121069085 7.86378519973805 0.174750782216401 
46 3000 1500 27063000000 3413250000 7.92880685563612 4001576086.95652 3435750000 27018000000 0.858599193252659 7.86378519973805 0.170951852168218 
47 3000 1500 27063000000 3413250000 7.92880685563612 3989058510.6383 3435750000 27018000000 0.861293458302831 7.86378519973805 0.167314578717831 
48 3000 1500 27063000000 3413250000 7.92880685563612 3977062500 3435750000 27018000000 0.863891377115648 7.86378519973805 0.163828858327876 
49 3000 1500 27063000000 3413250000 7.92880685563612 3965556122.44898 3435750000 27018000000 0.866398026887137 7.86378519973805 0.160485412239552 
50 3000 1500 27063000000 3413250000 7.92880685563612 3954510000 3435750000 27018000000 0.868818134231548 7.86378519973805 0.157275703994761 
51 3000 1500 27063000000 3413250000 7.92880685563612 3943897058.82353 3435750000 27018000000 0.871156104927568 7.86378519973805 0.15419186666153 
52 3000 1500 27063000000 3413250000 7.92880685563612 3933692307.69231 3435750000 27018000000 0.873416050686378 7.86378519973805 0.151226638456501 
53 3000 1500 27063000000 3413250000 7.92880685563612 3923872641.50943 3435750000 27018000000 0.875601813283711 7.86378519973805 0.148373305655435 
54 3000 1500 27063000000 3413250000 7.92880685563612 3914416666.66667 3435750000 27018000000 0.877716986353862 7.86378519973805 0.145625651847001 
55 3000 1500 27063000000 3413250000 7.92880685563612 3905304545.45455 3433500000 27018000000 0.87918879565905 7.86893840104849 0.143071607291791 
56 3000 1500 27063000000 3413250000 7.92880685563612 3896517857.14286 3435750000 27018000000 0.881748814188492 7.86378519973805 0.140424735709608 
57 3000 1500 27063000000 3413250000 7.92880685563612 3888039473.68421 3435750000 27018000000 0.883671583906109 7.86378519973805 0.137961143855053 
58 3000 1500 27063000000 3413250000 7.92880685563612 3879853448.27586 3435750000 27018000000 0.885536024956507 7.86378519973805 0.135582503443759 
59 3000 1500 27063000000 3413250000 7.92880685563612 3871944915.25424 3435750000 27018000000 0.887344751849188 7.86378519973805 0.133284494910814 
60 3000 1500 27063000000 3413250000 7.92880685563612 3864300000 3435750000 27018000000 0.8891002251378 7.86378519973805 0.131063086662301 
61 3000 1500 27063000000 3413250000 7.92880685563612 3856905737.70492 3435750000 27018000000 0.890804762587864 7.86378519973805 0.128914511471116 
62 3000 1500 27063000000 3413250000 7.92880685563612 3849750000 3435750000 27018000000 0.892460549386324 7.86378519973805 0.126835245157065 
63 3000 1500 27063000000 3413250000 7.92880685563612 3842821428.57143 3435750000 27018000000 0.89406964748743 7.86378519973805 0.124821987297429 
64 3000 1500 27063000000 3413250000 7.92880685563612 3836109375 3435750000 27018000000 0.895634004179039 7.86378519973805 0.122871643745907 
65 3000 1500 27063000000 3413250000 7.92880685563612 3829603846.15385 3435750000 27018000000 0.897155459944139 7.86378519973805 0.120981310765201 
66 3000 1500 27063000000 3413250000 7.92880685563612 3823295454.54545 3435750000 27018000000 0.898635755684352 7.86378519973805 0.119148260602092 
67 3000 1500 27063000000 3413250000 7.92880685563612 3817175373.13433 3435750000 27018000000 0.900076539364987 7.86378519973805 0.117369928354299 
68 3000 1500 27063000000 3413250000 7.92880685563612 3811235294.11765 3435750000 27018000000 0.901479372135018 7.86378519973805 0.115643899996148 
69 3000 1500 27063000000 3413250000 7.92880685563612 3805467391.30435 3435750000 27018000000 0.902845733969717 7.86378519973805 0.113967901445479 
70 3000 1500 27063000000 3413250000 7.92880685563612 3799864285.71429 3435750000 27018000000 0.90417702887885 7.86378519973805 0.112339788567686 
71 3000 1500 27063000000 3413250000 7.92880685563612 3794419014.08451 3435750000 27018000000 0.905474589718962 7.86378519973805 0.11075753802448 
72 3000 1500 27063000000 3413250000 7.92880685563612 3789125000 3435750000 27018000000 0.90673968264441 7.86378519973805 0.109219238885251 
73 3000 1500 27063000000 3413250000 7.92880685563612 3783976027.39726 3435750000 27018000000 0.907973511228405 7.86378519973805 0.107723084927918 
74 3000 1500 27063000000 3413250000 7.92880685563612 3778966216.21622 3435750000 27018000000 0.909177220282251 7.86378519973805 0.106267367564028 
75 3000 1500 27063000000 3413250000 7.92880685563612 3774090000 3435750000 27018000000 0.910351899398266 7.86378519973805 0.104850469329841 
76 3000 1500 27063000000 3413250000 7.92880685563612 3769342105.26316 3435750000 27018000000 0.911498586239396 7.86378519973805 0.10347085789129 
77 3000 1500 27063000000 3413250000 7.92880685563612 3764717532.46753 3435750000 27018000000 0.912618269596468 7.86378519973805 0.102127080516079 
78 3000 1500 27063000000 3413250000 7.92880685563612 3760211538.46154 3435750000 27018000000 0.913711892231922 7.86378519973805 0.100817758971001 
79 3000 1500 27063000000 3413250000 7.92880685563612 3755819620.25316 3435750000 27018000000 0.914780353527312 7.86378519973805 0.0995415848068107 
80 3000 1500 27063000000 3413250000 7.92880685563612 3751537500 3435750000 27018000000 0.915824511950101 7.86378519973805 0.0982973149967256 
