processor M_size B_size W D W/D T_attendu T_simul T_Sequentiel T_simul/T_attendu speedup=(n^3+2*n^2)/T_Simul eff=speedup/nb_proc 
2 3000 1500 27063000000 3413250000 7.92880685563612 16944750000 13569750000 27018000000 0.800823263842783 1.99104626098491 0.995523130492456 
2 3000 1000 27072000000 1038000000 26.0809248554913 14574000000 14062000000 27018000000 0.964868944696034 1.92134831460674 0.960674157303371 
2 3000 750 27081000000 459562500 58.9277845777234 14000062500 13581000000 27018000000 0.970067097914741 1.98939695162359 0.994698475811796 
2 3000 600 27090000000 253440000 106.889204545455 13798440000 13668480000 27018000000 0.990581544000626 1.97666455962916 0.988332279814581 
2 3000 500 27099000000 162250000 167.020030816641 13711750000 13594000000 27018000000 0.991412474702354 1.98749448286009 0.993747241430043 
2 3000 375 27117000000 89718750 302.244514106583 13648218750 13610109375 27018000000 0.997207740021019 1.98514201874296 0.992571009371481 
2 3000 300 27135000000 63810000 425.24682651622 13631310000 13622670000 27018000000 0.999366165100786 1.98331164155045 0.991655820775223 
2 3000 250 27153000000 52312500 519.05376344086 13628812500 13618000000 27018000000 0.999206644012455 1.98399177559113 0.991995887795565 
2 3000 200 27180000000 44560000 609.964093357271 13634560000 13635360000 27018000000 1.00005867442734 1.98146583588552 0.990732917942761 
2 3000 150 27225000000 39802500 684.0022611645 13652302500 13676220000 27018000000 1.00175190228901 1.97554587451796 0.987772937258979 
2 3000 120 27270000000 38073600 716.24432677761 13673073600 13697769600 27018000000 1.00180617765416 1.97243790697137 0.986218953485683 
2 3000 100 27315000000 37290000 732.502011263073 13694790000 13737380000 27018000000 1.00310994180999 1.96675057398136 0.983375286990678 
2 3000 75 27405000000 36641250 747.927540681609 13739141250 13806511875 27018000000 1.00490355428874 1.95690267350746 0.97845133675373 
2 3000 60 27495000000 36392400 755.51488772381 13783892400 13874986800 27018000000 1.00660875733476 1.9472450957575 0.973622547878748 
2 3000 50 27585000000 36272500 760.493486801296 13828772500 13943462500 27018000000 1.00829357775609 1.93768226507584 0.968841132537919 
2 3000 40 27720000000 36182400 766.118333775537 13896182400 14048681600 27018000000 1.01097417949839 1.92316978697844 0.961584893489222 
2 3000 30 27945000000 36116100 773.754641281866 14008616100 14218806600 27018000000 1.01500437291589 1.90015946907949 0.950079734539747 
2 3000 25 28125000000 36090000 779.30174563591 14098590000 14354855625 27018000000 1.01817668468975 1.88215059111749 0.941075295558746 
