processor M_size B_size W D W/D T_attendu T_simul T_Sequentiel T_simul/T_attendu speedup=(n^3+2*n^2)/T_Simul eff=speedup/nb_proc 
5 3000 1500 27063000000 3413250000 7.92880685563612 8825850000 6815250000 27018000000 0.772191913526742 3.96434466820733 0.792868933641466 
5 3000 1000 27072000000 1038000000 26.0809248554913 6452400000 6065000000 27018000000 0.93996032484037 4.45474031327288 0.890948062654575 
5 3000 750 27081000000 459562500 58.9277845777234 5875762500 5561437500 27018000000 0.946504815332478 4.85809649034085 0.97161929806817 
5 3000 600 27090000000 253440000 106.889204545455 5671440000 5482440000 27018000000 0.966675130125682 4.92809770831965 0.985619541663931 
5 3000 500 27099000000 162250000 167.020030816641 5582050000 5561750000 27018000000 0.996363343216202 4.85782352676765 0.971564705353531 
5 3000 375 27117000000 89718750 302.244514106583 5513118750 5499140625 27018000000 0.997464570303333 4.91313131313131 0.982626262626263 
5 3000 300 27135000000 63810000 425.24682651622 5490810000 5503230000 27018000000 1.00226196134996 4.90948043240061 0.981896086480122 
5 3000 250 27153000000 52312500 519.05376344086 5482912500 5502250000 27018000000 1.00352686642364 4.91035485483211 0.982070970966423 
5 3000 200 27180000000 44560000 609.964093357271 5480560000 5511040000 27018000000 1.00556147546966 4.90252293577982 0.980504587155963 
5 3000 150 27225000000 39802500 684.0022611645 5484802500 5529150000 27018000000 1.00808552358996 4.88646536990315 0.97729307398063 
5 3000 120 27270000000 38073600 716.24432677761 5492073600 5542099200 27018000000 1.00910869075025 4.87504806842866 0.975009613685731 
5 3000 100 27315000000 37290000 732.502011263073 5500290000 5560300000 27018000000 1.01091033381876 4.85909033685233 0.971818067370466 
5 3000 75 27405000000 36641250 747.927540681609 5517641250 5592960000 27018000000 1.01365053409371 4.8307157569516 0.966143151390319 
5 3000 60 27495000000 36392400 755.51488772381 5535392400 5626080000 27018000000 1.01638322876622 4.80227796263117 0.960455592526235 
5 3000 50 27585000000 36272500 760.493486801296 5553272500 5659110000 27018000000 1.01905858212432 4.77424895434088 0.954849790868175 
5 3000 40 27720000000 36182400 766.118333775537 5580182400 5708644800 27018000000 1.02302118296348 4.73282205261746 0.946564410523492 
5 3000 30 27945000000 36116100 773.754641281866 5625116100 5790328200 27018000000 1.02937043379425 4.66605675305244 0.933211350610489 
