processor M_size B_size W D W/D T_attendu T_simul T_Sequentiel T_simul/T_attendu speedup=(n^3+2*n^2)/T_Simul eff=speedup/nb_proc 
12 3000 1500 27063000000 3413250000 7.92880685563612 5668500000 3435750000 27018000000 0.606112728234983 7.86378519973805 0.655315433311504 
12 3000 1000 27072000000 1038000000 26.0809248554913 3294000000 3063000000 27018000000 0.929872495446266 8.820763956905 0.735063663075416 
12 3000 750 27081000000 459562500 58.9277845777234 2716312500 2603250000 27018000000 0.958376475460758 10.3785652549697 0.864880437914146 
12 3000 600 27090000000 253440000 106.889204545455 2510940000 2448360000 27018000000 0.975077062773304 11.0351418908984 0.919595157574867 
12 3000 500 27099000000 162250000 167.020030816641 2420500000 2327750000 27018000000 0.961681470770502 11.6069165503168 0.967243045859736 
12 3000 375 27117000000 89718750 302.244514106583 2349468750 2342671875 27018000000 0.997107058776585 11.5329851731797 0.961082097764972 
12 3000 300 27135000000 63810000 425.24682651622 2325060000 2344500000 27018000000 1.00836107455291 11.5239923224568 0.960332693538068 
12 3000 250 27153000000 52312500 519.05376344086 2315062500 2339062500 27018000000 1.01036689074269 11.5507815631263 0.962565130260521 
12 3000 200 27180000000 44560000 609.964093357271 2309560000 2342840000 27018000000 1.01440967110618 11.5321575523723 0.961013129364361 
12 3000 150 27225000000 39802500 684.0022611645 2308552500 2351655000 27018000000 1.01867079046285 11.4889301364358 0.957410844702986 
12 3000 120 27270000000 38073600 716.24432677761 2310573600 2358028800 27018000000 1.02053827672921 11.4578753236602 0.954822943638347 
12 3000 100 27315000000 37290000 732.502011263073 2313540000 2366300000 27018000000 1.02280487910302 11.417825296877 0.951485441406415 
12 3000 75 27405000000 36641250 747.927540681609 2320391250 2381101875 27018000000 1.02616396049589 11.3468475598088 0.94557062998407 
12 3000 60 27495000000 36392400 755.51488772381 2327642400 2395807200 27018000000 1.02928491077495 11.2772012706198 0.939766772551648 
12 3000 50 27585000000 36272500 760.493486801296 2335022500 2410520000 27018000000 1.03233266488867 11.208369978262 0.934030831521829 
12 3000 40 27720000000 36182400 766.118333775537 2346182400 2432483200 27018000000 1.0367834998677 11.1071681810588 0.925597348421564 
12 3000 30 27945000000 36116100 773.754641281866 2364866100 2468675700 27018000000 1.04389660793057 10.9443293827537 0.912027448562806 
