processor M_size B_size W D W/D T_attendu T_simul T_Sequentiel T_simul/T_attendu speedup=(n^3+2*n^2)/T_Simul eff=speedup/nb_proc 
4 3000 1500 27063000000 3413250000 7.92880685563612 10179000000 6822000000 27018000000 0.670203359858532 3.96042216358839 0.990105540897098 
4 3000 1000 27072000000 1038000000 26.0809248554913 7806000000 7078000000 27018000000 0.906738406354087 3.81717999434869 0.954294998587171 
4 3000 750 27081000000 459562500 58.9277845777234 7229812500 6831000000 27018000000 0.944837781062787 3.95520421607378 0.988801054018445 
4 3000 600 27090000000 253440000 106.889204545455 7025940000 6973920000 27018000000 0.992596008505623 3.87414825521371 0.968537063803428 
4 3000 500 27099000000 162250000 167.020030816641 6937000000 6841000000 27018000000 0.986161164768632 3.94942259903523 0.987355649758807 
4 3000 375 27117000000 89718750 302.244514106583 6868968750 6849984375 27018000000 0.997236211767596 3.94424257354602 0.986060643386504 
4 3000 300 27135000000 63810000 425.24682651622 6847560000 6856920000 27018000000 1.00136691025708 3.94025305822439 0.985063264556098 
4 3000 250 27153000000 52312500 519.05376344086 6840562500 6856875000 27018000000 1.00238467231313 3.9402789171452 0.9850697292863 
4 3000 200 27180000000 44560000 609.964093357271 6839560000 6866960000 27018000000 1.00400610565592 3.93449211878328 0.983623029695819 
4 3000 150 27225000000 39802500 684.0022611645 6846052500 6889117500 27018000000 1.00629048637883 3.92183759385727 0.980459398464317 
4 3000 120 27270000000 38073600 716.24432677761 6855573600 6904497600 27018000000 1.00713638316129 3.91310151226644 0.97827537806661 
4 3000 100 27315000000 37290000 732.502011263073 6866040000 6927090000 27018000000 1.00889158816436 3.90033910343304 0.975084775858261 
4 3000 75 27405000000 36641250 747.927540681609 6887891250 6966540000 27018000000 1.01141840762948 3.87825233186058 0.969563082965145 
4 3000 60 27495000000 36392400 755.51488772381 6910142400 7006503600 27018000000 1.01394489352347 3.85613160892403 0.964032902231007 
4 3000 50 27585000000 36272500 760.493486801296 6932522500 7046850000 27018000000 1.0164914718993 3.83405351327189 0.958513378317972 
4 3000 40 27720000000 36182400 766.118333775537 6966182400 7107305600 27018000000 1.02025832685633 3.80144059093224 0.950360147733059 
4 3000 30 27945000000 36116100 773.754641281866 7022366100 7206325200 27018000000 1.02619617054713 3.74920632224591 0.937301580561477 

