processor M_size B_size W D W/D T_attendu T_simul T_Sequentiel T_simul/T_attendu speedup=(n^3+2*n^2)/T_Simul eff=speedup/nb_proc 
8 3000 1500 27063000000 3413250000 7.92880685563612 6796125000 3435750000 27018000000 0.505545439496772 7.86378519973805 0.982973149967256 
8 3000 1000 27072000000 1038000000 26.0809248554913 4422000000 4071000000 27018000000 0.920624151967436 6.63669859985262 0.829587324981577 
8 3000 750 27081000000 459562500 58.9277845777234 3844687500 3448687500 27018000000 0.897000731528895 7.83428478225412 0.979285597781765 
8 3000 600 27090000000 253440000 106.889204545455 3639690000 3531240000 27018000000 0.970203506342573 7.65113671118361 0.956392088897951 
8 3000 500 27099000000 162250000 167.020030816641 3549625000 3458000000 27018000000 0.974187414163468 7.81318681318681 0.976648351648352 
8 3000 375 27117000000 89718750 302.244514106583 3479343750 3463031250 27018000000 0.995311615875839 7.80183545845854 0.975229432307318 
8 3000 300 27135000000 63810000 425.24682651622 3455685000 3468690000 27018000000 1.00376336384827 7.7891077034846 0.973638462935575 
8 3000 250 27153000000 52312500 519.05376344086 3446437500 3469437500 27018000000 1.00667355784052 7.78742951847382 0.973428689809227 
8 3000 200 27180000000 44560000 609.964093357271 3442060000 3475560000 27018000000 1.0097325438836 7.77371128681421 0.971713910851776 
8 3000 150 27225000000 39802500 684.0022611645 3442927500 3487680000 27018000000 1.01299838582137 7.74669694467382 0.968337118084228 
8 3000 120 27270000000 38073600 716.24432677761 3446823600 3495758400 27018000000 1.01419707118171 7.72879498766276 0.966099373457845 
8 3000 100 27315000000 37290000 732.502011263073 3451665000 3508310000 27018000000 1.01641092052676 7.70114385558859 0.962642981948574 
8 3000 75 27405000000 36641250 747.927540681609 3462266250 3529552500 27018000000 1.01943416396703 7.65479476505874 0.956849345632343 
8 3000 60 27495000000 36392400 755.51488772381 3473267400 3550978800 27018000000 1.02237414833076 7.60860639325698 0.951075799157123 
8 3000 50 27585000000 36272500 760.493486801296 3484397500 3572420000 27018000000 1.0252618996541 7.56294052770951 0.945367565963688 
8 3000 40 27720000000 36182400 766.118333775537 3501182400 3604624000 27018000000 1.02954476179247 7.49537261029167 0.936921576286459 
8 3000 30 27945000000 36116100 773.754641281866 3529241100 3657805200 27018000000 1.03642825648834 7.38639662932296 0.92329957866537 

