processor M_size B_size W D W/D T_attendu T_simul T_Sequentiel T_simul/T_attendu speedup=(n^3+2*n^2)/T_Simul eff=speedup/nb_proc 838864696 
14 3000 1500 27063000000 3413250000 7.92880685563612 5346321428.57143 3435750000 27018000000 0.642638129020621 7.86378519973805 0.561698942838432 
14 3000 1000 27072000000 1038000000 26.0809248554913 2971714285.71429 2061000000 27018000000 0.693539082780501 13.1091703056769 0.936369307548347 
14 3000 750 27081000000 459562500 58.9277845777234 2393919642.85714 2180250000 27018000000 0.910744855828943 12.3921568627451 0.88515406162465 
14 3000 600 27090000000 253440000 106.889204545455 2188440000 2015640000 27018000000 0.921039644678401 13.4041793177353 0.957441379838236 
14 3000 500 27099000000 162250000 167.020030816641 2097892857.14286 2072250000 27018000000 0.987776850921842 13.0380021715527 0.931285869396619 
14 3000 375 27117000000 89718750 302.244514106583 2026647321.42857 2025140625 27018000000 0.999256557165798 13.3412957433512 0.952949695953654 
14 3000 300 27135000000 63810000 425.24682651622 2002024285.71429 2019330000 27018000000 1.00864410807061 13.3796853411775 0.955691810084108 
14 3000 250 27153000000 52312500 519.05376344086 1991812500 2014250000 27018000000 1.01126486554332 13.4134293161226 0.958102094008759 
14 3000 200 27180000000 44560000 609.964093357271 1985988571.42857 2019440000 27018000000 1.01684371655138 13.3789565424078 0.955639753029128 
14 3000 150 27225000000 39802500 684.0022611645 1984445357.14286 2026620000 27018000000 1.02125260980623 13.3315569766409 0.952254069760065 
14 3000 120 27270000000 38073600 716.24432677761 1985930742.85714 2032286400 27018000000 1.02334203109025 13.2943860668457 0.949599004774693 
14 3000 100 27315000000 37290000 732.502011263073 1988361428.57143 2039670000 27018000000 1.02580444917674 13.2462604244804 0.946161458891459 
14 3000 75 27405000000 36641250 747.927540681609 1994141250 2052551250 27018000000 1.02929080374823 13.1631305186655 0.940223608476106 
14 3000 60 27495000000 36392400 755.51488772381 2000320971.42857 2065413600 27018000000 1.03254109190534 13.0811572074475 0.934368371960533 
14 3000 50 27585000000 36272500 760.493486801296 2006629642.85714 2078155000 27018000000 1.03564452334165 13.0009551741809 0.928639655298639 
14 3000 40 27720000000 36182400 766.118333775537 2016182400 2097083200 27018000000 1.04012573465575 12.8836090051172 0.9202577860798 
14 3000 30 27945000000 36116100 773.754641281866 2032187528.57143 2128351500 27018000000 1.04732042199677 12.6943317398465 0.90673798141761 
