processor M_size B_size W D W/D T_attendu T_simul T_Sequentiel T_simul/T_attendu speedup=(n^3+2*n^2)/T_Simul eff=speedup/nb_proc 
7 3000 1500 27063000000 3413250000 7.92880685563612 7279392857.14286 6813000000 27018000000 0.935929703713516 3.96565389696169 0.566521985280242 
7 3000 1000 27072000000 1038000000 26.0809248554913 4905428571.42857 4072000000 27018000000 0.830100763003087 6.63506876227898 0.947866966039854 
7 3000 750 27081000000 459562500 58.9277845777234 4328276785.71429 4281187500 27018000000 0.989120546571857 6.31086585205623 0.901552264579462 
7 3000 600 27090000000 253440000 106.889204545455 4123440000 3963960000 27018000000 0.961323555089925 6.81591136136591 0.973701623052272 
7 3000 500 27099000000 162250000 167.020030816641 4033535714.28571 3952500000 27018000000 0.979909508672824 6.83567362428843 0.976524803469775 
7 3000 375 27117000000 89718750 302.244514106583 3963575892.85714 3963796875 27018000000 1.00005575322609 6.81619186149643 0.973741694499491 
7 3000 300 27135000000 63810000 425.24682651622 3940238571.42857 3953880000 27018000000 1.00346208188264 6.83328780843121 0.97618397263303 
7 3000 250 27153000000 52312500 519.05376344086 3931312500 3954062500 27018000000 1.00578687143289 6.83297241760847 0.97613891680121 
7 3000 200 27180000000 44560000 609.964093357271 3927417142.85714 3959960000 27018000000 1.00828607096194 6.8227961898605 0.974685169980072 
7 3000 150 27225000000 39802500 684.0022611645 3929088214.28571 3973995000 27018000000 1.01142931470742 6.79870004869156 0.971242864098794 
7 3000 120 27270000000 38073600 716.24432677761 3933787885.71429 3983313600 27018000000 1.01258982835998 6.78279510807284 0.968970729724691 
7 3000 100 27315000000 37290000 732.502011263073 3939432857.14286 3996880000 27018000000 1.01458259220054 6.75977262264566 0.965681803235095 
7 3000 75 27405000000 36641250 747.927540681609 3951641250 4021312500 27018000000 1.01763096536154 6.71870191635194 0.959814559478848 
7 3000 60 27495000000 36392400 755.51488772381 3964249542.85714 4045554000 27018000000 1.02050941956703 6.67844255694029 0.954063222420041 
7 3000 50 27585000000 36272500 760.493486801296 3976986785.71429 4069795000 27018000000 1.02333631447283 6.63866361819207 0.948380516884582 
7 3000 40 27720000000 36182400 766.118333775537 3996182400 4106291200 27018000000 1.02755349705759 6.57966001047368 0.939951430067669 
7 3000 30 27945000000 36116100 773.754641281866 4028258957.14286 4166365500 27018000000 1.03428442518877 6.48478872052872 0.92639838864696 

