#using seed 0.061337
#processors:200 remote_steal_latency:2                  remote_steal_proba:0.25
2 100113
2 100105
2 100126
2 100125
2 100110
2 100122
2 100111
2 100108
2 100134
2 100114
2 100116
2 100112
2 100109
2 100116
2 100111
2 100130
2 100109
2 100112
2 100128
2 100115
2 100108
2 100112
2 100109
2 100099
2 100108
2 100118
2 100126
2 100145
2 100108
2 100124
2 100108
2 100104
2 100115
2 100108
2 100125
2 100117
2 100111
2 100114
2 100103
2 100125
2 100115
2 100110
2 100111
2 100115
2 100109
2 100115
2 100107
2 100113
2 100118
2 100109
2 100113
2 100108
2 100113
2 100114
2 100111
2 100131
2 100110
2 100113
2 100115
2 100121
2 100130
2 100108
2 100121
2 100106
2 100119
2 100117
2 100112
2 100115
2 100106
2 100129
2 100119
2 100106
2 100110
2 100113
2 100111
2 100123
2 100120
2 100135
2 100104
2 100102
2 100119
2 100110
2 100126
2 100108
2 100099
2 100145
2 100127
2 100115
2 100109
2 100113
2 100118
2 100111
2 100112
2 100101
2 100130
2 100111
2 100126
2 100102
2 100116
2 100117
2 100106
2 100114
2 100109
2 100119
2 100102
2 100113
2 100104
2 100124
2 100114
2 100106
2 100124
2 100104
2 100125
2 100103
2 100116
2 100124
2 100113
2 100113
2 100118
2 100117
2 100113
2 100110
2 100116
2 100124
2 100113
2 100114
2 100105
2 100111
2 100122
2 100114
2 100094
2 100116
2 100124
2 100145
2 100120
2 100106
2 100111
2 100118
2 100116
2 100099
2 100109
2 100113
2 100100
2 100103
2 100115
2 100138
2 100140
2 100110
2 100097
2 100121
2 100131
2 100119
2 100121
2 100121
2 100133
2 100115
2 100109
2 100101
2 100102
2 100116
2 100109
2 100121
2 100120
2 100105
2 100127
2 100108
2 100112
2 100123
2 100126
2 100112
2 100115
2 100118
2 100121
2 100115
2 100114
2 100121
2 100121
2 100103
2 100100
2 100132
2 100113
2 100100
2 100120
2 100106
2 100112
2 100099
2 100137
2 100114
2 100110
2 100135
2 100116
2 100114
2 100124
2 100106
2 100110
2 100119
2 100107
2 100104
2 100123
2 100105
2 100114
2 100096
2 100114
2 100103
2 100105
2 100120
2 100128
2 100113
2 100124
2 100109
2 100125
2 100102
2 100109
2 100124
2 100124
2 100112
2 100116
2 100103
2 100118
2 100100
2 100107
2 100105
2 100099
2 100113
2 100120
2 100114
2 100115
2 100108
2 100104
2 100108
2 100115
2 100129
2 100127
2 100106
2 100117
2 100115
2 100134
2 100102
2 100104
2 100112
2 100106
2 100109
2 100129
2 100110
2 100113
2 100104
2 100119
2 100115
2 100114
2 100119
2 100112
2 100115
2 100112
2 100106
2 100111
2 100114
2 100124
2 100117
2 100109
2 100115
2 100092
2 100122
2 100110
2 100114
2 100112
2 100129
2 100109
2 100105
2 100119
2 100101
2 100112
2 100127
2 100110
2 100125
2 100109
2 100099
2 100117
2 100121
2 100117
2 100121
2 100109
2 100108
2 100107
2 100115
2 100099
2 100115
2 100101
2 100123
2 100115
2 100102
2 100099
2 100114
2 100116
2 100121
2 100103
2 100104
2 100106
2 100113
2 100104
2 100095
2 100119
2 100118
2 100116
2 100126
2 100105
2 100112
2 100111
2 100103
2 100108
2 100102
2 100114
2 100100
2 100111
2 100126
2 100105
2 100107
2 100105
2 100108
2 100134
2 100139
2 100122
2 100122
2 100115
2 100112
2 100111
2 100112
2 100127
2 100093
2 100119
2 100113
2 100106
2 100110
2 100115
2 100110
2 100134
2 100100
2 100117
2 100120
2 100106
2 100112
2 100123
2 100132
2 100099
2 100110
2 100143
2 100111
2 100099
2 100112
2 100128
2 100120
2 100103
2 100101
2 100120
2 100102
2 100108
2 100118
2 100115
2 100137
2 100113
2 100125
2 100109
2 100103
2 100112
2 100117
2 100130
2 100117
2 100111
2 100110
2 100107
2 100120
2 100109
2 100120
2 100116
2 100124
2 100097
2 100114
2 100115
2 100121
2 100128
2 100125
2 100096
2 100113
2 100121
2 100108
2 100104
2 100107
2 100109
2 100113
2 100139
2 100110
2 100106
2 100121
2 100102
2 100138
2 100132
2 100123
2 100117
2 100113
2 100118
2 100102
2 100114
2 100129
2 100109
2 100108
2 100120
2 100109
2 100101
2 100115
2 100099
2 100127
2 100109
2 100108
2 100116
2 100108
2 100111
2 100111
2 100112
2 100106
2 100122
2 100129
2 100121
2 100134
2 100120
2 100109
2 100113
2 100126
2 100124
2 100098
2 100116
2 100117
2 100120
2 100110
2 100116
2 100126
2 100127
2 100102
2 100115
2 100109
2 100113
2 100106
2 100111
2 100129
2 100114
2 100098
2 100126
2 100133
2 100114
2 100113
2 100109
2 100106
2 100116
2 100109
2 100122
2 100128
2 100115
2 100131
2 100116
2 100126
2 100114
2 100100
2 100117
2 100110
2 100104
2 100098
2 100115
2 100107
2 100105
2 100103
2 100092
2 100120
2 100107
2 100136
2 100100
2 100109
2 100108
2 100114
2 100121
2 100130
2 100114
2 100112
2 100106
2 100125
2 100106
2 100125
2 100101
2 100107
2 100103
2 100120
2 100120
2 100116
2 100114
2 100107
2 100107
2 100126
2 100110
2 100108
2 100106
2 100109
2 100131
2 100131
#processors:200 remote_steal_latency:6                  remote_steal_proba:0.25
6 100212
6 100189
6 100205
6 100227
6 100193
6 100199
6 100228
6 100178
6 100194
6 100196
6 100191
6 100212
6 100207
6 100225
6 100170
6 100223
6 100205
6 100204
6 100257
6 100246
6 100168
6 100199
6 100184
6 100204
6 100180
6 100201
6 100218
6 100197
6 100197
6 100207
6 100184
6 100190
6 100184
6 100215
6 100173
6 100200
6 100184
6 100185
6 100197
6 100180
6 100206
6 100180
6 100181
6 100199
6 100229
6 100211
6 100209
6 100195
6 100175
6 100211
6 100212
6 100183
6 100195
6 100190
6 100239
6 100215
6 100230
6 100211
6 100202
6 100226
6 100185
6 100210
6 100190
6 100223
6 100191
6 100200
6 100191
6 100204
6 100215
6 100196
6 100212
6 100188
6 100215
6 100221
6 100191
6 100191
6 100211
6 100194
6 100165
6 100176
6 100220
6 100205
6 100186
6 100207
6 100190
6 100205
6 100201
6 100212
6 100215
6 100187
6 100197
6 100206
6 100180
6 100183
6 100196
6 100197
6 100201
6 100174
6 100216
6 100192
6 100184
6 100220
6 100239
6 100185
6 100194
6 100171
6 100228
6 100180
6 100224
6 100215
6 100199
6 100202
6 100206
6 100210
6 100223
6 100214
6 100201
6 100195
6 100189
6 100191
6 100205
6 100193
6 100213
6 100194
6 100188
6 100197
6 100213
6 100196
6 100231
6 100252
6 100194
6 100201
6 100214
6 100220
6 100185
6 100197
6 100199
6 100191
6 100197
6 100194
6 100171
6 100183
6 100198
6 100189
6 100200
6 100197
6 100194
6 100227
6 100181
6 100194
6 100196
6 100208
6 100198
6 100224
6 100183
6 100180
6 100181
6 100185
6 100195
6 100195
6 100199
6 100172
6 100186
6 100231
6 100211
6 100187
6 100194
6 100188
6 100198
6 100219
6 100180
6 100210
6 100206
6 100196
6 100207
6 100199
6 100183
6 100183
6 100193
6 100211
6 100198
6 100195
6 100197
6 100183
6 100184
6 100207
6 100217
6 100181
6 100210
6 100216
6 100192
6 100211
6 100215
6 100224
6 100210
6 100193
6 100210
6 100177
6 100219
6 100224
6 100200
6 100185
6 100172
6 100212
6 100205
6 100193
6 100210
6 100192
6 100180
6 100190
6 100193
6 100225
6 100191
6 100194
6 100205
6 100199
6 100198
6 100219
6 100193
6 100192
6 100203
6 100186
6 100208
6 100180
6 100258
6 100216
6 100209
6 100182
6 100198
6 100186
6 100195
6 100183
6 100195
6 100187
6 100188
6 100209
6 100221
6 100209
6 100192
6 100224
6 100176
6 100226
6 100195
6 100191
6 100210
6 100191
6 100188
6 100196
6 100216
6 100186
6 100198
6 100209
6 100239
6 100193
6 100209
6 100182
6 100184
6 100208
6 100225
6 100211
6 100182
6 100220
6 100196
6 100227
6 100213
6 100217
6 100165
6 100232
6 100192
6 100190
6 100233
6 100184
6 100225
6 100193
6 100181
6 100190
6 100220
6 100204
6 100174
6 100185
6 100193
6 100224
6 100187
6 100209
6 100199
6 100225
6 100221
6 100257
6 100209
6 100187
6 100182
6 100206
6 100206
6 100169
6 100207
6 100192
6 100185
6 100176
6 100208
6 100201
6 100213
6 100207
6 100194
6 100194
6 100179
6 100190
6 100229
6 100173
6 100190
6 100217
6 100200
6 100168
6 100183
6 100185
6 100197
6 100179
6 100230
6 100211
6 100218
6 100197
6 100215
6 100208
6 100265
6 100196
6 100239
6 100212
6 100235
6 100181
6 100220
6 100182
6 100195
6 100195
6 100256
6 100194
6 100226
6 100196
6 100206
6 100187
6 100209
6 100214
6 100187
6 100196
6 100193
6 100218
6 100169
6 100202
6 100177
6 100212
6 100226
6 100217
6 100206
6 100260
6 100210
6 100185
6 100222
6 100195
6 100188
6 100173
6 100213
6 100223
6 100183
6 100231
6 100180
6 100208
6 100186
6 100186
6 100207
6 100206
6 100173
6 100195
6 100207
6 100186
6 100197
6 100194
6 100168
6 100186
6 100209
6 100184
6 100172
6 100216
6 100205
6 100232
6 100183
6 100191
6 100192
6 100191
6 100223
6 100206
6 100187
6 100214
6 100235
6 100212
6 100199
6 100172
6 100185
6 100184
6 100172
6 100180
6 100237
6 100200
6 100233
6 100227
6 100196
6 100189
6 100228
6 100196
6 100195
6 100184
6 100179
6 100193
6 100226
6 100173
6 100194
6 100206
6 100215
6 100208
6 100204
6 100202
6 100188
6 100216
6 100175
6 100164
6 100187
6 100182
6 100216
6 100187
6 100192
6 100180
6 100204
6 100197
6 100211
6 100197
6 100188
6 100220
6 100180
6 100199
6 100206
6 100202
6 100210
6 100172
6 100197
6 100200
6 100197
6 100179
6 100184
6 100190
6 100192
6 100200
6 100195
6 100210
6 100208
6 100197
6 100194
6 100186
6 100196
6 100234
6 100202
6 100188
6 100184
6 100222
6 100187
6 100218
6 100229
6 100185
6 100242
6 100197
6 100200
6 100198
6 100185
6 100210
6 100192
6 100200
6 100221
6 100206
6 100164
6 100178
6 100186
6 100194
6 100206
6 100191
6 100193
6 100210
6 100228
6 100187
6 100202
6 100210
6 100197
6 100205
6 100171
6 100198
6 100206
6 100204
6 100176
6 100214
6 100190
6 100188
6 100196
6 100186
6 100198
6 100171
#processors:200 remote_steal_latency:10                  remote_steal_proba:0.25
10 100291
10 100341
10 100309
10 100304
10 100284
10 100277
10 100270
10 100240
10 100261
10 100327
10 100293
10 100252
10 100318
10 100247
10 100280
10 100257
10 100269
10 100296
10 100284
10 100295
10 100261
10 100290
10 100236
10 100259
10 100283
10 100328
10 100311
10 100256
10 100261
10 100347
10 100312
10 100335
10 100257
10 100301
10 100329
10 100304
10 100256
10 100299
10 100257
10 100295
10 100253
10 100288
10 100280
10 100259
10 100243
10 100279
10 100280
10 100292
10 100308
10 100291
10 100318
10 100340
10 100229
10 100361
10 100283
10 100266
10 100260
10 100289
10 100301
10 100301
10 100276
10 100295
10 100268
10 100250
10 100303
10 100268
10 100300
10 100316
10 100310
10 100283
10 100292
10 100274
10 100253
10 100267
10 100334
10 100266
10 100256
10 100326
10 100247
10 100269
10 100283
10 100303
10 100262
10 100270
10 100338
10 100284
10 100249
10 100286
10 100314
10 100266
10 100281
10 100267
10 100286
10 100244
10 100260
10 100297
10 100273
10 100243
10 100287
10 100308
10 100285
10 100258
10 100310
10 100303
10 100234
10 100253
10 100264
10 100273
10 100252
10 100239
10 100271
10 100266
10 100327
10 100245
10 100335
10 100287
10 100274
10 100307
10 100237
10 100284
10 100266
10 100281
10 100245
10 100289
10 100273
10 100296
10 100246
10 100282
10 100309
10 100289
10 100332
10 100283
10 100253
10 100284
10 100221
10 100313
10 100280
10 100313
10 100281
10 100283
10 100301
10 100328
10 100261
10 100277
10 100282
10 100311
10 100272
10 100281
10 100274
10 100284
10 100260
10 100305
10 100292
10 100272
10 100268
10 100292
10 100295
10 100255
10 100364
10 100315
10 100272
10 100277
10 100271
10 100279
10 100276
10 100287
10 100283
10 100255
10 100299
10 100281
10 100255
10 100274
10 100273
10 100299
10 100303
10 100317
10 100284
10 100303
10 100262
10 100295
10 100342
10 100296
10 100288
10 100279
10 100305
10 100283
10 100286
10 100274
10 100297
10 100268
10 100267
10 100261
10 100278
10 100266
10 100277
10 100251
10 100301
10 100254
10 100238
10 100299
10 100290
10 100259
10 100271
10 100262
10 100354
10 100251
10 100275
10 100275
10 100240
10 100271
10 100282
10 100283
10 100262
10 100289
10 100294
10 100267
10 100249
10 100231
10 100342
10 100271
10 100285
10 100292
10 100271
10 100316
10 100307
10 100266
10 100278
10 100275
10 100316
10 100283
10 100261
10 100294
10 100295
10 100279
10 100243
10 100287
10 100287
10 100296
10 100254
10 100258
10 100297
10 100331
10 100282
10 100264
10 100292
10 100297
10 100287
10 100284
10 100272
10 100275
10 100300
10 100271
10 100273
10 100258
10 100340
10 100328
10 100326
10 100261
10 100299
10 100287
10 100274
10 100269
10 100279
10 100255
10 100270
10 100273
10 100327
10 100270
10 100288
10 100283
10 100268
10 100312
10 100311
10 100302
10 100273
10 100260
10 100284
10 100285
10 100243
10 100284
10 100292
10 100270
10 100296
10 100284
10 100336
10 100323
10 100273
10 100246
10 100270
10 100300
10 100264
10 100304
10 100263
10 100334
10 100316
10 100310
10 100282
10 100276
10 100330
10 100267
10 100253
10 100303
10 100367
10 100302
10 100309
10 100259
10 100285
10 100249
10 100309
10 100293
10 100290
10 100261
10 100303
10 100237
10 100281
10 100310
10 100283
10 100323
10 100266
10 100294
10 100266
10 100318
10 100258
10 100273
10 100272
10 100290
10 100266
10 100268
10 100278
10 100250
10 100316
10 100272
10 100266
10 100288
10 100296
10 100280
10 100283
10 100352
10 100282
10 100309
10 100339
10 100310
10 100275
10 100231
10 100263
10 100262
10 100311
10 100258
10 100259
10 100242
10 100238
10 100263
10 100318
10 100265
10 100297
10 100281
10 100338
10 100311
10 100312
10 100261
10 100277
10 100277
10 100251
10 100254
10 100307
10 100307
10 100253
10 100266
10 100273
10 100281
10 100276
10 100296
10 100331
10 100288
10 100310
10 100284
10 100281
10 100250
10 100282
10 100305
10 100276
10 100269
10 100306
10 100297
10 100270
10 100286
10 100236
10 100285
10 100238
10 100258
10 100301
10 100313
10 100301
10 100344
10 100323
10 100309
10 100290
10 100257
10 100257
10 100258
10 100307
10 100306
10 100282
10 100270
10 100253
10 100309
10 100277
10 100286
10 100283
10 100276
10 100335
10 100271
10 100243
10 100310
10 100278
10 100271
10 100318
10 100287
10 100275
10 100277
10 100259
10 100234
10 100251
10 100277
10 100246
10 100294
10 100265
10 100318
10 100268
10 100317
10 100308
10 100251
10 100324
10 100341
10 100251
10 100301
10 100262
10 100276
10 100303
10 100270
10 100294
10 100286
10 100295
10 100259
10 100282
10 100326
10 100270
10 100290
10 100292
10 100256
10 100281
10 100282
10 100319
10 100263
10 100286
10 100288
10 100281
10 100246
10 100304
10 100311
10 100329
10 100268
10 100306
10 100277
10 100311
10 100305
10 100270
10 100224
10 100264
10 100341
10 100306
10 100316
10 100242
10 100262
10 100268
10 100274
10 100304
10 100261
10 100268
10 100272
10 100249
10 100275
10 100254
10 100276
10 100304
10 100265
10 100282
10 100283
10 100312
10 100279
10 100291
10 100269
10 100283
10 100324
10 100292
10 100270
10 100272
10 100233
10 100245
10 100251
#processors:200 remote_steal_latency:14                  remote_steal_proba:0.25
14 100321
14 100320
14 100448
14 100380
14 100338
14 100358
14 100421
14 100348
14 100401
14 100358
14 100364
14 100348
14 100358
14 100349
14 100380
14 100355
14 100364
14 100358
14 100316
14 100397
14 100335
14 100424
14 100326
14 100348
14 100387
14 100328
14 100397
14 100355
14 100414
14 100353
14 100307
14 100321
14 100351
14 100414
14 100397
14 100358
14 100430
14 100387
14 100320
14 100337
14 100392
14 100346
14 100313
14 100408
14 100301
14 100312
14 100361
14 100359
14 100369
14 100334
14 100352
14 100344
14 100368
14 100350
14 100360
14 100369
14 100435
14 100336
14 100367
14 100313
14 100337
14 100418
14 100376
14 100331
14 100396
14 100314
14 100363
14 100363
14 100373
14 100383
14 100398
14 100294
14 100318
14 100344
14 100366
14 100317
14 100369
14 100360
14 100393
14 100341
14 100355
14 100351
14 100382
14 100353
14 100300
14 100401
14 100387
14 100367
14 100343
14 100345
14 100378
14 100371
14 100377
14 100338
14 100398
14 100308
14 100347
14 100370
14 100332
14 100349
14 100387
14 100393
14 100334
14 100364
14 100329
14 100363
14 100384
14 100409
14 100304
14 100358
14 100310
14 100404
14 100314
14 100349
14 100374
14 100399
14 100375
14 100333
14 100373
14 100343
14 100365
14 100361
14 100331
14 100437
14 100431
14 100383
14 100385
14 100366
14 100358
14 100324
14 100359
14 100280
14 100340
14 100338
14 100334
14 100353
14 100343
14 100364
14 100359
14 100357
14 100342
14 100390
14 100358
14 100387
14 100432
14 100349
14 100347
14 100316
14 100454
14 100293
14 100340
14 100354
14 100299
14 100341
14 100366
14 100323
14 100381
14 100375
14 100385
14 100355
14 100405
14 100337
14 100357
14 100355
14 100412
14 100377
14 100325
14 100392
14 100379
14 100346
14 100355
14 100389
14 100366
14 100317
14 100376
14 100364
14 100441
14 100414
14 100334
14 100373
14 100404
14 100373
14 100328
14 100345
14 100378
14 100371
14 100383
14 100342
14 100311
14 100330
14 100410
14 100337
14 100362
14 100381
14 100333
14 100309
14 100358
14 100407
14 100397
14 100380
14 100356
14 100321
14 100340
14 100331
14 100322
14 100413
14 100335
14 100345
14 100373
14 100297
14 100374
14 100403
14 100368
14 100364
14 100333
14 100363
14 100315
14 100406
14 100335
14 100408
14 100352
14 100400
14 100414
14 100357
14 100368
14 100359
14 100379
14 100339
14 100416
14 100349
14 100356
14 100381
14 100367
14 100309
14 100411
14 100393
14 100366
14 100411
14 100348
14 100370
14 100367
14 100396
14 100395
14 100358
14 100342
14 100365
14 100338
14 100453
14 100400
14 100377
14 100332
14 100381
14 100412
14 100405
14 100384
14 100390
14 100346
14 100399
14 100362
14 100376
14 100328
14 100393
14 100326
14 100354
14 100403
14 100345
14 100347
14 100356
14 100345
14 100381
14 100361
14 100424
14 100369
14 100337
14 100370
14 100371
14 100440
14 100422
14 100379
14 100419
14 100353
14 100338
14 100340
14 100369
14 100348
14 100357
14 100395
14 100364
14 100354
14 100343
14 100388
14 100369
14 100425
14 100313
14 100331
14 100380
14 100384
14 100423
14 100382
14 100368
14 100386
14 100410
14 100366
14 100437
14 100377
14 100335
14 100353
14 100351
14 100380
14 100507
14 100304
14 100351
14 100361
14 100330
14 100352
14 100353
14 100315
14 100416
14 100464
14 100343
14 100379
14 100377
14 100382
14 100322
14 100355
14 100340
14 100352
14 100426
14 100328
14 100372
14 100374
14 100346
14 100402
14 100347
14 100359
14 100327
14 100369
14 100422
14 100381
14 100404
14 100329
14 100322
14 100396
14 100335
14 100361
14 100336
14 100407
14 100387
14 100408
14 100385
14 100320
14 100375
14 100331
14 100332
14 100353
14 100363
14 100291
14 100310
14 100361
14 100373
14 100350
14 100336
14 100362
14 100338
14 100400
14 100357
14 100430
14 100399
14 100339
14 100353
14 100402
14 100365
14 100311
14 100324
14 100383
14 100359
14 100404
14 100337
14 100370
14 100382
14 100319
14 100423
14 100367
14 100315
14 100326
14 100440
14 100353
14 100396
14 100387
14 100435
14 100345
14 100351
14 100361
14 100342
14 100367
14 100349
14 100338
14 100345
14 100401
14 100376
14 100405
14 100356
14 100373
14 100319
14 100374
14 100372
14 100333
14 100361
14 100445
14 100354
14 100455
14 100364
14 100389
14 100365
14 100378
14 100348
14 100375
14 100371
14 100367
14 100314
14 100351
14 100378
14 100326
14 100406
14 100388
14 100339
14 100388
14 100350
14 100371
14 100320
14 100305
14 100334
14 100390
14 100392
14 100380
14 100381
14 100380
14 100321
14 100358
14 100389
14 100374
14 100423
14 100340
14 100339
14 100350
14 100329
14 100369
14 100344
14 100379
14 100376
14 100417
14 100373
14 100340
14 100370
14 100358
14 100354
14 100396
14 100319
14 100381
14 100334
14 100329
14 100369
14 100365
14 100392
14 100369
14 100398
14 100388
14 100415
14 100380
14 100363
14 100344
14 100364
14 100353
14 100341
14 100315
14 100391
14 100370
14 100381
14 100339
14 100336
14 100372
14 100375
14 100354
14 100347
14 100383
14 100383
14 100365
14 100309
14 100400
14 100441
14 100337
14 100375
14 100351
14 100325
14 100377
14 100392
14 100334
14 100408
14 100377
14 100347
#processors:200 remote_steal_latency:18                  remote_steal_proba:0.25
18 100429
18 100424
18 100531
18 100457
18 100476
18 100441
18 100435
18 100403
18 100425
18 100444
18 100422
18 100438
18 100445
18 100540
18 100380
18 100501
18 100435
18 100425
18 100479
18 100415
18 100507
18 100479
18 100494
18 100419
18 100474
18 100460
18 100433
18 100523
18 100477
18 100486
18 100391
18 100518
18 100431
18 100461
18 100411
18 100506
18 100437
18 100451
18 100432
18 100429
18 100459
18 100406
18 100438
18 100404
18 100366
18 100454
18 100406
18 100407
18 100435
18 100473
18 100457
18 100437
18 100448
18 100427
18 100422
18 100437
18 100455
18 100404
18 100442
18 100524
18 100520
18 100508
18 100337
18 100427
18 100538
18 100459
18 100459
18 100519
18 100426
18 100435
18 100443
18 100419
18 100360
18 100431
18 100513
18 100436
18 100486
18 100412
18 100405
18 100399
18 100459
18 100458
18 100459
18 100492
18 100478
18 100460
18 100445
18 100518
18 100587
18 100439
18 100509
18 100456
18 100457
18 100384
18 100480
18 100448
18 100474
18 100439
18 100422
18 100411
18 100400
18 100396
18 100432
18 100462
18 100455
18 100391
18 100481
18 100434
18 100429
18 100492
18 100381
18 100401
18 100421
18 100448
18 100416
18 100460
18 100452
18 100403
18 100474
18 100488
18 100414
18 100418
18 100426
18 100433
18 100399
18 100503
18 100444
18 100498
18 100393
18 100465
18 100404
18 100450
18 100453
18 100425
18 100393
18 100458
18 100552
18 100383
18 100384
18 100470
18 100435
18 100405
18 100494
18 100523
18 100482
18 100393
18 100495
18 100386
18 100558
18 100473
18 100414
18 100405
18 100460
18 100482
18 100483
18 100443
18 100398
18 100433
18 100500
18 100444
18 100461
18 100464
18 100459
18 100461
18 100434
18 100527
18 100446
18 100462
18 100430
18 100490
18 100418
18 100432
18 100628
18 100381
18 100456
18 100373
18 100367
18 100423
18 100397
18 100384
18 100405
18 100456
18 100414
18 100453
18 100418
18 100444
18 100433
18 100418
18 100468
18 100473
18 100455
18 100395
18 100501
18 100438
18 100505
18 100442
18 100413
18 100467
18 100414
18 100448
18 100481
18 100484
18 100392
18 100328
18 100399
18 100497
18 100446
18 100456
18 100422
18 100434
18 100430
18 100520
18 100531
18 100446
18 100412
18 100536
18 100480
18 100411
18 100509
18 100466
18 100465
18 100483
18 100393
18 100434
18 100454
18 100369
18 100398
18 100567
18 100537
18 100464
18 100368
18 100443
18 100394
18 100385
18 100440
18 100474
18 100412
18 100388
18 100387
18 100563
18 100454
18 100475
18 100466
18 100494
18 100421
18 100411
18 100437
18 100472
18 100375
18 100382
18 100414
18 100468
18 100454
18 100417
18 100509
18 100363
18 100503
18 100518
18 100438
18 100423
18 100457
18 100439
18 100417
18 100419
18 100419
18 100421
18 100444
18 100525
18 100423
18 100385
18 100449
18 100384
18 100437
18 100424
18 100435
18 100425
18 100482
18 100474
18 100427
18 100420
18 100472
18 100439
18 100454
18 100405
18 100416
18 100395
18 100457
18 100390
18 100451
18 100399
18 100420
18 100486
18 100437
18 100464
18 100464
18 100472
18 100481
18 100415
18 100471
18 100389
18 100471
18 100446
18 100425
18 100469
18 100362
18 100533
18 100406
18 100463
18 100433
18 100437
18 100466
18 100525
18 100383
18 100438
18 100439
18 100442
18 100387
18 100430
18 100473
18 100467
18 100526
18 100431
18 100461
18 100425
18 100391
18 100431
18 100424
18 100381
18 100478
18 100494
18 100424
18 100473
18 100524
18 100453
18 100419
18 100482
18 100455
18 100450
18 100564
18 100423
18 100440
18 100460
18 100429
18 100479
18 100440
18 100487
18 100365
18 100428
18 100450
18 100347
18 100467
18 100445
18 100507
18 100423
18 100388
18 100365
18 100466
18 100380
18 100622
18 100448
18 100496
18 100448
18 100435
18 100449
18 100394
18 100442
18 100404
18 100356
18 100427
18 100471
18 100432
18 100484
18 100479
18 100484
18 100498
18 100562
18 100437
18 100395
18 100412
18 100422
18 100444
18 100405
18 100452
18 100474
18 100456
18 100529
18 100551
18 100409
18 100417
18 100502
18 100388
18 100489
18 100393
18 100465
18 100457
18 100442
18 100510
18 100439
18 100468
18 100447
18 100370
18 100508
18 100365
18 100475
18 100416
18 100439
18 100359
18 100444
18 100416
18 100395
18 100420
18 100410
18 100452
18 100458
18 100472
18 100484
18 100463
18 100419
18 100443
18 100379
18 100397
18 100443
18 100447
18 100426
18 100425
18 100365
18 100394
18 100420
18 100447
18 100433
18 100422
18 100466
18 100413
18 100393
18 100410
18 100421
18 100396
18 100433
18 100400
18 100388
18 100436
18 100470
18 100466
18 100404
18 100415
18 100416
18 100488
18 100514
18 100523
18 100486
18 100469
18 100456
18 100463
18 100403
18 100398
18 100457
18 100386
18 100471
18 100483
18 100406
18 100447
18 100393
18 100397
18 100432
18 100365
18 100462
18 100410
18 100389
18 100486
18 100390
18 100436
18 100516
18 100451
18 100498
18 100502
18 100416
18 100390
18 100474
18 100441
18 100458
18 100437
18 100431
18 100380
18 100466
18 100424
18 100426
18 100469
18 100449
18 100398
18 100410
18 100408
18 100444
18 100375
18 100431
18 100409
18 100448
18 100507
18 100404
18 100469
18 100396
#processors:200 remote_steal_latency:22                  remote_steal_proba:0.25
22 100495
22 100520
22 100527
22 100503
22 100501
22 100430
22 100503
22 100431
22 100528
22 100468
22 100518
22 100484
22 100544
22 100499
22 100515
22 100507
22 100446
22 100543
22 100544
22 100552
22 100485
22 100495
22 100477
22 100541
22 100493
22 100495
22 100456
22 100494
22 100627
22 100494
22 100454
22 100622
22 100468
22 100496
22 100500
22 100461
22 100564
22 100511
22 100536
22 100498
22 100515
22 100517
22 100500
22 100628
22 100439
22 100517
22 100497
22 100447
22 100588
22 100554
22 100514
22 100527
22 100511
22 100490
22 100547
22 100486
22 100628
22 100525
22 100556
22 100604
22 100571
22 100457
22 100518
22 100518
22 100519
22 100468
22 100414
22 100479
22 100559
22 100458
22 100547
22 100538
22 100505
22 100467
22 100486
22 100509
22 100459
22 100575
22 100479
22 100455
22 100531
22 100513
22 100480
22 100550
22 100499
22 100531
22 100526
22 100506
22 100601
22 100509
22 100561
22 100498
22 100544
22 100648
22 100505
22 100523
22 100466
22 100549
22 100538
22 100522
22 100540
22 100513
22 100457
22 100537
22 100528
22 100614
22 100542
22 100553
22 100498
22 100595
22 100524
22 100541
22 100544
22 100440
22 100568
22 100543
22 100510
22 100521
22 100466
22 100503
22 100562
22 100584
22 100522
22 100505
22 100557
22 100523
22 100527
22 100539
22 100509
22 100475
22 100550
22 100528
22 100673
22 100554
22 100516
22 100554
22 100526
22 100500
22 100530
22 100614
22 100528
22 100578
22 100486
22 100492
22 100550
22 100561
22 100558
22 100497
22 100454
22 100513
22 100468
22 100474
22 100536
22 100542
22 100494
22 100550
22 100508
22 100481
22 100507
22 100502
22 100529
22 100521
22 100520
22 100492
22 100489
22 100519
22 100496
22 100566
22 100580
22 100625
22 100462
22 100493
22 100604
22 100523
22 100473
22 100426
22 100589
22 100581
22 100628
22 100535
22 100547
22 100528
22 100525
22 100451
22 100454
22 100430
22 100564
22 100568
22 100533
22 100539
22 100609
22 100550
22 100502
22 100515
22 100588
22 100535
22 100513
22 100556
22 100496
22 100601
22 100545
22 100556
22 100493
22 100581
22 100510
22 100506
22 100544
22 100507
22 100508
22 100668
22 100544
22 100441
22 100472
22 100505
22 100385
22 100569
22 100514
22 100485
22 100528
22 100511
22 100490
22 100593
22 100496
22 100555
22 100471
22 100450
22 100563
22 100481
22 100473
22 100578
22 100502
22 100551
22 100539
22 100544
22 100506
22 100430
22 100525
22 100638
22 100462
22 100477
22 100416
22 100454
22 100580
22 100506
22 100524
22 100535
22 100534
22 100538
22 100504
22 100434
22 100578
22 100489
22 100563
22 100499
22 100476
22 100504
22 100524
22 100511
22 100569
22 100554
22 100515
22 100499
22 100622
22 100569
22 100473
22 100477
22 100592
22 100467
22 100507
22 100611
22 100554
22 100479
22 100440
22 100454
22 100516
22 100521
22 100512
22 100480
22 100517
22 100465
22 100598
22 100486
22 100545
22 100528
22 100451
22 100508
22 100594
22 100602
22 100570
22 100502
22 100571
22 100524
22 100649
22 100521
22 100557
22 100436
22 100576
22 100517
22 100539
22 100528
22 100520
22 100546
22 100654
22 100528
22 100719
22 100535
22 100540
22 100618
22 100507
22 100583
22 100527
22 100485
22 100484
22 100514
22 100483
22 100524
22 100624
22 100601
22 100606
22 100463
22 100568
22 100532
22 100492
22 100596
22 100451
22 100629
22 100538
22 100542
22 100516
22 100475
22 100520
22 100526
22 100645
22 100559
22 100585
22 100546
22 100517
22 100509
22 100561
22 100429
22 100510
22 100575
22 100618
22 100577
22 100545
22 100488
22 100470
22 100542
22 100513
22 100552
22 100515
22 100493
22 100529
22 100511
22 100539
22 100449
22 100481
22 100642
22 100571
22 100564
22 100540
22 100520
22 100534
22 100530
22 100591
22 100559
22 100530
22 100506
22 100480
22 100538
22 100522
22 100556
22 100514
22 100642
22 100536
22 100508
22 100503
22 100544
22 100487
22 100523
22 100510
22 100488
22 100478
22 100499
22 100565
22 100540
22 100546
22 100467
22 100560
22 100540
22 100472
22 100511
22 100506
22 100481
22 100647
22 100641
22 100495
22 100559
22 100496
22 100572
22 100417
22 100495
22 100508
22 100588
22 100596
22 100599
22 100485
22 100525
22 100507
22 100567
22 100520
22 100466
22 100421
22 100570
22 100543
22 100497
22 100468
22 100479
22 100518
22 100516
22 100462
22 100624
22 100591
22 100514
22 100506
22 100480
22 100557
22 100540
22 100516
22 100436
22 100463
22 100555
22 100500
22 100455
22 100550
22 100555
22 100534
22 100531
22 100532
22 100585
22 100495
22 100548
22 100491
22 100550
22 100579
22 100479
22 100509
22 100574
22 100568
22 100517
22 100567
22 100593
22 100533
22 100537
22 100493
22 100459
22 100585
22 100446
22 100550
22 100533
22 100478
22 100506
22 100531
22 100526
22 100599
22 100476
22 100453
22 100559
22 100497
22 100564
22 100490
22 100547
22 100445
22 100511
22 100549
22 100620
22 100510
22 100497
22 100552
22 100509
22 100459
22 100603
22 100502
22 100529
22 100520
22 100544
22 100491
22 100417
22 100511
22 100546
22 100503
22 100508
22 100553
22 100540
22 100564
22 100641
22 100524
22 100577
22 100492
22 100572
#processors:200 remote_steal_latency:26                  remote_steal_proba:0.25
26 100558
26 100589
26 100582
26 100513
26 100559
26 100644
26 100613
26 100534
26 100601
26 100731
26 100488
26 100595
26 100551
26 100592
26 100597
26 100534
26 100735
26 100569
26 100577
26 100620
26 100558
26 100686
26 100644
26 100498
26 100585
26 100662
26 100551
26 100570
26 100631
26 100561
26 100663
26 100589
26 100558
26 100579
26 100701
26 100604
26 100578
26 100565
26 100564
26 100534
26 100648
26 100659
26 100576
26 100549
26 100579
26 100547
26 100592
26 100601
26 100620
26 100735
26 100580
26 100588
26 100596
26 100609
26 100512
26 100638
26 100576
26 100566
26 100607
26 100595
26 100589
26 100639
26 100547
26 100664
26 100573
26 100524
26 100583
26 100624
26 100528
26 100555
26 100539
26 100537
26 100661
26 100730
26 100616
26 100614
26 100560
26 100548
26 100605
26 100536
26 100616
26 100623
26 100597
26 100606
26 100606
26 100638
26 100585
26 100660
26 100618
26 100630
26 100588
26 100595
26 100625
26 100669
26 100581
26 100616
26 100529
26 100626
26 100531
26 100570
26 100507
26 100617
26 100538
26 100645
26 100559
26 100602
26 100540
26 100620
26 100564
26 100636
26 100637
26 100497
26 100614
26 100604
26 100538
26 100598
26 100539
26 100530
26 100642
26 100673
26 100547
26 100572
26 100687
26 100538
26 100654
26 100576
26 100618
26 100663
26 100581
26 100596
26 100614
26 100495
26 100540
26 100711
26 100607
26 100663
26 100581
26 100554
26 100542
26 100534
26 100556
26 100592
26 100672
26 100568
26 100613
26 100563
26 100637
26 100541
26 100541
26 100554
26 100653
26 100496
26 100564
26 100617
26 100564
26 100613
26 100580
26 100562
26 100622
26 100602
26 100543
26 100695
26 100525
26 100713
26 100626
26 100634
26 100631
26 100529
26 100642
26 100585
26 100566
26 100531
26 100586
26 100563
26 100666
26 100596
26 100628
26 100741
26 100586
26 100523
26 100612
26 100629
26 100559
26 100744
26 100596
26 100612
26 100522
26 100530
26 100657
26 100621
26 100601
26 100633
26 100534
26 100610
26 100511
26 100596
26 100547
26 100534
26 100672
26 100568
26 100604
26 100434
26 100675
26 100549
26 100605
26 100571
26 100588
26 100599
26 100688
26 100625
26 100613
26 100548
26 100572
26 100545
26 100679
26 100506
26 100486
26 100591
26 100741
26 100538
26 100647
26 100583
26 100654
26 100596
26 100657
26 100563
26 100568
26 100558
26 100533
26 100571
26 100554
26 100859
26 100559
26 100593
26 100598
26 100642
26 100614
26 100583
26 100730
26 100594
26 100568
26 100670
26 100612
26 100547
26 100520
26 100686
26 100583
26 100643
26 100630
26 100494
26 100641
26 100545
26 100562
26 100645
26 100674
26 100557
26 100554
26 100585
26 100545
26 100602
26 100513
26 100654
26 100681
26 100674
26 100524
26 100607
26 100580
26 100612
26 100687
26 100646
26 100548
26 100570
26 100658
26 100570
26 100627
26 100577
26 100709
26 100553
26 100503
26 100604
26 100649
26 100579
26 100538
26 100601
26 100625
26 100627
26 100631
26 100595
26 100506
26 100544
26 100567
26 100638
26 100605
26 100553
26 100543
26 100564
26 100588
26 100707
26 100619
26 100605
26 100702
26 100518
26 100491
26 100523
26 100586
26 100733
26 100512
26 100721
26 100577
26 100709
26 100512
26 100585
26 100548
26 100623
26 100579
26 100633
26 100510
26 100537
26 100513
26 100636
26 100523
26 100623
26 100509
26 100555
26 100556
26 100555
26 100473
26 100544
26 100570
26 100558
26 100601
26 100564
26 100556
26 100522
26 100523
26 100582
26 100612
26 100706
26 100660
26 100637
26 100620
26 100545
26 100578
26 100519
26 100588
26 100695
26 100582
26 100561
26 100510
26 100596
26 100611
26 100566
26 100552
26 100650
26 100571
26 100578
26 100621
26 100583
26 100614
26 100572
26 100535
26 100666
26 100622
26 100588
26 100563
26 100580
26 100615
26 100532
26 100493
26 100505
26 100522
26 100659
26 100622
26 100666
26 100675
26 100670
26 100585
26 100573
26 100558
26 100644
26 100597
26 100608
26 100632
26 100625
26 100637
26 100567
26 100541
26 100643
26 100587
26 100612
26 100633
26 100590
26 100665
26 100548
26 100622
26 100536
26 100577
26 100576
26 100691
26 100528
26 100644
26 100534
26 100524
26 100594
26 100559
26 100548
26 100641
26 100643
26 100573
26 100604
26 100575
26 100537
26 100587
26 100619
26 100655
26 100624
26 100545
26 100637
26 100574
26 100643
26 100610
26 100583
26 100545
26 100590
26 100589
26 100604
26 100640
26 100623
26 100555
26 100554
26 100635
26 100565
26 100579
26 100599
26 100571
26 100567
26 100532
26 100612
26 100495
26 100533
26 100563
26 100647
26 100616
26 100678
26 100616
26 100554
26 100535
26 100721
26 100577
26 100666
26 100573
26 100521
26 100561
26 100634
26 100571
26 100572
26 100561
26 100560
26 100609
26 100588
26 100609
26 100518
26 100569
26 100565
26 100655
26 100529
26 100637
26 100629
26 100641
26 100546
26 100575
26 100692
26 100676
26 100667
26 100613
26 100544
26 100551
26 100603
26 100512
26 100554
26 100568
26 100531
26 100515
26 100546
26 100596
26 100603
26 100572
26 100623
26 100635
26 100581
26 100515
26 100674
26 100518
26 100667
26 100513
26 100532
26 100637
26 100602
26 100639
26 100616
#processors:200 remote_steal_latency:30                  remote_steal_proba:0.25
30 100540
30 100629
30 100637
30 100636
30 100624
30 100705
30 100873
30 100767
30 100721
30 100605
30 100617
30 100589
30 100766
30 100652
30 100642
30 100667
30 100661
30 100751
30 100686
30 100705
30 100673
30 100641
30 100643
30 100664
30 100680
30 100764
30 100604
30 100591
30 100687
30 100566
30 100687
30 100658
30 100639
30 100793
30 100656
30 100616
30 100587
30 100607
30 100552
30 100656
30 100666
30 100684
30 100765
30 100624
30 100771
30 100624
30 100731
30 100637
30 100616
30 100662
30 100627
30 100687
30 100677
30 100645
30 100743
30 100659
30 100709
30 100719
30 100746
30 100722
30 100714
30 100626
30 100600
30 100588
30 100659
30 100643
30 100765
30 100673
30 100700
30 100687
30 100767
30 100632
30 100733
30 100682
30 100809
30 100602
30 100599
30 100768
30 100694
30 100664
30 100660
30 100607
30 100695
30 100655
30 100740
30 100583
30 100748
30 100599
30 100609
30 100550
30 100757
30 100626
30 100632
30 100740
30 100619
30 100768
30 100723
30 100643
30 100660
30 100656
30 100683
30 100639
30 100694
30 100609
30 100596
30 100578
30 100643
30 100748
30 100676
30 100597
30 100668
30 100566
30 100607
30 100774
30 100715
30 100622
30 100587
30 100712
30 100664
30 100698
30 100640
30 100748
30 100708
30 100685
30 100634
30 100667
30 100688
30 100671
30 100686
30 100647
30 100636
30 100807
30 100671
30 100717
30 100702
30 100747
30 100623
30 100786
30 100618
30 100653
30 100661
30 100703
30 100688
30 100682
30 100684
30 100713
30 100681
30 100561
30 100699
30 100668
30 100705
30 100581
30 100725
30 100723
30 100700
30 100691
30 100612
30 100589
30 100717
30 100691
30 100667
30 100711
30 100642
30 100699
30 100609
30 100708
30 100694
30 100631
30 100704
30 100661
30 100708
30 100674
30 100688
30 100678
30 100753
30 100742
30 100651
30 100624
30 100601
30 100752
30 100654
30 100658
30 100613
30 100761
30 100673
30 100618
30 100663
30 100663
30 100743
30 100782
30 100649
30 100639
30 100661
30 100712
30 100642
30 100690
30 100586
30 100668
30 100629
30 100671
30 100757
30 100771
30 100683
30 100657
30 100664
30 100771
30 100861
30 100734
30 100554
30 100772
30 100579
30 100691
30 100848
30 100626
30 100675
30 100667
30 100747
30 100644
30 100714
30 100675
30 100765
30 100658
30 100880
30 100644
30 100610
30 100757
30 100692
30 100744
30 100653
30 100617
30 100673
30 100740
30 100740
30 100689
30 100741
30 100636
30 100679
30 100623
30 100571
30 100698
30 100652
30 100729
30 100717
30 100759
30 100810
30 100730
30 100737
30 100711
30 100653
30 100702
30 100606
30 100678
30 100703
30 100714
30 100628
30 100564
30 100742
30 100670
30 100694
30 100652
30 100723
30 100615
30 100782
30 100623
30 100634
30 100685
30 100719
30 100651
30 100771
30 100701
30 100632
30 100734
30 100716
30 100547
30 100624
30 100660
30 100707
30 100628
30 100682
30 100657
30 100620
30 100584
30 100693
30 100724
30 100804
30 100681
30 100637
30 100803
30 100731
30 100735
30 100599
30 100638
30 100706
30 100667
30 100659
30 100630
30 100749
30 100688
30 100597
30 100598
30 100719
30 100614
30 100604
30 100682
30 100575
30 100653
30 100708
30 100740
30 100760
30 100694
30 100695
30 100681
30 100577
30 100683
30 100660
30 100648
30 100589
30 100676
30 100674
30 100672
30 100714
30 100690
30 100662
30 100719
30 100763
30 100657
30 100738
30 100626
30 100817
30 100637
30 100600
30 100687
30 100689
30 100585
30 100697
30 100675
30 100582
30 100669
30 100733
30 100731
30 100619
30 100815
30 100681
30 100619
30 100639
30 100630
30 100586
30 100653
30 100726
30 100729
30 100600
30 100620
30 100760
30 100676
30 100684
30 100743
30 100708
30 100612
30 100653
30 100623
30 100747
30 100686
30 100614
30 100536
30 100711
30 100616
30 100621
30 100688
30 100716
30 100765
30 100642
30 100640
30 100563
30 100554
30 100681
30 100544
30 100719
30 100660
30 100636
30 100671
30 100740
30 100685
30 100563
30 100684
30 100634
30 100697
30 100647
30 100806
30 100590
30 100719
30 100623
30 100610
30 100705
30 100627
30 100679
30 100716
30 100580
30 100822
30 100698
30 100688
30 100624
30 100617
30 100759
30 100627
30 100682
30 100677
30 100686
30 100753
30 100781
30 100693
30 100637
30 100695
30 100581
30 100625
30 100648
30 100727
30 100567
30 100655
30 100680
30 100853
30 100769
30 100596
30 100744
30 100665
30 100631
30 100717
30 100727
30 100644
30 100603
30 100671
30 100580
30 100697
30 100639
30 100630
30 100736
30 100691
30 100689
30 100731
30 100662
30 100667
30 100596
30 100658
30 100682
30 100687
30 100591
30 100698
30 100690
30 100586
30 100724
30 100618
30 100752
30 100632
30 100709
30 100690
30 100622
30 100688
30 100639
30 100515
30 100654
30 100742
30 100621
30 100699
30 100740
30 100701
30 100575
30 100687
30 100643
30 100633
30 100697
30 100703
30 100867
30 100587
30 100731
30 100749
30 100753
30 100746
30 100683
30 100764
30 100725
30 100662
30 100693
30 100708
30 100562
30 100727
30 100806
30 100708
30 100680
30 100715
30 100749
30 100748
30 100638
30 100709
30 100681
30 100583
30 100666
30 100720
30 100558
30 100753
30 100683
30 100672
#processors:200 remote_steal_latency:34                  remote_steal_proba:0.25
34 100708
34 100748
34 100743
34 100820
34 100834
34 100734
34 100747
34 100632
34 100664
34 100740
34 100735
34 100643
34 100684
34 100652
34 100742
34 100934
34 100631
34 100699
34 100761
34 100803
34 100714
34 100678
34 100725
34 100770
34 100777
34 100856
34 100709
34 100790
34 100796
34 100671
34 100646
34 100768
34 100961
34 100819
34 100724
34 100705
34 100700
34 100665
34 100781
34 100746
34 100745
34 100791
34 100731
34 100718
34 100809
34 100577
34 100749
34 100659
34 100839
34 100679
34 100743
34 100746
34 100818
34 100881
34 100715
34 100800
34 100757
34 100711
34 100783
34 100902
34 100740
34 100688
34 100840
34 100684
34 100703
34 100717
34 100660
34 100708
34 100633
34 100677
34 100590
34 100700
34 100755
34 100864
34 100668
34 100842
34 100697
34 100801
34 100784
34 100784
34 100751
34 100672
34 100782
34 100654
34 100832
34 100811
34 100784
34 100710
34 100802
34 100680
34 100935
34 100684
34 100746
34 100642
34 100773
34 100710
34 100691
34 100759
34 100751
34 100777
34 100721
34 100731
34 100873
34 100793
34 100805
34 100701
34 100721
34 100713
34 100611
34 100693
34 100804
34 100787
34 100660
34 100789
34 100789
34 100779
34 100736
34 100649
34 100782
34 100810
34 100779
34 100646
34 100856
34 100661
34 100784
34 100837
34 100719
34 100702
34 100745
34 100680
34 100817
34 100590
34 100750
34 100815
34 100646
34 100890
34 100871
34 100743
34 100794
34 100634
34 100843
34 100919
34 100757
34 100759
34 100826
34 100849
34 100758
34 100706
34 100712
34 100782
34 100719
34 100757
34 100698
34 100738
34 100667
34 100833
34 100800
34 100703
34 100675
34 100811
34 100764
34 100736
34 100745
34 100655
34 100728
34 100657
34 100654
34 100800
34 100759
34 100762
34 100668
34 100732
34 100728
34 100753
34 100787
34 100672
34 100712
34 100822
34 100710
34 100659
34 100758
34 100689
34 100662
34 100810
34 100844
34 100823
34 100713
34 100882
34 100662
34 100778
34 100838
34 100703
34 100621
34 100679
34 100856
34 100696
34 100725
34 100754
34 100723
34 100741
34 100799
34 100832
34 100751
34 100675
34 100760
34 100780
34 100763
34 100838
34 100700
34 100650
34 100656
34 100813
34 100696
34 100667
34 100709
34 100806
34 100817
34 100667
34 100693
34 100656
34 100665
34 100615
34 100676
34 100895
34 100673
34 100679
34 100839
34 100720
34 100746
34 100759
34 100741
34 100796
34 100740
34 100859
34 100796
34 100849
34 100794
34 100794
34 100849
34 100739
34 100615
34 100746
34 100746
34 100742
34 100667
34 100730
34 100744
34 100698
34 100727
34 100689
34 100722
34 100825
34 100843
34 100687
34 100739
34 100831
34 100817
34 100773
34 100848
34 100679
34 100801
34 100865
34 100783
34 100750
34 100761
34 100712
34 100695
34 100681
34 100677
34 100689
34 100718
34 100717
34 100709
34 100703
34 100684
34 100694
34 100788
34 100734
34 100847
34 100799
34 100610
34 100810
34 100708
34 100647
34 100937
34 100711
34 100687
34 100782
34 100741
34 100720
34 100673
34 100758
34 100812
34 100909
34 100744
34 100752
34 100723
34 100774
34 100719
34 100798
34 100655
34 100707
34 100851
34 100673
34 100717
34 100761
34 100783
34 100725
34 100822
34 100698
34 100657
34 100749
34 100638
34 100771
34 100778
34 100727
34 100691
34 100781
34 100706
34 100748
34 100827
34 100679
34 100734
34 100704
34 100741
34 100686
34 100658
34 100672
34 100808
34 100762
34 100749
34 100752
34 100857
34 100813
34 100682
34 100773
34 100773
34 100832
34 100667
34 100657
34 100784
34 100806
34 100884
34 100765
34 100697
34 100669
34 100677
34 100759
34 100808
34 100798
34 100711
34 100722
34 100682
34 100882
34 100844
34 100790
34 100769
34 100887
34 100705
34 100687
34 100763
34 100775
34 100769
34 100715
34 100807
34 100668
34 100680
34 100700
34 100710
34 100689
34 100758
34 100910
34 100765
34 100833
34 100763
34 100839
34 100716
34 100724
34 100760
34 100803
34 100747
34 100756
34 100734
34 100644
34 100761
34 100693
34 100982
34 100848
34 100697
34 100606
34 100698
34 100671
34 100786
34 100722
34 100689
34 100721
34 100728
34 100835
34 100896
34 100747
34 100797
34 100837
34 100843
34 100666
34 100720
34 100754
34 100687
34 100681
34 100663
34 100681
34 100642
34 100742
34 100821
34 100652
34 100716
34 100731
34 100881
34 100675
34 100625
34 100731
34 100773
34 100837
34 100879
34 100776
34 100799
34 100764
34 100688
34 100632
34 100813
34 100802
34 100803
34 100734
34 100981
34 100816
34 100725
34 100902
34 100762
34 100794
34 100707
34 100643
34 100722
34 100821
34 100711
34 100782
34 100833
34 100826
34 100847
34 100742
34 100730
34 100797
34 100933
34 100693
34 100702
34 100717
34 100666
34 100758
34 100743
34 100673
34 100642
34 100659
34 100933
34 100742
34 100613
34 100673
34 100787
34 100818
34 100668
34 100713
34 100921
34 100803
34 100896
34 100820
34 100783
34 100727
34 100835
34 100745
34 100701
34 100645
34 100704
34 100696
34 100669
34 100798
34 100756
34 100785
34 100879
34 100736
34 100765
34 100729
34 100756
34 100682
34 100822
34 100763
34 100648
34 100699
34 100783
34 100689
34 100729
34 100778
34 100749
34 100764
#processors:200 remote_steal_latency:38                  remote_steal_proba:0.25
38 100868
38 101135
38 100816
38 100748
38 101039
38 100760
38 100706
38 100922
38 100786
38 100899
38 100803
38 100888
38 100842
38 100873
38 100736
38 100752
38 100818
38 100812
38 100893
38 100740
38 100812
38 100839
38 100825
38 100762
38 100779
38 100771
38 100758
38 100742
38 100726
38 100906
38 100727
38 100840
38 100782
38 100798
38 100797
38 100853
38 100830
38 100849
38 100726
38 100774
38 100775
38 100806
38 100831
38 100924
38 100804
38 100717
38 101082
38 100777
38 100755
38 100827
38 100792
38 100829
38 100748
38 100795
38 100776
38 100708
38 100785
38 100947
38 100725
38 100748
38 100676
38 100787
38 100859
38 100834
38 100869
38 100915
38 100869
38 100832
38 100869
38 100782
38 100913
38 100716
38 100876
38 100948
38 100844
38 100735
38 100766
38 100963
38 100780
38 100857
38 100746
38 100934
38 100850
38 100904
38 100834
38 100718
38 100870
38 100729
38 100910
38 100796
38 100968
38 100806
38 100735
38 100748
38 100733
38 100818
38 100775
38 100786
38 100767
38 100877
38 100831
38 100804
38 100747
38 100800
38 100687
38 101028
38 100820
38 100819
38 100781
38 100847
38 100745
38 100763
38 100912
38 100990
38 100823
38 100770
38 100872
38 100836
38 100826
38 100958
38 100781
38 100818
38 100750
38 100804
38 100726
38 100956
38 100765
38 100711
38 100905
38 100725
38 100711
38 100826
38 100829
38 100795
38 100791
38 100925
38 100757
38 100879
38 100964
38 100808
38 100798
38 100725
38 100690
38 100870
38 100784
38 100809
38 100850
38 100811
38 100868
38 100808
38 100816
38 100800
38 100763
38 100816
38 100793
38 100837
38 100778
38 100768
38 100698
38 100829
38 100634
38 100807
38 101001
38 100812
38 101035
38 100813
38 100803
38 100724
38 100936
38 100792
38 100766
38 100779
38 100885
38 100774
38 100713
38 100720
38 101049
38 100777
38 100802
38 100624
38 100837
38 100841
38 100708
38 100825
38 100898
38 100974
38 100858
38 100806
38 100832
38 100747
38 100707
38 100836
38 100725
38 100786
38 100782
38 100814
38 100808
38 100679
38 100854
38 100832
38 100824
38 100727
38 100787
38 100816
38 100761
38 100797
38 100881
38 100864
38 100884
38 100701
38 100825
38 100800
38 100824
38 100809
38 100848
38 100764
38 100684
38 100767
38 100989
38 100823
38 100814
38 101021
38 100771
38 100660
38 100909
38 100831
38 100775
38 100795
38 101013
38 100822
38 100795
38 100810
38 100854
38 100983
38 100801
38 100792
38 100790
38 100809
38 100781
38 100860
38 101067
38 100847
38 100871
38 100893
38 100824
38 100774
38 100832
38 100850
38 100769
38 100789
38 100861
38 100804
38 100782
38 101032
38 100821
38 100758
38 100715
38 100839
38 100784
38 100688
38 100778
38 100699
38 100772
38 100722
38 100855
38 100858
38 100859
38 101006
38 100790
38 100807
38 100770
38 100849
38 100865
38 100821
38 100823
38 100861
38 100798
38 100954
38 100788
38 101031
38 100995
38 100788
38 100719
38 100787
38 100743
38 100687
38 100877
38 100740
38 100892
38 100927
38 100763
38 100749
38 100965
38 100785
38 100854
38 100848
38 100741
38 100784
38 100966
38 100863
38 100775
38 100814
38 100798
38 100630
38 100742
38 100679
38 100735
38 100851
38 100748
38 100848
38 100842
38 100784
38 100801
38 100777
38 100735
38 100765
38 100823
38 100821
38 100695
38 100838
38 100742
38 100922
38 100765
38 100862
38 100887
38 100792
38 100783
38 100888
38 100891
38 100875
38 100727
38 100955
38 100849
38 100855
38 100900
38 100798
38 100913
38 100798
38 100712
38 100731
38 100836
38 100793
38 100803
38 100988
38 100873
38 100848
38 100846
38 100920
38 100789
38 100842
38 100899
38 100777
38 100820
38 100795
38 100701
38 100759
38 101004
38 100785
38 100768
38 100837
38 100784
38 100790
38 100817
38 100743
38 100800
38 100828
38 101047
38 100950
38 100747
38 100746
38 100850
38 100806
38 100888
38 100806
38 100771
38 100850
38 100902
38 100871
38 100819
38 100859
38 100884
38 100724
38 100970
38 100838
38 100843
38 100742
38 100819
38 100788
38 100933
38 100959
38 100770
38 100814
38 100804
38 100892
38 100799
38 100819
38 100907
38 100820
38 100746
38 100881
38 100779
38 100723
38 100818
38 100919
38 100778
38 100894
38 100732
38 100751
38 100855
38 100833
38 100748
38 100837
38 100881
38 100718
38 100860
38 100754
38 100771
38 100828
38 100835
38 100958
38 100720
38 100902
38 100904
38 100773
38 100863
38 100855
38 100968
38 100831
38 100708
38 100817
38 100723
38 100870
38 100823
38 100875
38 100664
38 100720
38 100800
38 100782
38 100891
38 100822
38 100899
38 100809
38 100790
38 100760
38 100829
38 100857
38 100813
38 100707
38 100908
38 100811
38 100838
38 100962
38 100811
38 100840
38 100882
38 101000
38 100804
38 100796
38 100985
38 100868
38 100848
38 100857
38 100770
38 100690
38 100808
38 100845
38 100895
38 100742
38 100695
38 100850
38 100746
38 100868
38 100928
38 100720
38 100870
38 100864
38 100786
38 100864
38 100791
38 100792
38 100779
38 100805
38 100801
38 100918
38 100837
38 100839
38 100828
38 100849
38 100877
38 100689
38 100796
38 100715
38 100744
38 100850
38 100902
38 100743
38 100895
38 100794
38 100832
38 100754
