#using seed 0.060253
#processors:200 remote_steal_latency:2                  remote_steal_proba:0.0125
2 100627
2 100601
2 100620
2 100593
2 100547
2 100642
2 100598
2 100602
2 100601
2 100612
2 100568
2 100600
2 100565
2 100579
2 100572
2 100592
2 100663
2 100528
2 100617
2 100581
2 100594
2 100650
2 100653
2 100604
2 100543
2 100637
2 100623
2 100588
2 100583
2 100567
2 100570
2 100587
2 100589
2 100647
2 100606
2 100581
2 100656
2 100653
2 100573
2 100568
2 100595
2 100634
2 100679
2 100604
2 100657
2 100616
2 100604
2 100606
2 100572
2 100619
2 100599
2 100594
2 100580
2 100683
2 100618
2 100515
2 100575
2 100646
2 100655
2 100582
2 100682
2 100557
2 100740
2 100554
2 100590
2 100655
2 100633
2 100490
2 100711
2 100610
2 100575
2 100648
2 100510
2 100659
2 100611
2 100568
2 100595
2 100597
2 100599
2 100658
2 100626
2 100690
2 100606
2 100612
2 100612
2 100633
2 100573
2 100593
2 100679
2 100593
2 100600
2 100600
2 100678
2 100574
2 100574
2 100592
2 100605
2 100581
2 100633
2 100527
2 100573
2 100524
2 100660
2 100558
2 100532
2 100558
2 100581
2 100586
2 100575
2 100501
2 100522
2 100622
2 100568
2 100602
2 100631
2 100510
2 100603
2 100572
2 100621
2 100513
2 100765
2 100540
2 100566
2 100576
2 100668
2 100634
2 100613
2 100537
2 100558
2 100590
2 100638
2 100704
2 100608
2 100652
2 100565
2 100579
2 100581
2 100648
2 100570
2 100606
2 100617
2 100586
2 100594
2 100714
2 100607
2 100564
2 100576
2 100614
2 100607
2 100631
2 100507
2 100562
2 100603
2 100628
2 100552
2 100538
2 100575
2 100662
2 100648
2 100567
2 100314
2 100649
2 100577
2 100574
2 100607
2 100607
2 100581
2 100644
2 100567
2 100607
2 100645
2 100691
2 100526
2 100581
2 100623
2 100577
2 100596
2 100626
2 100569
2 100541
2 100569
2 100625
2 100637
2 100635
2 100634
2 100525
2 100575
2 100597
2 100658
2 100651
2 100685
2 100649
2 100586
2 100552
2 100562
2 100554
2 100632
2 100528
2 100590
2 100553
2 100631
2 100598
2 100578
2 100655
2 100545
2 100587
2 100558
2 100599
2 100610
2 100577
2 100623
2 100626
2 100585
2 100604
2 100586
2 100714
2 100591
2 100630
2 100592
2 100548
2 100550
2 100611
2 100618
2 100599
2 100583
2 100505
2 100567
2 100580
2 100559
2 100602
2 100503
2 100632
2 100503
2 100556
2 100656
2 100555
2 100636
2 100637
2 100699
2 100544
2 100564
2 100618
2 100653
2 100606
2 100643
2 100538
2 100599
2 100499
2 100341
2 100625
2 100581
2 100681
2 100564
2 100630
2 100607
2 100652
2 100662
2 100610
2 100584
2 100631
2 100631
2 100684
2 100587
2 100632
2 100572
2 100546
2 100571
2 100540
2 100584
2 100626
2 100586
2 100596
2 100669
2 100652
2 100537
2 100667
2 100528
2 100600
2 100630
2 100609
2 100632
2 100672
2 100604
2 100577
2 100600
2 100656
2 100624
2 100487
2 100493
2 100574
2 100621
2 100574
2 100605
2 100636
2 100570
2 100577
2 100633
2 100515
2 100548
2 100723
2 100606
2 100677
2 100565
2 100628
2 100655
2 100620
2 100540
2 100540
2 100397
2 100581
2 100665
2 100577
2 100550
2 100587
2 100547
2 100519
2 100623
2 100603
2 100591
2 100643
2 100636
2 100590
2 100645
2 100598
2 100570
2 100565
2 100530
2 100693
2 100678
2 100628
2 100590
2 100604
2 100623
2 100569
2 100601
2 100652
2 100627
2 100693
2 100596
2 100581
2 100581
2 100641
2 100693
2 100740
2 100639
2 100554
2 100602
2 100622
2 100656
2 100591
2 100591
2 100493
2 100581
2 100577
2 100621
2 100610
2 100569
2 100532
2 100370
2 100652
2 100650
2 100546
2 100573
2 100587
2 100597
2 100640
2 100538
2 100617
2 100641
2 100522
2 100571
2 100664
2 100581
2 100543
2 100637
2 100566
2 100606
2 100573
2 100556
2 100524
2 100607
2 100589
2 100644
2 100676
2 100578
2 100683
2 100575
2 100560
2 100551
2 100545
2 100558
2 100641
2 100567
2 100568
2 100426
2 100564
2 100659
2 100659
2 100607
2 100590
2 100661
2 100727
2 100576
2 100606
2 100633
2 100585
2 100564
2 100572
2 100579
2 100702
2 100631
2 100610
2 100559
2 100620
2 100562
2 100556
2 100580
2 100613
2 100688
2 100536
2 100626
2 100563
2 100565
2 100570
2 100551
2 100607
2 100655
2 100516
2 100600
2 100702
2 100563
2 100591
2 100567
2 100641
2 100526
2 100657
2 100587
2 100647
2 100621
2 100596
2 100635
2 100633
2 100545
2 100594
2 100531
2 100574
2 100574
2 100726
2 100658
2 100640
2 100620
2 100638
2 100648
2 100575
2 100596
2 100587
2 100635
2 100555
2 100537
2 100645
2 100673
2 100624
2 100646
2 100555
2 100615
2 100650
2 100623
2 100594
2 100559
2 100623
2 100574
2 100626
2 100598
2 100639
2 100567
2 100621
2 100587
2 100653
2 100637
2 100605
2 100591
2 100589
2 100639
2 100549
2 100487
2 100577
2 100592
2 100521
2 100574
2 100588
2 100577
2 100575
2 100540
2 100567
2 100606
2 100562
2 100535
2 100588
2 100594
2 100646
#processors:200 remote_steal_latency:6                  remote_steal_proba:0.0125
6 100639
6 100673
6 100505
6 100649
6 100599
6 100570
6 100681
6 100704
6 100565
6 100524
6 100691
6 100614
6 100673
6 100609
6 100702
6 100637
6 100680
6 100785
6 100696
6 100663
6 100625
6 100669
6 100609
6 100578
6 100653
6 100636
6 100644
6 100595
6 100677
6 100586
6 100694
6 100623
6 100645
6 100610
6 100622
6 100510
6 100637
6 100644
6 100679
6 100691
6 100668
6 100561
6 100688
6 100663
6 100592
6 100626
6 100594
6 100671
6 100700
6 100664
6 100650
6 100709
6 100716
6 100567
6 100598
6 100674
6 100631
6 100553
6 100580
6 100646
6 100576
6 100641
6 100621
6 100643
6 100544
6 100754
6 100719
6 100658
6 100661
6 100637
6 100637
6 100674
6 100684
6 100620
6 100708
6 100623
6 100595
6 100621
6 100629
6 100595
6 100579
6 100566
6 100603
6 100628
6 100689
6 100582
6 100641
6 100652
6 100595
6 100566
6 100690
6 100612
6 100552
6 100728
6 100555
6 100594
6 100653
6 100693
6 100664
6 100674
6 100559
6 100618
6 100581
6 100648
6 100612
6 100687
6 100685
6 100625
6 100628
6 100579
6 100564
6 100685
6 100615
6 100624
6 100636
6 100587
6 100618
6 100587
6 100619
6 100591
6 100631
6 100667
6 100687
6 100582
6 100537
6 100628
6 100571
6 100684
6 100722
6 100678
6 100579
6 100623
6 100616
6 100632
6 100708
6 100659
6 100584
6 100631
6 100626
6 100605
6 100580
6 100677
6 100562
6 100619
6 100563
6 100671
6 100555
6 100606
6 100602
6 100693
6 100553
6 100628
6 100664
6 100575
6 100614
6 100626
6 100567
6 100577
6 100513
6 100634
6 100613
6 100637
6 100678
6 100568
6 100646
6 100632
6 100677
6 100700
6 100657
6 100631
6 100492
6 100757
6 100645
6 100682
6 100695
6 100652
6 100557
6 100605
6 100596
6 100584
6 100600
6 100680
6 100614
6 100666
6 100598
6 100589
6 100594
6 100652
6 100585
6 100552
6 100602
6 100604
6 100628
6 100640
6 100603
6 100567
6 100746
6 100682
6 100616
6 100607
6 100625
6 100657
6 100617
6 100589
6 100723
6 100662
6 100629
6 100718
6 100672
6 100564
6 100554
6 100589
6 100621
6 100706
6 100628
6 100592
6 100534
6 100617
6 100595
6 100478
6 100579
6 100609
6 100546
6 100623
6 100554
6 100626
6 100628
6 100587
6 100724
6 100646
6 100790
6 100640
6 100631
6 100607
6 100656
6 100703
6 100601
6 100603
6 100525
6 100687
6 100654
6 100625
6 100634
6 100632
6 100585
6 100521
6 100594
6 100613
6 100591
6 100743
6 100510
6 100588
6 100600
6 100620
6 100601
6 100684
6 100653
6 100734
6 100662
6 100593
6 100687
6 100675
6 100596
6 100579
6 100612
6 100572
6 100628
6 100655
6 100607
6 100597
6 100605
6 100722
6 100647
6 100632
6 100687
6 100610
6 100562
6 100625
6 100681
6 100586
6 100686
6 100582
6 100737
6 100583
6 100591
6 100652
6 100591
6 100660
6 100673
6 100595
6 100602
6 100633
6 100601
6 100631
6 100560
6 100662
6 100656
6 100618
6 100618
6 100673
6 100601
6 100664
6 100616
6 100646
6 100644
6 100671
6 100629
6 100548
6 100575
6 100695
6 100662
6 100600
6 100608
6 100610
6 100695
6 100598
6 100665
6 100686
6 100773
6 100574
6 100602
6 100647
6 100765
6 100624
6 100649
6 100621
6 100551
6 100566
6 100649
6 100645
6 100662
6 100788
6 100687
6 100587
6 100642
6 100613
6 100567
6 100651
6 100614
6 100584
6 100633
6 100765
6 100644
6 100725
6 100638
6 100625
6 100675
6 100584
6 100616
6 100584
6 100663
6 100567
6 100357
6 100629
6 100600
6 100552
6 100661
6 100650
6 100629
6 100624
6 100672
6 100655
6 100674
6 100587
6 100515
6 100633
6 100651
6 100629
6 100597
6 100675
6 100593
6 100679
6 100582
6 100623
6 100779
6 100593
6 100670
6 100588
6 100659
6 100602
6 100590
6 100553
6 100561
6 100625
6 100598
6 100637
6 100638
6 100663
6 100666
6 100660
6 100699
6 100604
6 100584
6 100615
6 100619
6 100623
6 100619
6 100644
6 100706
6 100623
6 100653
6 100655
6 100585
6 100615
6 100583
6 100633
6 100642
6 100585
6 100707
6 100586
6 100670
6 100571
6 100608
6 100639
6 100568
6 100598
6 100554
6 100642
6 100777
6 100630
6 100594
6 100617
6 100620
6 100675
6 100611
6 100637
6 100666
6 100632
6 100617
6 100678
6 100592
6 100580
6 100656
6 100535
6 100676
6 100586
6 100534
6 100524
6 100676
6 100666
6 100590
6 100579
6 100666
6 100568
6 100618
6 100626
6 100640
6 100658
6 100703
6 100653
6 100618
6 100621
6 100593
6 100681
6 100638
6 100605
6 100614
6 100639
6 100553
6 100614
6 100588
6 100636
6 100624
6 100558
6 100577
6 100581
6 100602
6 100638
6 100741
6 100671
6 100643
6 100629
6 100602
6 100560
6 100662
6 100528
6 100657
6 100608
6 100597
6 100547
6 100627
6 100650
6 100692
6 100595
6 100604
6 100581
6 100648
6 100590
6 100625
6 100611
6 100624
6 100593
6 100647
6 100668
6 100568
6 100631
6 100604
6 100646
6 100690
6 100585
#processors:200 remote_steal_latency:10                  remote_steal_proba:0.0125
10 100614
10 100674
10 100673
10 100685
10 100639
10 100664
10 100685
10 100696
10 100620
10 100705
10 100606
10 100687
10 100678
10 100643
10 100621
10 100703
10 100643
10 100563
10 100621
10 100695
10 100624
10 100631
10 100664
10 100730
10 100704
10 100683
10 100726
10 100655
10 100679
10 100718
10 100700
10 100622
10 100619
10 100653
10 100678
10 100675
10 100586
10 100687
10 100788
10 100621
10 100600
10 100673
10 100677
10 100637
10 100611
10 100605
10 100781
10 100655
10 100594
10 100699
10 100561
10 100651
10 100660
10 100593
10 100677
10 100662
10 100754
10 100716
10 100667
10 100683
10 100663
10 100629
10 100656
10 100670
10 100666
10 100661
10 100679
10 100739
10 100595
10 100668
10 100633
10 100702
10 100632
10 100621
10 100669
10 100653
10 100701
10 100642
10 100700
10 100699
10 100667
10 100753
10 100670
10 100643
10 100491
10 100703
10 100403
10 100675
10 100694
10 100680
10 100633
10 100704
10 100714
10 100653
10 100718
10 100586
10 100717
10 100713
10 100671
10 100708
10 100655
10 100702
10 100582
10 100631
10 100582
10 100649
10 100739
10 100631
10 100683
10 100625
10 100654
10 100632
10 100634
10 100557
10 100667
10 100687
10 100681
10 100709
10 100591
10 100666
10 100598
10 100688
10 100631
10 100636
10 100614
10 100637
10 100676
10 100600
10 100581
10 100635
10 100745
10 100751
10 100607
10 100646
10 100653
10 100701
10 100692
10 100607
10 100652
10 100696
10 100672
10 100676
10 100644
10 100654
10 100649
10 100700
10 100616
10 100597
10 100639
10 100716
10 100622
10 100721
10 100662
10 100664
10 100648
10 100725
10 100620
10 100607
10 100616
10 100675
10 100724
10 100633
10 100559
10 100622
10 100654
10 100660
10 100626
10 100649
10 100692
10 100630
10 100587
10 100680
10 100720
10 100603
10 100584
10 100662
10 100636
10 100701
10 100666
10 100638
10 100589
10 100678
10 100766
10 100658
10 100654
10 100634
10 100650
10 100583
10 100685
10 100588
10 100629
10 100687
10 100625
10 100630
10 100638
10 100620
10 100618
10 100655
10 100689
10 100664
10 100583
10 100626
10 100678
10 100659
10 100712
10 100715
10 100588
10 100689
10 100547
10 100640
10 100638
10 100618
10 100602
10 100683
10 100734
10 100581
10 100662
10 100771
10 100652
10 100637
10 100694
10 100678
10 100583
10 100625
10 100667
10 100629
10 100651
10 100632
10 100613
10 100624
10 100690
10 100728
10 100674
10 100651
10 100658
10 100603
10 100618
10 100787
10 100625
10 100602
10 100644
10 100683
10 100691
10 100713
10 100452
10 100720
10 100701
10 100617
10 100720
10 100605
10 100619
10 100582
10 100677
10 100593
10 100568
10 100713
10 100554
10 100611
10 100673
10 100614
10 100633
10 100694
10 100719
10 100782
10 100664
10 100578
10 100656
10 100719
10 100663
10 100674
10 100672
10 100670
10 100653
10 100637
10 100651
10 100639
10 100662
10 100694
10 100648
10 100605
10 100665
10 100612
10 100568
10 100654
10 100662
10 100694
10 100707
10 100702
10 100642
10 100671
10 100730
10 100642
10 100654
10 100619
10 100607
10 100670
10 100613
10 100614
10 100689
10 100753
10 100652
10 100655
10 100642
10 100763
10 100692
10 100582
10 100627
10 100729
10 100646
10 100663
10 100615
10 100628
10 100669
10 100661
10 100641
10 100651
10 100665
10 100624
10 100732
10 100626
10 100774
10 100643
10 100597
10 100643
10 100597
10 100684
10 100653
10 100648
10 100603
10 100727
10 100748
10 100725
10 100552
10 100554
10 100667
10 100679
10 100595
10 100615
10 100601
10 100620
10 100633
10 100735
10 100681
10 100700
10 100643
10 100622
10 100729
10 100678
10 100677
10 100528
10 100706
10 100655
10 100693
10 100550
10 100655
10 100634
10 100681
10 100731
10 100608
10 100631
10 100654
10 100645
10 100771
10 100683
10 100679
10 100644
10 100709
10 100612
10 100623
10 100628
10 100696
10 100669
10 100654
10 100606
10 100647
10 100688
10 100719
10 100638
10 100574
10 100671
10 100693
10 100618
10 100557
10 100774
10 100699
10 100662
10 100753
10 100583
10 100627
10 100747
10 100750
10 100670
10 100780
10 100556
10 100706
10 100568
10 100623
10 100666
10 100649
10 100620
10 100712
10 100607
10 100621
10 100688
10 100679
10 100531
10 100588
10 100634
10 100658
10 100606
10 100610
10 100640
10 100649
10 100613
10 100707
10 100586
10 100657
10 100760
10 100617
10 100576
10 100655
10 100574
10 100674
10 100673
10 100744
10 100685
10 100706
10 100636
10 100668
10 100666
10 100696
10 100605
10 100686
10 100736
10 100550
10 100665
10 100587
10 100700
10 100645
10 100747
10 100652
10 100574
10 100709
10 100693
10 100697
10 100660
10 100582
10 100635
10 100779
10 100596
10 100602
10 100615
10 100637
10 100783
10 100670
10 100667
10 100768
10 100629
10 100653
10 100668
10 100643
10 100636
10 100706
10 100589
10 100656
10 100710
10 100644
10 100673
10 100702
10 100667
10 100702
10 100618
10 100658
10 100628
10 100663
10 100628
10 100755
10 100665
10 100687
10 100898
10 100631
10 100654
10 100699
10 100643
10 100639
10 100638
10 100615
10 100645
10 100597
10 100669
10 100626
10 100704
10 100586
10 100704
10 100622
10 100666
10 100592
10 100620
10 100675
10 100681
#processors:200 remote_steal_latency:14                  remote_steal_proba:0.0125
14 100663
14 100676
14 100691
14 100718
14 100638
14 100708
14 100696
14 100671
14 100573
14 100706
14 100709
14 100615
14 100699
14 100613
14 100646
14 100714
14 100648
14 100662
14 100800
14 100738
14 100603
14 100668
14 100680
14 100630
14 100664
14 100653
14 100679
14 100761
14 100658
14 100661
14 100637
14 100634
14 100776
14 100531
14 100639
14 100551
14 100651
14 100715
14 100606
14 100611
14 100574
14 100579
14 100622
14 100749
14 100678
14 100685
14 100718
14 100678
14 100604
14 100596
14 100694
14 100653
14 100696
14 100710
14 100752
14 100665
14 100736
14 100610
14 100637
14 100712
14 100779
14 100709
14 100705
14 100695
14 100566
14 100600
14 100701
14 100764
14 100663
14 100779
14 100618
14 100770
14 100669
14 100747
14 100772
14 100716
14 100785
14 100695
14 100744
14 100619
14 100770
14 100713
14 100720
14 100611
14 100642
14 100751
14 100637
14 100556
14 100723
14 100681
14 100714
14 100673
14 100605
14 100678
14 100755
14 100769
14 100681
14 100650
14 100601
14 100691
14 100723
14 100725
14 100675
14 100698
14 100785
14 100700
14 100638
14 100612
14 100622
14 100676
14 100619
14 100634
14 100703
14 100660
14 100718
14 100715
14 100676
14 100722
14 100621
14 100671
14 100642
14 100642
14 100726
14 100747
14 100715
14 100685
14 100633
14 100614
14 100705
14 100563
14 100654
14 100637
14 100686
14 100716
14 100612
14 100624
14 100754
14 100740
14 100705
14 100688
14 100749
14 100724
14 100667
14 100686
14 100720
14 100637
14 100649
14 100643
14 100667
14 100558
14 100588
14 100720
14 100707
14 100667
14 100636
14 100627
14 100691
14 100646
14 100666
14 100623
14 100640
14 100630
14 100618
14 100674
14 100679
14 100696
14 100710
14 100682
14 100679
14 100677
14 100665
14 100733
14 100669
14 100628
14 100826
14 100679
14 100646
14 100690
14 100742
14 100735
14 100671
14 100700
14 100654
14 100685
14 100749
14 100689
14 100694
14 100655
14 100542
14 100446
14 100740
14 100654
14 100673
14 100705
14 100721
14 100591
14 100555
14 100659
14 100650
14 100549
14 100694
14 100750
14 100688
14 100766
14 100669
14 100678
14 100636
14 100687
14 100624
14 100683
14 100663
14 100757
14 100739
14 100778
14 100732
14 100664
14 100651
14 100649
14 100695
14 100744
14 100685
14 100687
14 100656
14 100703
14 100705
14 100638
14 100738
14 100652
14 100703
14 100778
14 100680
14 100735
14 100611
14 100819
14 100676
14 100658
14 100659
14 100717
14 100652
14 100627
14 100653
14 100682
14 100633
14 100695
14 100737
14 100644
14 100678
14 100674
14 100665
14 100691
14 100683
14 100621
14 100653
14 100637
14 100594
14 100821
14 100698
14 100624
14 100672
14 100675
14 100682
14 100678
14 100656
14 100572
14 100683
14 100786
14 100681
14 100724
14 100612
14 100659
14 100789
14 100672
14 100732
14 100705
14 100615
14 100691
14 100786
14 100605
14 100682
14 100645
14 100694
14 100689
14 100743
14 100666
14 100570
14 100687
14 100659
14 100711
14 100675
14 100663
14 100685
14 100647
14 100747
14 100685
14 100656
14 100730
14 100640
14 100630
14 100657
14 100694
14 100664
14 100732
14 100666
14 100709
14 100665
14 100695
14 100716
14 100657
14 100707
14 100634
14 100680
14 100674
14 100650
14 100700
14 100698
14 100679
14 100589
14 100652
14 100703
14 100611
14 100702
14 100734
14 100620
14 100701
14 100656
14 100766
14 100711
14 100673
14 100640
14 100682
14 100654
14 100853
14 100742
14 100640
14 100594
14 100629
14 100746
14 100637
14 100665
14 100612
14 100711
14 100827
14 100694
14 100679
14 100618
14 100635
14 100665
14 100652
14 100635
14 100630
14 100749
14 100702
14 100669
14 100716
14 100679
14 100721
14 100803
14 100630
14 100753
14 100741
14 100692
14 100702
14 100633
14 100661
14 100623
14 100733
14 100699
14 100687
14 100636
14 100749
14 100698
14 100702
14 100578
14 100657
14 100625
14 100640
14 100638
14 100655
14 100696
14 100656
14 100845
14 100644
14 100670
14 100655
14 100671
14 100569
14 100741
14 100682
14 100679
14 100746
14 100769
14 100699
14 100594
14 100710
14 100601
14 100688
14 100658
14 100667
14 100632
14 100636
14 100721
14 100711
14 100667
14 100702
14 100710
14 100683
14 100679
14 100752
14 100641
14 100560
14 100704
14 100647
14 100671
14 100653
14 100668
14 100747
14 100702
14 100685
14 100677
14 100614
14 100598
14 100742
14 100645
14 100585
14 100694
14 100698
14 100703
14 100771
14 100672
14 100687
14 100652
14 100733
14 100640
14 100651
14 100721
14 100807
14 100651
14 100704
14 100670
14 100622
14 100659
14 100654
14 100688
14 100786
14 100789
14 100679
14 100629
14 100697
14 100736
14 100698
14 100750
14 100712
14 100651
14 100699
14 100676
14 100795
14 100718
14 100625
14 100758
14 100694
14 100680
14 100630
14 100631
14 100684
14 100670
14 100678
14 100672
14 100753
14 100661
14 100707
14 100682
14 100641
14 100722
14 100674
14 100678
14 100686
14 100636
14 100745
14 100810
14 100701
14 100731
14 100583
14 100656
14 100641
14 100768
14 100679
14 100680
14 100660
14 100654
14 100702
14 100649
14 100711
14 100586
14 100643
14 100623
14 100644
14 100582
14 100669
14 100736
14 100689
#processors:200 remote_steal_latency:18                  remote_steal_proba:0.0125
18 100740
18 100694
18 100717
18 100798
18 100756
18 100633
18 100778
18 100807
18 100693
18 100713
18 100754
18 100695
18 100708
18 100657
18 100638
18 100677
18 100696
18 100774
18 100675
18 100695
18 100647
18 100662
18 100870
18 100728
18 100619
18 100676
18 100576
18 100780
18 100785
18 100694
18 100676
18 100527
18 100722
18 100675
18 100638
18 100790
18 100736
18 100699
18 100708
18 100702
18 100758
18 100689
18 100709
18 100676
18 100761
18 100739
18 100647
18 100655
18 100655
18 100743
18 100662
18 100741
18 100769
18 100781
18 100607
18 100665
18 100713
18 100638
18 100587
18 100758
18 100710
18 100714
18 100758
18 100677
18 100628
18 100698
18 100642
18 100586
18 100741
18 100698
18 100662
18 100690
18 100716
18 100679
18 100814
18 100637
18 100850
18 100632
18 100690
18 100657
18 100674
18 100616
18 100759
18 100810
18 100658
18 100668
18 100738
18 100753
18 100734
18 100628
18 100875
18 100799
18 100684
18 100775
18 100669
18 100656
18 100840
18 100771
18 100593
18 100734
18 100673
18 100776
18 100801
18 100695
18 100698
18 100763
18 100734
18 100837
18 100726
18 100725
18 100742
18 100686
18 100673
18 100760
18 100755
18 100758
18 100794
18 100561
18 100604
18 100683
18 100700
18 100757
18 100748
18 100656
18 100726
18 100682
18 100764
18 100662
18 100661
18 100674
18 100595
18 100693
18 100716
18 100697
18 100602
18 100648
18 100672
18 100787
18 100752
18 100681
18 100763
18 100696
18 100708
18 100690
18 100621
18 100655
18 100658
18 100788
18 100709
18 100716
18 100715
18 100667
18 100577
18 100699
18 100555
18 100695
18 100761
18 100823
18 100600
18 100697
18 100698
18 100717
18 100708
18 100723
18 100656
18 100768
18 100729
18 100791
18 100724
18 100724
18 100741
18 100775
18 100694
18 100618
18 100777
18 100739
18 100719
18 100667
18 100679
18 100790
18 100643
18 100646
18 100690
18 100657
18 100648
18 100740
18 100747
18 100687
18 100782
18 100734
18 100699
18 100698
18 100682
18 100712
18 100600
18 100706
18 100712
18 100742
18 100818
18 100624
18 100717
18 100687
18 100752
18 100653
18 100681
18 100661
18 100823
18 100709
18 100850
18 100741
18 100697
18 100704
18 100715
18 100802
18 100639
18 100691
18 100661
18 100766
18 100691
18 100668
18 100629
18 100703
18 100644
18 100739
18 100701
18 100639
18 100636
18 100702
18 100716
18 100618
18 100677
18 100586
18 100690
18 100753
18 100683
18 100812
18 100716
18 100675
18 100678
18 100680
18 100717
18 100648
18 100791
18 100730
18 100699
18 100620
18 100747
18 100641
18 100790
18 100759
18 100747
18 100760
18 100709
18 100649
18 100707
18 100696
18 100686
18 100740
18 100749
18 100766
18 100723
18 100685
18 100747
18 100758
18 100772
18 100701
18 100705
18 100739
18 100690
18 100726
18 100671
18 100632
18 100656
18 100694
18 100698
18 100656
18 100739
18 100756
18 100713
18 100692
18 100664
18 100654
18 100669
18 100750
18 100636
18 100684
18 100588
18 100744
18 100724
18 100838
18 100726
18 100881
18 100729
18 100631
18 100692
18 100703
18 100754
18 100740
18 100730
18 100754
18 100719
18 100821
18 100689
18 100663
18 100689
18 100619
18 100717
18 100675
18 100682
18 100689
18 100670
18 100673
18 100753
18 100702
18 100696
18 100914
18 100702
18 100690
18 100777
18 100700
18 100820
18 100565
18 100796
18 100653
18 100703
18 100649
18 100713
18 100678
18 100640
18 100703
18 100724
18 100660
18 100683
18 100661
18 100773
18 100754
18 100708
18 100706
18 100756
18 100650
18 100689
18 100615
18 100752
18 100725
18 100736
18 100723
18 100766
18 100700
18 100732
18 100707
18 100717
18 100823
18 100712
18 100760
18 100733
18 100738
18 100696
18 100675
18 100669
18 100722
18 100618
18 100671
18 100534
18 100746
18 100665
18 100622
18 100701
18 100629
18 100691
18 100679
18 100741
18 100760
18 100664
18 100791
18 100681
18 100718
18 100707
18 100659
18 100786
18 100731
18 100711
18 100671
18 100748
18 100660
18 100700
18 100750
18 100731
18 100658
18 100673
18 100647
18 100675
18 100706
18 100700
18 100681
18 100709
18 100731
18 100694
18 100786
18 100716
18 100790
18 100605
18 100730
18 100712
18 100751
18 100686
18 100740
18 100641
18 100705
18 100676
18 100862
18 100768
18 100794
18 100666
18 100673
18 100666
18 100775
18 100705
18 100702
18 100668
18 100741
18 100741
18 100756
18 100783
18 100706
18 100712
18 100720
18 100634
18 100597
18 100800
18 100668
18 100637
18 100778
18 100666
18 100765
18 100784
18 100629
18 100797
18 100749
18 100713
18 100674
18 100775
18 100677
18 100724
18 100739
18 100635
18 100704
18 100700
18 100638
18 100728
18 100696
18 100740
18 100612
18 100704
18 100626
18 100761
18 100749
18 100654
18 100820
18 100669
18 100660
18 100703
18 100565
18 100798
18 100801
18 100727
18 100805
18 100793
18 100680
18 100718
18 100643
18 100798
18 100672
18 100648
18 100693
18 100821
18 100663
18 100680
18 100662
18 100760
18 100710
18 100683
18 100677
18 100720
18 100772
18 100710
18 100818
18 100621
18 100723
18 100722
18 100714
18 100641
18 100730
18 100717
18 100803
18 100774
18 100706
18 100741
18 100687
18 100742
18 100825
#processors:200 remote_steal_latency:22                  remote_steal_proba:0.0125
22 100806
22 100814
22 100712
22 100791
22 100697
22 100763
22 100804
22 100724
22 100642
22 100717
22 100686
22 100796
22 100720
22 100664
22 100736
22 100726
22 100713
22 100697
22 100682
22 100743
22 100709
22 100693
22 100783
22 100704
22 100789
22 100684
22 100780
22 100747
22 100738
22 100702
22 100629
22 100595
22 100759
22 100711
22 100779
22 100805
22 100867
22 100749
22 100822
22 100801
22 100752
22 100901
22 100757
22 100644
22 100699
22 100734
22 100763
22 100703
22 100644
22 100750
22 100778
22 100753
22 100822
22 100765
22 100723
22 100748
22 100672
22 100702
22 100865
22 100690
22 100755
22 100748
22 100672
22 100822
22 100730
22 100841
22 100710
22 100702
22 100831
22 100719
22 100712
22 100716
22 100735
22 100851
22 100673
22 100712
22 100794
22 100729
22 100701
22 100718
22 100720
22 100723
22 100785
22 100766
22 100819
22 100800
22 100725
22 100880
22 100832
22 100791
22 100647
22 100718
22 100733
22 100709
22 100794
22 100675
22 100750
22 100718
22 100753
22 100782
22 100724
22 100744
22 100738
22 100767
22 100720
22 100803
22 100773
22 100735
22 100759
22 100641
22 100784
22 100800
22 100674
22 100813
22 100670
22 100575
22 100706
22 100772
22 100841
22 100799
22 100794
22 100786
22 100798
22 100682
22 100693
22 100688
22 100731
22 100874
22 100772
22 100746
22 100640
22 100713
22 100674
22 100760
22 100738
22 100755
22 100767
22 100783
22 100804
22 100700
22 100665
22 100766
22 100542
22 100801
22 100751
22 100685
22 100777
22 100735
22 100669
22 100829
22 100740
22 100753
22 100732
22 100698
22 100735
22 100750
22 100733
22 100715
22 100718
22 100685
22 100702
22 100717
22 100842
22 100847
22 100754
22 100797
22 100758
22 100767
22 100736
22 100705
22 100805
22 100744
22 100749
22 100772
22 100826
22 100803
22 100676
22 100795
22 100754
22 100735
22 100677
22 100740
22 100705
22 100786
22 100791
22 100713
22 100697
22 100840
22 100668
22 100816
22 100808
22 100716
22 100711
22 100733
22 100693
22 100804
22 100657
22 100664
22 100673
22 100735
22 100697
22 100718
22 100732
22 100763
22 100657
22 100709
22 100779
22 100820
22 100832
22 100754
22 100752
22 100749
22 100751
22 100793
22 100752
22 100616
22 100719
22 100705
22 100712
22 100661
22 100667
22 100789
22 100715
22 100740
22 100803
22 100782
22 100709
22 100637
22 100738
22 100634
22 100760
22 100624
22 100815
22 100656
22 100666
22 100817
22 100871
22 100791
22 100723
22 100774
22 100849
22 100804
22 100785
22 100651
22 100776
22 100703
22 100700
22 100939
22 100856
22 100832
22 100800
22 100809
22 100680
22 100725
22 100730
22 100806
22 100770
22 100707
22 100725
22 100710
22 100755
22 100932
22 100664
22 100632
22 100823
22 100789
22 100791
22 100834
22 100677
22 100775
22 100814
22 100749
22 100885
22 100785
22 100715
22 100810
22 100792
22 100661
22 100721
22 100736
22 100831
22 100792
22 100708
22 100757
22 100717
22 100664
22 100687
22 100685
22 100701
22 100804
22 100842
22 100704
22 100753
22 100856
22 100685
22 100729
22 100695
22 100886
22 100751
22 100716
22 100794
22 100724
22 100805
22 100802
22 100676
22 100713
22 100673
22 100774
22 100846
22 100754
22 100766
22 100648
22 100743
22 100766
22 100645
22 100718
22 100725
22 100811
22 100733
22 100797
22 100737
22 100723
22 100804
22 100641
22 100794
22 100827
22 100685
22 100695
22 100757
22 100702
22 100916
22 100722
22 100799
22 100763
22 100819
22 100760
22 100807
22 100780
22 100808
22 100786
22 100673
22 100796
22 100668
22 100716
22 100874
22 100799
22 100808
22 100712
22 100673
22 100704
22 100657
22 100750
22 100643
22 100767
22 100732
22 100710
22 100724
22 100703
22 100704
22 100649
22 100858
22 100758
22 100702
22 100720
22 100647
22 100754
22 100841
22 100719
22 100780
22 100757
22 100760
22 100851
22 100665
22 100734
22 100800
22 100648
22 100733
22 100694
22 100698
22 100743
22 100759
22 100681
22 100677
22 100700
22 100882
22 100694
22 100700
22 100691
22 100720
22 100708
22 100718
22 100688
22 100663
22 100712
22 100781
22 100684
22 100597
22 100773
22 100779
22 100799
22 100697
22 100701
22 100708
22 100705
22 100742
22 100731
22 100658
22 100734
22 100875
22 100769
22 100809
22 100797
22 100695
22 100762
22 100735
22 100683
22 100561
22 100792
22 100666
22 100714
22 100813
22 100804
22 100739
22 100790
22 100691
22 100663
22 100714
22 100787
22 100755
22 100739
22 100751
22 100759
22 100757
22 100708
22 100707
22 100781
22 100691
22 100678
22 100664
22 100755
22 100762
22 100744
22 100749
22 100781
22 100813
22 100699
22 100754
22 100787
22 100735
22 100665
22 100757
22 100686
22 100727
22 100777
22 100638
22 100674
22 100853
22 100722
22 100796
22 100703
22 100797
22 100702
22 100654
22 100805
22 100852
22 100707
22 100630
22 100688
22 100785
22 100767
22 100746
22 100793
22 100676
22 100662
22 100760
22 100676
22 100791
22 100730
22 100679
22 100638
22 100690
22 100777
22 100849
22 100798
22 100709
22 100752
22 100682
22 100702
22 100723
22 100772
22 100706
22 100797
22 100696
22 100734
22 100804
22 100688
22 100630
22 100811
22 100723
22 100782
#processors:200 remote_steal_latency:26                  remote_steal_proba:0.0125
26 100828
26 100689
26 100693
26 100754
26 100792
26 100779
26 100757
26 100809
26 100744
26 100687
26 100727
26 100781
26 100836
26 100776
26 100759
26 100763
26 100833
26 100800
26 100757
26 100703
26 100716
26 100817
26 100822
26 100836
26 100845
26 100762
26 100765
26 100845
26 100724
26 100755
26 100780
26 100755
26 100840
26 100763
26 100847
26 100742
26 100759
26 100807
26 100745
26 100720
26 100774
26 100748
26 100768
26 100788
26 100787
26 100829
26 100656
26 100769
26 100844
26 100701
26 100785
26 100899
26 100832
26 100691
26 100729
26 100716
26 100734
26 100832
26 100856
26 100825
26 100777
26 100695
26 100742
26 100802
26 100751
26 100808
26 100780
26 100743
26 100840
26 100732
26 100776
26 100931
26 100756
26 100650
26 100751
26 100733
26 100792
26 100799
26 100750
26 100735
26 100917
26 100699
26 100728
26 100832
26 100740
26 100808
26 100704
26 100665
26 100842
26 100765
26 100693
26 100734
26 100838
26 100840
26 100679
26 100710
26 100737
26 100697
26 100711
26 100897
26 100824
26 100810
26 100753
26 100951
26 100785
26 100847
26 100745
26 100765
26 100801
26 100812
26 100743
26 100703
26 100806
26 100879
26 100746
26 100793
26 100759
26 100774
26 100787
26 100786
26 100727
26 100755
26 100792
26 100714
26 100840
26 100730
26 100825
26 100740
26 100763
26 100738
26 100751
26 100711
26 100748
26 100930
26 100649
26 100770
26 100796
26 100801
26 100755
26 100853
26 100788
26 100811
26 100852
26 100837
26 100739
26 100724
26 100756
26 100737
26 100760
26 100802
26 100757
26 100775
26 100674
26 100731
26 100703
26 100823
26 100807
26 100779
26 100774
26 100745
26 100761
26 100781
26 100743
26 100693
26 100758
26 100827
26 100706
26 100761
26 100803
26 100725
26 100862
26 100691
26 100747
26 100693
26 100795
26 100705
26 100814
26 100881
26 100748
26 100791
26 100763
26 100657
26 100723
26 100677
26 100653
26 100759
26 100705
26 100775
26 100759
26 100744
26 100754
26 100774
26 100668
26 100783
26 100713
26 100808
26 100771
26 100704
26 100820
26 100829
26 100777
26 100790
26 100802
26 100746
26 100774
26 100757
26 100828
26 100836
26 100739
26 100849
26 100808
26 100667
26 100765
26 100795
26 100847
26 100826
26 100812
26 100739
26 100730
26 100667
26 100777
26 100720
26 100742
26 100738
26 100753
26 100896
26 100749
26 100729
26 100724
26 100813
26 100789
26 100731
26 100782
26 100722
26 100681
26 100691
26 100894
26 100678
26 100777
26 100842
26 100805
26 100788
26 100672
26 100717
26 100868
26 100817
26 100695
26 100735
26 100736
26 100746
26 100717
26 100822
26 100814
26 100789
26 100753
26 100730
26 100748
26 100770
26 100716
26 100648
26 100751
26 100762
26 100872
26 100639
26 100696
26 100804
26 100726
26 100825
26 100709
26 100734
26 100797
26 100785
26 100705
26 100734
26 100728
26 100740
26 100972
26 100752
26 100796
26 100677
26 100633
26 100669
26 100745
26 100823
26 100750
26 100763
26 100770
26 100722
26 100739
26 100767
26 100702
26 100770
26 100757
26 100729
26 100690
26 100773
26 100792
26 100728
26 100717
26 100734
26 100799
26 100833
26 100720
26 100700
26 100738
26 100794
26 100743
26 100753
26 100709
26 100832
26 100751
26 100734
26 100816
26 100723
26 100801
26 100708
26 100803
26 100699
26 100806
26 100799
26 100784
26 100728
26 100747
26 100839
26 100678
26 100741
26 100804
26 100746
26 100723
26 100774
26 100726
26 100806
26 100823
26 100845
26 100823
26 100759
26 100799
26 100705
26 100744
26 100744
26 100587
26 100740
26 100762
26 100749
26 100767
26 100729
26 100798
26 100910
26 100699
26 100875
26 100640
26 100657
26 100819
26 100809
26 100681
26 100783
26 100844
26 100810
26 100748
26 100717
26 100835
26 100633
26 100657
26 100806
26 100785
26 100712
26 100770
26 100814
26 100896
26 100793
26 100805
26 100759
26 100721
26 100889
26 100746
26 100663
26 100734
26 100759
26 100755
26 100693
26 100697
26 100688
26 100852
26 100827
26 100782
26 100777
26 100768
26 100772
26 100798
26 100742
26 100780
26 100804
26 100748
26 100742
26 100724
26 100834
26 100712
26 100804
26 100745
26 100741
26 100724
26 100853
26 100806
26 100823
26 100797
26 100751
26 100785
26 100772
26 100754
26 100902
26 100785
26 100803
26 100712
26 100860
26 100729
26 100834
26 100750
26 100757
26 100622
26 100745
26 100688
26 100833
26 100779
26 100802
26 100798
26 100872
26 100814
26 100691
26 100749
26 100798
26 100832
26 100791
26 100840
26 100753
26 100702
26 100669
26 100653
26 100782
26 100819
26 100875
26 100739
26 100780
26 100777
26 100726
26 100704
26 100733
26 100761
26 100827
26 100745
26 100829
26 100794
26 100731
26 100732
26 100740
26 100601
26 100735
26 100845
26 100718
26 100679
26 100718
26 100748
26 100773
26 100795
26 100807
26 100755
26 100750
26 100777
26 100811
26 100716
26 100808
26 100818
26 100786
26 100709
26 100788
26 100790
26 100785
26 100765
26 100759
26 100613
26 100687
26 100723
26 100867
26 100628
26 100754
26 100785
26 100743
26 100784
26 100742
26 100853
26 100736
26 100686
26 100755
26 100922
26 100717
26 100715
26 100754
26 100734
26 100709
26 100876
26 100807
#processors:200 remote_steal_latency:30                  remote_steal_proba:0.0125
30 100747
30 100884
30 100812
30 100768
30 100745
30 100905
30 100812
30 100782
30 100786
30 100746
30 100882
30 100711
30 100802
30 100749
30 100732
30 100779
30 100782
30 100748
30 100836
30 100795
30 100806
30 100771
30 100761
30 100853
30 100845
30 100876
30 100722
30 100805
30 100759
30 100793
30 100961
30 100774
30 100735
30 100699
30 100801
30 100759
30 100736
30 100876
30 100760
30 100722
30 100741
30 100903
30 100756
30 100823
30 100804
30 100717
30 100719
30 100789
30 100819
30 100735
30 100857
30 100750
30 100778
30 100719
30 100835
30 100841
30 100768
30 100753
30 100756
30 100808
30 100895
30 100852
30 100901
30 100687
30 100731
30 100714
30 100804
30 100811
30 100749
30 100780
30 100822
30 100889
30 100775
30 100917
30 100696
30 100890
30 100740
30 100766
30 100786
30 100780
30 100783
30 100763
30 100781
30 100760
30 100791
30 100810
30 100789
30 100763
30 100847
30 100753
30 100794
30 100686
30 100817
30 100780
30 100821
30 100857
30 100765
30 100772
30 100779
30 100738
30 100809
30 100712
30 100699
30 100771
30 100862
30 100737
30 100774
30 100770
30 100709
30 100854
30 100803
30 100769
30 100748
30 100852
30 100768
30 100729
30 100900
30 100866
30 100820
30 100799
30 100738
30 100836
30 100832
30 100796
30 100861
30 100771
30 100747
30 100811
30 100938
30 100812
30 100809
30 100707
30 100719
30 100769
30 100732
30 100741
30 100771
30 100773
30 100721
30 100785
30 100812
30 100922
30 100802
30 100777
30 100787
30 100833
30 100851
30 100778
30 100768
30 100813
30 100844
30 100778
30 100822
30 100798
30 100710
30 100763
30 100874
30 100760
30 100838
30 100790
30 100834
30 100883
30 100792
30 100763
30 100755
30 100892
30 100781
30 100841
30 100800
30 100767
30 100843
30 100891
30 100748
30 100683
30 100789
30 100787
30 100773
30 100779
30 100834
30 100703
30 100875
30 100770
30 100893
30 100848
30 100903
30 100814
30 100858
30 100814
30 100857
30 100737
30 100842
30 100792
30 100791
30 100837
30 100717
30 100789
30 100793
30 100775
30 100828
30 100819
30 100794
30 100748
30 100715
30 100877
30 100885
30 100953
30 100729
30 100814
30 100743
30 100752
30 100873
30 100781
30 100765
30 100780
30 100844
30 100889
30 100775
30 100790
30 100799
30 100741
30 100792
30 100740
30 100784
30 100846
30 100778
30 100859
30 100803
30 100795
30 100663
30 100760
30 100808
30 100798
30 100740
30 100762
30 100819
30 100736
30 100769
30 100739
30 100800
30 100813
30 100780
30 100897
30 100763
30 100826
30 100918
30 100815
30 100778
30 100765
30 100724
30 100803
30 100781
30 100780
30 100891
30 100876
30 100791
30 100771
30 100760
30 100890
30 100827
30 100711
30 100885
30 100753
30 100719
30 100872
30 100706
30 100901
30 100922
30 100667
30 100839
30 100692
30 100820
30 100885
30 100855
30 100786
30 100838
30 100838
30 100769
30 100819
30 100855
30 100758
30 100797
30 100829
30 100783
30 100841
30 100725
30 100763
30 100846
30 100782
30 100758
30 100767
30 100952
30 100635
30 100787
30 100796
30 100797
30 100792
30 100823
30 100841
30 100706
30 100709
30 100822
30 100828
30 100774
30 100740
30 100764
30 100866
30 100841
30 100821
30 100807
30 100731
30 100880
30 100834
30 100810
30 100807
30 100808
30 100816
30 100856
30 100747
30 100826
30 100844
30 100808
30 100863
30 100804
30 100785
30 100720
30 100756
30 100863
30 100862
30 100703
30 100682
30 100813
30 100793
30 100829
30 100831
30 100737
30 100735
30 100853
30 100811
30 100805
30 100767
30 100820
30 100922
30 100727
30 100832
30 100847
30 100766
30 100859
30 100868
30 100838
30 100714
30 100791
30 100788
30 100830
30 100779
30 100843
30 100744
30 100761
30 100737
30 100919
30 100850
30 100805
30 100793
30 100810
30 100766
30 100849
30 100871
30 100804
30 100857
30 100622
30 100730
30 100798
30 100803
30 100711
30 100866
30 100798
30 100742
30 100784
30 100867
30 100777
30 100810
30 100818
30 100811
30 100762
30 100715
30 100729
30 100771
30 100778
30 100829
30 100793
30 100767
30 100779
30 100858
30 100897
30 100767
30 100882
30 100795
30 100811
30 100809
30 100700
30 100805
30 100791
30 100789
30 100787
30 100779
30 100802
30 100744
30 100907
30 100863
30 100763
30 100725
30 100791
30 100684
30 100753
30 100777
30 100699
30 100811
30 100768
30 100757
30 100800
30 100849
30 100774
30 100850
30 100872
30 100756
30 100793
30 100776
30 100788
30 100859
30 100783
30 100748
30 100844
30 100705
30 100831
30 100714
30 100830
30 100767
30 100736
30 100882
30 100672
30 100832
30 100763
30 100878
30 100854
30 100768
30 100795
30 100795
30 100681
30 100806
30 100850
30 100801
30 100762
30 100781
30 100819
30 100782
30 100775
30 100915
30 100749
30 100872
30 100798
30 100971
30 100820
30 100704
30 100748
30 100762
30 100893
30 100701
30 100789
30 100818
30 100726
30 100703
30 100739
30 100746
30 100936
30 100889
30 100799
30 100786
30 100807
30 100815
30 100731
30 100927
30 100807
30 100654
30 100748
30 100727
30 100735
30 100819
30 100789
30 100840
30 100705
30 100807
30 100809
30 100818
30 100819
30 100822
30 100880
30 100833
30 100666
30 100717
30 100742
30 100694
#processors:200 remote_steal_latency:34                  remote_steal_proba:0.0125
34 100822
34 100783
34 100884
34 100778
34 100866
34 100868
34 100808
34 100793
34 100822
34 100781
34 100841
34 100791
34 100919
34 100771
34 100901
34 100758
34 100893
34 100814
34 100782
34 100806
34 100801
34 100746
34 100835
34 100816
34 100768
34 100863
34 100794
34 100852
34 100804
34 100823
34 100824
34 100768
34 100739
34 100875
34 100864
34 100736
34 100872
34 100813
34 100821
34 100736
34 100747
34 100814
34 100823
34 100753
34 100871
34 100798
34 100899
34 100756
34 100826
34 100797
34 100750
34 100859
34 100725
34 100855
34 100974
34 100820
34 100792
34 100853
34 100787
34 100845
34 100799
34 100928
34 100892
34 100908
34 100760
34 100845
34 100942
34 100765
34 100857
34 100787
34 100821
34 100799
34 100795
34 100887
34 100758
34 100860
34 100810
34 100750
34 100868
34 100913
34 100779
34 100935
34 100694
34 100928
34 100797
34 100852
34 100793
34 100812
34 100821
34 100786
34 100870
34 100791
34 100786
34 100859
34 100850
34 100801
34 100906
34 100907
34 100789
34 100782
34 100799
34 100866
34 100763
34 100839
34 100817
34 100833
34 100714
34 100892
34 100745
34 100772
34 100805
34 100801
34 100873
34 100816
34 101028
34 100827
34 100803
34 100761
34 100870
34 100816
34 100908
34 100853
34 100863
34 100888
34 100842
34 100913
34 100755
34 100809
34 100931
34 100734
34 100904
34 100802
34 100752
34 100794
34 100759
34 100792
34 100788
34 100756
34 100776
34 100794
34 100811
34 100721
34 100906
34 100801
34 100861
34 100858
34 100767
34 100915
34 100795
34 100784
34 100813
34 100820
34 100757
34 100742
34 100800
34 100933
34 100894
34 100839
34 100780
34 100731
34 100835
34 100857
34 100786
34 100857
34 100906
34 100686
34 100814
34 100730
34 100841
34 100879
34 100789
34 100885
34 100923
34 100742
34 100863
34 100941
34 100903
34 100836
34 100843
34 100884
34 100800
34 100838
34 100791
34 100818
34 100813
34 100826
34 100822
34 100817
34 100741
34 100813
34 100872
34 100864
34 100819
34 100927
34 100891
34 100882
34 100808
34 100900
34 100793
34 100848
34 100735
34 100828
34 100860
34 100925
34 100821
34 100680
34 100841
34 100843
34 100869
34 100868
34 100731
34 100732
34 100840
34 100902
34 100842
34 100807
34 100763
34 100805
34 100777
34 100916
34 100821
34 100813
34 100831
34 100775
34 100818
34 100873
34 100766
34 100783
34 100850
34 100922
34 100874
34 100767
34 100755
34 100887
34 100784
34 100943
34 100810
34 100842
34 100936
34 100962
34 100825
34 100831
34 100795
34 100789
34 100883
34 100752
34 100897
34 100936
34 100846
34 100720
34 100860
34 100813
34 100772
34 100851
34 100887
34 100723
34 100905
34 100818
34 100859
34 100838
34 100889
34 100839
34 100800
34 100763
34 100956
34 100825
34 100889
34 100810
34 100780
34 100841
34 100782
34 100765
34 100834
34 100817
34 100842
34 100875
34 100816
34 100841
34 100935
34 100783
34 100854
34 100885
34 100907
34 100781
34 100783
34 100792
34 100810
34 100853
34 100849
34 100959
34 100875
34 100846
34 101007
34 100893
34 100826
34 100802
34 100730
34 100844
34 100794
34 100808
34 100797
34 100776
34 100742
34 100848
34 100754
34 100926
34 100891
34 100790
34 100809
34 100849
34 100889
34 100865
34 100922
34 100838
34 100925
34 100906
34 100801
34 100760
34 100775
34 100809
34 100829
34 100845
34 100870
34 100832
34 100808
34 100905
34 100771
34 100838
34 100753
34 100991
34 100823
34 100728
34 100792
34 100809
34 100765
34 100960
34 100917
34 100789
34 100889
34 100802
34 100752
34 100783
34 100872
34 100819
34 100714
34 100836
34 100779
34 100859
34 100858
34 100807
34 100880
34 100749
34 100842
34 100853
34 100835
34 100698
34 100743
34 100750
34 100850
34 100922
34 100821
34 100730
34 100867
34 100788
34 100829
34 100762
34 100755
34 100834
34 100931
34 100791
34 100916
34 100769
34 100829
34 100803
34 100775
34 100786
34 100852
34 100917
34 100833
34 100830
34 100798
34 100863
34 100853
34 100787
34 100881
34 100651
34 100915
34 100873
34 100731
34 100816
34 100778
34 100778
34 100650
34 100900
34 100828
34 100705
34 100847
34 100915
34 100885
34 100763
34 100915
34 100858
34 100773
34 100752
34 100776
34 100751
34 100813
34 100794
34 100783
34 100767
34 100782
34 100910
34 100783
34 100775
34 100790
34 100674
34 100933
34 100827
34 100791
34 100755
34 100792
34 100859
34 100843
34 100850
34 100875
34 100835
34 100838
34 100863
34 100865
34 100858
34 100767
34 100923
34 100793
34 100842
34 100767
34 100748
34 100856
34 100898
34 100882
34 100881
34 100826
34 100852
34 100812
34 100739
34 100796
34 100829
34 100991
34 100909
34 100704
34 100794
34 100746
34 100844
34 100799
34 100814
34 100712
34 100823
34 100784
34 100756
34 100921
34 100835
34 100889
34 100822
34 100826
34 100832
34 100822
34 100893
34 100913
34 100829
34 100788
34 100793
34 100929
34 100816
34 100894
34 100837
34 100843
34 100797
34 100811
34 100806
34 100928
34 100900
34 100823
34 100855
34 100667
34 100726
34 101021
34 100736
34 100782
34 100783
34 100735
34 100932
34 100910
34 100923
34 100824
34 100831
34 100786
34 100819
34 100773
34 100841
34 100768
34 100854
#processors:200 remote_steal_latency:38                  remote_steal_proba:0.0125
38 100806
38 100915
38 100894
38 100856
38 100847
38 100847
38 100819
38 100930
38 100827
38 100879
38 100757
38 100874
38 100788
38 100996
38 100890
38 100875
38 100976
38 100764
38 100971
38 100866
38 100854
38 100900
38 100821
38 100834
38 100928
38 100773
38 100894
38 100839
38 100845
38 100990
38 100775
38 100868
38 100773
38 100879
38 100875
38 100860
38 100847
38 100790
38 100875
38 100821
38 100722
38 100843
38 100841
38 100826
38 100836
38 100880
38 100793
38 100858
38 100827
38 100867
38 100919
38 100929
38 100784
38 100809
38 100744
38 100969
38 100871
38 100962
38 100800
38 100831
38 100808
38 100886
38 100773
38 100940
38 100919
38 100883
38 100785
38 100797
38 100810
38 100831
38 101049
38 100876
38 100923
38 100798
38 100780
38 100787
38 100869
38 100834
38 100859
38 100913
38 100814
38 100858
38 100949
38 100659
38 100877
38 100805
38 100804
38 100921
38 100819
38 100780
38 100947
38 100887
38 100834
38 100818
38 100731
38 100795
38 100759
38 100822
38 100819
38 100713
38 100867
38 100853
38 100856
38 100727
38 100873
38 100874
38 100880
38 100799
38 100901
38 100800
38 100952
38 100908
38 100866
38 100869
38 100775
38 100873
38 100871
38 100829
38 100865
38 100851
38 100902
38 100829
38 100784
38 100916
38 100904
38 100831
38 100861
38 100763
38 100948
38 100904
38 100851
38 100811
38 100791
38 100921
38 100868
38 100732
38 100905
38 100908
38 100921
38 100840
38 100790
38 100779
38 101045
38 100889
38 100920
38 100828
38 100885
38 100870
38 100939
38 100886
38 100924
38 100801
38 100853
38 100826
38 100767
38 100780
38 100830
38 100865
38 100902
38 100915
38 100798
38 100855
38 100762
38 100784
38 100945
38 100958
38 100886
38 100821
38 100856
38 100900
38 100696
38 100917
38 100882
38 100843
38 100798
38 100851
38 100845
38 100842
38 100899
38 100882
38 100776
38 100776
38 100846
38 100880
38 100764
38 100912
38 100764
38 100804
38 100905
38 100927
38 100820
38 100847
38 100915
38 100764
38 100908
38 100833
38 100825
38 100818
38 100891
38 100827
38 100943
38 100737
38 100849
38 100922
38 100824
38 100795
38 100904
38 100769
38 100853
38 100822
38 100851
38 100807
38 100837
38 100894
38 100870
38 100867
38 100800
38 100759
38 100877
38 100943
38 100840
38 100796
38 100974
38 100903
38 100838
38 100802
38 100864
38 100907
38 100782
38 100855
38 100798
38 100824
38 100786
38 101024
38 100868
38 100836
38 100908
38 100768
38 100959
38 100725
38 100898
38 100882
38 100749
38 100926
38 100849
38 100890
38 101007
38 100849
38 100938
38 100836
38 100911
38 100872
38 100809
38 100851
38 100929
38 100872
38 100808
38 100999
38 100960
38 100878
38 100892
38 100885
38 100861
38 100914
38 100877
38 100819
38 100802
38 100818
38 100932
38 100725
38 100863
38 100846
38 100864
38 100870
38 100751
38 100852
38 100748
38 100855
38 100858
38 100933
38 100922
38 100780
38 100807
38 100940
38 100932
38 100804
38 100777
38 100848
38 100943
38 100876
38 100822
38 100881
38 100923
38 100850
38 100868
38 100819
38 100901
38 100740
38 100874
38 100921
38 100884
38 100938
38 100889
38 100867
38 100806
38 100853
38 100815
38 100849
38 100929
38 100787
38 100847
38 100803
38 100856
38 100732
38 100961
38 100909
38 100811
38 100787
38 100763
38 100786
38 100864
38 100793
38 100750
38 100832
38 100876
38 100846
38 100873
38 100792
38 100929
38 100745
38 100893
38 100781
38 100872
38 100882
38 100884
38 100877
38 100820
38 100839
38 100819
38 100989
38 100724
38 100875
38 100787
38 101022
38 100811
38 100831
38 100819
38 100955
38 100867
38 100880
38 100879
38 100819
38 100888
38 100834
38 100866
38 100817
38 100943
38 100779
38 100861
38 100924
38 100699
38 100849
38 100741
38 100812
38 100754
38 100805
38 100821
38 100953
38 100869
38 100794
38 100882
38 100910
38 100869
38 100887
38 100899
38 100828
38 100971
38 100876
38 100892
38 100773
38 100817
38 100868
38 100882
38 100836
38 100865
38 100886
38 100801
38 100916
38 100911
38 100908
38 100873
38 100866
38 100802
38 100888
38 100746
38 100896
38 100790
38 100785
38 100835
38 100855
38 100836
38 100881
38 100789
38 100746
38 100808
38 100761
38 100791
38 100847
38 101029
38 100924
38 100906
38 100832
38 100760
38 101005
38 100794
38 100806
38 100794
38 100853
38 100803
38 100849
38 100880
38 100840
38 100960
38 100833
38 100806
38 100883
38 100867
38 100861
38 100858
38 100695
38 100820
38 100769
38 100954
38 100943
38 100852
38 100997
38 100835
38 100838
38 100867
38 100752
38 100873
38 100845
38 100803
38 100929
38 100939
38 100911
38 100836
38 100923
38 100844
38 100772
38 100810
38 100950
38 100977
38 100902
38 100763
38 100817
38 100845
38 100894
38 100897
38 100846
38 100787
38 100845
38 100898
38 100752
38 100795
38 100843
38 100909
38 100849
38 100862
38 100849
38 100846
38 100859
38 100829
38 100952
38 100894
38 100831
38 100885
38 100841
38 100823
38 100763
38 100862
38 100936
38 100942
38 100815
38 100803
38 100948
38 100938
38 100972
38 100803
38 100796
38 100828
38 100790
38 100866
38 100858
38 100848
38 100915
38 100833
38 100983
38 100763
38 100794
