#using seed 0.111626
#processors:200 remote_steal_latency:2                  remote_steal_proba:0.5
2 100120
2 100135
2 100132
2 100137
2 100133
2 100119
2 100120
2 100124
2 100128
2 100129
2 100153
2 100115
2 100123
2 100138
2 100137
2 100190
2 100114
2 100125
2 100142
2 100136
2 100141
2 100144
2 100126
2 100124
2 100127
2 100149
2 100129
2 100133
2 100122
2 100141
2 100124
2 100137
2 100132
2 100153
2 100156
2 100142
2 100141
2 100140
2 100149
2 100120
2 100137
2 100123
2 100122
2 100121
2 100129
2 100129
2 100131
2 100111
2 100117
2 100138
2 100140
2 100138
2 100125
2 100142
2 100126
2 100127
2 100123
2 100135
2 100114
2 100126
2 100123
2 100132
2 100119
2 100140
2 100128
2 100140
2 100147
2 100131
2 100118
2 100138
2 100115
2 100163
2 100122
2 100135
2 100112
2 100124
2 100128
2 100121
2 100125
2 100139
2 100138
2 100145
2 100150
2 100146
2 100126
2 100142
2 100129
2 100122
2 100146
2 100140
2 100126
2 100122
2 100113
2 100142
2 100138
2 100148
2 100147
2 100123
2 100163
2 100127
2 100146
2 100143
2 100122
2 100131
2 100124
2 100129
2 100123
2 100121
2 100158
2 100133
2 100122
2 100134
2 100129
2 100120
2 100146
2 100136
2 100125
2 100125
2 100134
2 100122
2 100147
2 100140
2 100126
2 100140
2 100139
2 100122
2 100136
2 100145
2 100146
2 100122
2 100157
2 100152
2 100129
2 100129
2 100134
2 100145
2 100123
2 100134
2 100141
2 100134
2 100134
2 100144
2 100134
2 100140
2 100135
2 100146
2 100149
2 100132
2 100135
2 100130
2 100125
2 100113
2 100127
2 100147
2 100150
2 100132
2 100127
2 100123
2 100133
2 100113
2 100146
2 100140
2 100139
2 100132
2 100134
2 100136
2 100129
2 100127
2 100136
2 100134
2 100125
2 100121
2 100141
2 100112
2 100122
2 100126
2 100128
2 100134
2 100122
2 100114
2 100138
2 100136
2 100122
2 100120
2 100138
2 100137
2 100131
2 100133
2 100138
2 100129
2 100126
2 100117
2 100132
2 100148
2 100118
2 100123
2 100136
2 100148
2 100126
2 100128
2 100122
2 100147
2 100151
2 100119
2 100127
2 100121
2 100133
2 100116
2 100130
2 100146
2 100119
2 100139
2 100131
2 100141
2 100148
2 100136
2 100139
2 100136
2 100141
2 100134
2 100141
2 100136
2 100151
2 100129
2 100133
2 100116
2 100125
2 100146
2 100121
2 100127
2 100117
2 100140
2 100146
2 100139
2 100148
2 100126
2 100126
2 100133
2 100146
2 100122
2 100143
2 100140
2 100139
2 100135
2 100133
2 100130
2 100110
2 100150
2 100155
2 100144
2 100128
2 100131
2 100143
2 100133
2 100138
2 100131
2 100132
2 100135
2 100140
2 100145
2 100135
2 100139
2 100131
2 100135
2 100127
2 100145
2 100136
2 100144
2 100134
2 100134
2 100129
2 100134
2 100156
2 100133
2 100123
2 100123
2 100125
2 100139
2 100139
2 100124
2 100149
2 100140
2 100134
2 100129
2 100128
2 100129
2 100127
2 100136
2 100112
2 100138
2 100124
2 100140
2 100132
2 100137
2 100147
2 100123
2 100125
2 100144
2 100143
2 100129
2 100128
2 100114
2 100119
2 100148
2 100141
2 100131
2 100118
2 100136
2 100140
2 100138
2 100126
2 100140
2 100142
2 100135
2 100126
2 100125
2 100140
2 100122
2 100145
2 100138
2 100123
2 100138
2 100165
2 100126
2 100140
2 100135
2 100121
2 100130
2 100111
2 100135
2 100149
2 100133
2 100130
2 100136
2 100133
2 100142
2 100140
2 100150
2 100132
2 100128
2 100142
2 100134
2 100134
2 100137
2 100142
2 100129
2 100117
2 100119
2 100114
2 100134
2 100142
2 100128
2 100120
2 100129
2 100129
2 100156
2 100136
2 100135
2 100134
2 100118
2 100142
2 100141
2 100132
2 100128
2 100128
2 100114
2 100130
2 100139
2 100150
2 100132
2 100146
2 100140
2 100125
2 100138
2 100140
2 100161
2 100121
2 100150
2 100125
2 100129
2 100131
2 100142
2 100135
2 100129
2 100141
2 100151
2 100148
2 100134
2 100128
2 100124
2 100143
2 100137
2 100119
2 100148
2 100142
2 100141
2 100135
2 100138
2 100127
2 100128
2 100132
2 100138
2 100135
2 100134
2 100134
2 100136
2 100128
2 100130
2 100151
2 100127
2 100133
2 100130
2 100120
2 100146
2 100114
2 100120
2 100143
2 100128
2 100120
2 100136
2 100124
2 100142
2 100129
2 100145
2 100127
2 100138
2 100146
2 100121
2 100152
2 100154
2 100141
2 100140
2 100120
2 100139
2 100132
2 100132
2 100141
2 100122
2 100135
2 100129
2 100126
2 100136
2 100139
2 100130
2 100132
2 100153
2 100123
2 100120
2 100132
2 100126
2 100146
2 100143
2 100154
2 100131
2 100134
2 100136
2 100125
2 100119
2 100141
2 100138
2 100125
2 100128
2 100137
2 100132
2 100136
2 100129
2 100140
2 100147
2 100128
2 100128
2 100129
2 100150
2 100140
2 100130
2 100137
2 100120
2 100173
2 100131
2 100158
2 100138
2 100141
2 100135
2 100141
2 100143
2 100164
2 100130
2 100130
2 100126
2 100128
2 100144
2 100125
2 100138
2 100132
2 100127
2 100135
2 100151
2 100129
2 100140
2 100120
2 100135
#processors:200 remote_steal_latency:6                  remote_steal_proba:0.5
6 100304
6 100275
6 100286
6 100296
6 100308
6 100307
6 100319
6 100290
6 100286
6 100300
6 100272
6 100292
6 100318
6 100269
6 100315
6 100320
6 100306
6 100381
6 100306
6 100310
6 100303
6 100280
6 100266
6 100291
6 100304
6 100350
6 100313
6 100342
6 100338
6 100303
6 100328
6 100294
6 100291
6 100308
6 100331
6 100291
6 100327
6 100267
6 100262
6 100300
6 100305
6 100321
6 100306
6 100341
6 100262
6 100314
6 100317
6 100316
6 100330
6 100296
6 100298
6 100310
6 100313
6 100293
6 100284
6 100307
6 100359
6 100365
6 100334
6 100252
6 100283
6 100339
6 100277
6 100335
6 100326
6 100362
6 100273
6 100307
6 100263
6 100271
6 100307
6 100290
6 100281
6 100295
6 100293
6 100250
6 100288
6 100276
6 100288
6 100262
6 100282
6 100281
6 100284
6 100270
6 100314
6 100275
6 100298
6 100308
6 100302
6 100299
6 100334
6 100275
6 100314
6 100307
6 100319
6 100378
6 100307
6 100314
6 100308
6 100325
6 100305
6 100273
6 100271
6 100248
6 100307
6 100305
6 100273
6 100277
6 100288
6 100339
6 100256
6 100290
6 100316
6 100291
6 100291
6 100300
6 100334
6 100299
6 100302
6 100316
6 100258
6 100317
6 100299
6 100297
6 100279
6 100245
6 100299
6 100357
6 100317
6 100309
6 100269
6 100312
6 100268
6 100279
6 100315
6 100290
6 100272
6 100307
6 100293
6 100348
6 100259
6 100289
6 100264
6 100295
6 100302
6 100317
6 100278
6 100277
6 100282
6 100331
6 100283
6 100273
6 100275
6 100313
6 100327
6 100350
6 100298
6 100273
6 100297
6 100295
6 100250
6 100308
6 100278
6 100298
6 100294
6 100305
6 100285
6 100293
6 100320
6 100344
6 100307
6 100296
6 100267
6 100327
6 100269
6 100287
6 100268
6 100291
6 100306
6 100296
6 100267
6 100264
6 100348
6 100308
6 100272
6 100338
6 100288
6 100271
6 100289
6 100278
6 100280
6 100230
6 100328
6 100302
6 100301
6 100257
6 100298
6 100307
6 100293
6 100254
6 100260
6 100301
6 100327
6 100295
6 100275
6 100271
6 100275
6 100285
6 100275
6 100296
6 100276
6 100314
6 100305
6 100289
6 100294
6 100337
6 100321
6 100345
6 100278
6 100283
6 100348
6 100335
6 100305
6 100263
6 100245
6 100288
6 100303
6 100335
6 100302
6 100268
6 100296
6 100261
6 100364
6 100271
6 100274
6 100305
6 100288
6 100310
6 100272
6 100311
6 100246
6 100302
6 100309
6 100284
6 100320
6 100270
6 100280
6 100272
6 100273
6 100290
6 100274
6 100321
6 100250
6 100292
6 100302
6 100280
6 100290
6 100282
6 100278
6 100292
6 100370
6 100280
6 100288
6 100296
6 100269
6 100331
6 100324
6 100291
6 100273
6 100323
6 100330
6 100291
6 100324
6 100314
6 100331
6 100287
6 100381
6 100269
6 100324
6 100275
6 100290
6 100285
6 100286
6 100291
6 100287
6 100295
6 100298
6 100323
6 100348
6 100279
6 100328
6 100302
6 100314
6 100259
6 100320
6 100266
6 100269
6 100354
6 100296
6 100321
6 100289
6 100261
6 100349
6 100307
6 100267
6 100281
6 100307
6 100338
6 100261
6 100276
6 100284
6 100305
6 100314
6 100274
6 100322
6 100234
6 100303
6 100276
6 100289
6 100280
6 100297
6 100301
6 100280
6 100301
6 100327
6 100285
6 100294
6 100336
6 100305
6 100299
6 100291
6 100291
6 100331
6 100327
6 100321
6 100256
6 100270
6 100268
6 100285
6 100254
6 100287
6 100280
6 100272
6 100257
6 100260
6 100339
6 100292
6 100268
6 100244
6 100313
6 100274
6 100295
6 100258
6 100297
6 100293
6 100293
6 100347
6 100318
6 100340
6 100279
6 100282
6 100314
6 100305
6 100298
6 100288
6 100309
6 100259
6 100283
6 100363
6 100285
6 100298
6 100272
6 100372
6 100314
6 100297
6 100280
6 100296
6 100293
6 100338
6 100296
6 100288
6 100312
6 100326
6 100311
6 100238
6 100286
6 100286
6 100327
6 100296
6 100294
6 100303
6 100318
6 100335
6 100291
6 100311
6 100293
6 100313
6 100254
6 100288
6 100295
6 100314
6 100273
6 100344
6 100294
6 100328
6 100263
6 100310
6 100313
6 100282
6 100289
6 100285
6 100357
6 100342
6 100297
6 100321
6 100329
6 100286
6 100299
6 100269
6 100294
6 100229
6 100269
6 100262
6 100319
6 100305
6 100325
6 100256
6 100289
6 100325
6 100294
6 100355
6 100255
6 100279
6 100298
6 100314
6 100311
6 100292
6 100299
6 100278
6 100313
6 100282
6 100305
6 100271
6 100241
6 100351
6 100292
6 100251
6 100286
6 100286
6 100329
6 100307
6 100273
6 100303
6 100250
6 100268
6 100298
6 100329
6 100279
6 100265
6 100305
6 100289
6 100284
6 100318
6 100328
6 100313
6 100271
6 100336
6 100299
6 100296
6 100368
6 100276
6 100290
6 100321
6 100314
6 100285
6 100288
6 100267
6 100311
6 100290
6 100287
6 100332
6 100281
6 100312
6 100276
6 100331
6 100289
6 100313
6 100290
6 100277
6 100329
6 100289
6 100367
6 100274
6 100303
6 100283
6 100306
6 100258
6 100317
6 100309
6 100273
#processors:200 remote_steal_latency:10                  remote_steal_proba:0.5
10 100459
10 100497
10 100424
10 100468
10 100466
10 100514
10 100479
10 100533
10 100414
10 100405
10 100378
10 100427
10 100486
10 100414
10 100406
10 100507
10 100399
10 100437
10 100536
10 100405
10 100515
10 100421
10 100460
10 100516
10 100380
10 100508
10 100469
10 100436
10 100448
10 100500
10 100433
10 100490
10 100421
10 100437
10 100521
10 100418
10 100551
10 100451
10 100423
10 100341
10 100465
10 100427
10 100420
10 100442
10 100429
10 100472
10 100436
10 100445
10 100485
10 100411
10 100487
10 100382
10 100476
10 100451
10 100541
10 100453
10 100454
10 100461
10 100450
10 100397
10 100507
10 100478
10 100442
10 100458
10 100424
10 100474
10 100494
10 100473
10 100403
10 100418
10 100372
10 100467
10 100421
10 100473
10 100381
10 100495
10 100426
10 100439
10 100404
10 100419
10 100485
10 100417
10 100497
10 100515
10 100500
10 100459
10 100457
10 100473
10 100417
10 100567
10 100435
10 100423
10 100465
10 100523
10 100462
10 100451
10 100440
10 100484
10 100430
10 100477
10 100498
10 100406
10 100399
10 100497
10 100452
10 100460
10 100489
10 100460
10 100469
10 100459
10 100431
10 100476
10 100457
10 100427
10 100456
10 100445
10 100410
10 100389
10 100496
10 100410
10 100394
10 100502
10 100447
10 100471
10 100400
10 100491
10 100499
10 100465
10 100483
10 100506
10 100388
10 100381
10 100428
10 100406
10 100403
10 100424
10 100398
10 100465
10 100412
10 100482
10 100446
10 100397
10 100439
10 100487
10 100379
10 100523
10 100502
10 100442
10 100544
10 100454
10 100478
10 100401
10 100380
10 100459
10 100532
10 100476
10 100510
10 100465
10 100445
10 100447
10 100417
10 100473
10 100483
10 100536
10 100456
10 100459
10 100452
10 100488
10 100393
10 100477
10 100425
10 100495
10 100457
10 100442
10 100439
10 100439
10 100419
10 100475
10 100444
10 100413
10 100432
10 100413
10 100439
10 100436
10 100468
10 100407
10 100462
10 100465
10 100399
10 100406
10 100495
10 100445
10 100399
10 100476
10 100421
10 100398
10 100433
10 100543
10 100390
10 100424
10 100424
10 100456
10 100411
10 100422
10 100447
10 100594
10 100490
10 100481
10 100458
10 100404
10 100452
10 100547
10 100444
10 100505
10 100469
10 100496
10 100472
10 100491
10 100516
10 100388
10 100456
10 100458
10 100473
10 100447
10 100446
10 100414
10 100463
10 100443
10 100426
10 100414
10 100494
10 100397
10 100596
10 100526
10 100422
10 100447
10 100412
10 100465
10 100411
10 100433
10 100512
10 100448
10 100389
10 100522
10 100397
10 100449
10 100525
10 100488
10 100438
10 100470
10 100425
10 100465
10 100508
10 100412
10 100399
10 100481
10 100434
10 100377
10 100452
10 100421
10 100494
10 100429
10 100391
10 100405
10 100441
10 100439
10 100447
10 100384
10 100400
10 100497
10 100408
10 100499
10 100501
10 100501
10 100420
10 100540
10 100404
10 100445
10 100383
10 100447
10 100447
10 100387
10 100471
10 100460
10 100500
10 100398
10 100404
10 100446
10 100413
10 100438
10 100475
10 100462
10 100407
10 100488
10 100442
10 100464
10 100414
10 100475
10 100501
10 100469
10 100430
10 100376
10 100449
10 100580
10 100439
10 100605
10 100374
10 100549
10 100429
10 100414
10 100448
10 100429
10 100470
10 100494
10 100436
10 100455
10 100497
10 100417
10 100435
10 100434
10 100393
10 100453
10 100434
10 100444
10 100502
10 100474
10 100412
10 100403
10 100456
10 100501
10 100477
10 100449
10 100478
10 100397
10 100502
10 100445
10 100516
10 100505
10 100387
10 100411
10 100456
10 100459
10 100435
10 100490
10 100450
10 100472
10 100415
10 100492
10 100444
10 100455
10 100394
10 100516
10 100429
10 100457
10 100480
10 100439
10 100475
10 100490
10 100471
10 100466
10 100427
10 100441
10 100483
10 100492
10 100396
10 100456
10 100441
10 100457
10 100433
10 100428
10 100532
10 100425
10 100527
10 100520
10 100435
10 100480
10 100450
10 100451
10 100510
10 100420
10 100455
10 100523
10 100431
10 100519
10 100520
10 100394
10 100492
10 100516
10 100463
10 100479
10 100434
10 100451
10 100415
10 100415
10 100466
10 100563
10 100502
10 100407
10 100456
10 100450
10 100437
10 100373
10 100534
10 100510
10 100420
10 100394
10 100429
10 100431
10 100482
10 100426
10 100497
10 100392
10 100499
10 100502
10 100474
10 100464
10 100468
10 100473
10 100436
10 100466
10 100473
10 100448
10 100442
10 100453
10 100448
10 100449
10 100437
10 100391
10 100470
10 100474
10 100443
10 100425
10 100423
10 100432
10 100427
10 100496
10 100497
10 100486
10 100439
10 100384
10 100496
10 100426
10 100416
10 100467
10 100424
10 100472
10 100472
10 100491
10 100379
10 100480
10 100483
10 100448
10 100439
10 100461
10 100449
10 100439
10 100434
10 100442
10 100454
10 100465
10 100415
10 100477
10 100449
10 100403
10 100452
10 100425
10 100450
10 100462
10 100415
10 100479
10 100486
10 100475
10 100479
10 100421
10 100406
10 100445
10 100432
10 100478
10 100455
10 100454
10 100436
10 100463
10 100468
10 100503
10 100477
10 100398
10 100417
10 100476
10 100437
10 100444
10 100460
10 100461
10 100543
10 100501
10 100409
10 100448
10 100416
10 100463
10 100503
10 100527
#processors:200 remote_steal_latency:14                  remote_steal_proba:0.5
14 100646
14 100564
14 100648
14 100550
14 100627
14 100668
14 100683
14 100548
14 100565
14 100579
14 100532
14 100660
14 100581
14 100531
14 100654
14 100523
14 100634
14 100511
14 100634
14 100676
14 100546
14 100674
14 100627
14 100539
14 100615
14 100556
14 100502
14 100617
14 100522
14 100510
14 100538
14 100545
14 100631
14 100550
14 100531
14 100539
14 100561
14 100596
14 100568
14 100598
14 100620
14 100553
14 100648
14 100563
14 100585
14 100599
14 100534
14 100617
14 100761
14 100629
14 100577
14 100566
14 100524
14 100590
14 100651
14 100613
14 100590
14 100655
14 100684
14 100579
14 100612
14 100641
14 100539
14 100660
14 100549
14 100599
14 100555
14 100634
14 100626
14 100596
14 100591
14 100629
14 100592
14 100597
14 100563
14 100549
14 100664
14 100601
14 100528
14 100583
14 100623
14 100666
14 100589
14 100603
14 100688
14 100632
14 100584
14 100667
14 100544
14 100692
14 100597
14 100568
14 100597
14 100599
14 100635
14 100523
14 100596
14 100634
14 100585
14 100673
14 100610
14 100642
14 100630
14 100564
14 100553
14 100656
14 100632
14 100562
14 100716
14 100563
14 100624
14 100571
14 100624
14 100726
14 100585
14 100687
14 100636
14 100552
14 100698
14 100646
14 100669
14 100527
14 100614
14 100603
14 100559
14 100561
14 100510
14 100549
14 100612
14 100580
14 100564
14 100537
14 100499
14 100483
14 100593
14 100596
14 100557
14 100623
14 100592
14 100516
14 100665
14 100650
14 100651
14 100565
14 100574
14 100776
14 100626
14 100599
14 100615
14 100670
14 100593
14 100608
14 100521
14 100586
14 100810
14 100536
14 100540
14 100596
14 100592
14 100667
14 100568
14 100642
14 100570
14 100543
14 100553
14 100623
14 100608
14 100553
14 100542
14 100608
14 100546
14 100571
14 100611
14 100624
14 100569
14 100595
14 100700
14 100668
14 100622
14 100635
14 100675
14 100495
14 100661
14 100502
14 100478
14 100619
14 100680
14 100581
14 100574
14 100599
14 100487
14 100620
14 100514
14 100621
14 100655
14 100659
14 100631
14 100541
14 100696
14 100658
14 100599
14 100581
14 100630
14 100519
14 100593
14 100632
14 100650
14 100606
14 100616
14 100563
14 100602
14 100652
14 100538
14 100628
14 100593
14 100491
14 100649
14 100495
14 100564
14 100620
14 100592
14 100607
14 100556
14 100590
14 100646
14 100715
14 100599
14 100587
14 100688
14 100554
14 100607
14 100652
14 100656
14 100597
14 100661
14 100527
14 100582
14 100542
14 100560
14 100547
14 100546
14 100631
14 100643
14 100560
14 100600
14 100559
14 100621
14 100600
14 100559
14 100632
14 100536
14 100660
14 100670
14 100531
14 100539
14 100672
14 100573
14 100544
14 100574
14 100611
14 100595
14 100641
14 100625
14 100591
14 100487
14 100610
14 100562
14 100613
14 100483
14 100576
14 100652
14 100660
14 100536
14 100588
14 100624
14 100564
14 100567
14 100613
14 100757
14 100537
14 100771
14 100605
14 100576
14 100689
14 100614
14 100554
14 100556
14 100632
14 100636
14 100603
14 100679
14 100569
14 100633
14 100585
14 100640
14 100609
14 100613
14 100612
14 100522
14 100650
14 100658
14 100799
14 100538
14 100574
14 100633
14 100584
14 100593
14 100593
14 100601
14 100508
14 100619
14 100620
14 100680
14 100616
14 100580
14 100704
14 100547
14 100602
14 100621
14 100648
14 100661
14 100531
14 100721
14 100561
14 100676
14 100670
14 100634
14 100578
14 100573
14 100620
14 100625
14 100652
14 100682
14 100598
14 100606
14 100579
14 100588
14 100631
14 100662
14 100547
14 100782
14 100643
14 100543
14 100525
14 100654
14 100711
14 100669
14 100613
14 100626
14 100583
14 100593
14 100640
14 100640
14 100693
14 100552
14 100585
14 100646
14 100657
14 100567
14 100567
14 100615
14 100582
14 100544
14 100558
14 100581
14 100626
14 100664
14 100602
14 100620
14 100684
14 100573
14 100572
14 100565
14 100610
14 100552
14 100602
14 100671
14 100632
14 100535
14 100696
14 100662
14 100568
14 100611
14 100640
14 100613
14 100649
14 100573
14 100582
14 100558
14 100633
14 100646
14 100663
14 100544
14 100594
14 100528
14 100636
14 100552
14 100555
14 100542
14 100608
14 100711
14 100594
14 100578
14 100570
14 100562
14 100656
14 100606
14 100474
14 100572
14 100565
14 100500
14 100631
14 100556
14 100643
14 100636
14 100530
14 100599
14 100602
14 100662
14 100575
14 100628
14 100567
14 100594
14 100514
14 100624
14 100552
14 100542
14 100566
14 100581
14 100611
14 100602
14 100646
14 100570
14 100598
14 100575
14 100487
14 100639
14 100566
14 100632
14 100537
14 100604
14 100634
14 100648
14 100625
14 100628
14 100678
14 100749
14 100573
14 100637
14 100570
14 100606
14 100555
14 100545
14 100596
14 100606
14 100689
14 100657
14 100604
14 100591
14 100627
14 100510
14 100650
14 100695
14 100726
14 100567
14 100578
14 100597
14 100690
14 100633
14 100548
14 100540
14 100607
14 100685
14 100638
14 100576
14 100595
14 100680
14 100504
14 100579
14 100543
14 100675
14 100543
14 100657
14 100675
14 100627
14 100583
14 100562
14 100656
14 100642
14 100599
14 100591
14 100580
14 100604
14 100528
14 100607
14 100616
14 100616
14 100544
14 100571
14 100583
#processors:200 remote_steal_latency:18                  remote_steal_proba:0.5
18 100820
18 100708
18 100761
18 100782
18 100664
18 100689
18 100849
18 100705
18 100746
18 100686
18 100771
18 100800
18 100753
18 100711
18 100929
18 100683
18 100800
18 100682
18 100734
18 100691
18 100757
18 100983
18 100640
18 100730
18 100710
18 100776
18 100711
18 100909
18 100718
18 100698
18 100735
18 100756
18 100761
18 100782
18 100603
18 100784
18 100698
18 100677
18 100803
18 100636
18 100765
18 100745
18 100777
18 100803
18 100777
18 100921
18 100640
18 100754
18 100781
18 100645
18 100708
18 100827
18 100798
18 100669
18 100701
18 100673
18 100853
18 100886
18 100767
18 100779
18 100699
18 100803
18 100702
18 100642
18 100794
18 100761
18 100807
18 100773
18 100828
18 100706
18 100803
18 100690
18 100628
18 100775
18 100862
18 100679
18 100746
18 100901
18 100671
18 100749
18 100819
18 100732
18 100749
18 100694
18 100828
18 100753
18 100747
18 100764
18 100698
18 100711
18 100792
18 100704
18 100729
18 100778
18 100843
18 100874
18 100760
18 100822
18 100750
18 100671
18 100721
18 100659
18 100703
18 100887
18 100750
18 100760
18 100702
18 100740
18 100778
18 100769
18 100764
18 100608
18 100752
18 100782
18 100671
18 100697
18 100818
18 100745
18 100776
18 100677
18 100684
18 100816
18 100826
18 100661
18 100878
18 100752
18 100658
18 100771
18 100755
18 100682
18 100748
18 100898
18 100803
18 100656
18 100669
18 100692
18 100725
18 100761
18 100670
18 100716
18 100772
18 100907
18 100741
18 100765
18 100701
18 100633
18 100698
18 100701
18 100843
18 100847
18 100865
18 100670
18 100893
18 100778
18 100701
18 100697
18 100720
18 100870
18 100751
18 100850
18 100795
18 100772
18 100669
18 100825
18 100703
18 100800
18 100733
18 100691
18 100783
18 100771
18 100754
18 100733
18 100767
18 100694
18 100723
18 100684
18 100867
18 101015
18 100703
18 100756
18 100706
18 100818
18 100694
18 100762
18 100671
18 100769
18 100709
18 100837
18 100768
18 100727
18 100713
18 100734
18 100738
18 100756
18 100737
18 100652
18 100686
18 100777
18 100846
18 100662
18 100827
18 100654
18 100730
18 100613
18 100759
18 100740
18 100825
18 100781
18 100622
18 100743
18 100751
18 100849
18 100837
18 100747
18 100832
18 100810
18 100716
18 100601
18 100683
18 100642
18 100749
18 100681
18 100769
18 100651
18 100666
18 100764
18 100706
18 100679
18 100816
18 100732
18 100704
18 100772
18 100742
18 100773
18 100874
18 100786
18 100781
18 100853
18 100666
18 100708
18 100768
18 100882
18 100658
18 100809
18 100735
18 100742
18 100732
18 100761
18 100734
18 100697
18 100786
18 100635
18 100806
18 100754
18 100787
18 100836
18 100694
18 100770
18 100775
18 100707
18 100753
18 100715
18 100828
18 100921
18 100673
18 100768
18 100753
18 100825
18 100634
18 100685
18 100755
18 100709
18 100799
18 100745
18 100705
18 100770
18 100691
18 100819
18 100800
18 100755
18 100716
18 100741
18 100727
18 100809
18 100753
18 100700
18 100706
18 100740
18 100619
18 100945
18 100688
18 100776
18 100856
18 100638
18 100736
18 100834
18 100690
18 100707
18 100735
18 100800
18 100737
18 100702
18 100803
18 100669
18 100772
18 100810
18 100745
18 100874
18 100695
18 100819
18 100769
18 100709
18 100792
18 100837
18 100649
18 100776
18 100881
18 100851
18 100734
18 100702
18 100738
18 100714
18 100755
18 100757
18 100694
18 100695
18 100626
18 100710
18 100693
18 100804
18 100737
18 100701
18 100736
18 100734
18 100812
18 100778
18 100711
18 100654
18 100711
18 100708
18 100739
18 100677
18 100804
18 100723
18 100781
18 100735
18 100679
18 100779
18 100879
18 100859
18 100680
18 100695
18 100725
18 100841
18 100770
18 100747
18 100826
18 100703
18 100787
18 100644
18 100757
18 100716
18 100771
18 100871
18 100731
18 100864
18 100633
18 100764
18 100802
18 100933
18 100713
18 100915
18 100702
18 100678
18 100737
18 100798
18 100780
18 100785
18 100637
18 100578
18 100779
18 100769
18 100794
18 100803
18 100703
18 100729
18 100696
18 100764
18 100648
18 100745
18 100831
18 100743
18 100756
18 100639
18 100748
18 100765
18 100813
18 100920
18 100761
18 100716
18 100753
18 100760
18 100684
18 100635
18 100649
18 100712
18 100874
18 100649
18 100876
18 100814
18 100692
18 100756
18 100748
18 100940
18 100725
18 100857
18 100777
18 100805
18 100716
18 100701
18 100780
18 100866
18 100882
18 100780
18 100903
18 100820
18 100720
18 100753
18 100682
18 100759
18 100679
18 100843
18 100661
18 100811
18 100720
18 100773
18 100788
18 100718
18 100681
18 100799
18 100797
18 100926
18 100720
18 100683
18 100801
18 100841
18 100690
18 100687
18 100840
18 100710
18 100754
18 100838
18 100834
18 100989
18 100710
18 100742
18 100702
18 100659
18 100685
18 100680
18 100668
18 100720
18 100739
18 100766
18 100646
18 100795
18 100743
18 100802
18 100754
18 100669
18 100847
18 100775
18 100757
18 100779
18 100707
18 100658
18 100818
18 100700
18 100629
18 100680
18 100745
18 100668
18 100747
18 100814
18 100653
18 100756
18 100742
18 100752
18 100777
18 100792
18 100710
18 100748
18 100772
18 100714
18 100905
18 100763
18 100769
18 100822
18 100750
18 100784
#processors:200 remote_steal_latency:22                  remote_steal_proba:0.5
22 100937
22 100860
22 100995
22 100808
22 100914
22 100849
22 100810
22 100899
22 100838
22 100981
22 100949
22 100929
22 100767
22 100816
22 100817
22 100844
22 100921
22 101005
22 101010
22 100932
22 100846
22 101006
22 100932
22 100796
22 100836
22 100867
22 100881
22 100894
22 100881
22 100751
22 100812
22 100895
22 100898
22 100935
22 100794
22 100974
22 100791
22 100794
22 100904
22 100792
22 100895
22 100765
22 100850
22 101030
22 100898
22 100892
22 100800
22 100937
22 100836
22 100779
22 100900
22 100862
22 100786
22 100973
22 100924
22 100984
22 100972
22 100911
22 100762
22 100912
22 100876
22 100899
22 100950
22 100805
22 100791
22 100908
22 100751
22 100921
22 100898
22 100852
22 100901
22 100962
22 101073
22 100884
22 100892
22 100788
22 100829
22 100945
22 100810
22 101061
22 100780
22 100898
22 100874
22 100973
22 100910
22 101029
22 100876
22 100894
22 100879
22 100815
22 100917
22 100816
22 100959
22 100859
22 100881
22 101040
22 100789
22 100951
22 100895
22 100829
22 100899
22 100880
22 100892
22 100849
22 100899
22 100875
22 100943
22 100879
22 100749
22 100929
22 100960
22 100849
22 100810
22 100831
22 100836
22 100828
22 100776
22 101035
22 100724
22 100894
22 101085
22 100854
22 100930
22 100890
22 100961
22 100966
22 101062
22 100814
22 101087
22 100888
22 100980
22 101005
22 100941
22 100953
22 100900
22 100985
22 100889
22 100851
22 100871
22 100756
22 100855
22 100864
22 100779
22 100818
22 100886
22 100879
22 100958
22 101025
22 101018
22 100856
22 100951
22 100951
22 101007
22 100851
22 101007
22 100766
22 100897
22 100873
22 100935
22 100972
22 100910
22 101059
22 100883
22 100936
22 100813
22 101039
22 100814
22 100913
22 100848
22 100890
22 100929
22 100852
22 100971
22 100982
22 100854
22 100852
22 101013
22 100948
22 100920
22 100809
22 100834
22 100919
22 100825
22 100898
22 100837
22 100909
22 100982
22 100804
22 100877
22 100957
22 100981
22 100836
22 100854
22 100849
22 100859
22 100817
22 100980
22 100753
22 100830
22 100908
22 100835
22 100829
22 100837
22 100891
22 100878
22 100781
22 100969
22 100785
22 100843
22 100764
22 100804
22 100870
22 100810
22 100882
22 100823
22 100839
22 101033
22 101067
22 100878
22 100864
22 100867
22 100878
22 100852
22 100944
22 100981
22 100837
22 101068
22 100828
22 100792
22 100903
22 100803
22 100988
22 100770
22 100974
22 100918
22 100972
22 100822
22 100959
22 100859
22 100917
22 100812
22 100800
22 100920
22 100982
22 100924
22 100872
22 100831
22 100707
22 100879
22 100968
22 100949
22 100788
22 101043
22 100956
22 101063
22 100969
22 100814
22 100862
22 100725
22 100872
22 100768
22 100914
22 100850
22 100865
22 100860
22 100844
22 100961
22 100888
22 100925
22 100952
22 100951
22 101075
22 100836
22 100902
22 100786
22 100982
22 101021
22 100815
22 100911
22 100970
22 100780
22 100813
22 100872
22 100890
22 100959
22 100948
22 100909
22 100955
22 100740
22 100945
22 100958
22 100944
22 100853
22 100873
22 100901
22 101059
22 100850
22 100949
22 100865
22 100929
22 100943
22 100990
22 100868
22 101022
22 100856
22 100852
22 100865
22 100775
22 100946
22 100998
22 100877
22 100974
22 100907
22 100859
22 100838
22 100802
22 100811
22 100968
22 100914
22 100841
22 100743
22 100882
22 100926
22 100898
22 100952
22 100884
22 100952
22 100848
22 101061
22 100873
22 100974
22 100828
22 100902
22 100948
22 101032
22 100850
22 100889
22 100867
22 101051
22 101007
22 100916
22 100958
22 100797
22 100886
22 100803
22 100826
22 100921
22 100916
22 100927
22 100859
22 100880
22 100974
22 100837
22 100819
22 100775
22 100777
22 100793
22 100763
22 100850
22 100891
22 100964
22 100902
22 100752
22 100816
22 100995
22 100871
22 100865
22 100863
22 100970
22 100971
22 100987
22 100747
22 100864
22 100889
22 100844
22 100902
22 100933
22 100989
22 100994
22 100874
22 100893
22 100857
22 100880
22 100876
22 100890
22 100945
22 100826
22 100820
22 100812
22 100972
22 101026
22 100947
22 100938
22 100832
22 100980
22 101011
22 101168
22 100946
22 100830
22 100867
22 101082
22 101149
22 100823
22 101025
22 100893
22 100944
22 100726
22 101152
22 100905
22 100922
22 100741
22 101026
22 100987
22 100854
22 100909
22 100917
22 100806
22 100889
22 100985
22 100834
22 100925
22 101006
22 100964
22 101040
22 100914
22 100846
22 101016
22 100979
22 100828
22 100878
22 100917
22 100860
22 100846
22 100907
22 101080
22 100890
22 100959
22 100952
22 100866
22 100869
22 100995
22 100887
22 100873
22 101111
22 100857
22 100854
22 100959
22 100838
22 100882
22 100915
22 100939
22 100844
22 101192
22 100952
22 100904
22 100944
22 100867
22 100852
22 100896
22 100915
22 100818
22 100955
22 100819
22 100743
22 100946
22 100836
22 100835
22 100993
22 100812
22 100895
22 100814
22 100905
22 100837
22 100934
22 100855
22 100958
22 100985
22 101135
22 101108
22 100917
22 100835
22 100864
22 100934
22 100996
22 100838
22 100999
22 100987
22 100916
22 100891
22 100905
22 100855
22 100800
22 100987
22 100817
22 100992
22 100852
22 100840
22 101012
22 100950
22 100876
#processors:200 remote_steal_latency:26                  remote_steal_proba:0.5
26 101006
26 101143
26 101119
26 100913
26 101081
26 101061
26 101075
26 101072
26 100953
26 101029
26 101141
26 100912
26 101093
26 101101
26 100878
26 101044
26 101038
26 100989
26 100993
26 101144
26 101151
26 101105
26 101034
26 100965
26 101141
26 100926
26 101348
26 101177
26 101015
26 100964
26 100912
26 100936
26 101054
26 101023
26 100989
26 101071
26 100925
26 100993
26 100954
26 101020
26 100928
26 101053
26 101261
26 101028
26 101177
26 100954
26 101042
26 100977
26 101058
26 100976
26 101004
26 100985
26 101027
26 101199
26 101200
26 100931
26 100985
26 100879
26 101020
26 100979
26 101046
26 101014
26 101120
26 100948
26 101071
26 100983
26 101068
26 100844
26 100926
26 101043
26 101138
26 100916
26 100866
26 101176
26 101033
26 100975
26 100956
26 100971
26 101056
26 101130
26 100993
26 100992
26 100978
26 100976
26 100905
26 100980
26 101100
26 101099
26 101085
26 101050
26 101120
26 101016
26 101072
26 101004
26 100884
26 101189
26 101078
26 100930
26 101017
26 100912
26 101036
26 101080
26 100936
26 101137
26 101029
26 101194
26 101242
26 101223
26 101163
26 101016
26 101057
26 100795
26 101292
26 100992
26 101009
26 101009
26 101085
26 101019
26 100888
26 101051
26 101030
26 101137
26 101115
26 101192
26 101138
26 101075
26 101001
26 100970
26 101047
26 101276
26 100955
26 100922
26 100937
26 100961
26 101021
26 101074
26 100975
26 101040
26 100962
26 101005
26 101009
26 101038
26 101183
26 101040
26 100975
26 101002
26 101090
26 100995
26 101177
26 101048
26 101033
26 101024
26 101018
26 101103
26 100991
26 101079
26 101074
26 100949
26 101069
26 100876
26 101069
26 101112
26 100996
26 101002
26 101095
26 100981
26 101157
26 101000
26 101057
26 101008
26 101012
26 100927
26 101029
26 101056
26 100981
26 101160
26 100978
26 100902
26 100998
26 101119
26 100871
26 101032
26 101109
26 101053
26 100908
26 100960
26 101013
26 100962
26 101110
26 101032
26 101009
26 101092
26 101041
26 101115
26 100934
26 101198
26 101053
26 101078
26 100988
26 101062
26 101038
26 100882
26 100989
26 100946
26 101033
26 101199
26 101063
26 101383
26 101058
26 101043
26 100997
26 101010
26 100922
26 100961
26 100921
26 101143
26 101278
26 101071
26 101144
26 100945
26 101256
26 101095
26 101290
26 101229
26 101007
26 101189
26 100998
26 101308
26 101083
26 100941
26 101015
26 100965
26 101020
26 101024
26 101257
26 101083
26 101129
26 101095
26 101056
26 101056
26 100885
26 101123
26 100888
26 100989
26 100998
26 100916
26 100983
26 100934
26 101034
26 101258
26 100971
26 101079
26 101331
26 100881
26 100933
26 101052
26 100900
26 100894
26 101065
26 101076
26 100875
26 101148
26 101060
26 100961
26 101029
26 101094
26 101039
26 101018
26 101167
26 100980
26 101057
26 101087
26 101146
26 101113
26 101151
26 100976
26 100902
26 101178
26 101130
26 101160
26 101007
26 101179
26 100971
26 101174
26 101001
26 101260
26 100995
26 100951
26 101187
26 100995
26 100896
26 101162
26 100892
26 100947
26 101015
26 101115
26 101199
26 101081
26 101053
26 100914
26 101102
26 101260
26 101175
26 101027
26 101041
26 101241
26 101261
26 101089
26 101104
26 100994
26 101068
26 101162
26 100979
26 101069
26 101086
26 101062
26 101165
26 101018
26 101121
26 100952
26 100879
26 101085
26 101044
26 101208
26 101135
26 100855
26 100992
26 101098
26 101158
26 101071
26 100952
26 101039
26 101012
26 101026
26 101002
26 101093
26 101106
26 101048
26 101003
26 101292
26 100909
26 101092
26 100988
26 101035
26 101004
26 101116
26 101095
26 100955
26 100975
26 100869
26 101051
26 101048
26 100885
26 101051
26 101043
26 101123
26 101040
26 100977
26 100968
26 101242
26 101208
26 100918
26 101140
26 101034
26 101125
26 100998
26 101251
26 101132
26 100839
26 101000
26 100933
26 101211
26 101187
26 101014
26 101153
26 100950
26 100923
26 101159
26 101057
26 100995
26 100962
26 101146
26 101328
26 100901
26 100864
26 100968
26 100945
26 101161
26 101218
26 101201
26 101005
26 101135
26 101023
26 100947
26 101036
26 100968
26 100805
26 101101
26 100966
26 100996
26 101140
26 100867
26 100933
26 101124
26 100930
26 101079
26 100922
26 100963
26 100946
26 100919
26 100907
26 101109
26 100908
26 100956
26 101179
26 101141
26 101274
26 101185
26 100853
26 101070
26 101162
26 101098
26 100968
26 101194
26 101024
26 101052
26 100997
26 100980
26 101043
26 101026
26 101007
26 101148
26 100909
26 101038
26 100966
26 100886
26 101067
26 101068
26 100974
26 101007
26 100992
26 100923
26 100995
26 101046
26 101111
26 101057
26 100912
26 101131
26 101018
26 100951
26 100844
26 101037
26 101069
26 100942
26 100913
26 100916
26 100961
26 101012
26 100984
26 100969
26 100980
26 101065
26 101037
26 101147
26 101301
26 101247
26 101036
26 100963
26 101036
26 101035
26 100996
26 101116
26 101286
26 100977
26 101335
26 101088
26 101020
26 100860
26 101128
26 101085
26 101226
26 100994
26 100858
26 101108
26 101097
26 101035
26 101224
26 101164
26 101304
26 101055
26 100843
26 101012
26 101012
26 101033
26 100905
26 101067
26 101055
26 100985
26 100987
26 101042
#processors:200 remote_steal_latency:30                  remote_steal_proba:0.5
30 101202
30 101433
30 101172
30 101128
30 101095
30 101167
30 101186
30 100990
30 100999
30 101467
30 101311
30 101167
30 101051
30 101045
30 101095
30 101178
30 101264
30 101345
30 101202
30 101352
30 101123
30 101048
30 101150
30 101205
30 101345
30 101158
30 101125
30 101114
30 101364
30 101211
30 101409
30 101068
30 101322
30 101220
30 100969
30 101196
30 101102
30 101291
30 101071
30 101036
30 101180
30 101114
30 101012
30 101111
30 101101
30 101300
30 101147
30 101259
30 101093
30 101170
30 101285
30 101076
30 101147
30 101130
30 101311
30 101230
30 101196
30 101229
30 101132
30 101177
30 101158
30 101204
30 101151
30 101212
30 101276
30 101100
30 101252
30 101485
30 101113
30 101156
30 101221
30 101301
30 101253
30 101368
30 100953
30 101321
30 100975
30 101197
30 101178
30 101160
30 101249
30 100988
30 101042
30 101316
30 101147
30 101069
30 101239
30 101141
30 101192
30 101342
30 101069
30 101466
30 101420
30 101081
30 101025
30 101160
30 101120
30 101229
30 101067
30 101090
30 101187
30 101101
30 101253
30 101095
30 101138
30 101262
30 101151
30 101159
30 101165
30 101218
30 101113
30 101177
30 101151
30 101384
30 101047
30 101170
30 101383
30 101242
30 101209
30 101198
30 101323
30 101156
30 101304
30 101213
30 101218
30 101161
30 101193
30 101146
30 101069
30 101378
30 101315
30 101132
30 101100
30 101154
30 101015
30 101258
30 101121
30 101325
30 101181
30 101136
30 101455
30 101430
30 101318
30 101133
30 101148
30 101032
30 101250
30 101028
30 101011
30 101229
30 101168
30 101221
30 101097
30 101136
30 101136
30 101179
30 101041
30 101247
30 100998
30 101131
30 101046
30 101178
30 101124
30 101281
30 101359
30 100966
30 101161
30 101214
30 101319
30 101052
30 101036
30 101125
30 100970
30 101139
30 101268
30 101170
30 101055
30 101114
30 101353
30 101036
30 101121
30 101293
30 101259
30 101199
30 101213
30 101299
30 101172
30 101263
30 101245
30 101232
30 101255
30 101204
30 101000
30 101125
30 101096
30 101387
30 101108
30 100975
30 101194
30 101222
30 101218
30 101166
30 101212
30 101085
30 101210
30 101091
30 101204
30 100942
30 101235
30 101286
30 100993
30 101235
30 101423
30 101156
30 101077
30 101041
30 101356
30 101334
30 101179
30 101170
30 101084
30 101237
30 101102
30 101081
30 101266
30 101178
30 101261
30 101123
30 101250
30 101290
30 101096
30 100957
30 101120
30 101282
30 101172
30 101221
30 101365
30 101233
30 101102
30 101264
30 101034
30 101005
30 101177
30 101180
30 101064
30 101243
30 101235
30 101152
30 101125
30 101531
30 101165
30 101232
30 101145
30 101200
30 101184
30 101081
30 101215
30 101118
30 101113
30 101181
30 101229
30 101059
30 101086
30 101032
30 101478
30 101182
30 101149
30 101058
30 101106
30 101158
30 101333
30 101219
30 100930
30 101292
30 101206
30 101063
30 101062
30 101038
30 101064
30 101116
30 101183
30 101297
30 100990
30 101085
30 101185
30 101199
30 101197
30 101188
30 101527
30 101301
30 101204
30 101242
30 101074
30 101325
30 101193
30 101098
30 100972
30 101150
30 101039
30 101245
30 101056
30 101157
30 101174
30 101202
30 101308
30 101247
30 101083
30 101025
30 101174
30 101067
30 101168
30 101295
30 101201
30 100940
30 101168
30 101315
30 100999
30 101236
30 101149
30 101300
30 101076
30 101203
30 101198
30 101336
30 101196
30 101201
30 101028
30 100976
30 101115
30 101019
30 101269
30 101293
30 101198
30 101141
30 101185
30 101182
30 101401
30 101530
30 101042
30 100932
30 101272
30 101181
30 101305
30 101115
30 101196
30 101170
30 101112
30 101122
30 100947
30 101165
30 101149
30 101174
30 101310
30 101136
30 101137
30 101062
30 101356
30 101115
30 101204
30 101098
30 101009
30 101182
30 101084
30 101223
30 101196
30 101165
30 101053
30 101057
30 101052
30 101203
30 101382
30 101443
30 101324
30 101064
30 101243
30 101293
30 101226
30 101127
30 101252
30 101077
30 101206
30 101113
30 101419
30 101239
30 101320
30 101140
30 101137
30 101417
30 101171
30 101044
30 101162
30 101130
30 101130
30 101016
30 101232
30 101184
30 101253
30 101035
30 101219
30 101216
30 101120
30 101226
30 101130
30 101023
30 101366
30 101231
30 101240
30 100999
30 101144
30 101189
30 101131
30 101280
30 101157
30 101297
30 101129
30 101090
30 101248
30 101079
30 101257
30 101410
30 101396
30 101158
30 101162
30 101130
30 101188
30 101075
30 101199
30 101132
30 100963
30 101124
30 101245
30 101199
30 101144
30 101136
30 101109
30 101207
30 101229
30 101385
30 101283
30 101324
30 101063
30 101180
30 101052
30 101221
30 101195
30 101357
30 101130
30 101265
30 101215
30 101022
30 101146
30 101304
30 101154
30 101585
30 101484
30 101241
30 101334
30 101189
30 101065
30 101292
30 101135
30 101371
30 101323
30 101172
30 101244
30 101104
30 101210
30 101114
30 101111
30 101229
30 101098
30 101151
30 101426
30 101120
30 101388
30 101147
30 101245
30 101138
30 101103
30 101146
30 101269
30 101387
30 101187
30 101278
30 101346
30 101119
30 101217
30 101161
30 101318
30 101138
30 101249
30 101222
30 101170
30 101244
30 101249
30 101060
30 101171
30 101515
30 101201
30 101293
#processors:200 remote_steal_latency:34                  remote_steal_proba:0.5
34 101438
34 101130
34 101232
34 101486
34 101257
34 101449
34 101244
34 101323
34 101398
34 101295
34 101202
34 101233
34 101409
34 101241
34 101310
34 101354
34 101284
34 101204
34 101484
34 101387
34 101096
34 101124
34 101293
34 101480
34 101436
34 101269
34 101314
34 101324
34 101232
34 101289
34 101348
34 101305
34 101150
34 101572
34 101311
34 101385
34 101296
34 101282
34 101279
34 101436
34 101286
34 101266
34 101296
34 101368
34 101401
34 101344
34 101486
34 101169
34 101465
34 101222
34 101313
34 101580
34 101474
34 101397
34 101365
34 101112
34 101333
34 101471
34 101195
34 101203
34 101516
34 101287
34 101288
34 101461
34 101214
34 101111
34 101320
34 101435
34 101809
34 101164
34 101323
34 101424
34 101304
34 101360
34 101456
34 101426
34 101347
34 101245
34 101237
34 101205
34 101473
34 101548
34 101487
34 101238
34 101190
34 101667
34 101153
34 101398
34 101374
34 101293
34 101326
34 101254
34 101110
34 101247
34 101228
34 101138
34 101432
34 101218
34 101375
34 101307
34 101301
34 101118
34 101320
34 101358
34 101347
34 101534
34 101189
34 101494
34 101382
34 101892
34 101193
34 101457
34 101314
34 101310
34 101216
34 101539
34 101299
34 101341
34 101319
34 101336
34 101257
34 101285
34 101326
34 101271
34 101443
34 101364
34 101383
34 101462
34 101201
34 101308
34 101540
34 101219
34 101241
34 101336
34 101305
34 101362
34 101718
34 101120
34 101192
34 101392
34 101184
34 101174
34 101507
34 101443
34 101221
34 101325
34 101177
34 101261
34 101118
34 101220
34 101411
34 101410
34 101296
34 101309
34 101394
34 101264
34 101423
34 101252
34 101271
34 101299
34 101362
34 101315
34 101302
34 101356
34 101089
34 101184
34 101210
34 101205
34 101281
34 101237
34 101337
34 101348
34 101195
34 101574
34 101349
34 101315
34 101427
34 101446
34 101308
34 101626
34 101200
34 101219
34 101275
34 101240
34 101341
34 101251
34 101326
34 101338
34 101279
34 101411
34 101628
34 101543
34 101335
34 101414
34 101455
34 101347
34 101150
34 101398
34 101167
34 101314
34 101309
34 101270
34 101269
34 101400
34 101572
34 101314
34 101311
34 101439
34 101254
34 101544
34 101366
34 101340
34 101257
34 101207
34 101428
34 101243
34 101344
34 101372
34 101254
34 101156
34 101215
34 101392
34 101306
34 101342
34 101340
34 101599
34 101325
34 101243
34 101433
34 101134
34 101207
34 101225
34 101342
34 101196
34 101567
34 101199
34 101263
34 101154
34 101189
34 101401
34 101462
34 101506
34 101454
34 101255
34 101458
34 101492
34 101394
34 101451
34 101285
34 101319
34 101129
34 101321
34 101254
34 101337
34 101387
34 101171
34 101347
34 101217
34 101491
34 101322
34 101382
34 101452
34 101375
34 101154
34 101261
34 101317
34 101193
34 101609
34 101297
34 101147
34 101357
34 101322
34 101292
34 101305
34 101161
34 101466
34 101103
34 101297
34 101150
34 101416
34 101233
34 101120
34 101585
34 101490
34 101400
34 101214
34 101328
34 101293
34 101445
34 101318
34 101183
34 101311
34 101283
34 101288
34 101117
34 101304
34 101323
34 101241
34 101502
34 101201
34 101249
34 101183
34 101292
34 101338
34 101237
34 101376
34 101388
34 101127
34 101457
34 101356
34 101171
34 101419
34 101322
34 101253
34 101400
34 101494
34 101352
34 101422
34 101277
34 101210
34 101447
34 101211
34 101295
34 101346
34 101148
34 101457
34 101273
34 101439
34 101374
34 101450
34 101345
34 101347
34 101357
34 101310
34 101158
34 101238
34 101281
34 101368
34 101339
34 101460
34 101415
34 101478
34 101412
34 101493
34 101477
34 101293
34 101283
34 101338
34 101088
34 101132
34 101268
34 101209
34 101508
34 101347
34 101031
34 101368
34 101526
34 101428
34 101393
34 101431
34 101417
34 101330
34 101212
34 101330
34 101135
34 101234
34 101521
34 101350
34 101190
34 101504
34 101436
34 101033
34 101494
34 101343
34 101535
34 101183
34 101400
34 101170
34 101383
34 101261
34 101480
34 101297
34 101379
34 101338
34 101233
34 101318
34 101325
34 101284
34 101344
34 101272
34 101365
34 101469
34 101443
34 101089
34 101172
34 101303
34 101322
34 101282
34 101284
34 101222
34 101233
34 101606
34 101323
34 101205
34 101594
34 101436
34 101367
34 101260
34 101365
34 101108
34 101122
34 101328
34 101271
34 101558
34 101379
34 101331
34 101382
34 101260
34 101320
34 101214
34 101377
34 101366
34 101212
34 101213
34 101388
34 101258
34 101176
34 101161
34 101487
34 101319
34 101293
34 101295
34 101307
34 101176
34 101323
34 101276
34 101351
34 101601
34 101395
34 101300
34 101504
34 101565
34 101215
34 101151
34 101350
34 101303
34 101343
34 101405
34 101115
34 101401
34 101229
34 101303
34 101305
34 101259
34 101216
34 101408
34 101167
34 101179
34 101194
34 101409
34 101275
34 101456
34 101256
34 101207
34 101310
34 101403
34 101367
34 101246
34 101149
34 101652
34 101202
34 101457
34 101457
34 101219
34 101116
34 101323
34 101203
34 101220
34 101326
34 101247
34 101259
34 101187
34 101247
34 101537
34 101164
34 101310
34 101400
34 101184
34 101422
34 101343
34 101350
34 101148
34 101394
34 101281
34 101313
34 101272
34 101467
34 101141
34 101239
34 101289
#processors:200 remote_steal_latency:38                  remote_steal_proba:0.5
38 101345
38 101356
38 101560
38 101543
38 101578
38 101304
38 101533
38 101682
38 101301
38 101487
38 101269
38 101243
38 101315
38 101322
38 101408
38 101193
38 101328
38 101431
38 101402
38 101573
38 101260
38 101315
38 101429
38 101586
38 101765
38 101767
38 101585
38 101462
38 101591
38 101527
38 101462
38 101505
38 101340
38 101450
38 101397
38 101306
38 101471
38 101543
38 101503
38 101229
38 101328
38 101477
38 101841
38 101443
38 101439
38 101340
38 101390
38 101381
38 101364
38 101414
38 101660
38 101300
38 101212
38 101655
38 101533
38 101527
38 101407
38 101777
38 101439
38 101500
38 101407
38 101366
38 101413
38 101314
38 101486
38 101352
38 101442
38 101448
38 101362
38 101560
38 101334
38 101347
38 101443
38 101534
38 101604
38 101386
38 101520
38 101480
38 101517
38 101362
38 101401
38 101451
38 101461
38 101418
38 101546
38 101367
38 101580
38 101353
38 101337
38 101703
38 101565
38 101238
38 101372
38 101476
38 101340
38 101464
38 101734
38 101401
38 101463
38 101519
38 101370
38 101715
38 101422
38 101390
38 101296
38 101705
38 101549
38 101465
38 101264
38 101349
38 101719
38 101665
38 101407
38 101679
38 101488
38 101349
38 101395
38 101417
38 101435
38 101401
38 101568
38 101511
38 101523
38 101274
38 101774
38 101414
38 101502
38 101522
38 101669
38 101664
38 101430
38 101602
38 101688
38 101401
38 101326
38 101408
38 101541
38 101308
38 101531
38 101503
38 101751
38 101247
38 101299
38 101405
38 101159
38 101413
38 101650
38 101332
38 101450
38 101404
38 101285
38 101318
38 101412
38 101781
38 101293
38 101467
38 101503
38 101478
38 101464
38 101553
38 101658
38 101641
38 101375
38 101521
38 101539
38 101858
38 101365
38 101242
38 101421
38 101473
38 101507
38 101367
38 101386
38 101406
38 101371
38 101479
38 101451
38 101321
38 101519
38 101417
38 101383
38 101651
38 101348
38 101594
38 101368
38 101382
38 101440
38 101465
38 101389
38 101216
38 101433
38 101381
38 101379
38 101362
38 101364
38 101612
38 101510
38 101388
38 101385
38 101496
38 101514
38 101817
38 101282
38 101369
38 101424
38 101504
38 101230
38 101333
38 101264
38 101524
38 101692
38 101362
38 101444
38 101425
38 101332
38 101573
38 101321
38 101404
38 101347
38 101400
38 101319
38 101753
38 101586
38 101532
38 101488
38 101544
38 101413
38 101511
38 101524
38 101478
38 101402
38 101450
38 101194
38 101442
38 101403
38 101603
38 101644
38 101419
38 101625
38 101661
38 101589
38 101346
38 101838
38 101357
38 101708
38 101292
38 101416
38 101582
38 101540
38 101451
38 101421
38 101238
38 101578
38 101435
38 101706
38 101655
38 101401
38 101439
38 101365
38 101438
38 101382
38 101460
38 101602
38 101323
38 101593
38 101210
38 101564
38 101260
38 101263
38 101323
38 101563
38 101529
38 101265
38 101409
38 101409
38 101539
38 101704
38 101493
38 101510
38 101317
38 101443
38 101441
38 101403
38 101385
38 101166
38 101437
38 101279
38 101498
38 101358
38 101889
38 101404
38 101534
38 101664
38 101456
38 101559
38 101472
38 101418
38 101404
38 101357
38 101630
38 101614
38 101542
38 101659
38 101524
38 101392
38 101509
38 101394
38 101599
38 101444
38 101502
38 101295
38 101620
38 101550
38 101650
38 101544
38 101631
38 101430
38 101464
38 101363
38 101494
38 101845
38 101296
38 101291
38 101305
38 101393
38 101429
38 101379
38 101193
38 101354
38 101416
38 101570
38 101539
38 101502
38 101408
38 101332
38 101397
38 101395
38 101408
38 101298
38 101710
38 101348
38 101511
38 101422
38 101390
38 101566
38 101299
38 101304
38 101575
38 101466
38 101577
38 101516
38 101516
38 101491
38 101309
38 101462
38 101221
38 101292
38 101469
38 101391
38 101236
38 101387
38 101395
38 101495
38 101572
38 101372
38 101337
38 101524
38 101465
38 101339
38 101407
38 101549
38 101432
38 101509
38 101627
38 101275
38 101524
38 101688
38 101345
38 101358
38 101399
38 101474
38 101351
38 101417
38 101862
38 101354
38 101325
38 101517
38 101527
38 101514
38 101518
38 101460
38 101272
38 101634
38 101598
38 101763
38 101466
38 101241
38 101606
38 101526
38 101592
38 101253
38 101597
38 101368
38 101501
38 101388
38 101528
38 101586
38 101499
38 101617
38 101656
38 101437
38 101218
38 101380
38 101479
38 101424
38 101478
38 101355
38 101377
38 101360
38 101213
38 101355
38 101490
38 101688
38 101324
38 101506
38 101368
38 101505
38 101294
38 101640
38 101439
38 101401
38 101436
38 101325
38 101554
38 101646
38 101513
38 101620
38 101433
38 101576
38 101277
38 101887
38 101364
38 101485
38 101299
38 101288
38 101380
38 101463
38 101439
38 101391
38 101448
38 101448
38 101903
38 101442
38 101330
38 101583
38 101326
38 101412
38 101354
38 101533
38 101596
38 101502
38 101455
38 101410
38 101600
38 101390
38 101453
38 101483
38 101341
38 101437
38 101471
38 101416
38 101416
38 101381
38 101371
38 101586
38 101457
38 101376
38 101383
38 101675
38 101429
38 101580
38 101537
38 101580
38 101419
38 101411
38 101563
38 101500
38 101350
38 101543
38 101316
38 101268
38 101411
38 101468
38 101718
38 101400
38 101335
38 101394
38 101843
38 101347
38 101473
