1000 300 63540000 76680000
1000 400 73760000 113960000
1000 500 132500000 155250000
1000 600 226800000 266760000
1500 300 122760000 121297500
1500 400 144960000 177920000
1500 500 140250000 219937500
1500 600 237960000 377010000
2000 300 276210000 277627500
2000 400 282240000 281640000
2000 500 276500000 343000000
2000 600 470160000 587520000
2500 300 568170000 550417500
2500 400 635040000 646760000
2500 500 541000000 543187500
2500 600 923040000 930690000
3000 300 745470000 740610000
3000 400 909440000 927360000
3000 500 808750000 839250000
3000 600 923040000 930690000
3500 300 1287090000 1247490000
3500 400 1314080000 1286120000
3500 500 1217500000 1249937500
3500 600 1380960000 1438920000
4000 300 1999260000 1951830000
4000 400 1725280000 1732640000
4000 500 1746000000 1794000000
4000 600 2076840000 2144610000
4500 300 2451960000 2388172500
4500 400 2992160000 2924160000
4500 500 2528000000 2490187500
4500 600 2981880000 3080160000
5000 300 3526200000 3449452500
5000 400 3728480000 3689960000
5000 500 3320500000 3357250000
5000 600 4324680000 4277970000
5500 300 4900500000 4789192500
5500 400 4658400000 4581920000
5500 500 4480500000 4410812500
5500 600 5681880000 5770440000
6000 300 5695920000 5574285000
6000 400 5719200000 5609640000
6000 500 5775250000 5672750000
6000 600 5681520000 5770440000
