1000 1 132500000 163666666.666667
1000 2 54937500 56075000
1000 3 43859375 43648958.3333333
1000 4 48559698 44592855
1500 1 438750000 546375000
1500 2 178031250 181246875
1500 3 140921175 138877669.066667
1500 4 145824979 137161128.8
2000 1 1030000000 1288000000
2000 2 410250000 420133333.333333
2000 3 319125000 315741666.666667
2000 4 324234375 309315625
2500 1 2000000000 2507291666.66667
2500 2 782812500 809453125
2500 3 611250640 606292194.066667
2500 4 618568864 595960408.466667
3000 1 3442500000 4323000000
3000 2 1338187500 1385925000
3000 3 1027265625 1027996875
3000 4 1029759363 1005516580
3500 1 5451250000 6853875000
3500 2 2117718750 2186267708.33333
3500 3 1618564299 1620575469.06667
3500 4 1610320944 1569292370.46667
4000 1 8120000000 10218666666.6667
4000 2 3129000000 3247200000
4000 3 2404500000 2392133333.33333
4000 4 2363750000 2311741666.66667
4500 1 11542500000 14536125000
4500 2 4434750000 4605440625
4500 3 3403626206 3393446244.06667
4500 4 3338375927 3290554050.13333
5000 1 15812500000 19925000000
5000 2 6060937500 6297708333.33333
5000 3 4610156250 4619869791.66667
5000 4 4528503419 4471856971.66667
5500 1 21023750000 26504041666.6667
5500 2 8065406250 8360721875
5500 3 6147420487 6136623269.06667
5500 4 5972536385 5906546528.8
6000 1 27270000000 34392000000
6000 2 10442250000 10831200000
6000 3 7934062500 7922925000
6000 4 7693875000 7618996875
