1000 300 90540000 91200000
1000 400 73760000 128480000
1000 500 132500000 163666666.666667
1000 600 226800000 281280000
1500 300 149940000 149610000
1500 400 209120000 212266666.666667
1500 500 140250000 248250000
1500 600 237960000 425880000
2000 300 357660000 355170000
2000 400 346400000 348640000
2000 500 401750000 410000000
2000 600 686520000 703200000
2500 300 731160000 715050000
2500 400 827840000 830346666.666667
2500 500 666500000 673916666.666667
2500 600 1139760000 1156440000
3000 300 987750000 966360000
3000 400 1219840000 1201280000
3000 500 1068750000 1065000000
3000 600 1139760000 1156440000
3500 300 1667520000 1636920000
3500 400 1699680000 1676000000
3500 500 1593500000 1608250000
3500 600 1826640000 1828800000
4000 300 2623680000 2569800000
4000 400 2299840000 2267306666.66667
4000 500 2356000000 2328666666.66667
4000 600 2726640000 2763480000
4500 300 3212100000 3148110000
4500 400 3892320000 3846613333.33333
4500 500 3280750000 3251250000
4500 600 4039920000 4003680000
5000 300 4639230000 4555470000
5000 400 4948320000 4862346666.66667
5000 500 4443500000 4401000000
5000 600 5624280000 5592600000
5500 300 6448410000 6333150000
5500 400 6136000000 6045866666.66667
5500 500 5860500000 5798750000
5500 600 7622640000 7573440000
6000 300 7508790000 7375260000
6000 400 7518560000 7409973333.33333
6000 500 7531500000 7473666666.66667
6000 600 7622640000 7573440000
