1000 1 132250000 155250000
1000 2 40250000 47525000
1000 3 35734375 34865625
1000 4 37944160 35167623
1500 1 438750000 518062500
1500 2 125718750 152634375
1500 3 109601885 109511764.8
1500 4 112777940 106815017.6
2000 1 1030000000 1221000000
2000 2 285750000 352600000
2000 3 244500000 247275000
2000 4 248812500 239115625
2500 1 2000000000 2376562500
2500 2 544531250 677890625
2500 3 463410415 472640689.8
2500 4 472728454 458316494.6
3000 1 3442500000 4097250000
3000 2 924750000 1158975000
3000 3 778500000 798946875
3000 4 794170528 770740948
3500 1 5451250000 6495562500
3500 2 1450093750 1826321875
3500 3 1213935536 1256538364.8
3500 4 1225953802 1199934792.6
4000 1 8120000000 9684000000
4000 2 2144000000 2710400000
4000 3 1780000000 1851600000
4000 4 1795062500 1764275000
4500 1 11542500000 13775062500
4500 2 3029906250 3841678125
4500 3 2517052658 2622923539.8
4500 4 2552739193 2507145069.6
5000 1 15812500000 18881250000
5000 2 4131250000 5250625000
5000 3 3408984375 3566953125
5000 4 3445325238 3403064273
5500 1 21023750000 25115062500
5500 2 5469578125 6967709375
5500 3 4518159435 4733514964.8
5500 4 4539501180 4490310817.6
6000 1 27270000000 32589000000
6000 2 7071750000 9023400000
6000 3 5833687500 6106725000
6000 4 5854078125 5787196875
