1000 300 117810000 120240000
1000 400 137920000 157520000
1000 500 132500000 180500000
1000 600 226800000 310320000
1500 300 206460000 206235000
1500 400 273440000 280960000
1500 500 265500000 304875000
1500 600 454320000 523620000
2000 300 520470000 510255000
2000 400 479040000 482640000
2000 500 527250000 544000000
2000 600 903240000 934560000
2500 300 1056960000 1044315000
2500 400 1213280000 1197520000
2500 500 923500000 935375000
2500 600 1581840000 1607940000
3000 300 1425870000 1417860000
3000 400 1744800000 1749120000
3000 500 1445250000 1516500000
3000 600 1581840000 1607940000
3500 300 2454390000 2415780000
3500 400 2470880000 2455760000
3500 500 2345750000 2324875000
3500 600 2477160000 2608560000
