0.02	10	27769	16797	594	466	78649	128	10000000	100                              	2	20	43660539	4991547	62
0.02	10	25384	14992	542	406	78604	128	10000000	100                              	2	20	43416328	4982353	54
0.02	10	26492	14670	558	422	78624	128	10000000	100                              	2	20	44099371	4979540	70
0.02	10	27040	15310	546	406	78630	128	10000000	100                              	2	20	42917172	5024443	58
0.02	10	26647	16091	516	395	78619	128	10000000	100                              	2	20	43529295	4978158	68
0.02	10	20039	10654	406	303	78499	128	10000000	100                              	2	20	41076301	4995294	62
0.02	10	23635	14208	520	375	78572	128	10000000	100                              	2	20	42060797	4977069	64
0.02	10	24153	13620	489	354	78576	128	10000000	100                              	2	20	42750356	4980691	56
0.02	10	23894	13431	500	363	78574	128	10000000	100                              	2	20	41979643	4982534	54
0.02	10	21604	12101	443	304	78529	128	10000000	100                              	2	20	41129020	4981068	56
0.02	10	22639	13888	440	335	78545	128	10000000	100                              	2	20	43378100	5029878	56
0.02	10	21325	12230	443	351	78525	128	10000000	100                              	2	20	42645791	4982481	62
0.02	10	27491	15780	502	394	78631	128	10000000	100                              	2	20	43491895	4974109	60
0.02	10	23804	14144	500	385	78573	128	10000000	100                              	2	20	43248685	5029312	54
0.02	10	27192	14997	551	414	78634	128	10000000	100                              	2	20	43486668	5015874	58
0.02	10	22366	12846	474	366	78546	128	10000000	100                              	2	20	41814446	4980681	54
0.02	10	25819	12970	511	359	78605	128	10000000	100                              	2	20	41757126	4980155	66
0.02	10	23852	13168	509	352	78575	128	10000000	100                              	2	20	42611449	5018611	60
0.02	10	23958	13827	522	384	78578	128	10000000	100                              	2	20	42795550	5002350	60
0.02	10	29977	19656	651	517	78692	128	10000000	100                              	2	20	45519881	4974889	56
0.02	10	23930	11897	479	359	78571	128	10000000	100                              	2	20	42252221	4985705	54
0.02	10	26202	14705	517	374	78612	128	10000000	100                              	2	20	42312270	5051460	58
0.02	10	23722	12429	465	341	78566	128	10000000	100                              	2	20	42223541	4976270	54
0.02	10	23266	13835	465	371	78559	128	10000000	100                              	2	20	43063113	4981009	54
0.02	10	21811	12769	465	364	78537	128	10000000	100                              	2	20	42102465	4980921	58
0.02	10	24211	13100	506	371	78580	128	10000000	100                              	2	20	42307101	4987953	56
0.02	10	23432	13460	455	343	78560	128	10000000	100                              	2	20	40940522	4981586	56
0.02	10	24676	13003	496	366	78586	128	10000000	100                              	2	20	41671853	4977692	66
0.02	10	27757	14850	529	396	78639	128	10000000	100                              	2	20	42284583	4992945	64
0.02	10	25612	13355	549	396	78608	128	10000000	100                              	2	20	41717771	4976116	60
0.02	10	25836	13844	541	400	78611	128	10000000	100                              	2	20	41554966	5000302	58
0.02	10	26297	15841	538	385	78617	128	10000000	100                              	2	20	43078076	4975885	60
0.02	10	22948	12938	479	377	78556	128	10000000	100                              	2	20	43720897	5010201	66
0.02	10	30356	14434	607	437	78692	128	10000000	100                              	2	20	42700236	4980841	54
0.02	10	22270	12437	440	338	78539	128	10000000	100                              	2	20	42905290	5003771	56
0.02	10	25055	13438	525	402	78596	128	10000000	100                              	2	20	42311761	4977607	62
0.02	10	21531	12013	445	325	78529	128	10000000	100                              	2	20	44249747	4986983	66
0.02	10	26404	13362	487	333	78612	128	10000000	100                              	2	20	43272564	4975095	64
0.02	10	22246	12263	461	319	78543	128	10000000	100                              	2	20	41006970	4992901	62
0.02	10	22759	12496	452	326	78548	128	10000000	100                              	2	20	42257795	4983621	62
0.02	10	20830	11435	442	315	78517	128	10000000	100                              	2	20	41870179	4991962	60
0.02	10	23496	13998	475	380	78564	128	10000000	100                              	2	20	42847111	4993092	54
0.02	10	27053	16313	523	387	78627	128	10000000	100                              	2	20	43456374	4992017	58
0.02	10	25261	13818	542	396	78602	128	10000000	100                              	2	20	43049313	4984599	64
0.02	10	23742	13986	504	371	78572	128	10000000	100                              	2	20	42589922	4985336	54
0.02	10	24638	14472	428	335	78575	128	10000000	100                              	2	20	43436002	4975051	58
0.02	10	27485	16168	581	435	78642	128	10000000	100                              	2	20	42440174	4999937	66
0.02	10	26887	15237	533	405	78625	128	10000000	100                              	2	20	43625764	4977998	68
0.02	10	25855	14060	561	403	78615	128	10000000	100                              	2	20	41782438	5215692	58
0.02	10	23493	13449	513	379	78569	128	10000000	100                              	2	20	42714803	4984385	50
0.02	10	24071	13341	506	367	78578	128	10000000	100                              	2	20	42153356	4978984	58
0.02	10	25264	13897	518	391	78598	128	10000000	100                              	2	20	41421070	4977225	56
0.02	10	24636	15482	524	396	78589	128	10000000	100                              	2	20	44632802	5132681	52
0.02	10	26683	14969	567	437	78628	128	10000000	100                              	2	20	44874115	4987272	54
0.02	10	21136	11862	476	327	78526	128	10000000	100                              	2	20	42637152	4981838	62
0.02	10	26252	15052	520	394	78614	128	10000000	100                              	2	20	42216757	5615261	60
0.02	10	22311	13351	450	332	78541	128	10000000	100                              	2	20	41927802	4981534	56
0.02	10	20851	11839	437	314	78516	128	10000000	100                              	2	20	41350295	4986295	54
0.02	10	23313	13491	470	371	78559	128	10000000	100                              	2	20	42444946	4979177	50
0.02	10	20860	11281	431	304	78516	128	10000000	100                              	2	20	41082136	4985239	54
0.02	10	22995	14065	488	374	78559	128	10000000	100                              	2	20	41947156	4981320	56
0.02	10	32847	17658	656	493	78738	128	10000000	100                              	2	20	42487825	4969976	72
0.02	10	24582	13454	499	379	78585	128	10000000	100                              	2	20	41709785	5000435	62
0.02	10	24307	14265	505	379	78581	128	10000000	100                              	2	20	42230229	4978507	56
0.02	10	25073	14690	500	369	78593	128	10000000	100                              	2	20	42301794	4986223	60
0.02	10	24819	14814	501	380	78589	128	10000000	100                              	2	20	42950121	5004015	58
0.02	10	21734	13558	424	322	78528	128	10000000	100                              	2	20	43087104	4982251	64
0.02	10	21444	12551	448	353	78528	128	10000000	100                              	2	20	41863676	4984606	56
0.02	10	23794	14711	488	380	78571	128	10000000	100                              	2	20	44233238	4980561	56
0.02	10	23827	12837	541	387	78579	128	10000000	100                              	2	20	43110595	5014899	66
0.02	10	20659	11741	461	336	78517	128	10000000	100                              	2	20	42193972	4985104	62
0.02	10	22906	13791	453	344	78551	128	10000000	100                              	2	20	42754585	4978140	54
0.02	10	24461	13395	491	374	78582	128	10000000	100                              	2	20	41713319	4978584	64
0.02	10	19577	12903	381	291	78487	128	10000000	100                              	2	20	43301729	5000181	60
0.02	10	24554	13424	494	369	78584	128	10000000	100                              	2	20	42179454	4988534	56
0.02	10	23764	13534	461	363	78566	128	10000000	100                              	2	20	41896164	5019533	58
0.02	10	25653	13887	474	354	78598	128	10000000	100                              	2	20	43163871	4975918	54
0.02	10	25775	14502	523	391	78607	128	10000000	100                              	2	20	42418917	4986149	64
0.02	10	22375	14351	513	402	78553	128	10000000	100                              	2	20	44078118	5058764	56
0.02	10	24370	13514	482	358	78578	128	10000000	100                              	2	20	41322178	4988432	52
0.02	10	26748	14837	537	407	78624	128	10000000	100                              	2	20	43900743	4978051	64
0.02	10	25557	14554	526	401	78604	128	10000000	100                              	2	20	42678976	4976435	58
0.02	10	26571	14284	533	388	78621	128	10000000	100                              	2	20	43062342	4996697	58
0.02	10	22128	12810	428	314	78535	128	10000000	100                              	2	20	41326777	4993946	68
0.02	10	27586	15330	533	399	78637	128	10000000	100                              	2	20	41706783	5017517	56
0.02	10	24329	14327	481	360	78577	128	10000000	100                              	2	20	42912856	4995606	60
0.02	10	25214	15816	506	382	78596	128	10000000	100                              	2	20	43351553	4978425	60
0.02	10	25859	14343	536	375	78611	128	10000000	100                              	2	20	43348453	4978005	64
0.02	10	23416	13558	508	374	78568	128	10000000	100                              	2	20	42186131	5020875	54
0.02	10	25792	14590	528	371	78607	128	10000000	100                              	2	20	43847012	4989772	60
0.02	10	22355	13108	495	360	78549	128	10000000	100                              	2	20	43633681	4987332	58
0.02	10	22901	13262	484	360	78555	128	10000000	100                              	2	20	42451059	4978819	54
0.02	10	23797	12802	473	364	78568	128	10000000	100                              	2	20	41811860	4978483	62
0.02	10	21961	13133	426	326	78532	128	10000000	100                              	2	20	42574950	4994852	56
0.02	10	24630	13646	487	353	78583	128	10000000	100                              	2	20	43291376	4977883	70
0.02	10	25440	14270	504	360	78599	128	10000000	100                              	2	20	42496456	4981530	60
0.02	10	25743	14518	498	367	78602	128	10000000	100                              	2	20	42180291	4977683	66
0.02	10	26144	13053	508	345	78610	128	10000000	100                              	2	20	41560200	4980777	56
0.02	10	19503	10138	428	305	78494	128	10000000	100                              	2	20	42183087	5031047	54
0.02	10	25945	14014	542	394	78612	128	10000000	100                              	2	20	40860738	5023348	62
0.02	100	21526	7219	451	221	79103	128	10000000	100                              	2	200	37236615	4954499	414
0.02	100	17705	8444	398	229	78959	128	10000000	100                              	2	200	38660430	5033798	502
0.02	100	22914	9597	467	250	79151	128	10000000	100                              	2	200	42018762	4969452	482
0.02	100	24350	8764	495	269	79234	128	10000000	100                              	2	200	40552272	5048713	520
0.02	100	25495	9133	522	266	79259	128	10000000	100                              	2	200	38798219	4970183	480
0.02	100	23127	10196	490	254	79191	128	10000000	100                              	2	200	38974965	4949680	422
0.02	100	25333	8852	532	276	79291	128	10000000	100                              	2	200	40473031	5011832	404
0.02	100	21280	7551	426	208	79063	128	10000000	100                              	2	200	38804657	4997100	602
0.02	100	23546	9853	472	293	79181	128	10000000	100                              	2	200	41133341	5270013	418
0.02	100	25498	10017	475	252	79220	128	10000000	100                              	2	200	40252583	4941253	424
0.02	100	20804	8506	421	217	79053	128	10000000	100                              	2	200	40915418	5024364	480
0.02	100	24374	10103	491	276	79209	128	10000000	100                              	2	200	40052752	5012121	406
0.02	100	22800	10073	429	253	79093	128	10000000	100                              	2	200	40272786	5013399	454
0.02	100	21128	8454	444	219	79070	128	10000000	100                              	2	200	37990621	4999050	400
0.02	100	23746	9911	472	231	79179	128	10000000	100                              	2	200	38552891	4974219	404
0.02	100	23031	8671	481	256	79157	128	10000000	100                              	2	200	39318332	5045978	496
0.02	100	20085	8293	411	227	79014	128	10000000	100                              	2	200	38979034	4984783	438
0.02	100	20649	10054	409	242	79030	128	10000000	100                              	2	200	38249743	4955416	448
0.02	100	20290	8984	401	240	79001	128	10000000	100                              	2	200	39856561	5045654	478
0.02	100	20719	7860	435	224	79066	128	10000000	100                              	2	200	39665600	4999167	594
0.02	100	21320	8604	424	239	79072	128	10000000	100                              	2	200	38196084	4989548	408
0.02	100	21485	9145	444	233	79105	128	10000000	100                              	2	200	39340952	4970536	454
0.02	100	25775	9629	504	243	79253	128	10000000	100                              	2	200	39035434	4976737	408
0.02	100	24897	9430	523	251	79284	128	10000000	100                              	2	200	38757861	4942588	452
0.02	100	26583	10167	494	268	79252	128	10000000	100                              	2	200	41914109	4972924	402
0.02	100	18941	7564	409	211	79002	128	10000000	100                              	2	200	39113608	4988936	448
0.02	100	23821	9749	471	259	79180	128	10000000	100                              	2	200	41162757	5016427	410
0.02	100	18337	6959	395	201	78974	128	10000000	100                              	2	200	37870737	4954838	470
0.02	100	22338	8338	467	225	79153	128	10000000	100                              	2	200	38314076	4983896	484
0.02	100	21257	8366	448	249	79104	128	10000000	100                              	2	200	39191087	5106487	422
0.02	100	22847	8709	479	231	79162	128	10000000	100                              	2	200	38416471	5105057	510
0.02	100	20084	9076	437	217	79050	128	10000000	100                              	2	200	42256770	5029477	414
0.02	100	26530	10023	536	256	79308	128	10000000	100                              	2	200	41150554	4948985	404
0.02	100	24275	9125	498	237	79218	128	10000000	100                              	2	200	40442457	5007782	400
0.02	100	22426	8456	458	247	79123	128	10000000	100                              	2	200	37947321	4955072	526
0.02	100	21322	7070	433	209	79085	128	10000000	100                              	2	200	38489678	4968607	414
0.02	100	25298	10788	528	288	79292	128	10000000	100                              	2	200	40534657	5271645	494
0.02	100	21239	9546	417	225	79054	128	10000000	100                              	2	200	38086503	4948993	542
0.02	100	22659	11229	411	225	79064	128	10000000	100                              	2	200	40747365	4959747	436
0.02	100	25679	10809	489	251	79237	128	10000000	100                              	2	200	40890061	4945206	370
0.02	100	23777	9026	469	247	79167	128	10000000	100                              	2	200	38411758	5140559	418
0.02	100	25364	11584	481	263	79217	128	10000000	100                              	2	200	40952783	4949238	404
0.02	100	24834	10537	517	270	79257	128	10000000	100                              	2	200	39698573	4936845	468
0.02	100	19958	8667	448	241	79062	128	10000000	100                              	2	200	39179459	4956686	500
0.02	100	22297	8519	467	250	79138	128	10000000	100                              	2	200	38934269	4947896	416
0.02	100	25752	11143	512	280	79268	128	10000000	100                              	2	200	42349114	5016029	410
0.02	100	18862	7572	409	204	79001	128	10000000	100                              	2	200	39619197	4957292	454
0.02	100	20114	7636	454	233	79081	128	10000000	100                              	2	200	39376053	4976191	422
0.02	100	25164	8389	523	256	79265	128	10000000	100                              	2	200	39307124	4974289	392
0.02	100	21687	6665	441	172	79084	128	10000000	100                              	2	200	38315961	4958146	480
0.02	100	23018	10256	450	249	79137	128	10000000	100                              	2	200	38991020	5074772	456
0.02	100	19527	6674	434	199	79041	128	10000000	100                              	2	200	38094072	5263186	408
0.02	100	21868	8427	453	222	79102	128	10000000	100                              	2	200	40796562	4957700	448
0.02	100	23502	10397	502	259	79227	128	10000000	100                              	2	200	39810317	5013186	460
0.02	100	26638	8788	545	239	79322	128	10000000	100                              	2	200	38939689	4953699	402
0.02	100	23048	10296	482	277	79184	128	10000000	100                              	2	200	43714683	4953773	382
0.02	100	19194	5854	426	185	79008	128	10000000	100                              	2	200	38521420	5052830	418
0.02	100	22118	9282	439	237	79097	128	10000000	100                              	2	200	39876229	4950662	416
0.02	100	24765	9373	510	271	79232	128	10000000	100                              	2	200	39466480	4966519	504
0.02	100	23716	8465	457	237	79141	128	10000000	100                              	2	200	38774282	4950651	418
0.02	100	20354	9107	413	220	79042	128	10000000	100                              	2	200	39490886	5001011	622
0.02	100	16972	5050	333	157	78854	128	10000000	100                              	2	200	38071852	5047422	410
0.02	100	21053	9282	427	243	79067	128	10000000	100                              	2	200	39041125	4978119	410
0.02	100	21366	6450	453	197	79094	128	10000000	100                              	2	200	37752706	5282845	532
0.02	100	17443	7296	334	185	78881	128	10000000	100                              	2	200	38260600	5116762	384
0.02	100	20749	8417	434	209	79068	128	10000000	100                              	2	200	37690733	4977716	408
0.02	100	22955	9556	469	236	79152	128	10000000	100                              	2	200	38683649	5252076	416
0.02	100	21890	9580	466	256	79143	128	10000000	100                              	2	200	40572992	5064401	410
0.02	100	26165	9205	511	258	79287	128	10000000	100                              	2	200	39364829	5083867	416
0.02	100	23872	9669	511	258	79264	128	10000000	100                              	2	200	39959630	5016812	424
0.02	100	22013	8888	460	225	79110	128	10000000	100                              	2	200	39305975	5106893	426
0.02	100	20101	6713	398	232	79003	128	10000000	100                              	2	200	38900236	4976224	420
0.02	100	21620	8497	452	219	79104	128	10000000	100                              	2	200	40202823	4987468	420
0.02	100	18781	7550	373	187	78959	128	10000000	100                              	2	200	38633923	5031917	402
0.02	100	23292	7008	477	230	79185	128	10000000	100                              	2	200	39055899	4971429	414
0.02	100	21944	8701	473	251	79151	128	10000000	100                              	2	200	40252597	5264208	414
0.02	100	24744	11391	533	291	79265	128	10000000	100                              	2	200	42906696	4979499	440
0.02	100	23089	9016	471	246	79167	128	10000000	100                              	2	200	40637640	4953452	452
0.02	100	19304	7380	416	226	79021	128	10000000	100                              	2	200	37924767	5019869	394
0.02	100	23736	10183	494	277	79224	128	10000000	100                              	2	200	42226549	5064527	456
0.02	100	23016	10974	492	279	79190	128	10000000	100                              	2	200	38398542	5120884	524
0.02	100	21506	9976	454	260	79093	128	10000000	100                              	2	200	39990064	4952348	412
0.02	100	24413	8599	472	248	79192	128	10000000	100                              	2	200	38374164	4942985	450
0.02	100	22929	10020	460	260	79151	128	10000000	100                              	2	200	40473150	4968676	424
0.02	100	22600	8985	502	256	79205	128	10000000	100                              	2	200	39699672	4981457	576
0.02	100	23862	9732	504	265	79224	128	10000000	100                              	2	200	41543261	4947665	410
0.02	100	20572	9085	400	237	79021	128	10000000	100                              	2	200	38537870	4955637	436
0.02	100	22119	8688	468	244	79137	128	10000000	100                              	2	200	40187854	4976597	478
0.02	100	18697	7357	386	181	78952	128	10000000	100                              	2	200	39663403	5026719	520
0.02	100	21784	6252	443	211	79107	128	10000000	100                              	2	200	37355583	5533723	422
0.02	100	21831	8586	436	224	79100	128	10000000	100                              	2	200	39699636	5060298	424
0.02	100	22650	8151	432	224	79106	128	10000000	100                              	2	200	38484979	5013557	442
0.02	100	20905	7152	413	210	79043	128	10000000	100                              	2	200	38113742	4953047	404
0.02	100	26035	9913	463	239	79196	128	10000000	100                              	2	200	41291599	4955993	406
0.02	100	22649	10849	461	253	79145	128	10000000	100                              	2	200	41034499	4949750	406
0.02	100	23432	9837	427	235	79097	128	10000000	100                              	2	200	39880975	4956666	408
0.02	100	20917	9161	417	238	79029	128	10000000	100                              	2	200	39205759	5026328	444
0.02	100	21699	9787	458	264	79106	128	10000000	100                              	2	200	39849232	4962110	424
0.02	100	24592	10404	504	262	79237	128	10000000	100                              	2	200	40507960	4955214	420
0.02	100	20709	8842	424	221	79055	128	10000000	100                              	2	200	38717336	5107348	430
0.02	200	25946	10665	492	228	79941	128	10000000	100                              	2	400	41495676	4903856	792
0.02	200	20819	6783	433	171	79647	128	10000000	100                              	2	400	39861768	4930658	810
0.02	200	20188	4890	428	163	79655	128	10000000	100                              	2	400	37547021	5035759	618
0.02	200	19540	6272	395	164	79551	128	10000000	100                              	2	400	38353217	5006251	856
0.02	200	23183	5971	422	187	79653	128	10000000	100                              	2	400	39626395	4994984	982
0.02	200	17215	6866	368	171	79420	128	10000000	100                              	2	400	38351122	5031983	702
0.02	200	23178	8878	454	218	79757	128	10000000	100                              	2	400	39441520	5068578	948
0.02	200	24749	9376	493	233	79869	128	10000000	100                              	2	400	40562765	4985214	944
0.02	200	20618	5808	408	172	79575	128	10000000	100                              	2	400	39162491	4920721	700
0.02	200	23771	6050	456	182	79772	128	10000000	100                              	2	400	38835185	4931808	802
0.02	200	20997	4785	421	156	79645	128	10000000	100                              	2	400	38504355	4944502	810
0.02	200	20483	6544	454	195	79687	128	10000000	100                              	2	400	39983223	5030188	836
0.02	200	19860	8163	402	192	79587	128	10000000	100                              	2	400	40710589	5079405	804
0.02	200	18943	5912	399	177	79532	128	10000000	100                              	2	400	38505593	4999984	810
0.02	200	21225	6166	422	169	79628	128	10000000	100                              	2	400	38288201	4955262	832
0.02	200	17780	6245	353	160	79315	128	10000000	100                              	2	400	37983125	4937259	976
0.02	200	21550	5422	416	171	79607	128	10000000	100                              	2	400	37487781	4926112	808
0.02	200	22435	7793	468	198	79748	128	10000000	100                              	2	400	39039602	4924163	928
0.02	200	20117	8694	421	214	79664	128	10000000	100                              	2	400	39173805	4913887	730
0.02	200	23972	5739	454	174	79779	128	10000000	100                              	2	400	38943347	4929678	862
0.02	200	24789	6613	480	195	79849	128	10000000	100                              	2	400	38345957	5138350	906
0.02	200	21416	6506	419	158	79616	128	10000000	100                              	2	400	37158075	5009682	884
0.02	200	19099	4592	410	141	79536	128	10000000	100                              	2	400	36961498	4998946	806
0.02	200	23617	8242	500	194	79898	128	10000000	100                              	2	400	38754142	5072983	816
0.02	200	19888	7730	398	190	79553	128	10000000	100                              	2	400	38585559	4955042	802
0.02	200	26038	9958	515	250	79928	128	10000000	100                              	2	400	40844890	4919996	714
0.02	200	19789	6754	402	163	79559	128	10000000	100                              	2	400	41128767	4983743	820
0.02	200	23725	7214	459	196	79772	128	10000000	100                              	2	400	38131891	4966215	822
0.02	200	23766	6923	457	200	79777	128	10000000	100                              	2	400	40102501	4944021	814
0.02	200	20881	6900	419	183	79601	128	10000000	100                              	2	400	39409753	5752527	872
0.02	200	20778	8054	425	193	79612	128	10000000	100                              	2	400	42316436	5024852	942
0.02	200	22388	7066	442	186	79707	128	10000000	100                              	2	400	38732013	4931215	996
0.02	200	19882	5289	404	171	79578	128	10000000	100                              	2	400	37732252	4922229	816
0.02	200	19385	6127	429	183	79581	128	10000000	100                              	2	400	38165110	5184459	822
0.02	200	25151	6668	493	188	79869	128	10000000	100                              	2	400	39400113	4983631	790
0.02	200	23446	9680	463	231	79819	128	10000000	100                              	2	400	41482935	4945659	936
0.02	200	22689	7185	427	189	79679	128	10000000	100                              	2	400	37928679	4950745	990
0.02	200	19976	4936	419	163	79585	128	10000000	100                              	2	400	37275095	5075955	830
0.02	200	23285	7534	466	210	79791	128	10000000	100                              	2	400	40190783	4949396	840
0.02	200	21668	6826	443	144	79744	128	10000000	100                              	2	400	37373238	4992571	900
0.02	200	22939	7134	489	206	79837	128	10000000	100                              	2	400	37161031	4936685	846
0.02	200	24301	9715	500	230	79900	128	10000000	100                              	2	400	41082109	4934757	814
0.02	200	23603	8114	480	193	79838	128	10000000	100                              	2	400	42019133	4948710	810
0.02	200	21454	9305	452	215	79756	128	10000000	100                              	2	400	40335626	4978289	934
0.02	200	21383	6090	419	186	79650	128	10000000	100                              	2	400	39126477	4986336	806
0.02	200	20247	7441	416	180	79596	128	10000000	100                              	2	400	37958964	4921590	846
0.02	200	22245	8717	461	201	79797	128	10000000	100                              	2	400	38868870	4925514	844
0.02	200	18436	6842	356	154	79403	128	10000000	100                              	2	400	38275271	4946297	722
0.02	200	19200	6353	365	175	79441	128	10000000	100                              	2	400	39027628	4944681	948
0.02	200	21473	5036	452	183	79708	128	10000000	100                              	2	400	36648310	4958740	836
0.02	200	24005	8054	485	206	79893	128	10000000	100                              	2	400	39412986	5016229	792
0.02	200	25292	10396	478	242	79829	128	10000000	100                              	2	400	41279522	4904822	878
0.02	200	21984	7549	455	172	79731	128	10000000	100                              	2	400	39158143	4976891	894
0.02	200	30691	9910	569	270	80210	128	10000000	100                              	2	400	39447459	4891523	786
0.02	200	18748	5710	407	191	79588	128	10000000	100                              	2	400	38571969	4943185	852
0.02	200	22690	8769	482	224	79822	128	10000000	100                              	2	400	40809008	5087610	864
0.02	200	22271	6324	467	205	79747	128	10000000	100                              	2	400	39791403	4958334	696
0.02	200	24351	10058	501	227	79921	128	10000000	100                              	2	400	41564292	5063408	804
0.02	200	24286	8543	475	195	79826	128	10000000	100                              	2	400	39577786	4962014	824
0.02	200	21792	6326	437	205	79693	128	10000000	100                              	2	400	39093366	4960273	806
0.02	200	21246	5893	426	190	79628	128	10000000	100                              	2	400	37380679	5045088	930
0.02	200	19123	5080	394	175	79478	128	10000000	100                              	2	400	40064262	5000727	906
0.02	200	19783	5653	392	164	79504	128	10000000	100                              	2	400	38607323	4927747	842
0.02	200	19912	7297	442	195	79703	128	10000000	100                              	2	400	38011572	5342682	930
0.02	200	20669	8107	446	211	79679	128	10000000	100                              	2	400	38082776	5035920	816
0.02	200	22170	7368	407	196	79583	128	10000000	100                              	2	400	38079659	4990938	834
0.02	200	19381	6129	406	172	79525	128	10000000	100                              	2	400	38269622	4938979	964
0.02	200	21864	6639	457	184	79725	128	10000000	100                              	2	400	37926243	4959882	874
0.02	200	22332	8941	444	197	79695	128	10000000	100                              	2	400	39689623	4996001	996
0.02	200	21503	5597	430	179	79707	128	10000000	100                              	2	400	39723575	5036605	822
0.02	200	24327	9908	514	225	79963	128	10000000	100                              	2	400	40170482	4934498	956
0.02	200	19637	6802	402	183	79529	128	10000000	100                              	2	400	39309540	4977362	838
0.02	200	21489	7605	463	201	79738	128	10000000	100                              	2	400	39044524	4945499	866
0.02	200	19357	6915	402	196	79536	128	10000000	100                              	2	400	38455088	4928510	706
0.02	200	20747	8090	447	224	79691	128	10000000	100                              	2	400	43258038	4951122	742
0.02	200	19575	8972	440	208	79664	128	10000000	100                              	2	400	41536116	4926406	998
0.02	200	24622	8783	483	223	79859	128	10000000	100                              	2	400	39840930	4979773	702
0.02	200	16175	6210	353	171	79342	128	10000000	100                              	2	400	39090158	4963748	842
0.02	200	21666	8366	440	210	79693	128	10000000	100                              	2	400	39474433	4946830	944
0.02	200	18824	6309	409	187	79571	128	10000000	100                              	2	400	41875455	4991317	874
0.02	200	21817	6358	407	171	79628	128	10000000	100                              	2	400	39798564	4973471	756
0.02	200	19978	6721	384	177	79521	128	10000000	100                              	2	400	40501650	4952335	1004
0.02	200	18622	5830	415	176	79557	128	10000000	100                              	2	400	37687865	5082380	990
0.02	200	21366	8549	477	229	79772	128	10000000	100                              	2	400	40816893	4974945	816
0.02	200	22257	5619	475	197	79787	128	10000000	100                              	2	400	38232945	5085986	854
0.02	200	18511	8461	396	202	79532	128	10000000	100                              	2	400	41659534	4967394	850
0.02	200	19029	6491	404	180	79527	128	10000000	100                              	2	400	38558746	5034023	836
0.02	200	24229	8481	479	214	79907	128	10000000	100                              	2	400	39224179	4912858	986
0.02	200	23718	9064	495	206	79853	128	10000000	100                              	2	400	41122845	4913241	1076
0.02	200	20348	5205	421	177	79645	128	10000000	100                              	2	400	36989522	4922680	872
0.02	200	20803	6715	393	175	79504	128	10000000	100                              	2	400	39055777	4948732	870
0.02	200	21187	7300	423	181	79623	128	10000000	100                              	2	400	40084334	4956904	836
0.02	200	17482	5785	372	168	79399	128	10000000	100                              	2	400	38833467	4945368	820
0.02	200	22570	8623	487	203	79813	128	10000000	100                              	2	400	41522527	5018274	804
0.02	200	24018	10334	486	250	79931	128	10000000	100                              	2	400	39077023	4914103	920
0.02	200	19207	6094	386	162	79465	128	10000000	100                              	2	400	38338083	4927828	850
0.02	200	23622	6477	487	174	79896	128	10000000	100                              	2	400	38504357	4953651	960
0.02	200	20778	7971	456	204	79689	128	10000000	100                              	2	400	38308943	4939435	828
0.02	200	19376	6787	429	190	79604	128	10000000	100                              	2	400	38800904	4921918	914
0.02	200	20627	9676	408	173	79541	128	10000000	100                              	2	400	39250663	4979064	988
0.02	300	24328	8232	469	197	80478	128	10000000	100                              	2	600	40059525	4875219	1252
0.02	300	21441	7951	433	210	80300	128	10000000	100                              	2	600	42149035	4928012	1224
0.02	300	22766	7226	467	183	80373	128	10000000	100                              	2	600	38009122	4998725	1220
0.02	300	22727	6497	472	173	80352	128	10000000	100                              	2	600	39921247	5019903	1222
0.02	300	23847	6782	489	211	80564	128	10000000	100                              	2	600	39859502	4943092	1294
0.02	300	22892	7662	472	193	80402	128	10000000	100                              	2	600	39540961	4912722	1260
0.02	300	19853	6064	408	158	80080	128	10000000	100                              	2	600	38022846	5011337	1410
0.02	300	20735	7155	434	185	80253	128	10000000	100                              	2	600	38254727	4900050	1354
0.02	300	20955	6882	425	159	80145	128	10000000	100                              	2	600	39904664	5002818	1338
0.02	300	18051	5196	384	126	79946	128	10000000	100                              	2	600	36380226	4960805	1402
0.02	300	17512	7206	351	166	79840	128	10000000	100                              	2	600	39202129	4911015	1332
0.02	300	20264	8477	414	183	80142	128	10000000	100                              	2	600	39234515	4890894	1318
0.02	300	23136	7250	476	186	80476	128	10000000	100                              	2	600	37702575	4900684	1274
0.02	300	22668	7106	439	166	80282	128	10000000	100                              	2	600	37557046	4914224	1254
0.02	300	21339	7199	389	154	80081	128	10000000	100                              	2	600	38958813	4889004	1212
0.02	300	24194	7661	462	192	80390	128	10000000	100                              	2	600	40175529	4883643	1302
0.02	300	21790	5213	437	157	80257	128	10000000	100                              	2	600	37395748	4879078	1230
0.02	300	24286	7940	460	185	80445	128	10000000	100                              	2	600	40440224	4913853	1116
0.02	300	20804	7776	424	187	80228	128	10000000	100                              	2	600	39642544	4899355	1258
0.02	300	18062	6515	402	173	80077	128	10000000	100                              	2	600	37845990	5202268	1362
0.02	300	20887	8204	435	180	80301	128	10000000	100                              	2	600	40921063	4902593	1230
0.02	300	21229	7338	422	194	80185	128	10000000	100                              	2	600	39660218	4898251	1212
0.02	300	20667	6084	412	182	80194	128	10000000	100                              	2	600	39643025	4892860	1274
0.02	300	21587	6967	428	182	80211	128	10000000	100                              	2	600	41051848	4912850	918
0.02	300	26286	8806	525	211	80744	128	10000000	100                              	2	600	41215995	4867574	1256
0.02	300	23884	6211	483	169	80530	128	10000000	100                              	2	600	39094122	4943521	1258
0.02	300	22153	9413	485	210	80496	128	10000000	100                              	2	600	42045851	4884467	1242
0.02	300	21632	9167	462	230	80390	128	10000000	100                              	2	600	42035873	4895073	976
0.02	300	24125	6268	478	172	80466	128	10000000	100                              	2	600	37462162	5036922	1402
0.02	300	22146	7213	444	185	80349	128	10000000	100                              	2	600	40279532	4914158	1240
0.02	300	17686	7608	354	158	79864	128	10000000	100                              	2	600	40333253	4979889	984
0.02	300	20134	8060	410	184	80151	128	10000000	100                              	2	600	39350333	4907313	1138
0.02	300	18957	5905	389	166	80002	128	10000000	100                              	2	600	37990504	5006814	1204
0.02	300	17781	6401	394	160	79952	128	10000000	100                              	2	600	38530852	5006314	1334
0.02	300	20425	7078	407	189	80100	128	10000000	100                              	2	600	37331733	4895221	1238
0.02	300	19241	4914	388	131	80052	128	10000000	100                              	2	600	37781015	4919635	1238
0.02	300	20760	6403	405	195	80153	128	10000000	100                              	2	600	41750522	4975591	1242
0.02	300	20834	7683	443	188	80306	128	10000000	100                              	2	600	41287560	4978532	1216
0.02	300	15869	4352	338	132	79707	128	10000000	100                              	2	600	37738684	4969620	1212
0.02	300	18789	6120	395	171	80042	128	10000000	100                              	2	600	38881624	4905945	1222
0.02	300	17775	5781	353	169	79794	128	10000000	100                              	2	600	38811170	4975090	1308
0.02	300	20997	6983	420	168	80144	128	10000000	100                              	2	600	40205768	4954848	1246
0.02	300	25637	9154	508	206	80606	128	10000000	100                              	2	600	41181341	4905481	1274
0.02	300	18641	6165	426	203	80123	128	10000000	100                              	2	600	39087391	4940885	1468
0.02	300	18511	4401	374	133	79896	128	10000000	100                              	2	600	37518049	5060438	1094
0.02	300	18686	5757	380	136	79925	128	10000000	100                              	2	600	37325318	4957623	1248
0.02	300	19393	7616	400	186	80067	128	10000000	100                              	2	600	40731140	5043744	960
0.02	300	18200	6879	386	185	79927	128	10000000	100                              	2	600	40528201	4915771	1232
0.02	300	16448	7071	360	181	79851	128	10000000	100                              	2	600	39062871	4931408	1224
0.02	300	21308	6705	429	197	80225	128	10000000	100                              	2	600	39877599	4990103	1312
0.02	300	26231	8252	547	187	80834	128	10000000	100                              	2	600	40762891	4875572	1280
0.02	300	24741	6938	518	193	80709	128	10000000	100                              	2	600	38862904	4928121	1210
0.02	300	20934	6930	416	185	80212	128	10000000	100                              	2	600	38566367	4946794	1220
0.02	300	17196	6014	384	173	79994	128	10000000	100                              	2	600	40818631	5003689	1382
0.02	300	19656	5143	401	139	80021	128	10000000	100                              	2	600	39044985	4898886	1244
0.02	300	24324	7495	472	196	80449	128	10000000	100                              	2	600	39807877	4916097	1392
0.02	300	20319	6714	384	193	79991	128	10000000	100                              	2	600	38925011	4963335	1386
0.02	300	21354	6455	432	170	80295	128	10000000	100                              	2	600	39012969	4907739	1088
0.02	300	25944	9205	476	221	80486	128	10000000	100                              	2	600	41938119	4935291	1042
0.02	300	18368	6801	396	171	80022	128	10000000	100                              	2	600	39186083	4919252	1300
0.02	300	21551	7338	443	179	80358	128	10000000	100                              	2	600	38326241	4880748	1258
0.02	300	19801	5781	428	189	80129	128	10000000	100                              	2	600	37038983	5054233	1208
0.02	300	23637	7699	457	204	80351	128	10000000	100                              	2	600	39516127	4914272	1254
0.02	300	18011	6399	374	152	79936	128	10000000	100                              	2	600	39306907	4921508	1458
0.02	300	28380	8529	570	207	80915	128	10000000	100                              	2	600	39728903	4903006	1422
0.02	300	15643	5145	330	153	79689	128	10000000	100                              	2	600	39052318	4971694	974
0.02	300	15825	4809	308	110	79561	128	10000000	100                              	2	600	39609913	5100042	1428
0.02	300	20829	7032	430	182	80246	128	10000000	100                              	2	600	38410670	4908613	1424
0.02	300	18183	6061	367	153	79847	128	10000000	100                              	2	600	38924405	4910080	984
0.02	300	21186	9437	406	205	80191	128	10000000	100                              	2	600	39420805	4887103	1238
0.02	300	21386	4873	439	160	80261	128	10000000	100                              	2	600	38945528	4948699	964
0.02	300	17743	4988	358	149	79873	128	10000000	100                              	2	600	36706993	4924636	1036
0.02	300	18328	7607	391	182	79995	128	10000000	100                              	2	600	40059123	4969872	1258
0.02	300	25866	6730	538	185	80751	128	10000000	100                              	2	600	40616901	4910767	1220
0.02	300	22357	6497	462	172	80365	128	10000000	100                              	2	600	39372644	4903705	1334
0.02	300	17554	4252	366	146	79857	128	10000000	100                              	2	600	36672085	4976190	1118
0.02	300	19937	6750	377	176	79993	128	10000000	100                              	2	600	38404076	4898015	1030
0.02	300	22939	7206	456	195	80307	128	10000000	100                              	2	600	40337491	4899881	1204
0.02	300	22349	6716	444	175	80317	128	10000000	100                              	2	600	39659367	5179463	1456
0.02	300	18354	6090	393	153	79967	128	10000000	100                              	2	600	38523350	4959285	1522
0.02	300	18139	4498	377	142	79940	128	10000000	100                              	2	600	38442928	4993111	1202
0.02	300	19696	6248	404	151	80072	128	10000000	100                              	2	600	39288609	4948816	1360
0.02	300	23036	6932	476	199	80432	128	10000000	100                              	2	600	40365384	4913309	1462
0.02	300	21547	6641	437	196	80275	128	10000000	100                              	2	600	39322334	5039383	1452
0.02	300	21452	5997	430	156	80208	128	10000000	100                              	2	600	39525704	4936071	1514
0.02	300	24219	8389	469	183	80419	128	10000000	100                              	2	600	38865660	4886312	1234
0.02	300	21121	6593	455	176	80282	128	10000000	100                              	2	600	37058974	4929386	1320
0.02	300	19275	5001	393	150	80037	128	10000000	100                              	2	600	39982395	4935734	1156
0.02	300	17748	5640	391	165	80050	128	10000000	100                              	2	600	37342890	4907290	1276
0.02	300	18618	4698	382	143	79975	128	10000000	100                              	2	600	37301014	5028065	1230
0.02	300	27611	8163	549	204	80830	128	10000000	100                              	2	600	39469744	5044531	1246
0.02	300	21480	7162	415	185	80215	128	10000000	100                              	2	600	39230455	4913306	1242
0.02	300	17358	4777	382	144	79907	128	10000000	100                              	2	600	36710272	4975711	1222
0.02	300	22878	7836	432	191	80269	128	10000000	100                              	2	600	39986173	4890092	1270
0.02	300	21688	6732	427	165	80225	128	10000000	100                              	2	600	37950130	4949707	982
0.02	300	22270	5722	449	157	80270	128	10000000	100                              	2	600	37394972	4899984	964
0.02	300	22649	5572	449	144	80342	128	10000000	100                              	2	600	38706622	4910809	902
0.02	300	20839	5400	441	170	80281	128	10000000	100                              	2	600	38194321	4890338	1236
0.02	300	21825	6375	419	209	80250	128	10000000	100                              	2	600	39115931	4878645	1286
0.02	300	17551	5597	361	132	79869	128	10000000	100                              	2	600	37691128	5022664	1372
