0.02	10	44929	23762	931	655	39484	256	10000000	100                              	2	20	47640085	4997310	62
0.02	10	47744	26207	1028	737	39513	256	10000000	100                              	2	20	48673547	4972472	66
0.02	10	42838	24636	827	564	39459	256	10000000	100                              	2	20	48513838	4964794	58
0.02	10	44717	23821	874	596	39477	256	10000000	100                              	2	20	48456029	4978099	68
0.02	10	50438	27519	1029	756	39534	256	10000000	100                              	2	20	48162128	4957008	64
0.02	10	43405	22795	879	625	39468	256	10000000	100                              	2	20	49053831	4996366	62
0.02	10	51432	28674	1056	769	39544	256	10000000	100                              	2	20	50125107	4958927	62
0.02	10	43161	24188	881	641	39466	256	10000000	100                              	2	20	48715570	4996204	66
0.02	10	45522	25186	927	662	39488	256	10000000	100                              	2	20	47681887	4972212	62
0.02	10	49709	27709	1012	746	39528	256	10000000	100                              	2	20	48122979	4972777	62
0.02	10	42949	24276	860	605	39463	256	10000000	100                              	2	20	47577752	4961916	56
0.02	10	44725	23774	963	646	39485	256	10000000	100                              	2	20	49273702	4994719	76
0.02	10	45262	26472	929	639	39486	256	10000000	100                              	2	20	48798783	4975258	66
0.02	10	46321	22953	927	590	39494	256	10000000	100                              	2	20	47373162	4958631	60
0.02	10	46200	25916	952	689	39496	256	10000000	100                              	2	20	47872326	4976740	48
0.02	10	49181	25971	979	668	39521	256	10000000	100                              	2	20	48683950	4973465	56
0.02	10	43211	23820	856	630	39465	256	10000000	100                              	2	20	48363128	4966188	56
0.02	10	50767	27007	999	718	39534	256	10000000	100                              	2	20	49265182	4979896	78
0.02	10	40441	20620	855	595	39443	256	10000000	100                              	2	20	47139703	4970798	56
0.02	10	48111	26161	999	683	39514	256	10000000	100                              	2	20	49088468	4970809	64
0.02	10	50067	26042	1036	724	39532	256	10000000	100                              	2	20	48331285	4964072	70
0.02	10	48227	26632	961	689	39512	256	10000000	100                              	2	20	48012688	4962928	60
0.02	10	45163	24936	896	630	39483	256	10000000	100                              	2	20	47588464	4967611	58
0.02	10	41119	23037	825	559	39446	256	10000000	100                              	2	20	47683580	4976608	60
0.02	10	45264	25534	917	671	39485	256	10000000	100                              	2	20	49658535	4970436	60
0.02	10	45800	26510	902	665	39488	256	10000000	100                              	2	20	48789255	4969722	66
0.02	10	47998	26424	940	662	39509	256	10000000	100                              	2	20	48539755	4956668	60
0.02	10	51732	29206	1032	768	39545	256	10000000	100                              	2	20	48744564	5037510	60
0.02	10	47367	26729	942	671	39504	256	10000000	100                              	2	20	48923011	4960045	64
0.02	10	41305	18953	812	506	39446	256	10000000	100                              	2	20	45563977	5230132	62
0.02	10	43943	24466	861	612	39471	256	10000000	100                              	2	20	48608401	4978869	62
0.02	10	41039	23016	879	630	39450	256	10000000	100                              	2	20	48048756	5023323	64
0.02	10	48282	25832	1048	689	39518	256	10000000	100                              	2	20	49099225	4965020	62
0.02	10	42918	23213	937	658	39468	256	10000000	100                              	2	20	46535215	4963950	56
0.02	10	43182	25072	823	572	39462	256	10000000	100                              	2	20	48184123	4960445	62
0.02	10	44901	24394	899	634	39481	256	10000000	100                              	2	20	48642336	4969507	62
0.02	10	46409	24578	892	617	39492	256	10000000	100                              	2	20	48441504	4970710	56
0.02	10	38926	20583	800	563	39426	256	10000000	100                              	2	20	47388857	4994027	66
0.02	10	54725	26594	1145	745	39577	256	10000000	100                              	2	20	48131672	4950374	70
0.02	10	46251	26351	970	714	39497	256	10000000	100                              	2	20	48021753	4987810	62
0.02	10	43374	24597	862	627	39466	256	10000000	100                              	2	20	47343549	4960019	58
0.02	10	42886	25253	878	655	39464	256	10000000	100                              	2	20	48549660	5044964	58
0.02	10	49566	26176	1029	659	39527	256	10000000	100                              	2	20	48182141	4963815	66
0.02	10	45727	27086	869	651	39485	256	10000000	100                              	2	20	48855406	4996599	56
0.02	10	45714	24457	949	688	39491	256	10000000	100                              	2	20	48448918	4966006	62
0.02	10	45456	25821	899	653	39485	256	10000000	100                              	2	20	48788863	4965230	62
0.02	10	49933	27828	1053	732	39532	256	10000000	100                              	2	20	48998300	4953524	64
0.02	10	47396	27382	988	704	39507	256	10000000	100                              	2	20	50077110	4999115	54
0.02	10	46778	25290	910	672	39497	256	10000000	100                              	2	20	48416946	4959434	62
0.02	10	48417	26625	921	640	39510	256	10000000	100                              	2	20	48631688	4960050	68
0.02	10	41073	22858	812	581	39445	256	10000000	100                              	2	20	47064039	4964244	54
0.02	10	45717	25417	970	691	39493	256	10000000	100                              	2	20	49284542	4972411	58
0.02	10	42760	23668	891	623	39464	256	10000000	100                              	2	20	47298882	4961127	62
0.02	10	45813	25681	936	667	39491	256	10000000	100                              	2	20	49359402	4970301	74
0.02	10	46579	24877	965	661	39499	256	10000000	100                              	2	20	49374462	4971305	62
0.02	10	45518	24889	907	643	39486	256	10000000	100                              	2	20	48140920	4965370	60
0.02	10	45267	24474	966	680	39490	256	10000000	100                              	2	20	48623448	5054988	62
0.02	10	47153	24545	928	674	39501	256	10000000	100                              	2	20	47475946	4969206	64
0.02	10	40632	21198	846	560	39444	256	10000000	100                              	2	20	48156448	4973182	68
0.02	10	47597	26889	973	700	39508	256	10000000	100                              	2	20	46665787	4961973	58
0.02	10	38642	20306	846	558	39427	256	10000000	100                              	2	20	47297530	4987453	64
0.02	10	47560	26140	964	707	39507	256	10000000	100                              	2	20	47699961	4957197	56
0.02	10	47458	26542	986	700	39508	256	10000000	100                              	2	20	48118738	4959530	60
0.02	10	46377	26502	920	666	39494	256	10000000	100                              	2	20	49229773	4960788	72
0.02	10	47687	26410	915	656	39504	256	10000000	100                              	2	20	48762119	4980916	64
0.02	10	44597	25252	946	713	39483	256	10000000	100                              	2	20	48937777	5069652	68
0.02	10	41735	22349	845	592	39452	256	10000000	100                              	2	20	46876613	4964346	58
0.02	10	45624	25509	967	697	39491	256	10000000	100                              	2	20	48225389	4966114	64
0.02	10	46247	24228	959	669	39497	256	10000000	100                              	2	20	47062643	5039526	68
0.02	10	47964	25559	955	679	39510	256	10000000	100                              	2	20	48467979	4960832	64
0.02	10	45861	26095	926	683	39491	256	10000000	100                              	2	20	48748414	5029328	62
0.02	10	50757	28164	1012	721	39536	256	10000000	100                              	2	20	48196926	4961611	66
0.02	10	45994	26888	943	680	39492	256	10000000	100                              	2	20	47623756	4978866	58
0.02	10	45375	23978	964	670	39490	256	10000000	100                              	2	20	47449262	4962063	60
0.02	10	46499	25244	991	672	39501	256	10000000	100                              	2	20	47449670	4966080	56
0.02	10	46857	28167	952	710	39500	256	10000000	100                              	2	20	48192158	5018636	62
0.02	10	44041	22360	902	599	39474	256	10000000	100                              	2	20	47171971	4984946	60
0.02	10	46010	24704	963	644	39494	256	10000000	100                              	2	20	48318790	5043890	58
0.02	10	43017	22450	895	596	39466	256	10000000	100                              	2	20	46493349	5602978	70
0.02	10	53003	29578	1127	768	39562	256	10000000	100                              	2	20	50463365	4983197	68
0.02	10	45833	24554	967	662	39494	256	10000000	100                              	2	20	48021484	4977984	64
0.02	10	45725	25318	926	669	39489	256	10000000	100                              	2	20	48449288	4963330	60
0.02	10	39849	24194	804	613	39434	256	10000000	100                              	2	20	48912495	4967132	62
0.02	10	44680	24752	913	626	39480	256	10000000	100                              	2	20	47377942	5427366	54
0.02	10	49692	27998	1050	760	39530	256	10000000	100                              	2	20	48439109	5053012	62
0.02	10	44431	25141	890	593	39476	256	10000000	100                              	2	20	48607650	4967392	62
0.02	10	46959	25940	912	672	39498	256	10000000	100                              	2	20	48954408	4969500	64
0.02	10	41490	23406	853	598	39451	256	10000000	100                              	2	20	47286661	4986551	56
0.02	10	47402	27428	916	675	39502	256	10000000	100                              	2	20	47854536	4966753	56
0.02	10	43579	23352	876	614	39468	256	10000000	100                              	2	20	46936396	5124573	62
0.02	10	45056	24737	899	650	39482	256	10000000	100                              	2	20	47106144	4998085	56
0.02	10	33694	19328	727	491	39380	256	10000000	100                              	2	20	47271647	4983820	58
0.02	10	53975	25506	1102	696	39568	256	10000000	100                              	2	20	48666318	4986406	64
0.02	10	49550	27416	990	695	39524	256	10000000	100                              	2	20	48312463	4999560	64
0.02	10	43105	26466	884	651	39466	256	10000000	100                              	2	20	48950670	4965581	60
0.02	10	50341	27916	992	702	39531	256	10000000	100                              	2	20	47564456	4963135	58
0.02	10	44802	21391	913	614	39481	256	10000000	100                              	2	20	46844024	5145401	64
0.02	10	41265	21842	795	527	39445	256	10000000	100                              	2	20	47206372	4970124	66
0.02	10	45743	25278	884	620	39487	256	10000000	100                              	2	20	49311596	4966576	62
0.02	10	41788	22009	822	547	39451	256	10000000	100                              	2	20	47735071	4991296	54
0.02	100	42715	19294	865	413	40013	256	10000000	100                              	2	200	44929528	4947682	428
0.02	100	46252	19432	903	432	40071	256	10000000	100                              	2	200	45807845	4895426	422
0.02	100	42277	15624	891	436	40013	256	10000000	100                              	2	200	44891146	4929372	550
0.02	100	40838	19120	874	442	39990	256	10000000	100                              	2	200	45577710	5103795	466
0.02	100	39883	15419	781	369	39928	256	10000000	100                              	2	200	44818518	4935393	612
0.02	100	43017	17027	818	406	39973	256	10000000	100                              	2	200	45298771	4945109	422
0.02	100	46652	19262	990	450	40127	256	10000000	100                              	2	200	46012067	4969523	464
0.02	100	41132	17805	879	443	40008	256	10000000	100                              	2	200	45024513	4945400	414
0.02	100	43466	17774	889	421	40040	256	10000000	100                              	2	200	45183728	4974515	480
0.02	100	46540	17467	930	444	40083	256	10000000	100                              	2	200	46372427	4978797	420
0.02	100	42019	13860	903	347	40026	256	10000000	100                              	2	200	44619999	5216704	428
0.02	100	37871	17608	784	388	39906	256	10000000	100                              	2	200	45144591	4924183	442
0.02	100	40327	17156	857	419	39995	256	10000000	100                              	2	200	45118773	4927565	426
0.02	100	45982	19456	904	424	40056	256	10000000	100                              	2	200	46953618	4919752	458
0.02	100	40811	15947	831	382	39965	256	10000000	100                              	2	200	43377315	5018472	412
0.02	100	39937	18366	836	440	39973	256	10000000	100                              	2	200	48195851	4951604	580
0.02	100	41702	18772	833	405	39976	256	10000000	100                              	2	200	46332290	4915302	454
0.02	100	40625	16165	850	394	39988	256	10000000	100                              	2	200	45320677	5018498	446
0.02	100	41488	17954	862	378	39992	256	10000000	100                              	2	200	46149336	4937587	458
0.02	100	36807	13620	740	354	39881	256	10000000	100                              	2	200	43528798	4948962	466
0.02	100	43681	21476	936	499	40078	256	10000000	100                              	2	200	49035717	4962140	414
0.02	100	45493	17916	880	415	40046	256	10000000	100                              	2	200	45669253	4955412	472
0.02	100	40539	16656	815	415	39955	256	10000000	100                              	2	200	45653321	5136642	428
0.02	100	33573	14032	666	333	39784	256	10000000	100                              	2	200	43416251	4938915	444
0.02	100	45728	16071	885	405	40040	256	10000000	100                              	2	200	45830077	4936791	418
0.02	100	44034	19462	873	421	40009	256	10000000	100                              	2	200	45896723	4978610	528
0.02	100	44373	17132	893	425	40051	256	10000000	100                              	2	200	46060685	4940158	416
0.02	100	45121	18285	928	432	40069	256	10000000	100                              	2	200	47292072	4913806	466
0.02	100	44373	16265	854	403	40020	256	10000000	100                              	2	200	44174106	4926515	448
0.02	100	43814	17686	906	412	40049	256	10000000	100                              	2	200	46181624	4914427	428
0.02	100	43975	18700	920	413	40051	256	10000000	100                              	2	200	45176472	4926241	422
0.02	100	44268	19127	862	416	40019	256	10000000	100                              	2	200	45451263	4949364	412
0.02	100	43939	17961	889	445	40049	256	10000000	100                              	2	200	45728440	5080255	450
0.02	100	41543	17559	875	414	39999	256	10000000	100                              	2	200	45660487	4913918	522
0.02	100	43894	18224	895	436	40039	256	10000000	100                              	2	200	46221238	4909922	410
0.02	100	44723	18412	893	442	40041	256	10000000	100                              	2	200	44876232	4928807	506
0.02	100	38306	12815	733	331	39877	256	10000000	100                              	2	200	44246598	4936564	418
0.02	100	41829	17027	818	389	39960	256	10000000	100                              	2	200	45236010	4962287	436
0.02	100	40772	17780	841	408	39969	256	10000000	100                              	2	200	45735367	4946207	492
0.02	100	39811	15792	804	398	39950	256	10000000	100                              	2	200	44834027	5016650	448
0.02	100	41203	16864	805	392	39951	256	10000000	100                              	2	200	44631593	4920838	468
0.02	100	39636	15540	748	386	39898	256	10000000	100                              	2	200	43926893	4930552	424
0.02	100	43034	18841	821	446	39977	256	10000000	100                              	2	200	45142714	4918751	534
0.02	100	40450	15257	821	386	39955	256	10000000	100                              	2	200	44520104	4935237	418
0.02	100	36676	13893	793	347	39905	256	10000000	100                              	2	200	43502847	4949867	498
0.02	100	41424	15551	859	397	40003	256	10000000	100                              	2	200	44627849	5142757	422
0.02	100	41549	17668	854	421	39986	256	10000000	100                              	2	200	45537138	4994889	502
0.02	100	40677	17852	846	381	39975	256	10000000	100                              	2	200	47469234	4937471	450
0.02	100	40138	17893	815	371	39942	256	10000000	100                              	2	200	45190219	4908700	420
0.02	100	45071	18712	915	420	40069	256	10000000	100                              	2	200	44730868	4918296	562
0.02	100	42625	17870	832	419	39988	256	10000000	100                              	2	200	46626637	4912571	456
0.02	100	44031	18518	867	401	40022	256	10000000	100                              	2	200	46006059	4966300	512
0.02	100	44096	17483	902	417	40038	256	10000000	100                              	2	200	46170166	5040409	424
0.02	100	41599	16092	827	385	39965	256	10000000	100                              	2	200	44348911	4930699	518
0.02	100	41913	16831	844	418	39978	256	10000000	100                              	2	200	44455166	4927418	476
0.02	100	36831	15526	771	387	39910	256	10000000	100                              	2	200	45395780	5232328	456
0.02	100	43987	16717	931	401	40070	256	10000000	100                              	2	200	46242877	4957639	448
0.02	100	43329	14664	855	422	40013	256	10000000	100                              	2	200	44862004	5013731	462
0.02	100	45122	17212	897	402	40051	256	10000000	100                              	2	200	44530250	4923811	468
0.02	100	43785	20118	912	463	40051	256	10000000	100                              	2	200	46687673	4923227	438
0.02	100	44764	17872	956	427	40089	256	10000000	100                              	2	200	46414508	4943816	422
0.02	100	43911	17282	895	414	40042	256	10000000	100                              	2	200	45319494	4960062	436
0.02	100	43956	19247	919	460	40060	256	10000000	100                              	2	200	45581909	4911025	456
0.02	100	37122	15120	768	389	39901	256	10000000	100                              	2	200	43656068	4921504	420
0.02	100	38682	15247	823	364	39946	256	10000000	100                              	2	200	45688436	5036073	460
0.02	100	50335	15390	987	389	40172	256	10000000	100                              	2	200	45538711	4978142	586
0.02	100	44079	17572	961	452	40086	256	10000000	100                              	2	200	47028134	5005179	424
0.02	100	42578	14369	862	393	40001	256	10000000	100                              	2	200	45260268	5637480	406
0.02	100	48998	21044	942	457	40111	256	10000000	100                              	2	200	46913531	4899769	500
0.02	100	38464	14734	760	388	39899	256	10000000	100                              	2	200	44468964	4953238	424
0.02	100	46854	18104	986	414	40122	256	10000000	100                              	2	200	46772019	4903927	502
0.02	100	42062	14450	857	420	40009	256	10000000	100                              	2	200	43989563	4939241	492
0.02	100	45647	18602	906	445	40059	256	10000000	100                              	2	200	44371759	5013543	470
0.02	100	38419	15460	794	405	39927	256	10000000	100                              	2	200	44296333	4925070	522
0.02	100	38725	17765	802	408	39935	256	10000000	100                              	2	200	45277816	4910835	450
0.02	100	46483	19871	937	420	40080	256	10000000	100                              	2	200	46710670	4922068	420
0.02	100	35535	15847	738	374	39860	256	10000000	100                              	2	200	46455118	4971724	420
0.02	100	40257	15889	825	368	39956	256	10000000	100                              	2	200	43749579	4935536	438
0.02	100	41633	16293	852	414	39992	256	10000000	100                              	2	200	44776615	4936940	440
0.02	100	42893	16734	843	393	39989	256	10000000	100                              	2	200	45382377	4936525	434
0.02	100	36823	15376	768	390	39899	256	10000000	100                              	2	200	45700063	4928808	434
0.02	100	35626	12764	713	325	39830	256	10000000	100                              	2	200	44321776	4948711	458
0.02	100	46911	19231	919	446	40095	256	10000000	100                              	2	200	45143950	5066727	426
0.02	100	40916	16768	858	386	39989	256	10000000	100                              	2	200	45315316	4924739	428
0.02	100	37997	12805	810	367	39928	256	10000000	100                              	2	200	45492002	4941577	510
0.02	100	45187	17135	896	389	40049	256	10000000	100                              	2	200	45421119	4920113	464
0.02	100	42161	14992	882	383	40007	256	10000000	100                              	2	200	43703903	4916981	464
0.02	100	44258	14759	923	405	40064	256	10000000	100                              	2	200	45051040	4936203	456
0.02	100	42218	15076	802	368	39961	256	10000000	100                              	2	200	43810994	5010822	422
0.02	100	42297	14003	843	365	39986	256	10000000	100                              	2	200	42819165	4957788	424
0.02	100	42409	16270	843	382	39998	256	10000000	100                              	2	200	44476210	5065462	604
0.02	100	38668	13579	773	376	39918	256	10000000	100                              	2	200	43457418	5038988	428
0.02	100	44696	19240	856	445	40015	256	10000000	100                              	2	200	46044301	4986860	544
0.02	100	39021	14564	760	365	39902	256	10000000	100                              	2	200	44326565	4939664	412
0.02	100	39371	15637	808	330	39940	256	10000000	100                              	2	200	44498222	4970084	470
0.02	100	42329	16878	857	424	40012	256	10000000	100                              	2	200	43650125	4916189	480
0.02	100	44590	18393	916	426	40064	256	10000000	100                              	2	200	45526714	4914887	490
0.02	100	42836	16097	833	375	39986	256	10000000	100                              	2	200	44405775	4957884	450
0.02	100	47594	20578	972	455	40134	256	10000000	100                              	2	200	45828006	4903975	600
0.02	100	41722	16289	870	391	40005	256	10000000	100                              	2	200	44949599	4940468	424
0.02	200	40034	10689	777	281	40455	256	10000000	100                              	2	400	43599525	4928090	1212
0.02	200	32550	11169	682	254	40234	256	10000000	100                              	2	400	43313207	5002514	834
0.02	200	33561	11018	703	242	40258	256	10000000	100                              	2	400	45570003	4920607	822
0.02	200	43962	15082	898	331	40631	256	10000000	100                              	2	400	45788119	4873086	1030
0.02	200	37997	13762	771	325	40426	256	10000000	100                              	2	400	44771250	4888535	974
0.02	200	45566	14927	947	320	40738	256	10000000	100                              	2	400	46611018	4896279	978
0.02	200	37874	12079	760	295	40387	256	10000000	100                              	2	400	45002276	4951203	896
0.02	200	38064	13871	816	306	40464	256	10000000	100                              	2	400	43602011	5034514	880
0.02	200	39383	16932	822	378	40492	256	10000000	100                              	2	400	45832168	5028771	944
0.02	200	39858	12143	864	314	40552	256	10000000	100                              	2	400	43799955	4902641	850
0.02	200	44264	13725	871	347	40649	256	10000000	100                              	2	400	45908726	5009259	838
0.02	200	37704	12687	727	305	40342	256	10000000	100                              	2	400	44350867	4871794	842
0.02	200	41495	10833	814	261	40501	256	10000000	100                              	2	400	44338317	4953069	994
0.02	200	43726	16894	913	355	40661	256	10000000	100                              	2	400	46737140	4904784	834
0.02	200	40853	15229	887	364	40605	256	10000000	100                              	2	400	45543819	4926453	934
0.02	200	46368	13074	915	316	40671	256	10000000	100                              	2	400	43824967	4875372	860
0.02	200	40436	13743	810	344	40476	256	10000000	100                              	2	400	44266393	4912284	910
0.02	200	45217	14788	932	331	40696	256	10000000	100                              	2	400	45027239	4848478	826
0.02	200	41679	13831	845	312	40521	256	10000000	100                              	2	400	43834721	4888569	808
0.02	200	38330	11852	822	322	40455	256	10000000	100                              	2	400	44282445	4883660	888
0.02	200	41427	14460	904	321	40590	256	10000000	100                              	2	400	44149119	4947587	914
0.02	200	45347	14891	947	341	40750	256	10000000	100                              	2	400	45098314	4907317	876
0.02	200	41598	18301	824	365	40554	256	10000000	100                              	2	400	46274749	4850229	922
0.02	200	42745	11265	839	264	40508	256	10000000	100                              	2	400	44730583	4910395	1114
0.02	200	42442	14899	897	374	40606	256	10000000	100                              	2	400	45180403	4918705	824
0.02	200	35937	13990	754	307	40397	256	10000000	100                              	2	400	46309618	4946239	802
0.02	200	42923	16521	879	383	40621	256	10000000	100                              	2	400	45802707	5037918	958
0.02	200	39665	13242	843	369	40529	256	10000000	100                              	2	400	44261092	4922847	842
0.02	200	35715	13706	756	315	40354	256	10000000	100                              	2	400	44653022	4911693	938
0.02	200	41896	15665	845	336	40545	256	10000000	100                              	2	400	44813946	4944724	978
0.02	200	38805	13343	781	340	40421	256	10000000	100                              	2	400	44110982	4882431	840
0.02	200	47458	15098	953	364	40757	256	10000000	100                              	2	400	44605649	4891372	888
0.02	200	38962	13724	813	315	40471	256	10000000	100                              	2	400	46439244	4899383	956
0.02	200	40830	11756	846	309	40534	256	10000000	100                              	2	400	44930149	4877346	864
0.02	200	41422	15142	886	341	40609	256	10000000	100                              	2	400	44602079	4875313	822
0.02	200	41536	15412	887	362	40606	256	10000000	100                              	2	400	46390037	4865914	898
0.02	200	36188	14449	770	354	40389	256	10000000	100                              	2	400	44992166	4906470	848
0.02	200	37175	12765	809	299	40471	256	10000000	100                              	2	400	45032967	4921021	850
0.02	200	43292	15064	892	324	40641	256	10000000	100                              	2	400	45122539	4901758	986
0.02	200	41096	14430	854	334	40549	256	10000000	100                              	2	400	43918468	4845316	868
0.02	200	40512	14538	812	344	40505	256	10000000	100                              	2	400	44618960	4922108	794
0.02	200	39077	14750	781	330	40437	256	10000000	100                              	2	400	44749540	4901746	864
0.02	200	38321	13824	829	349	40477	256	10000000	100                              	2	400	45873454	4893550	878
0.02	200	40797	13166	787	327	40471	256	10000000	100                              	2	400	44245422	4871024	900
0.02	200	36353	8803	720	240	40292	256	10000000	100                              	2	400	43789272	5037281	928
0.02	200	41121	9578	800	283	40481	256	10000000	100                              	2	400	42243677	4876923	870
0.02	200	45011	16447	866	371	40606	256	10000000	100                              	2	400	46376119	4886778	962
0.02	200	37757	14568	738	332	40379	256	10000000	100                              	2	400	44883142	4899375	936
0.02	200	42615	12758	840	283	40552	256	10000000	100                              	2	400	44998703	4968739	870
0.02	200	38327	13406	798	304	40464	256	10000000	100                              	2	400	44054312	4862070	774
0.02	200	45465	16033	886	342	40598	256	10000000	100                              	2	400	45178190	4864722	916
0.02	200	42138	16069	858	344	40558	256	10000000	100                              	2	400	45672404	4855465	988
0.02	200	37428	14339	753	308	40370	256	10000000	100                              	2	400	43822444	5015539	930
0.02	200	40313	12772	824	337	40517	256	10000000	100                              	2	400	44527704	4941671	948
0.02	200	33462	13319	726	332	40319	256	10000000	100                              	2	400	45254723	4969302	906
0.02	200	40196	17041	800	343	40517	256	10000000	100                              	2	400	45010060	5133449	978
0.02	200	43137	13565	850	300	40558	256	10000000	100                              	2	400	45248891	4971076	900
0.02	200	38262	11309	737	301	40363	256	10000000	100                              	2	400	43581587	4981731	938
0.02	200	42098	15365	830	326	40534	256	10000000	100                              	2	400	45521105	4846290	896
0.02	200	40597	11747	833	285	40510	256	10000000	100                              	2	400	43165051	5045321	984
0.02	200	42969	13554	885	327	40600	256	10000000	100                              	2	400	44741393	4883373	1002
0.02	200	42086	16248	835	339	40542	256	10000000	100                              	2	400	45305903	4879471	812
0.02	200	41058	11011	814	230	40484	256	10000000	100                              	2	400	45495999	4947011	998
0.02	200	45688	13875	914	339	40667	256	10000000	100                              	2	400	46044087	4948939	950
0.02	200	36329	12525	784	291	40411	256	10000000	100                              	2	400	43986430	4885654	878
0.02	200	47207	14595	918	334	40685	256	10000000	100                              	2	400	45095471	4918723	896
0.02	200	40829	13816	776	325	40486	256	10000000	100                              	2	400	43607108	4862391	960
0.02	200	45705	16028	1008	406	40813	256	10000000	100                              	2	400	46464834	4896440	812
0.02	200	44721	13180	919	342	40663	256	10000000	100                              	2	400	43459719	4890251	802
0.02	200	44178	17326	891	369	40651	256	10000000	100                              	2	400	46642856	4936422	882
0.02	200	43453	14509	910	341	40648	256	10000000	100                              	2	400	47256027	4918460	838
0.02	200	41592	16871	811	370	40538	256	10000000	100                              	2	400	44030357	4846420	868
0.02	200	40537	15032	848	335	40513	256	10000000	100                              	2	400	44304326	4857257	890
0.02	200	42879	17008	901	389	40665	256	10000000	100                              	2	400	45566737	4875666	864
0.02	200	48598	13781	984	322	40817	256	10000000	100                              	2	400	44398210	4842438	998
0.02	200	36952	13630	760	315	40375	256	10000000	100                              	2	400	45374187	4872669	970
0.02	200	38676	15426	851	340	40525	256	10000000	100                              	2	400	44160553	4904106	836
0.02	200	41082	17819	843	346	40531	256	10000000	100                              	2	400	47010395	4916244	912
0.02	200	43737	12888	976	356	40736	256	10000000	100                              	2	400	43796146	4878404	972
0.02	200	40093	14024	852	345	40535	256	10000000	100                              	2	400	44607201	5233590	822
0.02	200	36387	14277	756	313	40368	256	10000000	100                              	2	400	44277136	5038633	1014
0.02	200	43373	14854	936	342	40698	256	10000000	100                              	2	400	44220022	4845052	900
0.02	200	48970	14410	1013	354	40847	256	10000000	100                              	2	400	45034076	4879974	844
0.02	200	41880	14938	859	392	40628	256	10000000	100                              	2	400	46221779	4859244	880
0.02	200	37177	12546	763	331	40369	256	10000000	100                              	2	400	44158046	4929702	864
0.02	200	47094	18889	916	384	40721	256	10000000	100                              	2	400	45583719	4916692	1072
0.02	200	38843	11778	771	290	40415	256	10000000	100                              	2	400	44432084	4901486	884
0.02	200	41551	12567	834	308	40540	256	10000000	100                              	2	400	44691534	4942190	878
0.02	200	41814	13387	846	329	40561	256	10000000	100                              	2	400	44459569	4842997	818
0.02	200	46107	15987	965	373	40768	256	10000000	100                              	2	400	45354986	4856624	900
0.02	200	41959	16435	865	384	40613	256	10000000	100                              	2	400	45938833	4848360	854
0.02	200	45611	18958	910	389	40676	256	10000000	100                              	2	400	48579770	4918402	956
0.02	200	38078	13365	837	318	40524	256	10000000	100                              	2	400	44502606	4857683	830
0.02	200	40942	15089	812	330	40492	256	10000000	100                              	2	400	45565263	4905454	806
0.02	200	34045	12287	698	281	40298	256	10000000	100                              	2	400	43541300	4900752	930
0.02	200	45465	15668	926	381	40703	256	10000000	100                              	2	400	45179366	5006573	874
0.02	200	37175	13787	758	321	40397	256	10000000	100                              	2	400	45595273	4996151	986
0.02	200	40956	14993	841	350	40554	256	10000000	100                              	2	400	44121566	4921286	850
0.02	200	42769	13596	851	303	40559	256	10000000	100                              	2	400	44937214	5223894	830
0.02	200	45120	15430	914	356	40684	256	10000000	100                              	2	400	45181449	4920894	880
0.02	300	45590	16191	951	339	41384	256	10000000	100                              	2	600	45814886	4787802	1216
0.02	300	39913	13800	798	270	40943	256	10000000	100                              	2	600	46090978	4858195	1342
0.02	300	40631	12898	817	279	41055	256	10000000	100                              	2	600	44343077	4848327	1500
0.02	300	42404	11765	822	291	41128	256	10000000	100                              	2	600	43783839	4890333	1642
0.02	300	37850	11583	819	282	41011	256	10000000	100                              	2	600	44077905	4869961	1274
0.02	300	38321	11904	796	300	40948	256	10000000	100                              	2	600	43896977	4803095	1320
0.02	300	43257	9159	917	269	41280	256	10000000	100                              	2	600	43850838	4879688	1264
0.02	300	38558	11570	794	261	40944	256	10000000	100                              	2	600	43209582	4980612	1284
0.02	300	35643	13954	752	292	40882	256	10000000	100                              	2	600	44456550	4826014	1222
0.02	300	41282	10590	790	255	40964	256	10000000	100                              	2	600	43546314	4905271	1222
0.02	300	41566	12040	866	301	41161	256	10000000	100                              	2	600	43884997	4854991	1352
0.02	300	41299	13064	862	295	41117	256	10000000	100                              	2	600	45135928	5054738	1354
0.02	300	39511	14835	824	298	41008	256	10000000	100                              	2	600	45970604	4814623	1224
0.02	300	34292	11871	688	294	40795	256	10000000	100                              	2	600	45017184	4833390	1348
0.02	300	41536	13978	789	286	40985	256	10000000	100                              	2	600	44025440	4790078	1252
0.02	300	46542	13218	953	342	41322	256	10000000	100                              	2	600	45100610	4869248	1322
0.02	300	37375	13580	741	307	40792	256	10000000	100                              	2	600	44652384	4864767	1220
0.02	300	38131	14391	790	298	40973	256	10000000	100                              	2	600	45608435	4826161	1218
0.02	300	39955	14981	790	318	40977	256	10000000	100                              	2	600	44626107	4841878	1290
0.02	300	41063	12046	824	298	41058	256	10000000	100                              	2	600	43970109	5029226	1256
0.02	300	38200	9804	762	224	40838	256	10000000	100                              	2	600	43141067	4853926	1428
0.02	300	40439	14135	812	283	41006	256	10000000	100                              	2	600	44825589	5052817	1364
0.02	300	34839	12377	755	305	40857	256	10000000	100                              	2	600	45182837	4867167	1372
0.02	300	36310	12310	788	258	40907	256	10000000	100                              	2	600	45377985	4843487	1310
0.02	300	37389	10789	725	273	40829	256	10000000	100                              	2	600	44285070	4871246	1440
0.02	300	41956	13976	878	311	41111	256	10000000	100                              	2	600	44787805	4798671	1222
0.02	300	40801	14287	889	299	41204	256	10000000	100                              	2	600	45343386	4803430	1358
0.02	300	36952	11827	811	256	40949	256	10000000	100                              	2	600	44406753	4962738	1212
0.02	300	46791	12546	974	255	41447	256	10000000	100                              	2	600	43657913	4949412	1364
0.02	300	41406	15523	860	306	41210	256	10000000	100                              	2	600	46047204	5106992	1240
0.02	300	43310	13977	849	269	41116	256	10000000	100                              	2	600	45796839	4876009	1346
0.02	300	36734	12370	758	265	40859	256	10000000	100                              	2	600	44381457	4839902	1400
0.02	300	37047	11520	755	263	40886	256	10000000	100                              	2	600	43269715	4863615	1350
0.02	300	33053	10844	664	265	40603	256	10000000	100                              	2	600	44127866	4876869	1246
0.02	300	38077	16179	808	325	41060	256	10000000	100                              	2	600	46112560	4858442	1370
0.02	300	38637	15822	780	300	40932	256	10000000	100                              	2	600	44548335	4846601	1240
0.02	300	37546	11777	801	275	40936	256	10000000	100                              	2	600	43894920	4878836	1278
0.02	300	38600	12616	787	275	40927	256	10000000	100                              	2	600	43842218	4802449	1290
0.02	300	39647	12859	817	288	40955	256	10000000	100                              	2	600	45047406	4874146	1392
0.02	300	41119	12754	811	301	40936	256	10000000	100                              	2	600	45035579	5005644	1408
0.02	300	37617	15413	781	307	40922	256	10000000	100                              	2	600	45529823	4970307	1366
0.02	300	39270	13780	834	292	41060	256	10000000	100                              	2	600	45594787	4922585	1412
0.02	300	46270	12289	902	294	41237	256	10000000	100                              	2	600	45274773	4800442	1382
0.02	300	44148	11821	922	289	41296	256	10000000	100                              	2	600	44361768	4930612	1362
0.02	300	34819	11665	738	242	40781	256	10000000	100                              	2	600	43825696	4854506	1246
0.02	300	43390	11908	852	282	41118	256	10000000	100                              	2	600	45625722	4854264	1218
0.02	300	42075	10743	862	282	41113	256	10000000	100                              	2	600	43679017	4877604	1402
0.02	300	42299	13101	897	302	41141	256	10000000	100                              	2	600	44170732	4807449	1290
0.02	300	39528	12660	762	291	40951	256	10000000	100                              	2	600	44379230	4855286	1326
0.02	300	35141	11804	745	286	40863	256	10000000	100                              	2	600	44994303	4954438	1274
0.02	300	36713	12480	766	285	40989	256	10000000	100                              	2	600	45129285	4856207	1356
0.02	300	36548	14590	775	281	40943	256	10000000	100                              	2	600	45267941	4822004	1328
0.02	300	38502	12288	779	277	40970	256	10000000	100                              	2	600	46218750	4949125	1270
0.02	300	41018	10563	847	282	41110	256	10000000	100                              	2	600	43674293	4894499	1370
0.02	300	41305	13117	849	278	41100	256	10000000	100                              	2	600	46057065	4814738	1278
0.02	300	42972	11563	944	281	41279	256	10000000	100                              	2	600	44703771	4884976	1232
0.02	300	47741	14232	930	284	41324	256	10000000	100                              	2	600	45936241	4782377	1244
0.02	300	39666	14463	819	325	41039	256	10000000	100                              	2	600	46263613	4853301	1230
0.02	300	34722	10931	714	243	40798	256	10000000	100                              	2	600	43229252	4952637	1312
0.02	300	34684	11608	735	280	40815	256	10000000	100                              	2	600	43849653	4833882	1492
0.02	300	34900	13696	719	253	40776	256	10000000	100                              	2	600	44354200	4846482	1370
0.02	300	38686	14996	759	341	40943	256	10000000	100                              	2	600	45759159	4911042	1210
0.02	300	35482	12473	748	263	40835	256	10000000	100                              	2	600	43203067	4877364	1248
0.02	300	36418	15521	753	298	40882	256	10000000	100                              	2	600	44127677	4815582	1152
0.02	300	38264	15055	777	324	41015	256	10000000	100                              	2	600	44847007	5118929	1248
0.02	300	41461	12292	882	283	41215	256	10000000	100                              	2	600	44260354	4830590	1432
0.02	300	48489	11994	971	323	41426	256	10000000	100                              	2	600	44773222	4779445	1276
0.02	300	35100	12494	765	293	40887	256	10000000	100                              	2	600	45022166	4923930	1264
0.02	300	41703	12596	832	271	41071	256	10000000	100                              	2	600	45576449	4822177	1286
0.02	300	38930	10705	771	226	40836	256	10000000	100                              	2	600	44857210	4893692	1270
0.02	300	38757	12722	816	292	41002	256	10000000	100                              	2	600	44458297	4842092	1248
0.02	300	41583	14856	847	289	41092	256	10000000	100                              	2	600	44842005	4822362	1408
0.02	300	33417	11421	698	262	40754	256	10000000	100                              	2	600	43860891	4929082	1426
0.02	300	39723	11494	836	256	41026	256	10000000	100                              	2	600	43872883	4815021	1238
0.02	300	32972	10099	701	244	40744	256	10000000	100                              	2	600	44500304	4947345	1292
0.02	300	37090	14290	795	295	40926	256	10000000	100                              	2	600	44870659	4871661	1234
0.02	300	38909	10331	788	244	40926	256	10000000	100                              	2	600	44296456	4830160	1232
0.02	300	33485	10781	723	264	40780	256	10000000	100                              	2	600	44482638	4862919	1210
0.02	300	46456	10944	908	251	41250	256	10000000	100                              	2	600	43857729	4845704	1258
0.02	300	38883	11989	763	296	40914	256	10000000	100                              	2	600	44893338	4907776	1308
0.02	300	42116	12422	778	280	40963	256	10000000	100                              	2	600	44684396	4824292	1210
0.02	300	43280	14716	847	281	41079	256	10000000	100                              	2	600	45116134	4853414	1592
0.02	300	41181	14106	844	302	41088	256	10000000	100                              	2	600	43986885	4893682	1428
0.02	300	42539	11091	848	289	41071	256	10000000	100                              	2	600	43100297	4849917	1242
0.02	300	39462	12425	799	308	40984	256	10000000	100                              	2	600	44729028	4852494	1226
0.02	300	38533	14296	793	278	40946	256	10000000	100                              	2	600	44180379	4825062	1346
0.02	300	34073	10528	717	246	40733	256	10000000	100                              	2	600	43331055	4852057	1308
0.02	300	42746	11569	858	238	41100	256	10000000	100                              	2	600	44017307	4913945	1352
0.02	300	35890	11707	778	280	40928	256	10000000	100                              	2	600	45180897	4837370	1322
0.02	300	34395	12460	698	242	40743	256	10000000	100                              	2	600	45058288	4859774	1300
0.02	300	42213	16935	916	319	41247	256	10000000	100                              	2	600	44716012	4887786	1288
0.02	300	46214	14237	944	315	41442	256	10000000	100                              	2	600	44150531	4819706	1204
0.02	300	37679	11814	776	279	40925	256	10000000	100                              	2	600	44072362	4834279	1220
0.02	300	39223	13508	836	313	41100	256	10000000	100                              	2	600	46000053	4995766	1408
0.02	300	43435	13720	847	297	41127	256	10000000	100                              	2	600	45209549	4863833	1256
0.02	300	44837	13513	856	306	41075	256	10000000	100                              	2	600	44561541	4835952	1146
0.02	300	37265	11642	750	285	40875	256	10000000	100                              	2	600	44392837	4838606	1376
0.02	300	42112	13376	876	285	41248	256	10000000	100                              	2	600	43519517	4896658	1250
0.02	300	42801	15151	875	316	41196	256	10000000	100                              	2	600	46473935	4869403	1382
0.02	300	36563	12853	754	295	40873	256	10000000	100                              	2	600	43657038	4855044	1236
