0.02	10	6955	3582	150	116	313027	32	10000000	100                              	2	20	30048739	4994167	46
0.02	10	8890	4257	175	140	313162	32	10000000	100                              	2	20	29824542	4991756	56
0.02	10	6383	2906	143	108	312987	32	10000000	100                              	2	20	30416195	4995895	50
0.02	10	6808	3457	135	111	313008	32	10000000	100                              	2	20	31437715	4993123	48
0.02	10	7834	3595	158	144	313087	32	10000000	100                              	2	20	31789398	4991434	48
0.02	10	6690	2806	117	101	312990	32	10000000	100                              	2	20	30705804	5067896	38
0.02	10	5996	2950	115	93	312945	32	10000000	100                              	2	20	29496851	4995679	46
0.02	10	5361	2936	112	98	312904	32	10000000	100                              	2	20	30113693	5017501	48
0.02	10	6162	2944	141	113	312971	32	10000000	100                              	2	20	29230142	4994764	46
0.02	10	7184	2823	119	91	313021	32	10000000	100                              	2	20	30485903	4996864	38
0.02	10	6475	2640	155	117	312999	32	10000000	100                              	2	20	29688146	5072761	50
0.02	10	5658	2520	112	87	312921	32	10000000	100                              	2	20	29037120	4994113	76
0.02	10	6544	3335	128	103	312986	32	10000000	100                              	2	20	31682339	4997534	64
0.02	10	7188	3913	154	122	313043	32	10000000	100                              	2	20	33771998	4992540	56
0.02	10	5828	2899	114	95	312932	32	10000000	100                              	2	20	30771772	5028623	58
0.02	10	5655	2829	129	103	312931	32	10000000	100                              	2	20	29635122	5009915	56
0.02	10	6620	3194	118	96	312984	32	10000000	100                              	2	20	31131847	4992998	42
0.02	10	6716	3475	152	115	313012	32	10000000	100                              	2	20	30027256	4992969	46
0.02	10	5074	2229	120	96	312891	32	10000000	100                              	2	20	28708784	5009183	56
0.02	10	5850	2627	107	91	312930	32	10000000	100                              	2	20	28755897	4993948	46
0.02	10	6032	2982	121	89	312951	32	10000000	100                              	2	20	31835895	4993658	64
0.02	10	7452	3285	137	108	313049	32	10000000	100                              	2	20	30139526	5066191	56
0.02	10	6243	2615	124	98	312964	32	10000000	100                              	2	20	29453118	5022535	52
0.02	10	8173	4138	144	121	313098	32	10000000	100                              	2	20	32745279	5000945	86
0.02	10	6339	2978	121	103	312971	32	10000000	100                              	2	20	28949678	4993352	54
0.02	10	6108	2941	120	98	312954	32	10000000	100                              	2	20	29910333	5008943	54
0.02	10	7585	4083	152	127	313066	32	10000000	100                              	2	20	31248736	4992176	64
0.02	10	7491	3348	146	120	313058	32	10000000	100                              	2	20	30352580	4993891	50
0.02	10	7313	4179	131	109	313037	32	10000000	100                              	2	20	33476252	4992342	40
0.02	10	5480	2527	109	83	312909	32	10000000	100                              	2	20	30836910	5015597	48
0.02	10	5958	3525	131	112	312951	32	10000000	100                              	2	20	31623158	4996344	44
0.02	10	7071	3261	161	124	313040	32	10000000	100                              	2	20	28909776	5054557	54
0.02	10	7152	3470	140	108	313032	32	10000000	100                              	2	20	29837214	5001030	42
0.02	10	4740	2718	97	88	312854	32	10000000	100                              	2	20	30828532	4995980	60
0.02	10	6473	3842	147	124	312995	32	10000000	100                              	2	20	33191827	4995713	44
0.02	10	5643	2105	119	94	312925	32	10000000	100                              	2	20	27484890	4995691	58
0.02	10	7500	3110	144	106	313057	32	10000000	100                              	2	20	28710464	4992176	48
0.02	10	7344	3478	139	103	313043	32	10000000	100                              	2	20	31416791	4995455	70
0.02	10	6786	3659	128	114	313003	32	10000000	100                              	2	20	30769402	5003838	46
0.02	10	4994	2506	103	83	312875	32	10000000	100                              	2	20	31076532	5178686	52
0.02	10	7012	3248	130	108	313018	32	10000000	100                              	2	20	31717766	4994810	54
0.02	10	7094	2702	147	106	313032	32	10000000	100                              	2	20	30907328	5030983	46
0.02	10	6860	3424	141	115	313015	32	10000000	100                              	2	20	32220196	4994792	46
0.02	10	7064	3731	151	122	313033	32	10000000	100                              	2	20	31604433	4997933	46
0.02	10	5277	3166	120	98	312902	32	10000000	100                              	2	20	30881060	4997498	42
0.02	10	6245	2413	117	86	312962	32	10000000	100                              	2	20	27773227	4993660	50
0.02	10	8522	3903	177	143	313140	32	10000000	100                              	2	20	30130430	5027589	42
0.02	10	5614	2922	112	83	312920	32	10000000	100                              	2	20	30281043	4994146	54
0.02	10	6228	2840	125	104	312965	32	10000000	100                              	2	20	29764158	4993395	62
0.02	10	6288	3596	119	100	312965	32	10000000	100                              	2	20	29531414	4993405	52
0.02	10	5535	2879	119	96	312918	32	10000000	100                              	2	20	30380869	4993962	64
0.02	10	7391	3372	158	118	313059	32	10000000	100                              	2	20	29942865	5009630	48
0.02	10	8385	3821	154	132	313119	32	10000000	100                              	2	20	31807154	5039739	84
0.02	10	7402	3473	145	102	313049	32	10000000	100                              	2	20	31812481	5009875	48
0.02	10	4878	2520	101	82	312866	32	10000000	100                              	2	20	28703574	4995497	56
0.02	10	7337	3701	130	107	313038	32	10000000	100                              	2	20	31219463	4993344	60
0.02	10	6024	3371	127	101	312953	32	10000000	100                              	2	20	31847627	4994933	48
0.02	10	4737	2281	85	67	312847	32	10000000	100                              	2	20	28739294	5049961	38
0.02	10	6984	3734	153	123	313031	32	10000000	100                              	2	20	31468858	5000063	64
0.02	10	5166	2889	113	93	312891	32	10000000	100                              	2	20	29839217	4996311	54
0.02	10	5493	2565	96	82	312902	32	10000000	100                              	2	20	26961027	4995758	48
0.02	10	6653	2615	122	96	312988	32	10000000	100                              	2	20	29007096	4993196	46
0.02	10	5860	2681	104	81	312930	32	10000000	100                              	2	20	29993837	4996466	46
0.02	10	6190	2784	113	86	312955	32	10000000	100                              	2	20	28414092	4994219	52
0.02	10	6489	3428	117	94	312977	32	10000000	100                              	2	20	30883260	4994470	48
0.02	10	6167	3005	127	106	312963	32	10000000	100                              	2	20	31491372	5009455	42
0.02	10	4483	2042	96	74	312839	32	10000000	100                              	2	20	30416754	4999705	52
0.02	10	7153	3267	138	111	313031	32	10000000	100                              	2	20	29675975	4992601	56
0.02	10	7479	3529	156	126	313062	32	10000000	100                              	2	20	32143249	4992104	50
0.02	10	5970	3218	129	97	312951	32	10000000	100                              	2	20	31849964	4994059	50
0.02	10	6599	3569	166	135	313014	32	10000000	100                              	2	20	32791400	4999060	40
0.02	10	7996	3826	147	119	313089	32	10000000	100                              	2	20	30795325	5001220	74
0.02	10	6910	2817	143	104	313018	32	10000000	100                              	2	20	30390160	4992727	46
0.02	10	6754	3370	139	109	313007	32	10000000	100                              	2	20	30958683	4998223	56
0.02	10	5398	2795	117	92	312907	32	10000000	100                              	2	20	30555356	4994325	50
0.02	10	7279	2938	117	89	313026	32	10000000	100                              	2	20	30033817	4993510	54
0.02	10	5799	2835	152	114	312953	32	10000000	100                              	2	20	29678516	5279404	52
0.02	10	5687	2666	102	81	312916	32	10000000	100                              	2	20	29441629	4995748	32
0.02	10	7349	3812	138	115	313043	32	10000000	100                              	2	20	29893102	4992415	66
0.02	10	7432	4004	153	131	313058	32	10000000	100                              	2	20	32728415	5024212	60
0.02	10	5894	3023	124	98	312944	32	10000000	100                              	2	20	30197562	4994731	50
0.02	10	7385	3362	140	111	313046	32	10000000	100                              	2	20	30920120	4992850	38
0.02	10	7742	4058	160	133	313082	32	10000000	100                              	2	20	31516752	4992792	38
0.02	10	7630	3365	145	114	313064	32	10000000	100                              	2	20	31067245	4991923	48
0.02	10	7210	3291	125	103	313025	32	10000000	100                              	2	20	30219569	5074181	42
0.02	10	6118	2955	122	98	312956	32	10000000	100                              	2	20	30019619	5000423	48
0.02	10	6232	3066	126	110	312965	32	10000000	100                              	2	20	30464948	4994047	40
0.02	10	4619	2486	109	92	312855	32	10000000	100                              	2	20	28114423	5001254	56
0.02	10	7818	3856	152	121	313081	32	10000000	100                              	2	20	31841323	4997592	58
0.02	10	6892	2513	137	95	313013	32	10000000	100                              	2	20	29425550	4993467	40
0.02	10	7347	3499	145	120	313048	32	10000000	100                              	2	20	29141558	5015441	34
0.02	10	6600	3326	145	115	313000	32	10000000	100                              	2	20	31858009	4998458	32
0.02	10	6675	3593	138	119	313002	32	10000000	100                              	2	20	31473205	4993472	44
0.02	10	4738	2502	115	91	312864	32	10000000	100                              	2	20	30389457	4994944	46
0.02	10	6373	2911	133	103	312979	32	10000000	100                              	2	20	29428733	4993826	46
0.02	10	8484	4165	151	132	313122	32	10000000	100                              	2	20	32175567	5013605	50
0.02	10	4671	2357	111	87	312859	32	10000000	100                              	2	20	29059180	5001247	68
0.02	10	6833	3058	154	114	313020	32	10000000	100                              	2	20	30529359	4992961	60
0.02	10	6093	2758	119	101	312953	32	10000000	100                              	2	20	27572024	5005599	56
0.02	10	6847	3107	138	109	313012	32	10000000	100                              	2	20	30555478	4993052	52
0.02	100	3986	1028	102	42	313318	32	10000000	100                              	2	200	27063214	4995944	390
0.02	100	5235	2089	112	69	313483	32	10000000	100                              	2	200	28629627	5033433	434
0.02	100	3158	1059	74	49	313131	32	10000000	100                              	2	200	24780180	5401709	346
0.02	100	7137	1707	144	74	313789	32	10000000	100                              	2	200	26528610	5052341	430
0.02	100	6798	2156	145	88	313785	32	10000000	100                              	2	200	31242459	5126253	412
0.02	100	5428	1885	104	66	313446	32	10000000	100                              	2	200	27624409	5039976	366
0.02	100	7643	1926	142	68	313799	32	10000000	100                              	2	200	28245591	4992168	352
0.02	100	6279	1921	97	62	313470	32	10000000	100                              	2	200	31117063	5013701	320
0.02	100	5262	1332	107	68	313440	32	10000000	100                              	2	200	26878986	5061074	366
0.02	100	5853	1507	121	72	313583	32	10000000	100                              	2	200	26555058	5007048	360
0.02	100	7164	2446	131	85	313722	32	10000000	100                              	2	200	28433460	4983037	366
0.02	100	6333	2029	133	80	313694	32	10000000	100                              	2	200	28715563	4984687	346
0.02	100	5616	1377	110	70	313505	32	10000000	100                              	2	200	25875517	4985212	348
0.02	100	7421	2164	149	85	313841	32	10000000	100                              	2	200	26539443	4980945	448
0.02	100	5607	1576	113	70	313520	32	10000000	100                              	2	200	29574066	4986188	422
0.02	100	8773	3099	166	102	314034	32	10000000	100                              	2	200	29095582	5964922	346
0.02	100	5418	1192	109	67	313466	32	10000000	100                              	2	200	27052407	5020807	426
0.02	100	4867	1771	98	61	313363	32	10000000	100                              	2	200	26948661	5003031	384
0.02	100	6397	1458	146	78	313745	32	10000000	100                              	2	200	27615036	5003087	388
0.02	100	7752	2033	156	91	313896	32	10000000	100                              	2	200	30160027	5017862	352
0.02	100	4868	1478	95	61	313336	32	10000000	100                              	2	200	27693665	4998415	408
0.02	100	7076	2067	150	79	313823	32	10000000	100                              	2	200	29960163	4982184	360
0.02	100	6390	2368	138	85	313694	32	10000000	100                              	2	200	29915678	4987871	298
0.02	100	5942	1708	134	86	313653	32	10000000	100                              	2	200	29814441	5044730	418
0.02	100	5852	1604	122	75	313573	32	10000000	100                              	2	200	26213131	5003120	382
0.02	100	4670	1496	89	59	313308	32	10000000	100                              	2	200	26142631	4987910	318
0.02	100	6090	1566	120	71	313579	32	10000000	100                              	2	200	26669187	5042220	410
0.02	100	7240	2099	144	72	313794	32	10000000	100                              	2	200	28356869	4980836	348
0.02	100	4627	1458	92	59	313319	32	10000000	100                              	2	200	27418402	4991026	400
0.02	100	5034	1160	94	61	313353	32	10000000	100                              	2	200	25730726	4990020	436
0.02	100	4900	1262	97	63	313366	32	10000000	100                              	2	200	27953579	5040710	380
0.02	100	5037	1465	120	73	313522	32	10000000	100                              	2	200	28251818	5025953	412
0.02	100	4761	1369	92	57	313300	32	10000000	100                              	2	200	28272491	5268235	388
0.02	100	7277	1560	138	77	313763	32	10000000	100                              	2	200	26286275	5172310	434
0.02	100	6292	1781	109	70	313481	32	10000000	100                              	2	200	27792219	4985400	348
0.02	100	6113	1485	116	56	313557	32	10000000	100                              	2	200	27583972	4996714	390
0.02	100	5771	1526	114	67	313526	32	10000000	100                              	2	200	27100689	4984826	394
0.02	100	6765	2267	119	77	313621	32	10000000	100                              	2	200	28163078	4983156	368
0.02	100	6274	1791	110	69	313535	32	10000000	100                              	2	200	28659124	5020156	364
0.02	100	7273	1582	139	79	313764	32	10000000	100                              	2	200	28141436	5021085	414
0.02	100	4973	1704	107	62	313473	32	10000000	100                              	2	200	28484666	5145942	402
0.02	100	4624	1261	96	51	313348	32	10000000	100                              	2	200	27894869	5215136	422
0.02	100	5499	1707	108	74	313467	32	10000000	100                              	2	200	27782652	4986256	414
0.02	100	5059	1470	96	65	313378	32	10000000	100                              	2	200	27168962	4990185	386
0.02	100	4422	1216	85	43	313248	32	10000000	100                              	2	200	26598618	5008915	334
0.02	100	8504	2333	166	99	314019	32	10000000	100                              	2	200	30717826	4992289	324
0.02	100	8269	2258	165	98	314010	32	10000000	100                              	2	200	28948907	5115336	384
0.02	100	5444	1453	119	70	313547	32	10000000	100                              	2	200	27522185	4990575	388
0.02	100	5638	1480	114	78	313508	32	10000000	100                              	2	200	26861942	5682872	382
0.02	100	8228	2389	173	104	314029	32	10000000	100                              	2	200	28308941	4983612	388
0.02	100	7014	1671	125	69	313676	32	10000000	100                              	2	200	27251265	5056368	380
0.02	100	6999	1913	132	75	313724	32	10000000	100                              	2	200	28349555	4988853	412
0.02	100	5154	1761	110	70	313478	32	10000000	100                              	2	200	29256591	5081061	346
0.02	100	6415	1766	135	84	313678	32	10000000	100                              	2	200	26775829	5129148	386
0.02	100	6383	1852	131	70	313665	32	10000000	100                              	2	200	25572775	4984817	370
0.02	100	6166	1521	102	67	313481	32	10000000	100                              	2	200	26533790	5064182	430
0.02	100	3714	1579	98	62	313290	32	10000000	100                              	2	200	31435409	5062448	528
0.02	100	4507	1178	92	52	313301	32	10000000	100                              	2	200	26729474	4992964	310
0.02	100	3895	1311	81	53	313182	32	10000000	100                              	2	200	27641053	4992864	300
0.02	100	5070	1648	112	65	313446	32	10000000	100                              	2	200	27988111	4997890	414
0.02	100	4079	1154	93	57	313321	32	10000000	100                              	2	200	26452981	5113785	410
0.02	100	6539	1903	127	72	313654	32	10000000	100                              	2	200	28824813	5354764	278
0.02	100	6180	2314	121	79	313572	32	10000000	100                              	2	200	28399832	5002898	348
0.02	100	6631	1450	123	72	313642	32	10000000	100                              	2	200	26441576	4983728	326
0.02	100	4026	1130	85	49	313248	32	10000000	100                              	2	200	28680832	5005643	412
0.02	100	5215	1503	95	62	313394	32	10000000	100                              	2	200	26530624	5151843	392
0.02	100	5294	1251	103	60	313417	32	10000000	100                              	2	200	25932998	5014368	398
0.02	100	5586	1786	133	76	313595	32	10000000	100                              	2	200	28563131	4985487	396
0.02	100	4818	1470	99	57	313395	32	10000000	100                              	2	200	26135417	4997987	384
0.02	100	5538	2108	118	86	313560	32	10000000	100                              	2	200	27734243	4984174	408
0.02	100	5045	1355	119	71	313501	32	10000000	100                              	2	200	25927465	4997983	456
0.02	100	4150	1414	76	47	313207	32	10000000	100                              	2	200	27705397	4990616	386
0.02	100	5907	1770	123	72	313578	32	10000000	100                              	2	200	26891493	4984475	356
0.02	100	5537	1457	106	59	313465	32	10000000	100                              	2	200	28185186	5009675	356
0.02	100	5255	1517	94	60	313362	32	10000000	100                              	2	200	27887645	4988903	426
0.02	100	5890	1294	133	71	313654	32	10000000	100                              	2	200	28625147	5004305	380
0.02	100	5331	1358	108	62	313452	32	10000000	100                              	2	200	26579538	4991200	354
0.02	100	5048	2002	114	72	313468	32	10000000	100                              	2	200	30162546	4990844	416
0.02	100	6077	2005	130	85	313657	32	10000000	100                              	2	200	29740171	5012495	424
0.02	100	6161	2225	144	96	313758	32	10000000	100                              	2	200	28338880	5002410	366
0.02	100	5668	1620	115	74	313531	32	10000000	100                              	2	200	29118381	5045862	366
0.02	100	4609	1373	117	65	313450	32	10000000	100                              	2	200	28785479	5004235	402
0.02	100	4844	1243	111	59	313433	32	10000000	100                              	2	200	27539348	5004093	406
0.02	100	5609	1479	112	55	313482	32	10000000	100                              	2	200	27341967	4999603	380
0.02	100	7582	1860	147	83	313841	32	10000000	100                              	2	200	26879899	4980151	370
0.02	100	6298	1755	132	83	313664	32	10000000	100                              	2	200	27175543	5015779	380
0.02	100	6135	1518	110	58	313538	32	10000000	100                              	2	200	27653912	4996403	306
0.02	100	5213	1838	109	66	313462	32	10000000	100                              	2	200	28899989	5040150	400
0.02	100	4595	1055	93	56	313334	32	10000000	100                              	2	200	26614532	5056378	360
0.02	100	5805	1321	128	66	313605	32	10000000	100                              	2	200	27348500	5006150	446
0.02	100	4026	1385	96	70	313333	32	10000000	100                              	2	200	26909711	5045813	430
0.02	100	5603	1534	119	68	313543	32	10000000	100                              	2	200	26315540	4985240	368
0.02	100	5822	1882	120	80	313552	32	10000000	100                              	2	200	27181585	4996027	338
0.02	100	5618	2026	121	78	313562	32	10000000	100                              	2	200	28051523	4984332	382
0.02	100	7482	1789	150	85	313866	32	10000000	100                              	2	200	29116628	5303524	402
0.02	100	7574	2101	134	78	313769	32	10000000	100                              	2	200	26311332	4981407	376
0.02	100	6410	1486	124	72	313640	32	10000000	100                              	2	200	25864595	4987294	514
0.02	100	6754	1478	124	68	313645	32	10000000	100                              	2	200	26092943	4983207	294
0.02	100	8277	2580	178	108	314099	32	10000000	100                              	2	200	29495394	4992439	398
0.02	100	8368	1985	139	81	313846	32	10000000	100                              	2	200	29366034	4985865	358
0.02	200	4627	1237	97	51	313848	32	10000000	100                              	2	400	28192231	4997186	784
0.02	200	5601	1150	114	56	314192	32	10000000	100                              	2	400	25530651	4988551	662
0.02	200	6038	1222	108	60	314122	32	10000000	100                              	2	400	25495435	5007595	766
0.02	200	6791	1877	125	71	314327	32	10000000	100                              	2	400	28684351	4973831	668
0.02	200	6325	1306	127	62	314392	32	10000000	100                              	2	400	26013250	5029510	656
0.02	200	3907	1243	100	53	313885	32	10000000	100                              	2	400	27445860	4981127	1098
0.02	200	6771	1445	145	62	314579	32	10000000	100                              	2	400	27639746	5026966	746
0.02	200	4771	1330	103	55	313989	32	10000000	100                              	2	400	25538668	4978360	984
0.02	200	7178	1573	141	74	314657	32	10000000	100                              	2	400	28313002	5030802	792
0.02	200	5330	1336	106	62	314056	32	10000000	100                              	2	400	26988420	5030567	726
0.02	200	5668	1270	114	61	314141	32	10000000	100                              	2	400	28674623	4983213	686
0.02	200	4309	1334	114	60	314082	32	10000000	100                              	2	400	26547453	4982380	584
0.02	200	4221	1233	103	49	313963	32	10000000	100                              	2	400	26993454	4986036	606
0.02	200	5605	1280	114	58	314195	32	10000000	100                              	2	400	27873906	5035521	734
0.02	200	6727	1425	144	78	314539	32	10000000	100                              	2	400	26899223	4986023	660
0.02	200	6841	1619	142	59	314551	32	10000000	100                              	2	400	27613435	4984701	776
0.02	200	5870	1885	123	69	314362	32	10000000	100                              	2	400	29810467	4973870	620
0.02	200	7035	1659	147	83	314680	32	10000000	100                              	2	400	28093880	5215157	866
0.02	200	6055	1443	122	59	314289	32	10000000	100                              	2	400	26087396	4973757	698
0.02	200	5158	1094	103	47	313933	32	10000000	100                              	2	400	26420003	4985624	606
0.02	200	5167	1221	111	53	314019	32	10000000	100                              	2	400	25222994	4985978	792
0.02	200	6207	1465	112	59	314190	32	10000000	100                              	2	400	26140570	4973982	878
0.02	200	7615	2078	172	90	315035	32	10000000	100                              	2	400	31626146	4972633	854
0.02	200	4534	1196	95	49	313877	32	10000000	100                              	2	400	28439743	5032024	686
0.02	200	5555	1313	114	54	314122	32	10000000	100                              	2	400	27640945	5032581	620
0.02	200	7905	1909	145	86	314662	32	10000000	100                              	2	400	27543139	4966204	670
0.02	200	6141	1657	122	75	314243	32	10000000	100                              	2	400	27869355	4976321	592
0.02	200	5519	1537	115	57	314152	32	10000000	100                              	2	400	26689492	4994174	644
0.02	200	6513	1594	128	64	314401	32	10000000	100                              	2	400	26748263	4992691	646
0.02	200	4988	932	88	42	313781	32	10000000	100                              	2	400	24967283	5044102	590
0.02	200	5820	1489	129	70	314358	32	10000000	100                              	2	400	27710175	5000705	734
0.02	200	6497	1604	139	76	314528	32	10000000	100                              	2	400	26063791	4985888	574
0.02	200	3896	987	80	39	313592	32	10000000	100                              	2	400	24534144	4989526	680
0.02	200	6912	1591	133	66	314485	32	10000000	100                              	2	400	27739185	5044076	654
0.02	200	5091	1551	113	60	314062	32	10000000	100                              	2	400	28295687	4976542	700
0.02	200	4364	1042	93	46	313803	32	10000000	100                              	2	400	27307455	5048359	702
0.02	200	6358	1077	122	63	314311	32	10000000	100                              	2	400	27699832	5063859	598
0.02	200	6343	1623	135	71	314509	32	10000000	100                              	2	400	27771819	4979341	648
0.02	200	5473	1416	121	64	314212	32	10000000	100                              	2	400	28207922	5036575	724
0.02	200	5264	1284	106	52	314077	32	10000000	100                              	2	400	26826060	5031532	722
0.02	200	5141	1269	105	58	313967	32	10000000	100                              	2	400	26692013	4989330	572
0.02	200	4091	841	80	34	313659	32	10000000	100                              	2	400	25353497	5000616	776
0.02	200	6810	1586	129	73	314379	32	10000000	100                              	2	400	27946391	4975129	898
0.02	200	7526	1703	133	80	314515	32	10000000	100                              	2	400	27715815	4970129	766
0.02	200	6038	1195	108	57	314104	32	10000000	100                              	2	400	27142869	4975090	626
0.02	200	7105	1393	137	67	314571	32	10000000	100                              	2	400	25974872	4972926	838
0.02	200	5160	1349	104	44	313982	32	10000000	100                              	2	400	28822957	5029947	618
0.02	200	5342	1525	115	60	314118	32	10000000	100                              	2	400	28158531	4976533	574
0.02	200	6019	1475	106	54	314030	32	10000000	100                              	2	400	27868987	4979282	640
0.02	200	7731	1543	153	74	314761	32	10000000	100                              	2	400	27091301	4966669	630
0.02	200	6298	1688	118	72	314197	32	10000000	100                              	2	400	28910650	5051676	584
0.02	200	6549	1840	134	78	314414	32	10000000	100                              	2	400	29657149	4971578	676
0.02	200	4320	1295	104	56	313929	32	10000000	100                              	2	400	27646029	5208118	764
0.02	200	5285	1005	103	47	313994	32	10000000	100                              	2	400	26354932	5051526	798
0.02	200	6356	1067	118	52	314233	32	10000000	100                              	2	400	25924748	4973832	826
0.02	200	4329	1073	101	47	313923	32	10000000	100                              	2	400	26035367	4984202	600
0.02	200	5462	2084	122	58	314265	32	10000000	100                              	2	400	29807715	4975051	558
0.02	200	6528	1461	130	60	314364	32	10000000	100                              	2	400	29311505	4973087	672
0.02	200	6073	1473	141	60	314494	32	10000000	100                              	2	400	27154522	4977443	598
0.02	200	6810	1611	143	75	314579	32	10000000	100                              	2	400	28857807	5368896	890
0.02	200	6201	1695	132	64	314412	32	10000000	100                              	2	400	27062296	4972154	642
0.02	200	6283	1386	122	56	314297	32	10000000	100                              	2	400	25339768	6332081	784
0.02	200	5349	1043	109	51	314062	32	10000000	100                              	2	400	25400829	4976563	604
0.02	200	4685	1117	109	54	314001	32	10000000	100                              	2	400	26558197	4980650	742
0.02	200	6031	1387	129	63	314327	32	10000000	100                              	2	400	27606492	5052806	634
0.02	200	5861	1372	141	72	314493	32	10000000	100                              	2	400	27648893	4981804	642
0.02	200	4863	1164	103	51	314020	32	10000000	100                              	2	400	25917377	4977256	594
0.02	200	6069	1579	127	64	314296	32	10000000	100                              	2	400	27195381	4978324	804
0.02	200	5046	1217	113	54	314118	32	10000000	100                              	2	400	27063289	4977779	606
0.02	200	5986	1512	105	56	314054	32	10000000	100                              	2	400	27587947	4979962	756
0.02	200	6907	1713	144	76	314592	32	10000000	100                              	2	400	27791900	4978248	594
0.02	200	5512	1576	107	56	314025	32	10000000	100                              	2	400	27925569	5099956	662
0.02	200	5611	1257	111	56	314091	32	10000000	100                              	2	400	26974055	4997437	910
0.02	200	5917	1460	128	71	314338	32	10000000	100                              	2	400	27372392	5076708	976
0.02	200	3099	726	60	23	313279	32	10000000	100                              	2	400	25076180	5180150	722
0.02	200	5480	1436	121	72	314223	32	10000000	100                              	2	400	28542393	4974141	910
0.02	200	7317	2052	160	85	314855	32	10000000	100                              	2	400	31011997	4978638	650
0.02	200	5278	1412	117	63	314199	32	10000000	100                              	2	400	28135950	5083660	654
0.02	200	5102	1178	101	50	313986	32	10000000	100                              	2	400	24439220	5160611	658
0.02	200	4780	1185	96	50	313866	32	10000000	100                              	2	400	25843529	4980846	604
0.02	200	5222	1396	122	65	314207	32	10000000	100                              	2	400	27161902	4996712	844
0.02	200	4383	1504	95	53	313897	32	10000000	100                              	2	400	28936708	5009960	618
0.02	200	5689	1609	119	70	314224	32	10000000	100                              	2	400	25948399	5053149	816
0.02	200	7555	1340	137	60	314479	32	10000000	100                              	2	400	26399193	5090030	796
0.02	200	5858	1144	121	53	314201	32	10000000	100                              	2	400	26504401	4992237	628
0.02	200	5759	1201	105	58	314036	32	10000000	100                              	2	400	26676481	4986294	706
0.02	200	5137	1251	105	54	314037	32	10000000	100                              	2	400	25805958	4976987	624
0.02	200	5042	1205	105	55	314007	32	10000000	100                              	2	400	27928314	4981739	730
0.02	200	6827	1461	134	64	314474	32	10000000	100                              	2	400	27920602	4993990	704
0.02	200	4815	1234	102	64	314026	32	10000000	100                              	2	400	24794154	4985371	620
0.02	200	5869	1324	132	65	314364	32	10000000	100                              	2	400	25974444	4991028	612
0.02	200	6378	1374	130	66	314360	32	10000000	100                              	2	400	25744605	5046420	772
0.02	200	5867	1403	124	56	314297	32	10000000	100                              	2	400	27050687	4978259	722
0.02	200	4803	1143	106	49	313996	32	10000000	100                              	2	400	25536870	4976911	812
0.02	200	4258	989	106	47	313948	32	10000000	100                              	2	400	27016272	5787326	662
0.02	200	6409	1436	115	61	314272	32	10000000	100                              	2	400	27003722	4972856	738
0.02	200	4080	1472	99	58	313837	32	10000000	100                              	2	400	25612992	5044287	1050
0.02	200	5593	1191	107	51	314033	32	10000000	100                              	2	400	24926456	4980739	690
0.02	200	4462	1546	101	52	313917	32	10000000	100                              	2	400	29980792	5250579	862
0.02	200	3915	996	92	56	313786	32	10000000	100                              	2	400	26509279	5035381	676
0.02	300	4565	1227	91	48	314339	32	10000000	100                              	2	600	25447713	5042513	792
0.02	300	4891	1120	97	58	314417	32	10000000	100                              	2	600	26848425	5001342	1080
0.02	300	5299	1639	124	66	314956	32	10000000	100                              	2	600	27177814	4968464	858
0.02	300	4165	1103	90	38	314240	32	10000000	100                              	2	600	26476032	5249092	1222
0.02	300	4321	796	77	36	313990	32	10000000	100                              	2	600	26537474	5003040	938
0.02	300	4302	1120	90	43	314355	32	10000000	100                              	2	600	28555470	4982486	860
0.02	300	7876	1942	143	80	315427	32	10000000	100                              	2	600	29220344	4957237	770
0.02	300	6291	1418	142	57	315298	32	10000000	100                              	2	600	27408220	4968217	862
0.02	300	6356	1427	117	55	314833	32	10000000	100                              	2	600	28455778	5023966	1224
0.02	300	6631	1393	122	54	315000	32	10000000	100                              	2	600	26917024	5156338	1204
0.02	300	5481	1171	121	55	314757	32	10000000	100                              	2	600	26532997	5101353	1208
0.02	300	5624	1666	105	57	314596	32	10000000	100                              	2	600	29473310	4976087	1114
0.02	300	5238	1117	114	54	314766	32	10000000	100                              	2	600	26908636	5213294	1228
0.02	300	5378	1184	104	53	314520	32	10000000	100                              	2	600	27526441	5065685	734
0.02	300	5978	1363	128	56	315113	32	10000000	100                              	2	600	26014627	5066909	928
0.02	300	5872	1677	134	65	315163	32	10000000	100                              	2	600	28619048	5022926	1236
0.02	300	6287	1648	126	63	315004	32	10000000	100                              	2	600	26884952	4972268	928
0.02	300	5205	1026	107	48	314633	32	10000000	100                              	2	600	24670737	4974631	1024
0.02	300	4975	1076	106	47	314564	32	10000000	100                              	2	600	26378748	4969181	832
0.02	300	5498	1473	127	60	314969	32	10000000	100                              	2	600	26839831	4964422	808
0.02	300	6237	1236	110	50	314729	32	10000000	100                              	2	600	25381298	4968957	742
0.02	300	7117	1408	148	54	315427	32	10000000	100                              	2	600	27903578	5028541	1208
0.02	300	5465	1308	100	52	314482	32	10000000	100                              	2	600	25805147	4978755	996
0.02	300	5407	1290	102	47	314545	32	10000000	100                              	2	600	29918991	5270663	992
0.02	300	5392	1258	125	59	314960	32	10000000	100                              	2	600	26723985	4962726	1312
0.02	300	5154	1241	108	57	314638	32	10000000	100                              	2	600	29354085	5260514	900
0.02	300	5534	1628	128	73	315040	32	10000000	100                              	2	600	26900008	4987815	956
0.02	300	4385	1203	118	56	314699	32	10000000	100                              	2	600	26224875	5205451	1210
0.02	300	5286	1180	108	49	314611	32	10000000	100                              	2	600	26139722	4968503	854
0.02	300	5497	1303	120	53	314924	32	10000000	100                              	2	600	27245895	5034181	746
0.02	300	5639	1439	125	62	315036	32	10000000	100                              	2	600	26770072	4964030	1290
0.02	300	6037	1361	126	54	315096	32	10000000	100                              	2	600	28595246	4965646	1252
0.02	300	4523	1252	118	60	314788	32	10000000	100                              	2	600	30277387	4977128	768
0.02	300	5821	1051	132	45	315018	32	10000000	100                              	2	600	26154693	5012387	888
0.02	300	4310	1162	94	53	314281	32	10000000	100                              	2	600	26624756	4998249	874
0.02	300	6089	1295	126	63	314971	32	10000000	100                              	2	600	27589413	5246879	834
0.02	300	6789	1536	114	59	314808	32	10000000	100                              	2	600	26528050	4965097	1308
0.02	300	5224	1140	109	53	314747	32	10000000	100                              	2	600	25829475	5019766	822
0.02	300	4821	1178	98	51	314421	32	10000000	100                              	2	600	25571735	4972369	864
0.02	300	5913	1454	121	52	314907	32	10000000	100                              	2	600	28018504	4967277	1054
0.02	300	4930	1239	93	56	314429	32	10000000	100                              	2	600	27310979	4972717	876
0.02	300	7539	1513	134	65	315315	32	10000000	100                              	2	600	27283476	4972151	838
0.02	300	4462	1136	91	39	314311	32	10000000	100                              	2	600	26227588	4974568	1288
0.02	300	5617	1561	125	69	314995	32	10000000	100                              	2	600	28534384	4991839	1278
0.02	300	4387	1032	93	49	314243	32	10000000	100                              	2	600	27311664	4986698	1010
0.02	300	5242	1055	106	45	314557	32	10000000	100                              	2	600	26844393	4976883	886
0.02	300	6592	1816	126	75	314981	32	10000000	100                              	2	600	26412167	4962247	1226
0.02	300	5988	1099	116	42	314843	32	10000000	100                              	2	600	27244794	4991219	1216
0.02	300	6881	1413	133	69	315264	32	10000000	100                              	2	600	28180268	5154489	804
0.02	300	5959	1611	115	54	314818	32	10000000	100                              	2	600	26150946	4967047	842
0.02	300	4754	1309	92	53	314337	32	10000000	100                              	2	600	27913415	4985645	974
0.02	300	5128	907	105	52	314515	32	10000000	100                              	2	600	26649880	5009740	1010
0.02	300	7129	1129	141	56	315473	32	10000000	100                              	2	600	25048340	4956992	832
0.02	300	5291	1266	109	52	314597	32	10000000	100                              	2	600	29663824	4989558	972
0.02	300	5868	1310	108	59	314717	32	10000000	100                              	2	600	28137732	4978081	924
0.02	300	5137	1332	125	54	314870	32	10000000	100                              	2	600	28343712	5055882	1222
0.02	300	3575	879	86	38	314215	32	10000000	100                              	2	600	26328200	4975234	1236
0.02	300	5198	1715	96	64	314497	32	10000000	100                              	2	600	28529916	5074487	798
0.02	300	5163	883	96	32	314445	32	10000000	100                              	2	600	26549872	4973706	998
0.02	300	5804	1451	127	65	315004	32	10000000	100                              	2	600	27297008	4962881	1286
0.02	300	5796	1527	108	54	314659	32	10000000	100                              	2	600	29136533	5048375	1212
0.02	300	4607	907	96	40	314412	32	10000000	100                              	2	600	23689530	5006754	876
0.02	300	5189	994	96	40	314323	32	10000000	100                              	2	600	25990987	5119004	918
0.02	300	5083	1213	115	46	314769	32	10000000	100                              	2	600	27966105	4967726	1218
0.02	300	5691	1590	108	61	314712	32	10000000	100                              	2	600	28381264	4967226	904
0.02	300	5047	1056	112	46	314673	32	10000000	100                              	2	600	27640030	4999416	1204
0.02	300	7662	1439	136	68	315325	32	10000000	100                              	2	600	26059058	4960224	1012
0.02	300	5781	1186	105	57	314652	32	10000000	100                              	2	600	26720743	5002658	1278
0.02	300	5679	1734	115	66	314784	32	10000000	100                              	2	600	29302446	5003669	1294
0.02	300	6483	1446	129	64	315164	32	10000000	100                              	2	600	28039782	5223436	1326
0.02	300	5318	1149	111	53	314657	32	10000000	100                              	2	600	26431841	4969999	1016
0.02	300	4946	1282	109	47	314726	32	10000000	100                              	2	600	26683634	4969813	934
0.02	300	5284	1329	113	56	314713	32	10000000	100                              	2	600	27000867	4992086	1324
0.02	300	5084	1158	90	50	314391	32	10000000	100                              	2	600	26573815	4982722	916
0.02	300	4204	820	92	37	314245	32	10000000	100                              	2	600	25590473	5123380	1150
0.02	300	4369	1261	84	45	314121	32	10000000	100                              	2	600	27137123	5141469	1214
0.02	300	4669	956	104	50	314563	32	10000000	100                              	2	600	27562158	4997058	1054
0.02	300	6056	1464	119	64	314968	32	10000000	100                              	2	600	29005981	4968063	794
0.02	300	4487	864	82	43	314165	32	10000000	100                              	2	600	25440125	4997773	1158
0.02	300	4942	1072	96	44	314449	32	10000000	100                              	2	600	25530617	4970170	788
0.02	300	5662	1868	133	64	315051	32	10000000	100                              	2	600	26740062	5485442	876
0.02	300	6190	1137	125	53	315039	32	10000000	100                              	2	600	27295782	5001773	1234
0.02	300	2961	984	71	30	313907	32	10000000	100                              	2	600	26126226	5141467	1202
0.02	300	6349	1318	133	60	315269	32	10000000	100                              	2	600	26689044	4974127	804
0.02	300	6699	1709	127	68	315165	32	10000000	100                              	2	600	27129738	5064319	1078
0.02	300	5064	1000	110	51	314659	32	10000000	100                              	2	600	26370557	4973296	766
0.02	300	6772	1781	148	66	315527	32	10000000	100                              	2	600	28233080	4957995	1128
0.02	300	5602	1378	114	64	314792	32	10000000	100                              	2	600	27013008	5068264	1030
0.02	300	4993	1197	108	58	314651	32	10000000	100                              	2	600	26659892	4966919	962
0.02	300	6976	1571	127	65	315137	32	10000000	100                              	2	600	27851790	5072866	1366
0.02	300	3808	969	87	49	314153	32	10000000	100                              	2	600	26074716	5022941	848
0.02	300	4903	1150	118	50	314735	32	10000000	100                              	2	600	24298949	4978308	1288
0.02	300	5161	943	106	45	314627	32	10000000	100                              	2	600	26646157	4969481	932
0.02	300	7321	1422	118	45	315019	32	10000000	100                              	2	600	26926777	5025633	1028
0.02	300	7150	1760	149	62	315546	32	10000000	100                              	2	600	28643321	4994302	884
0.02	300	5874	1561	123	64	314980	32	10000000	100                              	2	600	28417614	4964997	908
0.02	300	7028	1652	137	71	315357	32	10000000	100                              	2	600	28143947	4962297	1076
0.02	300	5809	1126	129	56	315051	32	10000000	100                              	2	600	25917890	5047507	832
0.02	300	5197	1132	100	50	314608	32	10000000	100                              	2	600	25360488	4979769	1224
0.02	300	6482	1980	138	70	315243	32	10000000	100                              	2	600	28403239	5014698	874
