0.02	10	9229	5660	214	170	156603	64	10000000	100                              	2	20	36153112	4992490	46
0.02	10	10656	6738	210	151	156645	64	10000000	100                              	2	20	37659276	4995382	54
0.02	10	12989	6726	261	212	156735	64	10000000	100                              	2	20	36773419	4991500	54
0.02	10	8748	4208	192	137	156580	64	10000000	100                              	2	20	36118153	5026163	52
0.02	10	14120	7676	288	215	156779	64	10000000	100                              	2	20	38372467	5132304	68
0.02	10	12045	7497	251	202	156703	64	10000000	100                              	2	20	37392448	5025895	58
0.02	10	13495	7856	283	215	156757	64	10000000	100                              	2	20	38074328	4988066	64
0.02	10	12268	7136	258	194	156711	64	10000000	100                              	2	20	36896569	4992497	50
0.02	10	12016	6480	253	203	156702	64	10000000	100                              	2	20	36194113	5009218	52
0.02	10	12833	7494	246	198	156725	64	10000000	100                              	2	20	36304861	4989142	62
0.02	10	15393	8415	273	215	156813	64	10000000	100                              	2	20	36880624	4985109	62
0.02	10	14210	8439	307	241	156787	64	10000000	100                              	2	20	39375247	4990910	70
0.02	10	13057	8117	267	217	156740	64	10000000	100                              	2	20	38948993	4986561	46
0.02	10	12794	7092	265	204	156730	64	10000000	100                              	2	20	36237039	5026783	56
0.02	10	11439	6552	231	185	156677	64	10000000	100                              	2	20	36442789	4988790	46
0.02	10	12787	7404	271	210	156732	64	10000000	100                              	2	20	36954338	4988021	68
0.02	10	12551	6919	259	206	156721	64	10000000	100                              	2	20	36623414	4989010	60
0.02	10	14745	8030	272	209	156793	64	10000000	100                              	2	20	36852652	4985507	50
0.02	10	11567	6180	250	204	156686	64	10000000	100                              	2	20	37154040	4990160	58
0.02	10	9523	4846	216	160	156613	64	10000000	100                              	2	20	35615033	5014049	60
0.02	10	11451	6960	252	200	156685	64	10000000	100                              	2	20	36822036	4992075	58
0.02	10	13319	8003	277	210	156750	64	10000000	100                              	2	20	38416739	4990923	60
0.02	10	13877	8047	270	208	156766	64	10000000	100                              	2	20	36585459	4991718	50
0.02	10	13916	8594	275	230	156769	64	10000000	100                              	2	20	38615093	5015199	58
0.02	10	14648	8097	311	235	156802	64	10000000	100                              	2	20	37570981	4984890	46
0.02	10	13714	8142	253	187	156755	64	10000000	100                              	2	20	38127451	5004472	42
0.02	10	14160	8168	257	201	156770	64	10000000	100                              	2	20	39035435	4992692	58
0.02	10	12507	7151	253	201	156717	64	10000000	100                              	2	20	37557701	5021973	50
0.02	10	12938	7541	249	207	156730	64	10000000	100                              	2	20	37433259	5001464	52
0.02	10	13280	7686	270	212	156746	64	10000000	100                              	2	20	38624763	4996102	68
0.02	10	15257	8578	280	241	156812	64	10000000	100                              	2	20	38015833	4984743	54
0.02	10	10933	6431	239	196	156664	64	10000000	100                              	2	20	36516999	4991726	60
0.02	10	12661	6698	250	192	156721	64	10000000	100                              	2	20	37420847	4990657	48
0.02	10	10391	5605	211	174	156638	64	10000000	100                              	2	20	35873315	4989672	42
0.02	10	14394	8448	298	234	156791	64	10000000	100                              	2	20	38387811	4998779	72
0.02	10	12003	6947	257	205	156703	64	10000000	100                              	2	20	35593834	4998832	56
0.02	10	13230	7915	273	221	156746	64	10000000	100                              	2	20	38267029	5002693	58
0.02	10	8828	5496	191	138	156583	64	10000000	100                              	2	20	36786584	4999456	58
0.02	10	10321	5901	223	177	156640	64	10000000	100                              	2	20	36662481	5073667	56
0.02	10	13312	7640	270	210	156748	64	10000000	100                              	2	20	38490054	5016817	60
0.02	10	11887	6826	238	181	156694	64	10000000	100                              	2	20	35818225	4991873	56
0.02	10	11076	6639	240	191	156668	64	10000000	100                              	2	20	36394424	5015712	46
0.02	10	11422	6899	245	195	156681	64	10000000	100                              	2	20	36374181	5006705	60
0.02	10	12960	7050	239	183	156727	64	10000000	100                              	2	20	36843234	4997127	50
0.02	10	12747	7448	246	199	156723	64	10000000	100                              	2	20	36945062	5101653	54
0.02	10	12388	7527	251	196	156713	64	10000000	100                              	2	20	37348373	4987367	46
0.02	10	16338	8772	325	257	156860	64	10000000	100                              	2	20	38524016	4987671	46
0.02	10	13395	7013	274	205	156751	64	10000000	100                              	2	20	36252454	4988640	64
0.02	10	13713	8247	253	197	156756	64	10000000	100                              	2	20	37845645	5026712	56
0.02	10	8335	4927	194	145	156568	64	10000000	100                              	2	20	37366827	5070386	46
0.02	10	13807	8248	299	240	156772	64	10000000	100                              	2	20	38143329	4988354	48
0.02	10	16288	8669	332	252	156860	64	10000000	100                              	2	20	37113011	4990514	58
0.02	10	12816	6889	264	207	156730	64	10000000	100                              	2	20	35149490	4994559	50
0.02	10	11371	5545	234	171	156676	64	10000000	100                              	2	20	36064417	4998464	58
0.02	10	13923	7039	263	208	156765	64	10000000	100                              	2	20	36766084	5016699	54
0.02	10	12231	6492	253	172	156709	64	10000000	100                              	2	20	37912522	4988039	56
0.02	10	13815	7020	264	197	156762	64	10000000	100                              	2	20	37061887	4989901	48
0.02	10	14209	7118	308	224	156788	64	10000000	100                              	2	20	36941333	4990428	60
0.02	10	11431	6163	234	177	156678	64	10000000	100                              	2	20	34623556	4994488	58
0.02	10	13388	7352	276	219	156752	64	10000000	100                              	2	20	36420896	4985994	56
0.02	10	12430	6481	212	168	156703	64	10000000	100                              	2	20	36448867	4997010	50
0.02	10	11129	5986	239	187	156671	64	10000000	100                              	2	20	34279549	5001511	56
0.02	10	15971	8432	313	240	156844	64	10000000	100                              	2	20	37948701	5067233	46
0.02	10	12350	6649	246	177	156710	64	10000000	100                              	2	20	39283581	4990329	48
0.02	10	11875	7144	254	201	156699	64	10000000	100                              	2	20	38331694	4991807	56
0.02	10	11079	6617	270	217	156678	64	10000000	100                              	2	20	37509251	5015494	50
0.02	10	11038	6709	230	193	156665	64	10000000	100                              	2	20	34875641	4992304	58
0.02	10	10736	5773	224	170	156653	64	10000000	100                              	2	20	36596941	4989498	52
0.02	10	10809	6136	230	172	156657	64	10000000	100                              	2	20	36006424	4996358	56
0.02	10	12633	6426	255	197	156723	64	10000000	100                              	2	20	34938928	4992009	68
0.02	10	12908	6500	265	190	156734	64	10000000	100                              	2	20	36545398	4997944	56
0.02	10	14688	8182	291	227	156798	64	10000000	100                              	2	20	37502119	5067250	46
0.02	10	12299	6450	243	179	156708	64	10000000	100                              	2	20	36687322	5007636	54
0.02	10	10451	6106	203	173	156638	64	10000000	100                              	2	20	35988776	4998195	58
0.02	10	12261	7041	280	228	156718	64	10000000	100                              	2	20	37182810	4991540	60
0.02	10	10480	6083	253	178	156651	64	10000000	100                              	2	20	36484693	5007384	38
0.02	10	12445	7051	244	193	156712	64	10000000	100                              	2	20	36683062	5019058	70
0.02	10	14920	7787	284	231	156803	64	10000000	100                              	2	20	36511028	4997188	56
0.02	10	16650	8920	321	242	156868	64	10000000	100                              	2	20	36087200	5002263	62
0.02	10	12037	7358	247	206	156701	64	10000000	100                              	2	20	36527736	4990166	56
0.02	10	12408	6777	248	193	156712	64	10000000	100                              	2	20	34790668	4987935	62
0.02	10	12809	7081	242	183	156723	64	10000000	100                              	2	20	36155058	4987481	50
0.02	10	12201	6298	243	187	156706	64	10000000	100                              	2	20	36068311	5049247	54
0.02	10	14682	6946	293	204	156798	64	10000000	100                              	2	20	35171815	4985241	50
0.02	10	13313	7266	278	215	156751	64	10000000	100                              	2	20	37345474	4989768	52
0.02	10	11432	6526	238	202	156679	64	10000000	100                              	2	20	37159273	5008757	58
0.02	10	11610	6521	243	194	156686	64	10000000	100                              	2	20	36456725	5020394	70
0.02	10	13642	7497	255	206	156754	64	10000000	100                              	2	20	36518042	4987907	64
0.02	10	13840	7890	255	206	156760	64	10000000	100                              	2	20	37564231	4986222	56
0.02	10	14351	8063	285	233	156785	64	10000000	100                              	2	20	38475318	4993596	68
0.02	10	13744	8361	306	234	156773	64	10000000	100                              	2	20	36958260	5018522	48
0.02	10	10234	6441	215	170	156635	64	10000000	100                              	2	20	36953331	4999915	40
0.02	10	11116	6039	250	198	156673	64	10000000	100                              	2	20	37752181	5002992	36
0.02	10	11895	6414	242	182	156695	64	10000000	100                              	2	20	35445467	5301390	42
0.02	10	14029	7878	296	220	156779	64	10000000	100                              	2	20	36631169	4999226	44
0.02	10	12299	6764	257	195	156711	64	10000000	100                              	2	20	37025292	5000093	56
0.02	10	13981	8817	291	252	156776	64	10000000	100                              	2	20	36920137	4992037	54
0.02	10	12122	6093	235	182	156700	64	10000000	100                              	2	20	36327741	4988178	54
0.02	10	13251	6709	259	187	156744	64	10000000	100                              	2	20	36452597	4995033	58
0.02	10	12858	7703	253	203	156728	64	10000000	100                              	2	20	38234130	4989297	66
0.02	100	9739	3275	202	103	157112	64	10000000	100                              	2	200	35090228	5549563	376
0.02	100	13678	4261	251	136	157431	64	10000000	100                              	2	200	32389323	4978399	418
0.02	100	12670	4643	268	149	157436	64	10000000	100                              	2	200	34307506	4971240	426
0.02	100	9996	3516	213	110	157180	64	10000000	100                              	2	200	34429599	4985424	410
0.02	100	8653	3395	184	120	157047	64	10000000	100                              	2	200	32457873	5251762	394
0.02	100	11611	4113	224	145	157260	64	10000000	100                              	2	200	35641863	4987818	380
0.02	100	12995	4943	277	153	157468	64	10000000	100                              	2	200	34554289	4969046	408
0.02	100	10694	3706	232	136	157264	64	10000000	100                              	2	200	33204692	5003820	408
0.02	100	13835	4779	260	156	157435	64	10000000	100                              	2	200	34177990	4973476	420
0.02	100	12171	4233	233	142	157288	64	10000000	100                              	2	200	33502490	4972938	382
0.02	100	10675	3386	214	112	157185	64	10000000	100                              	2	200	33687279	4985234	414
0.02	100	13323	4016	280	122	157466	64	10000000	100                              	2	200	32629617	4970994	438
0.02	100	11824	3877	245	123	157330	64	10000000	100                              	2	200	32674292	5124379	416
0.02	100	12678	5259	262	167	157408	64	10000000	100                              	2	200	34594759	4970327	444
0.02	100	13892	5418	293	148	157545	64	10000000	100                              	2	200	33973164	5186237	422
0.02	100	9400	2256	186	88	157068	64	10000000	100                              	2	200	32021460	5047910	418
0.02	100	12876	5244	251	148	157363	64	10000000	100                              	2	200	38442865	4975441	412
0.02	100	10892	4219	240	144	157288	64	10000000	100                              	2	200	34309539	4983332	406
0.02	100	10830	3660	201	114	157178	64	10000000	100                              	2	200	34066268	4974177	424
0.02	100	13805	4516	256	151	157438	64	10000000	100                              	2	200	33211734	4977849	396
0.02	100	12296	4215	252	141	157369	64	10000000	100                              	2	200	33194376	4987467	398
0.02	100	10304	4234	192	117	157115	64	10000000	100                              	2	200	34617402	4990283	376
0.02	100	11711	3321	229	131	157269	64	10000000	100                              	2	200	34060429	5156124	406
0.02	100	11014	3950	236	128	157282	64	10000000	100                              	2	200	34038277	4976786	434
0.02	100	10543	3712	221	114	157214	64	10000000	100                              	2	200	33345444	4976398	398
0.02	100	12668	4802	267	147	157414	64	10000000	100                              	2	200	33368175	4972685	396
0.02	100	10789	3705	226	118	157233	64	10000000	100                              	2	200	33621367	4978597	426
0.02	100	11697	3552	265	132	157379	64	10000000	100                              	2	200	31646766	4982892	482
0.02	100	8002	2804	167	93	156965	64	10000000	100                              	2	200	33592906	4986459	434
0.02	100	11476	3767	223	136	157249	64	10000000	100                              	2	200	32322463	5115533	370
0.02	100	11483	4469	240	130	157291	64	10000000	100                              	2	200	33442545	4970833	466
0.02	100	12688	4332	241	140	157340	64	10000000	100                              	2	200	32973549	4979460	390
0.02	100	13992	4448	278	153	157504	64	10000000	100                              	2	200	33964721	5013290	454
0.02	100	12963	4211	259	131	157420	64	10000000	100                              	2	200	32050565	5052974	412
0.02	100	9218	3226	203	105	157116	64	10000000	100                              	2	200	34966265	4990810	404
0.02	100	10974	3990	220	110	157205	64	10000000	100                              	2	200	32657904	5096988	484
0.02	100	12341	5293	254	156	157367	64	10000000	100                              	2	200	36369097	4975588	380
0.02	100	11477	3746	231	126	157263	64	10000000	100                              	2	200	31737375	4977042	400
0.02	100	13142	4417	263	150	157436	64	10000000	100                              	2	200	34521410	5164379	470
0.02	100	11125	2864	233	125	157281	64	10000000	100                              	2	200	32890455	5102785	388
0.02	100	13813	5289	261	144	157438	64	10000000	100                              	2	200	35785401	4976354	488
0.02	100	10837	4229	214	125	157207	64	10000000	100                              	2	200	34929467	4995835	400
0.02	100	8570	3284	179	98	157034	64	10000000	100                              	2	200	33521215	5166331	430
0.02	100	12315	4490	260	149	157384	64	10000000	100                              	2	200	34509606	4976779	410
0.02	100	9796	3414	207	117	157158	64	10000000	100                              	2	200	33502209	4980656	356
0.02	100	10919	3773	245	131	157303	64	10000000	100                              	2	200	34578056	5135997	462
0.02	100	11304	3724	232	115	157272	64	10000000	100                              	2	200	33937121	4993188	346
0.02	100	9297	3860	192	115	157088	64	10000000	100                              	2	200	33449135	4977920	462
0.02	100	11865	5379	264	147	157370	64	10000000	100                              	2	200	35304988	5215656	440
0.02	100	10100	3561	208	112	157136	64	10000000	100                              	2	200	33242652	4984556	620
0.02	100	10700	3043	214	114	157200	64	10000000	100                              	2	200	33572097	5018045	432
0.02	100	13348	5302	280	144	157484	64	10000000	100                              	2	200	33774558	4970671	384
0.02	100	10311	2832	203	101	157154	64	10000000	100                              	2	200	31984582	4987802	422
0.02	100	13221	4549	251	130	157391	64	10000000	100                              	2	200	35019761	4984845	422
0.02	100	13536	5213	272	162	157470	64	10000000	100                              	2	200	35841364	5034585	424
0.02	100	14545	4220	290	138	157543	64	10000000	100                              	2	200	33615805	4984622	416
0.02	100	13106	5501	268	171	157456	64	10000000	100                              	2	200	36362699	5062425	406
0.02	100	10533	4210	234	143	157246	64	10000000	100                              	2	200	35962662	4993077	392
0.02	100	7938	3185	189	96	157023	64	10000000	100                              	2	200	33541964	5016411	382
0.02	100	12348	4145	243	125	157329	64	10000000	100                              	2	200	34218943	4972677	454
0.02	100	11433	3896	229	119	157248	64	10000000	100                              	2	200	32303768	4975470	330
0.02	100	13495	5101	272	170	157480	64	10000000	100                              	2	200	33571184	5024541	408
0.02	100	9554	2973	183	104	157065	64	10000000	100                              	2	200	30726677	5001895	406
0.02	100	9682	3116	193	96	157099	64	10000000	100                              	2	200	36361708	5096864	546
0.02	100	11953	4267	215	126	157249	64	10000000	100                              	2	200	34756620	4973039	418
0.02	100	15250	4730	308	176	157635	64	10000000	100                              	2	200	33490121	5022975	430
0.02	100	11979	3576	220	126	157259	64	10000000	100                              	2	200	33856031	5173833	408
0.02	100	12073	3653	226	110	157280	64	10000000	100                              	2	200	32512477	4974158	412
0.02	100	14369	4623	288	161	157540	64	10000000	100                              	2	200	34083654	4983546	418
0.02	100	12571	5467	237	139	157323	64	10000000	100                              	2	200	35516407	4971113	480
0.02	100	10958	4372	238	125	157287	64	10000000	100                              	2	200	33909621	4969632	438
0.02	100	12928	4175	269	135	157438	64	10000000	100                              	2	200	33204421	4972291	370
0.02	100	12444	4902	236	132	157325	64	10000000	100                              	2	200	36124973	4972198	346
0.02	100	11237	4290	244	130	157312	64	10000000	100                              	2	200	34025836	4980811	402
0.02	100	11942	3311	273	124	157418	64	10000000	100                              	2	200	33204557	5037082	406
0.02	100	10501	3410	216	125	157188	64	10000000	100                              	2	200	32126465	5009290	434
0.02	100	13292	5209	274	149	157459	64	10000000	100                              	2	200	35390627	4980056	430
0.02	100	12936	4553	275	165	157452	64	10000000	100                              	2	200	33678173	5091166	424
0.02	100	14371	5175	280	166	157507	64	10000000	100                              	2	200	34666796	4980886	406
0.02	100	8998	3115	212	119	157138	64	10000000	100                              	2	200	33159014	5176969	414
0.02	100	12102	4565	270	149	157431	64	10000000	100                              	2	200	34524755	4981578	404
0.02	100	10545	3874	216	117	157205	64	10000000	100                              	2	200	35126131	4982115	390
0.02	100	10727	3350	215	119	157197	64	10000000	100                              	2	200	33446224	5826665	416
0.02	100	10575	4464	214	129	157193	64	10000000	100                              	2	200	32293754	4975035	390
0.02	100	10603	3915	217	121	157215	64	10000000	100                              	2	200	36122659	5007701	440
0.02	100	12889	4815	238	131	157352	64	10000000	100                              	2	200	35089911	5029480	464
0.02	100	11571	4174	243	119	157310	64	10000000	100                              	2	200	32418666	4971965	418
0.02	100	10318	3648	220	128	157191	64	10000000	100                              	2	200	33469209	5022764	420
0.02	100	10468	3858	219	118	157205	64	10000000	100                              	2	200	34303233	5107542	366
0.02	100	12513	4154	242	136	157366	64	10000000	100                              	2	200	34274508	4972161	464
0.02	100	9875	3932	189	120	157122	64	10000000	100                              	2	200	33492077	4975969	418
0.02	100	10283	3306	209	116	157162	64	10000000	100                              	2	200	34018174	4973664	390
0.02	100	10995	3679	242	129	157288	64	10000000	100                              	2	200	34474682	5067104	368
0.02	100	12410	5375	239	157	157329	64	10000000	100                              	2	200	35697447	4969500	410
0.02	100	9504	2649	210	115	157150	64	10000000	100                              	2	200	32030524	5172652	412
0.02	100	11357	3641	228	124	157277	64	10000000	100                              	2	200	36065921	4986720	406
0.02	100	14393	3989	272	141	157494	64	10000000	100                              	2	200	33017219	4976797	414
0.02	100	11705	3298	236	115	157286	64	10000000	100                              	2	200	32599438	4974988	384
0.02	100	10769	4318	224	149	157232	64	10000000	100                              	2	200	33465801	5005044	482
0.02	100	12753	3045	219	118	157275	64	10000000	100                              	2	200	33428174	4981116	432
0.02	200	10958	3039	241	99	157917	64	10000000	100                              	2	400	34884808	4990417	862
0.02	200	10362	3398	232	127	157886	64	10000000	100                              	2	400	34068301	5001623	662
0.02	200	11296	3111	225	116	157862	64	10000000	100                              	2	400	33762629	5163112	702
0.02	200	12326	3690	256	121	158087	64	10000000	100                              	2	400	32117627	5101053	828
0.02	200	13522	3720	279	122	158255	64	10000000	100                              	2	400	33056760	4944391	698
0.02	200	7629	1613	158	66	157336	64	10000000	100                              	2	400	30904712	4978212	784
0.02	200	11052	3204	206	105	157747	64	10000000	100                              	2	400	32122914	4977984	768
0.02	200	11620	3799	239	123	158034	64	10000000	100                              	2	400	32490635	4950998	706
0.02	200	7586	2155	145	68	157222	64	10000000	100                              	2	400	32741435	5188523	776
0.02	200	12848	2971	249	117	158055	64	10000000	100                              	2	400	32831378	4963596	710
0.02	200	11961	4114	258	136	158081	64	10000000	100                              	2	400	37387005	5090192	746
0.02	200	12133	3629	233	123	157939	64	10000000	100                              	2	400	33947114	5023060	686
0.02	200	10966	3046	219	88	157813	64	10000000	100                              	2	400	32569868	4974624	812
0.02	200	10923	3440	254	113	158041	64	10000000	100                              	2	400	32938181	4996826	874
0.02	200	14752	3649	304	133	158458	64	10000000	100                              	2	400	32763057	4938722	766
0.02	200	11005	4383	223	135	157851	64	10000000	100                              	2	400	36445524	4976009	774
0.02	200	9646	2854	188	91	157548	64	10000000	100                              	2	400	31848485	4974422	724
0.02	200	10265	3912	222	110	157887	64	10000000	100                              	2	400	33658960	5098303	920
0.02	200	11762	3146	227	97	157869	64	10000000	100                              	2	400	32739390	5019690	752
0.02	200	11286	3554	251	118	158041	64	10000000	100                              	2	400	32078096	4952120	670
0.02	200	11477	3118	221	93	157759	64	10000000	100                              	2	400	34591097	5017873	904
0.02	200	11370	3425	220	104	157832	64	10000000	100                              	2	400	33766109	5280526	860
0.02	200	10990	3469	230	110	157908	64	10000000	100                              	2	400	32562842	4961358	832
0.02	200	12133	3767	235	115	158013	64	10000000	100                              	2	400	34163009	4961444	678
0.02	200	12131	3579	241	110	158031	64	10000000	100                              	2	400	33810750	4975924	846
0.02	200	13331	5473	255	127	158144	64	10000000	100                              	2	400	33270871	4946880	854
0.02	200	13495	3244	269	129	158216	64	10000000	100                              	2	400	32848557	4960500	652
0.02	200	9774	3531	203	101	157645	64	10000000	100                              	2	400	32222312	4971575	818
0.02	200	11851	3440	235	113	157924	64	10000000	100                              	2	400	32813680	4963178	724
0.02	200	11745	2682	229	108	157866	64	10000000	100                              	2	400	33403177	4991610	804
0.02	200	11641	2928	241	116	157969	64	10000000	100                              	2	400	33305915	4983174	1064
0.02	200	14478	5135	289	144	158353	64	10000000	100                              	2	400	37113404	4960887	850
0.02	200	9699	2710	217	99	157731	64	10000000	100                              	2	400	32849486	5289607	812
0.02	200	10628	3777	241	115	157962	64	10000000	100                              	2	400	31978824	5030736	652
0.02	200	10796	2346	225	82	157805	64	10000000	100                              	2	400	32017608	4969896	838
0.02	200	11147	2873	233	113	157906	64	10000000	100                              	2	400	32243421	5220889	914
0.02	200	12848	4619	263	130	158156	64	10000000	100                              	2	400	31984047	4948878	744
0.02	200	9475	2327	188	106	157559	64	10000000	100                              	2	400	31569089	4988276	858
0.02	200	11548	4435	250	133	158062	64	10000000	100                              	2	400	34915640	5005109	870
0.02	200	10573	3783	225	105	157878	64	10000000	100                              	2	400	33763608	4958375	872
0.02	200	15348	4793	333	165	158640	64	10000000	100                              	2	400	35697816	4949772	882
0.02	200	14599	4407	304	148	158463	64	10000000	100                              	2	400	34175968	4954551	650
0.02	200	9131	2974	189	85	157616	64	10000000	100                              	2	400	32760744	5005501	628
0.02	200	11234	4064	217	124	157860	64	10000000	100                              	2	400	34225595	5113784	838
0.02	200	12281	4045	245	117	158035	64	10000000	100                              	2	400	31582588	4951468	796
0.02	200	12633	3397	270	125	158153	64	10000000	100                              	2	400	32594461	4950789	832
0.02	200	10443	2834	215	94	157779	64	10000000	100                              	2	400	34536907	5013629	862
0.02	200	12163	2987	235	110	157908	64	10000000	100                              	2	400	32738073	4989535	720
0.02	200	8611	2704	198	88	157635	64	10000000	100                              	2	400	33287062	5050137	736
0.02	200	10078	2775	209	90	157710	64	10000000	100                              	2	400	31597663	5040174	778
0.02	200	7901	3299	194	97	157572	64	10000000	100                              	2	400	32755009	4984686	828
0.02	200	11163	3497	250	125	158014	64	10000000	100                              	2	400	32375140	4989834	830
0.02	200	9252	2987	181	99	157515	64	10000000	100                              	2	400	33560506	4994935	852
0.02	200	12317	4662	252	134	158096	64	10000000	100                              	2	400	33916917	4947633	812
0.02	200	10940	2792	222	96	157863	64	10000000	100                              	2	400	32616277	4991474	848
0.02	200	11460	3867	252	133	158040	64	10000000	100                              	2	400	35950423	4966845	792
0.02	200	13963	3393	272	115	158183	64	10000000	100                              	2	400	32956996	4988161	890
0.02	200	12268	3374	234	111	157962	64	10000000	100                              	2	400	30913659	5057212	916
0.02	200	12606	3169	246	96	158035	64	10000000	100                              	2	400	33403517	5007551	802
0.02	200	10449	4187	226	127	157878	64	10000000	100                              	2	400	33446820	4964796	942
0.02	200	11840	3313	216	105	157793	64	10000000	100                              	2	400	33286252	4956773	1030
0.02	200	12125	3728	226	114	157946	64	10000000	100                              	2	400	33723696	4952515	832
0.02	200	11813	3799	246	139	158048	64	10000000	100                              	2	400	35936397	5014484	884
0.02	200	9799	2935	211	96	157709	64	10000000	100                              	2	400	33164755	5027014	816
0.02	200	13883	3855	276	120	158320	64	10000000	100                              	2	400	31574725	5069740	684
0.02	200	9438	2976	208	87	157672	64	10000000	100                              	2	400	33585635	4976920	1050
0.02	200	11784	3061	243	113	157979	64	10000000	100                              	2	400	31772298	5138117	800
0.02	200	11240	4395	208	116	157765	64	10000000	100                              	2	400	35743959	5014466	804
0.02	200	12801	3384	265	131	158219	64	10000000	100                              	2	400	33143574	4996103	806
0.02	200	10099	2819	207	103	157747	64	10000000	100                              	2	400	32914251	4966054	830
0.02	200	13306	4060	265	126	158239	64	10000000	100                              	2	400	35032177	4954887	750
0.02	200	11190	3378	244	131	157996	64	10000000	100                              	2	400	32507156	4979826	914
0.02	200	9770	3672	225	116	157823	64	10000000	100                              	2	400	33266726	4991266	842
0.02	200	9067	2998	179	79	157550	64	10000000	100                              	2	400	32601159	4968208	872
0.02	200	10432	3064	206	102	157748	64	10000000	100                              	2	400	33389414	4987862	806
0.02	200	8196	2640	186	106	157528	64	10000000	100                              	2	400	31963670	5158236	964
0.02	200	13473	4268	244	125	158066	64	10000000	100                              	2	400	34417048	4962635	776
0.02	200	9926	2546	200	86	157649	64	10000000	100                              	2	400	31822000	5023050	786
0.02	200	10424	2842	232	118	157864	64	10000000	100                              	2	400	33669933	4991512	692
0.02	200	12394	3848	254	121	158098	64	10000000	100                              	2	400	34365137	4959204	886
0.02	200	11117	2791	203	95	157695	64	10000000	100                              	2	400	33847987	5189986	806
0.02	200	8586	2340	183	84	157505	64	10000000	100                              	2	400	32539206	4995859	714
0.02	200	14117	4288	282	145	158336	64	10000000	100                              	2	400	35493225	4971646	860
0.02	200	11953	3906	249	123	158006	64	10000000	100                              	2	400	33685842	4959941	900
0.02	200	13428	3665	246	114	158044	64	10000000	100                              	2	400	32505054	4957290	866
0.02	200	9777	3600	213	107	157736	64	10000000	100                              	2	400	32403936	5243935	786
0.02	200	13572	3892	257	122	158182	64	10000000	100                              	2	400	33714340	4946984	814
0.02	200	11074	2628	225	90	157812	64	10000000	100                              	2	400	32782563	5580992	612
0.02	200	10843	3304	206	95	157776	64	10000000	100                              	2	400	32184774	5082490	834
0.02	200	10875	4270	222	118	157866	64	10000000	100                              	2	400	35529371	5012382	830
0.02	200	12905	3577	251	127	158088	64	10000000	100                              	2	400	34260415	4956448	794
0.02	200	12100	3041	248	115	158073	64	10000000	100                              	2	400	32959160	4961202	748
0.02	200	10909	3129	197	87	157709	64	10000000	100                              	2	400	32034465	5100297	770
0.02	200	9794	3728	215	106	157767	64	10000000	100                              	2	400	33483037	4974753	734
0.02	200	7294	3237	146	85	157294	64	10000000	100                              	2	400	33350360	5015652	848
0.02	200	12672	3846	255	124	158120	64	10000000	100                              	2	400	34153172	4945615	824
0.02	200	12253	3740	265	132	158159	64	10000000	100                              	2	400	33918654	5104790	810
0.02	200	10656	3248	221	101	157849	64	10000000	100                              	2	400	33267859	4955412	766
0.02	200	11777	3520	239	108	158010	64	10000000	100                              	2	400	33907495	4949747	800
0.02	200	11793	3211	228	112	157885	64	10000000	100                              	2	400	32576789	4957992	828
0.02	300	11753	3386	247	114	158739	64	10000000	100                              	2	600	33456149	4937469	1034
0.02	300	11118	3475	224	99	158456	64	10000000	100                              	2	600	35100594	4943751	940
0.02	300	7960	2205	174	86	157924	64	10000000	100                              	2	600	32352166	4976909	948
0.02	300	13105	3293	265	122	158931	64	10000000	100                              	2	600	33748550	4940213	1014
0.02	300	12503	3163	252	115	158810	64	10000000	100                              	2	600	32311157	5178017	1068
0.02	300	8704	2559	192	93	158150	64	10000000	100                              	2	600	33315576	4961461	954
0.02	300	13055	3716	242	109	158704	64	10000000	100                              	2	600	34247494	5014557	1216
0.02	300	11900	3671	261	122	158904	64	10000000	100                              	2	600	34841489	5097350	892
0.02	300	10873	2593	215	66	158321	64	10000000	100                              	2	600	33901104	5000531	828
0.02	300	12295	4076	252	109	158809	64	10000000	100                              	2	600	34663048	4951304	896
0.02	300	9848	2476	192	80	158192	64	10000000	100                              	2	600	32273723	4946818	964
0.02	300	10919	2706	214	94	158404	64	10000000	100                              	2	600	31989214	4981069	1232
0.02	300	12739	3543	235	126	158723	64	10000000	100                              	2	600	35356485	5140844	1162
0.02	300	11641	2826	230	84	158604	64	10000000	100                              	2	600	32196808	4956704	874
0.02	300	8970	2201	202	86	158183	64	10000000	100                              	2	600	31530707	4969872	808
0.02	300	11439	2966	215	93	158424	64	10000000	100                              	2	600	31471369	4938059	1228
0.02	300	11469	3392	223	96	158452	64	10000000	100                              	2	600	32785817	4952640	908
0.02	300	11241	3626	239	116	158668	64	10000000	100                              	2	600	34094109	4988382	850
0.02	300	12138	3915	259	117	158795	64	10000000	100                              	2	600	33518391	4941611	1322
0.02	300	10416	2629	225	88	158388	64	10000000	100                              	2	600	31560652	4967937	1274
0.02	300	12813	3230	250	103	158743	64	10000000	100                              	2	600	33668823	5008126	1280
0.02	300	9839	2293	215	82	158390	64	10000000	100                              	2	600	31989777	4951553	1204
0.02	300	9100	2180	200	80	158215	64	10000000	100                              	2	600	30991634	4943988	1256
0.02	300	9647	3189	223	93	158406	64	10000000	100                              	2	600	31273565	4945749	966
0.02	300	9486	3046	181	100	158132	64	10000000	100                              	2	600	32821676	5039171	1458
0.02	300	12356	3153	209	93	158356	64	10000000	100                              	2	600	33567686	4974437	1244
0.02	300	10980	3043	201	86	158267	64	10000000	100                              	2	600	34151135	4943983	908
0.02	300	10528	2076	183	78	158060	64	10000000	100                              	2	600	33574699	4951528	1230
0.02	300	9188	3262	218	105	158434	64	10000000	100                              	2	600	35278830	5005444	874
0.02	300	9900	3106	189	87	158169	64	10000000	100                              	2	600	35085171	4993571	1180
0.02	300	12457	3625	278	115	158965	64	10000000	100                              	2	600	34445717	4958526	904
0.02	300	10426	2590	223	89	158480	64	10000000	100                              	2	600	31870223	4947652	1002
0.02	300	11620	2302	231	89	158499	64	10000000	100                              	2	600	32704670	5036067	996
0.02	300	10155	2706	187	75	158162	64	10000000	100                              	2	600	31993896	4970152	948
0.02	300	9687	2043	181	70	157998	64	10000000	100                              	2	600	30545420	4950356	902
0.02	300	11364	3678	228	101	158399	64	10000000	100                              	2	600	33540080	4939707	1208
0.02	300	9241	3623	211	115	158307	64	10000000	100                              	2	600	35219479	5022458	1324
0.02	300	10402	2568	206	99	158344	64	10000000	100                              	2	600	32036224	4947701	1086
0.02	300	10946	2683	229	93	158435	64	10000000	100                              	2	600	31434069	5008113	1208
0.02	300	11786	2868	240	93	158633	64	10000000	100                              	2	600	32327459	5033200	1206
0.02	300	14885	3936	263	120	158913	64	10000000	100                              	2	600	35755399	5008398	1386
0.02	300	10664	3831	194	92	158308	64	10000000	100                              	2	600	34365765	5080041	1210
0.02	300	13149	4249	240	110	158700	64	10000000	100                              	2	600	33873260	4928351	1138
0.02	300	13273	3187	248	116	158765	64	10000000	100                              	2	600	32927667	4972383	896
0.02	300	14777	4173	314	125	159457	64	10000000	100                              	2	600	34946272	4934336	1256
0.02	300	12470	4071	270	124	158901	64	10000000	100                              	2	600	34531501	4946218	1212
0.02	300	9456	2553	208	96	158295	64	10000000	100                              	2	600	32244740	5017383	890
0.02	300	10579	2875	199	96	158244	64	10000000	100                              	2	600	31450578	4969287	1396
0.02	300	9309	3547	203	91	158175	64	10000000	100                              	2	600	33751288	4959006	1304
0.02	300	13849	3432	273	127	158968	64	10000000	100                              	2	600	32264576	4934797	1294
0.02	300	11687	2955	230	97	158510	64	10000000	100                              	2	600	32290053	4964867	1390
0.02	300	11898	2422	223	98	158528	64	10000000	100                              	2	600	31409183	4952816	1212
0.02	300	9703	3097	193	92	158144	64	10000000	100                              	2	600	34458803	4991632	1210
0.02	300	11074	3894	246	120	158720	64	10000000	100                              	2	600	34944371	4940909	1268
0.02	300	10602	2425	189	86	158153	64	10000000	100                              	2	600	30802946	4958421	1258
0.02	300	8897	2946	190	86	158053	64	10000000	100                              	2	600	34134604	4982876	1286
0.02	300	14454	4482	273	128	159069	64	10000000	100                              	2	600	35535104	5084962	1256
0.02	300	10933	3691	229	111	158481	64	10000000	100                              	2	600	34858447	5072083	904
0.02	300	10038	2756	193	87	158100	64	10000000	100                              	2	600	33944536	5013048	1246
0.02	300	9483	2634	187	78	158024	64	10000000	100                              	2	600	32171264	5231025	996
0.02	300	10942	3513	236	94	158557	64	10000000	100                              	2	600	32138095	4938765	1170
0.02	300	12184	2873	244	92	158652	64	10000000	100                              	2	600	34033086	4934121	946
0.02	300	8888	2321	205	78	158181	64	10000000	100                              	2	600	31141879	4946294	1420
0.02	300	11959	3154	234	112	158551	64	10000000	100                              	2	600	33008552	4971921	1016
0.02	300	8735	2840	201	86	158233	64	10000000	100                              	2	600	34333910	4991344	1038
0.02	300	10371	2607	205	83	158323	64	10000000	100                              	2	600	32132889	4967534	1320
0.02	300	10156	3091	209	95	158317	64	10000000	100                              	2	600	34553326	5020725	1206
0.02	300	11422	2763	228	106	158451	64	10000000	100                              	2	600	31913333	5103505	1434
0.02	300	11338	2731	218	90	158450	64	10000000	100                              	2	600	30768518	4958061	1272
0.02	300	11342	3615	229	99	158536	64	10000000	100                              	2	600	35166639	5021773	1268
0.02	300	10472	2432	193	83	158168	64	10000000	100                              	2	600	31563158	5196026	1098
0.02	300	10506	3435	224	110	158443	64	10000000	100                              	2	600	34340656	4996484	1100
0.02	300	12363	4147	263	133	158962	64	10000000	100                              	2	600	33314053	5007126	1210
0.02	300	9101	2687	188	80	158022	64	10000000	100                              	2	600	33131465	4956240	1210
0.02	300	11865	3937	243	116	158617	64	10000000	100                              	2	600	34479832	5406085	1264
0.02	300	12277	3115	233	102	158566	64	10000000	100                              	2	600	33899141	4945304	1314
0.02	300	12066	3818	231	117	158565	64	10000000	100                              	2	600	35075211	4947954	1182
0.02	300	11008	2803	202	88	158262	64	10000000	100                              	2	600	33322576	5689940	1244
0.02	300	10272	3249	228	101	158534	64	10000000	100                              	2	600	32674990	4935801	898
0.02	300	10471	2486	198	91	158304	64	10000000	100                              	2	600	32468927	4971736	946
0.02	300	10992	2814	203	89	158327	64	10000000	100                              	2	600	30745932	5504221	1234
0.02	300	8891	2631	191	103	158204	64	10000000	100                              	2	600	32444183	5099361	1212
0.02	300	12497	4560	253	120	158688	64	10000000	100                              	2	600	35774114	4936025	940
0.02	300	12005	3497	252	108	158751	64	10000000	100                              	2	600	32759306	5008330	1490
0.02	300	13210	3406	240	115	158615	64	10000000	100                              	2	600	33909450	5031157	1102
0.02	300	11100	3285	215	112	158388	64	10000000	100                              	2	600	33341386	4965439	1228
0.02	300	11023	3656	219	112	158371	64	10000000	100                              	2	600	35160945	4944260	1442
0.02	300	9327	2752	200	86	158264	64	10000000	100                              	2	600	33138482	4952695	828
0.02	300	13131	3092	265	114	158886	64	10000000	100                              	2	600	30994163	4968652	1260
0.02	300	8984	2615	182	82	158069	64	10000000	100                              	2	600	33339899	4949136	960
0.02	300	9201	2549	203	95	158263	64	10000000	100                              	2	600	32332836	4980047	880
0.02	300	11902	3225	206	106	158441	64	10000000	100                              	2	600	32070981	4947900	1146
0.02	300	10004	2993	210	99	158379	64	10000000	100                              	2	600	33198658	5023792	1408
0.02	300	12831	3843	265	112	158897	64	10000000	100                              	2	600	32296216	5003063	1232
0.02	300	12419	3390	250	112	158801	64	10000000	100                              	2	600	33422003	4930816	1292
0.02	300	12014	3137	244	104	158684	64	10000000	100                              	2	600	31651935	4927532	1242
0.02	300	12427	2783	238	107	158709	64	10000000	100                              	2	600	32860414	5087409	1220
0.02	300	12442	3243	257	107	158879	64	10000000	100                              	2	600	32377160	4949486	1522
0.02	300	10576	2749	205	100	158289	64	10000000	100                              	2	600	31742187	4979823	1196
0.02	300	13851	3050	278	97	159107	64	10000000	100                              	2	600	31408318	4964297	926
