#using seed 0.049192
#PROCESSORS: 5, RUNS: 10
#prb	R-l	ISR	ESR	runTime	processors    	input-work-size	depth	taskThreshold	lGranularity    	rGranularity	W0	W1	block_factory	waiting-time	idle_time	Geo_block_number
0.5	1	6271	0	443489	5	1000000	0	100	2                              	None	2187185	0	2	17723	12538	5
0.5	1	6270	0	443489	5	1000000	0	100	2                              	None	2187185	0	2	17726	12537	5
0.5	1	6269	0	443489	5	1000000	0	100	2                              	None	2187185	0	2	17727	12535	5
0.5	1	6270	0	443489	5	1000000	0	100	2                              	None	2187185	0	2	17726	12536	5
0.5	1	6276	0	443489	5	1000000	0	100	2                              	None	2187185	0	2	17713	12549	5
0.5	1	6271	0	443489	5	1000000	0	100	2                              	None	2187185	0	2	17723	12538	5
0.5	1	6280	0	443489	5	1000000	0	100	2                              	None	2187185	0	2	17706	12556	5
0.5	1	6268	0	443489	5	1000000	0	100	2                              	None	2187185	0	2	17729	12533	5
0.5	1	6273	0	443489	5	1000000	0	100	2                              	None	2187185	0	2	17720	12542	5
0.5	1	6275	0	443489	5	1000000	0	100	2                              	None	2187185	0	2	17715	12547	5
0.5	1	9450	0	3743436	5	10000000	0	100	2                              	None	18678669	0	2	19620	18896	5
0.5	1	9444	0	3743436	5	10000000	0	100	2                              	None	18678669	0	2	19632	18884	5
0.5	1	9450	0	3743436	5	10000000	0	100	2                              	None	18678669	0	2	19614	18898	5
0.5	1	9446	0	3743436	5	10000000	0	100	2                              	None	18678669	0	2	19628	18888	5
0.5	1	9444	0	3743436	5	10000000	0	100	2                              	None	18678669	0	2	19626	18886	5
0.5	1	9444	0	3743436	5	10000000	0	100	2                              	None	18678669	0	2	19630	18884	5
0.5	1	9440	0	3743436	5	10000000	0	100	2                              	None	18678669	0	2	19634	18878	5
0.5	1	9442	0	3743436	5	10000000	0	100	2                              	None	18678669	0	2	19633	18881	5
0.5	1	9442	0	3743436	5	10000000	0	100	2                              	None	18678669	0	2	19636	18880	5
0.5	1	9441	0	3743436	5	10000000	0	100	2                              	None	18678669	0	2	19638	18878	5
0.5	1	8031	0	38059483	5	100000000	0	100	2                              	None	190259168	0	2	22191	16058	5
0.5	1	8041	0	38059483	5	100000000	0	100	2                              	None	190259168	0	2	22171	16078	5
0.5	1	8047	0	38059484	5	100000000	0	100	2                              	None	190259168	0	2	22164	16089	5
0.5	1	8030	0	38059484	5	100000000	0	100	2                              	None	190259168	0	2	22197	16056	5
0.5	1	8030	0	38059483	5	100000000	0	100	2                              	None	190259168	0	2	22192	16057	5
0.5	1	8034	0	38059483	5	100000000	0	100	2                              	None	190259168	0	2	22185	16064	5
0.5	1	8039	0	38059483	5	100000000	0	100	2                              	None	190259168	0	2	22174	16075	5
0.5	1	8039	0	38059483	5	100000000	0	100	2                              	None	190259168	0	2	22173	16076	5
0.5	1	8035	0	38059483	5	100000000	0	100	2                              	None	190259168	0	2	22182	16067	5
0.5	1	8032	0	38059483	5	100000000	0	100	2                              	None	190259168	0	2	22189	16060	5
