#using seed 0.051621
#PROCESSORS: 5, RUNS: 10
#prb	R-l	ISR	ESR	runTime	processors    	input-work-size	depth	taskThreshold	lGranularity    	rGranularity	W0	W1	block_factory	waiting-time	idle_time	Geo_block_number
0.5	1	24300	0	250332	5	1000000	0	100	2                              	None	1183182	0	2	19884	48597	9
0.5	1	24307	0	250332	5	1000000	0	100	2                              	None	1183182	0	2	19871	48612	9
0.5	1	24298	0	250332	5	1000000	0	100	2                              	None	1183182	0	2	19888	48592	9
0.5	1	24299	0	250332	5	1000000	0	100	2                              	None	1183182	0	2	19886	48594	9
0.5	1	24304	0	250332	5	1000000	0	100	2                              	None	1183182	0	2	19877	48603	9
0.5	1	24298	0	250332	5	1000000	0	100	2                              	None	1183182	0	2	19889	48594	9
0.5	1	24299	0	250332	5	1000000	0	100	2                              	None	1183182	0	2	19887	48593	9
0.5	1	24306	0	250332	5	1000000	0	100	2                              	None	1183182	0	2	19873	48610	9
0.5	1	24301	0	250332	5	1000000	0	100	2                              	None	1183182	0	2	19883	48597	9
0.5	1	24298	0	250332	5	1000000	0	100	2                              	None	1183182	0	2	19888	48595	9
0.5	1	27828	0	2165693	5	10000000	0	100	2                              	None	10730729	0	2	42085	55654	9
0.5	1	27836	0	2165693	5	10000000	0	100	2                              	None	10730729	0	2	42069	55670	9
0.5	1	27835	0	2165693	5	10000000	0	100	2                              	None	10730729	0	2	42071	55668	9
0.5	1	27825	0	2165693	5	10000000	0	100	2                              	None	10730729	0	2	42091	55648	9
0.5	1	27828	0	2165693	5	10000000	0	100	2                              	None	10730729	0	2	42085	55654	9
0.5	1	27834	0	2165693	5	10000000	0	100	2                              	None	10730729	0	2	42073	55666	9
0.5	1	27834	0	2165693	5	10000000	0	100	2                              	None	10730729	0	2	42073	55666	9
0.5	1	27839	0	2165693	5	10000000	0	100	2                              	None	10730729	0	2	42062	55676	9
0.5	1	27831	0	2165693	5	10000000	0	100	2                              	None	10730729	0	2	42079	55660	9
0.5	1	27829	0	2165693	5	10000000	0	100	2                              	None	10730729	0	2	42083	55656	9
0.5	1	39365	0	21363300	5	100000000	0	100	2                              	None	106665658	0	2	72115	78728	9
0.5	1	39370	0	21363300	5	100000000	0	100	2                              	None	106665658	0	2	72111	78736	9
0.5	1	39359	0	21363300	5	100000000	0	100	2                              	None	106665658	0	2	72127	78716	9
0.5	1	39361	0	21363300	5	100000000	0	100	2                              	None	106665658	0	2	72129	78718	9
0.5	1	39372	0	21363300	5	100000000	0	100	2                              	None	106665658	0	2	72107	78740	9
0.5	1	39365	0	21363300	5	100000000	0	100	2                              	None	106665658	0	2	72121	78726	9
0.5	1	39362	0	21363300	5	100000000	0	100	2                              	None	106665658	0	2	72121	78722	9
0.5	1	39366	0	21363300	5	100000000	0	100	2                              	None	106665658	0	2	72117	78728	9
0.5	1	39362	0	21363300	5	100000000	0	100	2                              	None	106665658	0	2	72127	78720	9
0.5	1	39368	0	21363300	5	100000000	0	100	2                              	None	106665658	0	2	72109	78734	9
