#using seed 0.050188
#PROCESSORS: 5, RUNS: 10
#prb	R-l	ISR	ESR	runTime	processors    	input-work-size	depth	taskThreshold	lGranularity    	rGranularity	W0	W1	block_factory	waiting-time	idle_time	Geo_block_number
0.5	1	8879	0	337023	5	1000000	0	100	2                              	None	1650649	0	2	16715	17754	6
0.5	1	8864	0	337023	5	1000000	0	100	2                              	None	1650649	0	2	16743	17726	6
0.5	1	8864	0	337023	5	1000000	0	100	2                              	None	1650649	0	2	16743	17726	6
0.5	1	8869	0	337023	5	1000000	0	100	2                              	None	1650649	0	2	16733	17734	6
0.5	1	8865	0	337023	5	1000000	0	100	2                              	None	1650649	0	2	16741	17728	6
0.5	1	8872	0	337023	5	1000000	0	100	2                              	None	1650649	0	2	16727	17742	6
0.5	1	8864	0	337023	5	1000000	0	100	2                              	None	1650649	0	2	16743	17724	6
0.5	1	8862	0	337023	5	1000000	0	100	2                              	None	1650649	0	2	16747	17722	6
0.5	1	8870	0	337023	5	1000000	0	100	2                              	None	1650649	0	2	16731	17738	6
0.5	1	8860	0	337023	5	1000000	0	100	2                              	None	1650649	0	2	16753	17716	6
0.5	1	8016	0	2898764	5	10000000	0	100	2                              	None	14450445	0	2	27349	16029	6
0.5	1	8025	0	2898764	5	10000000	0	100	2                              	None	14450445	0	2	27331	16047	6
0.5	1	8015	0	2898764	5	10000000	0	100	2                              	None	14450445	0	2	27351	16027	6
0.5	1	8005	0	2898764	5	10000000	0	100	2                              	None	14450445	0	2	27371	16007	6
0.5	1	8012	0	2898764	5	10000000	0	100	2                              	None	14450445	0	2	27357	16021	6
0.5	1	8010	0	2898764	5	10000000	0	100	2                              	None	14450445	0	2	27361	16017	6
0.5	1	8018	0	2898764	5	10000000	0	100	2                              	None	14450445	0	2	27345	16033	6
0.5	1	8007	0	2898764	5	10000000	0	100	2                              	None	14450445	0	2	27367	16011	6
0.5	1	8004	0	2898764	5	10000000	0	100	2                              	None	14450445	0	2	27373	16005	6
0.5	1	8009	0	2898764	5	10000000	0	100	2                              	None	14450445	0	2	27363	16015	6
0.5	1	16073	0	28758533	5	100000000	0	100	2                              	None	143725681	0	2	34844	32143	6
0.5	1	16076	0	28758533	5	100000000	0	100	2                              	None	143725681	0	2	34837	32149	6
0.5	1	16083	0	28758533	5	100000000	0	100	2                              	None	143725681	0	2	34824	32163	6
0.5	1	16064	0	28758533	5	100000000	0	100	2                              	None	143725681	0	2	34861	32125	6
0.5	1	16071	0	28758533	5	100000000	0	100	2                              	None	143725681	0	2	34847	32139	6
0.5	1	16075	0	28758533	5	100000000	0	100	2                              	None	143725681	0	2	34839	32147	6
0.5	1	16076	0	28758533	5	100000000	0	100	2                              	None	143725681	0	2	34838	32149	6
0.5	1	16081	0	28758533	5	100000000	0	100	2                              	None	143725681	0	2	34828	32159	6
0.5	1	16070	0	28758533	5	100000000	0	100	2                              	None	143725681	0	2	34849	32137	6
0.5	1	16074	0	28758533	5	100000000	0	100	2                              	None	143725681	0	2	34842	32145	6
