#using seed 0.049817
#PROCESSORS: 5, RUNS: 10
#prb	R-l	ISR	ESR	runTime	processors    	input-work-size	depth	taskThreshold	lGranularity    	rGranularity	W0	W1	block_factory	waiting-time	idle_time	Geo_block_number
0.5	1	44631	0	257234	5	1000000	0	100	2                              	None	1162161	0	2	34753	89258	10
0.5	1	44635	0	257234	5	1000000	0	100	2                              	None	1162161	0	2	34745	89266	10
0.5	1	44633	0	257234	5	1000000	0	100	2                              	None	1162161	0	2	34750	89264	10
0.5	1	44629	0	257234	5	1000000	0	100	2                              	None	1162161	0	2	34759	89255	10
0.5	1	44629	0	257234	5	1000000	0	100	2                              	None	1162161	0	2	34759	89255	10
0.5	1	44634	0	257234	5	1000000	0	100	2                              	None	1162161	0	2	34747	89264	10
0.5	1	44626	0	257234	5	1000000	0	100	2                              	None	1162161	0	2	34763	89248	10
0.5	1	44629	0	257234	5	1000000	0	100	2                              	None	1162161	0	2	34760	89254	10
0.5	1	44628	0	257234	5	1000000	0	100	2                              	None	1162161	0	2	34759	89252	10
0.5	1	44630	0	257234	5	1000000	0	100	2                              	None	1162161	0	2	34757	89257	10
0.5	1	36713	0	2135294	5	10000000	0	100	2                              	None	10479478	0	2	123573	73422	10
0.5	1	36713	0	2135294	5	10000000	0	100	2                              	None	10479478	0	2	123573	73422	10
0.5	1	36718	0	2135294	5	10000000	0	100	2                              	None	10479478	0	2	123563	73432	10
0.5	1	36716	0	2135295	5	10000000	0	100	2                              	None	10479478	0	2	123568	73430	10
0.5	1	36712	0	2135294	5	10000000	0	100	2                              	None	10479478	0	2	123574	73421	10
0.5	1	36716	0	2135294	5	10000000	0	100	2                              	None	10479478	0	2	123567	73428	10
0.5	1	36718	0	2135294	5	10000000	0	100	2                              	None	10479478	0	2	123562	73433	10
0.5	1	36707	0	2135294	5	10000000	0	100	2                              	None	10479478	0	2	123585	73410	10
0.5	1	36710	0	2135294	5	10000000	0	100	2                              	None	10479478	0	2	123579	73416	10
0.5	1	36711	0	2135294	5	10000000	0	100	2                              	None	10479478	0	2	123577	73418	10
0.5	1	42053	0	20732534	5	100000000	0	100	2                              	None	103432428	0	2	146143	84104	10
0.5	1	42053	0	20732534	5	100000000	0	100	2                              	None	103432428	0	2	146143	84102	10
0.5	1	42053	0	20732535	5	100000000	0	100	2                              	None	103432428	0	2	146148	84103	10
0.5	1	42060	0	20732534	5	100000000	0	100	2                              	None	103432428	0	2	146130	84117	10
0.5	1	42050	0	20732534	5	100000000	0	100	2                              	None	103432428	0	2	146148	84098	10
0.5	1	42052	0	20732534	5	100000000	0	100	2                              	None	103432428	0	2	146144	84102	10
0.5	1	42060	0	20732535	5	100000000	0	100	2                              	None	103432428	0	2	146134	84117	10
0.5	1	42051	0	20732534	5	100000000	0	100	2                              	None	103432428	0	2	146147	84100	10
0.5	1	42061	0	20732535	5	100000000	0	100	2                              	None	103432428	0	2	146132	84119	10
0.5	1	42054	0	20732534	5	100000000	0	100	2                              	None	103432428	0	2	146139	84104	10
