#using seed 0.049461
#PROCESSORS: 5, RUNS: 10
#prb	R-l	ISR	ESR	runTime	processors    	input-work-size	depth	taskThreshold	lGranularity    	rGranularity	W0	W1	block_factory	waiting-time	idle_time	Geo_block_number
0.5	1	6741	0	657037	5	1000000	0	100	2                              	None	3256253	0	2	15456	13478	4
0.5	1	6757	0	657039	5	1000000	0	100	2                              	None	3256253	0	2	15435	13509	4
0.5	1	6750	0	657037	5	1000000	0	100	2                              	None	3256253	0	2	15438	13496	4
0.5	1	6745	0	657039	5	1000000	0	100	2                              	None	3256253	0	2	15458	13486	4
0.5	1	6747	0	657037	5	1000000	0	100	2                              	None	3256253	0	2	15443	13491	4
0.5	1	6748	0	657039	5	1000000	0	100	2                              	None	3256253	0	2	15453	13491	4
0.5	1	6751	0	657037	5	1000000	0	100	2                              	None	3256253	0	2	15435	13499	4
0.5	1	6747	0	657039	5	1000000	0	100	2                              	None	3256253	0	2	15454	13490	4
0.5	1	6747	0	657037	5	1000000	0	100	2                              	None	3256253	0	2	15443	13491	4
0.5	1	6747	0	657039	5	1000000	0	100	2                              	None	3256253	0	2	15454	13490	4
0.5	1	8187	0	5437353	5	10000000	0	100	2                              	None	27151133	0	2	19261	16373	4
0.5	1	8188	0	5437353	5	10000000	0	100	2                              	None	27151133	0	2	19259	16374	4
0.5	1	8186	0	5437353	5	10000000	0	100	2                              	None	27151133	0	2	19263	16371	4
0.5	1	8188	0	5437353	5	10000000	0	100	2                              	None	27151133	0	2	19259	16374	4
0.5	1	8180	0	5437353	5	10000000	0	100	2                              	None	27151133	0	2	19275	16358	4
0.5	1	8185	0	5437353	5	10000000	0	100	2                              	None	27151133	0	2	19265	16368	4
0.5	1	8185	0	5437353	5	10000000	0	100	2                              	None	27151133	0	2	19265	16368	4
0.5	1	8187	0	5437353	5	10000000	0	100	2                              	None	27151133	0	2	19261	16372	4
0.5	1	8189	0	5437353	5	10000000	0	100	2                              	None	27151133	0	2	19257	16376	4
0.5	1	8181	0	5437353	5	10000000	0	100	2                              	None	27151133	0	2	19273	16360	4
0.5	1	5452	0	53387517	5	100000000	0	100	2                              	None	266907740	0	2	18945	10903	4
0.5	1	5450	0	53387517	5	100000000	0	100	2                              	None	266907740	0	2	18948	10899	4
0.5	1	5449	0	53387517	5	100000000	0	100	2                              	None	266907740	0	2	18951	10897	4
0.5	1	5447	0	53387517	5	100000000	0	100	2                              	None	266907740	0	2	18955	10893	4
0.5	1	5445	0	53387517	5	100000000	0	100	2                              	None	266907740	0	2	18960	10887	4
0.5	1	5449	0	53387517	5	100000000	0	100	2                              	None	266907740	0	2	18952	10895	4
0.5	1	5438	0	53387517	5	100000000	0	100	2                              	None	266907740	0	2	18972	10875	4
0.5	1	5443	0	53387517	5	100000000	0	100	2                              	None	266907740	0	2	18962	10885	4
0.5	1	5450	0	53387517	5	100000000	0	100	2                              	None	266907740	0	2	18948	10899	4
0.5	1	5433	0	53387517	5	100000000	0	100	2                              	None	266907740	0	2	18982	10865	4
