#using seed 0.049448
#PROCESSORS: 5, RUNS: 10
#prb	R-l	ISR	ESR	runTime	processors    	input-work-size	depth	taskThreshold	lGranularity    	rGranularity	W0	W1	block_factory	waiting-time	idle_time	Geo_block_number
0.5	1	14889	0	255393	5	1000000	0	100	2                              	None	1234233	0	2	12960	29774	8
0.5	1	14885	0	255393	5	1000000	0	100	2                              	None	1234233	0	2	12967	29767	8
0.5	1	14891	0	255393	5	1000000	0	100	2                              	None	1234233	0	2	12959	29778	8
0.5	1	14894	0	255393	5	1000000	0	100	2                              	None	1234233	0	2	12949	29785	8
0.5	1	14889	0	255393	5	1000000	0	100	2                              	None	1234233	0	2	12963	29774	8
0.5	1	14887	0	255393	5	1000000	0	100	2                              	None	1234233	0	2	12963	29771	8
0.5	1	14889	0	255393	5	1000000	0	100	2                              	None	1234233	0	2	12963	29774	8
0.5	1	14889	0	255393	5	1000000	0	100	2                              	None	1234233	0	2	12963	29774	8
0.5	1	14893	0	255393	5	1000000	0	100	2                              	None	1234233	0	2	12951	29783	8
0.5	1	14883	0	255393	5	1000000	0	100	2                              	None	1234233	0	2	12971	29763	8
0.5	1	25147	0	2268147	5	10000000	0	100	2                              	None	11251249	0	2	39197	50291	8
0.5	1	25148	0	2268147	5	10000000	0	100	2                              	None	11251249	0	2	39193	50294	8
0.5	1	25150	0	2268147	5	10000000	0	100	2                              	None	11251249	0	2	39191	50297	8
0.5	1	25150	0	2268147	5	10000000	0	100	2                              	None	11251249	0	2	39191	50297	8
0.5	1	25155	0	2268147	5	10000000	0	100	2                              	None	11251249	0	2	39179	50308	8
0.5	1	25157	0	2268147	5	10000000	0	100	2                              	None	11251249	0	2	39177	50311	8
0.5	1	25155	0	2268147	5	10000000	0	100	2                              	None	11251249	0	2	39179	50308	8
0.5	1	25148	0	2268147	5	10000000	0	100	2                              	None	11251249	0	2	39195	50293	8
0.5	1	25152	0	2268147	5	10000000	0	100	2                              	None	11251249	0	2	39187	50301	8
0.5	1	25150	0	2268147	5	10000000	0	100	2                              	None	11251249	0	2	39190	50297	8
0.5	1	29899	0	22240979	5	100000000	0	100	2                              	None	111107095	0	2	38008	59794	8
0.5	1	29903	0	22240979	5	100000000	0	100	2                              	None	111107095	0	2	37999	59803	8
0.5	1	29904	0	22240979	5	100000000	0	100	2                              	None	111107095	0	2	37997	59805	8
0.5	1	29908	0	22240979	5	100000000	0	100	2                              	None	111107095	0	2	37990	59812	8
0.5	1	29909	0	22240979	5	100000000	0	100	2                              	None	111107095	0	2	37987	59815	8
0.5	1	29900	0	22240979	5	100000000	0	100	2                              	None	111107095	0	2	38005	59797	8
0.5	1	29909	0	22240979	5	100000000	0	100	2                              	None	111107095	0	2	37988	59814	8
0.5	1	29904	0	22240979	5	100000000	0	100	2                              	None	111107095	0	2	37998	59804	8
0.5	1	29903	0	22240979	5	100000000	0	100	2                              	None	111107095	0	2	37999	59803	8
0.5	1	29912	0	22240979	5	100000000	0	100	2                              	None	111107095	0	2	37983	59820	8
