#using seed 0.050909
#PROCESSORS: 5, RUNS: 10
#prb	R-l	ISR	ESR	runTime	processors    	input-work-size	depth	taskThreshold	lGranularity    	rGranularity	W0	W1	block_factory	waiting-time	idle_time	Geo_block_number
0.5	1	5357	0	1926329	5	1000000	0	100	2                              	None	9607598	0	2	13340	10711	2
0.5	1	5360	0	1926329	5	1000000	0	100	2                              	None	9607598	0	2	13334	10716	2
0.5	1	5358	0	1926329	5	1000000	0	100	2                              	None	9607598	0	2	13339	10712	2
0.5	1	5353	0	1926329	5	1000000	0	100	2                              	None	9607598	0	2	13348	10703	2
0.5	1	5353	0	1926329	5	1000000	0	100	2                              	None	9607598	0	2	13348	10703	2
0.5	1	5359	0	1926329	5	1000000	0	100	2                              	None	9607598	0	2	13337	10714	2
0.5	1	5362	0	1926329	5	1000000	0	100	2                              	None	9607598	0	2	13330	10721	2
0.5	1	5348	0	1926329	5	1000000	0	100	2                              	None	9607598	0	2	13359	10692	2
0.5	1	5360	0	1926329	5	1000000	0	100	2                              	None	9607598	0	2	13334	10717	2
0.5	1	5351	0	1926329	5	1000000	0	100	2                              	None	9607598	0	2	13353	10698	2
0.5	1	5616	0	15618121	5	10000000	0	100	2                              	None	78064996	0	2	14380	11231	2
0.5	1	5617	0	15618121	5	10000000	0	100	2                              	None	78064996	0	2	14378	11232	2
0.5	1	5624	0	15618120	5	10000000	0	100	2                              	None	78064996	0	2	14359	11247	2
0.5	1	5615	0	15618120	5	10000000	0	100	2                              	None	78064996	0	2	14377	11228	2
0.5	1	5618	0	15618120	5	10000000	0	100	2                              	None	78064996	0	2	14371	11234	2
0.5	1	5617	0	15618120	5	10000000	0	100	2                              	None	78064996	0	2	14373	11232	2
0.5	1	5616	0	15618121	5	10000000	0	100	2                              	None	78064996	0	2	14380	11231	2
0.5	1	5618	0	15618120	5	10000000	0	100	2                              	None	78064996	0	2	14371	11234	2
0.5	1	5614	0	15618120	5	10000000	0	100	2                              	None	78064996	0	2	14379	11226	2
0.5	1	5628	0	15618120	5	10000000	0	100	2                              	None	78064996	0	2	14351	11254	2
0.5	1	4391	0	153108717	5	100000000	0	100	2                              	None	765524859	0	2	9951	8780	2
0.5	1	4397	0	153108717	5	100000000	0	100	2                              	None	765524859	0	2	9939	8792	2
0.5	1	4403	0	153108717	5	100000000	0	100	2                              	None	765524859	0	2	9927	8804	2
0.5	1	4393	0	153108717	5	100000000	0	100	2                              	None	765524859	0	2	9947	8784	2
0.5	1	4396	0	153108717	5	100000000	0	100	2                              	None	765524859	0	2	9939	8790	2
0.5	1	4393	0	153108717	5	100000000	0	100	2                              	None	765524859	0	2	9947	8784	2
0.5	1	4394	0	153108717	5	100000000	0	100	2                              	None	765524859	0	2	9945	8786	2
0.5	1	4391	0	153108717	5	100000000	0	100	2                              	None	765524859	0	2	9951	8780	2
0.5	1	4393	0	153108717	5	100000000	0	100	2                              	None	765524859	0	2	9947	8784	2
0.5	1	4392	0	153108717	5	100000000	0	100	2                              	None	765524859	0	2	9949	8782	2
