#using seed 0.054327
#PROCESSORS: 5, RUNS: 10
#prb	R-l	ISR	ESR	runTime	processors    	input-work-size	depth	taskThreshold	lGranularity    	rGranularity	W0	W1	block_factory	waiting-time	idle_time	Geo_block_number
0.5	1	105090	0	265055	5	1000000	0	100	2                              	None	1109108	0	2	5990	210178	14
0.5	1	105090	0	265055	5	1000000	0	100	2                              	None	1109108	0	2	5990	210178	14
0.5	1	105091	0	265055	5	1000000	0	100	2                              	None	1109108	0	2	5990	210179	14
0.5	1	105090	0	265055	5	1000000	0	100	2                              	None	1109108	0	2	5992	210177	14
0.5	1	105088	0	265055	5	1000000	0	100	2                              	None	1109108	0	2	5995	210173	14
0.5	1	105091	0	265055	5	1000000	0	100	2                              	None	1109108	0	2	5989	210181	14
0.5	1	105094	0	265054	5	1000000	0	100	2                              	None	1109108	0	2	5981	210186	14
0.5	1	105090	0	265054	5	1000000	0	100	2                              	None	1109108	0	2	5989	210178	14
0.5	1	105089	0	265055	5	1000000	0	100	2                              	None	1109108	0	2	5994	210175	14
0.5	1	105088	0	265055	5	1000000	0	100	2                              	None	1109108	0	2	5995	210173	14
0.5	1	97897	0	2094791	5	10000000	0	100	2                              	None	10202201	0	2	75967	195792	14
0.5	1	97890	0	2094791	5	10000000	0	100	2                              	None	10202201	0	2	75981	195778	14
0.5	1	97899	0	2094791	5	10000000	0	100	2                              	None	10202201	0	2	75960	195795	14
0.5	1	97893	0	2094791	5	10000000	0	100	2                              	None	10202201	0	2	75977	195782	14
0.5	1	97891	0	2094791	5	10000000	0	100	2                              	None	10202201	0	2	75979	195780	14
0.5	1	97894	0	2094791	5	10000000	0	100	2                              	None	10202201	0	2	75973	195786	14
0.5	1	97890	0	2094791	5	10000000	0	100	2                              	None	10202201	0	2	75977	195778	14
0.5	1	97891	0	2094791	5	10000000	0	100	2                              	None	10202201	0	2	75979	195780	14
0.5	1	97899	0	2094791	5	10000000	0	100	2                              	None	10202201	0	2	75965	195794	14
0.5	1	97889	0	2094791	5	10000000	0	100	2                              	None	10202201	0	2	75979	195776	14
0.5	1	132437	0	20211093	5	100000000	0	100	2                              	None	100539538	0	2	251060	264872	14
0.5	1	132429	0	20211093	5	100000000	0	100	2                              	None	100539538	0	2	251077	264853	14
0.5	1	132431	0	20211093	5	100000000	0	100	2                              	None	100539538	0	2	251073	264859	14
0.5	1	132428	0	20211092	5	100000000	0	100	2                              	None	100539538	0	2	251069	264854	14
0.5	1	132438	0	20211093	5	100000000	0	100	2                              	None	100539538	0	2	251059	264873	14
0.5	1	132429	0	20211093	5	100000000	0	100	2                              	None	100539538	0	2	251076	264856	14
0.5	1	132434	0	20211093	5	100000000	0	100	2                              	None	100539538	0	2	251064	264866	14
0.5	1	132425	0	20211092	5	100000000	0	100	2                              	None	100539538	0	2	251075	264848	14
0.5	1	132441	0	20211092	5	100000000	0	100	2                              	None	100539538	0	2	251043	264880	14
0.5	1	132445	0	20211093	5	100000000	0	100	2                              	None	100539538	0	2	251042	264888	14
