#using seed 0.049446
#PROCESSORS: 5, RUNS: 10
#prb	R-l	ISR	ESR	runTime	processors    	input-work-size	depth	taskThreshold	lGranularity    	rGranularity	W0	W1	block_factory	waiting-time	idle_time	Geo_block_number
0.5	1	4583	0	286012	5	1000000	0	100	2                              	None	1404403	0	2	16497	9163	7
0.5	1	4585	0	286013	5	1000000	0	100	2                              	None	1404403	0	2	16499	9167	7
0.5	1	4584	0	286013	5	1000000	0	100	2                              	None	1404403	0	2	16499	9166	7
0.5	1	4585	0	286013	5	1000000	0	100	2                              	None	1404403	0	2	16495	9168	7
0.5	1	4591	0	286012	5	1000000	0	100	2                              	None	1404403	0	2	16481	9179	7
0.5	1	4592	0	286013	5	1000000	0	100	2                              	None	1404403	0	2	16481	9182	7
0.5	1	4586	0	286013	5	1000000	0	100	2                              	None	1404403	0	2	16493	9170	7
0.5	1	4583	0	286013	5	1000000	0	100	2                              	None	1404403	0	2	16499	9164	7
0.5	1	4582	0	286013	5	1000000	0	100	2                              	None	1404403	0	2	16501	9162	7
0.5	1	4577	0	286013	5	1000000	0	100	2                              	None	1404403	0	2	16511	9152	7
0.5	1	8068	0	2476705	5	10000000	0	100	2                              	None	12338335	0	2	29057	16134	7
0.5	1	8070	0	2476705	5	10000000	0	100	2                              	None	12338335	0	2	29053	16138	7
0.5	1	8083	0	2476705	5	10000000	0	100	2                              	None	12338335	0	2	29027	16164	7
0.5	1	8073	0	2476705	5	10000000	0	100	2                              	None	12338335	0	2	29047	16144	7
0.5	1	8069	0	2476705	5	10000000	0	100	2                              	None	12338335	0	2	29060	16135	7
0.5	1	8071	0	2476705	5	10000000	0	100	2                              	None	12338335	0	2	29052	16140	7
0.5	1	8070	0	2476705	5	10000000	0	100	2                              	None	12338335	0	2	29053	16138	7
0.5	1	8078	0	2476705	5	10000000	0	100	2                              	None	12338335	0	2	29037	16154	7
0.5	1	8074	0	2476705	5	10000000	0	100	2                              	None	12338335	0	2	29046	16146	7
0.5	1	8080	0	2476704	5	10000000	0	100	2                              	None	12338335	0	2	29033	16157	7
0.5	1	18230	0	24346655	5	100000000	0	100	2                              	None	121667645	0	2	29178	36457	7
0.5	1	18233	0	24346655	5	100000000	0	100	2                              	None	121667645	0	2	29173	36462	7
0.5	1	18228	0	24346655	5	100000000	0	100	2                              	None	121667645	0	2	29183	36452	7
0.5	1	18239	0	24346655	5	100000000	0	100	2                              	None	121667645	0	2	29160	36475	7
0.5	1	18233	0	24346655	5	100000000	0	100	2                              	None	121667645	0	2	29172	36463	7
0.5	1	18241	0	24346655	5	100000000	0	100	2                              	None	121667645	0	2	29156	36479	7
0.5	1	18228	0	24346655	5	100000000	0	100	2                              	None	121667645	0	2	29182	36453	7
0.5	1	18240	0	24346655	5	100000000	0	100	2                              	None	121667645	0	2	29158	36477	7
0.5	1	18230	0	24346655	5	100000000	0	100	2                              	None	121667645	0	2	29178	36457	7
0.5	1	18240	0	24346655	5	100000000	0	100	2                              	None	121667645	0	2	29158	36477	7
