#using seed 0.050026
#PROCESSORS: 5, RUNS: 10
#prb	R-l	ISR	ESR	runTime	processors    	input-work-size	depth	taskThreshold	lGranularity    	rGranularity	W0	W1	block_factory	waiting-time	idle_time	Geo_block_number
0.5	1	105088	0	265055	5	1000000	0	100	2                              	None	1109108	0	2	5994	210174	12
0.5	1	105096	0	265055	5	1000000	0	100	2                              	None	1109108	0	2	5980	210189	12
0.5	1	105089	0	265054	5	1000000	0	100	2                              	None	1109108	0	2	5991	210176	12
0.5	1	105095	0	265055	5	1000000	0	100	2                              	None	1109108	0	2	5983	210187	12
0.5	1	105096	0	265054	5	1000000	0	100	2                              	None	1109108	0	2	5977	210190	12
0.5	1	105087	0	265054	5	1000000	0	100	2                              	None	1109108	0	2	5995	210172	12
0.5	1	105089	0	265055	5	1000000	0	100	2                              	None	1109108	0	2	5993	210176	12
0.5	1	105099	0	265055	5	1000000	0	100	2                              	None	1109108	0	2	5975	210195	12
0.5	1	105088	0	265054	5	1000000	0	100	2                              	None	1109108	0	2	5993	210174	12
0.5	1	105090	0	265055	5	1000000	0	100	2                              	None	1109108	0	2	5993	210177	12
0.5	1	100897	0	2101798	5	10000000	0	100	2                              	None	10229228	0	2	77975	201792	12
0.5	1	100894	0	2101798	5	10000000	0	100	2                              	None	10229228	0	2	77978	201785	12
0.5	1	100894	0	2101798	5	10000000	0	100	2                              	None	10229228	0	2	77977	201786	12
0.5	1	100905	0	2101798	5	10000000	0	100	2                              	None	10229228	0	2	77961	201806	12
0.5	1	100900	0	2101798	5	10000000	0	100	2                              	None	10229228	0	2	77969	201798	12
0.5	1	100904	0	2101798	5	10000000	0	100	2                              	None	10229228	0	2	77957	201806	12
0.5	1	100898	0	2101798	5	10000000	0	100	2                              	None	10229228	0	2	77973	201794	12
0.5	1	100899	0	2101798	5	10000000	0	100	2                              	None	10229228	0	2	77968	201795	12
0.5	1	100896	0	2101798	5	10000000	0	100	2                              	None	10229228	0	2	77979	201788	12
0.5	1	100899	0	2101798	5	10000000	0	100	2                              	None	10229228	0	2	77968	201795	12
0.5	1	102403	0	20288170	5	100000000	0	100	2                              	None	101101099	0	2	134950	204804	12
0.5	1	102411	0	20288170	5	100000000	0	100	2                              	None	101101099	0	2	134937	204819	12
0.5	1	102403	0	20288170	5	100000000	0	100	2                              	None	101101099	0	2	134952	204804	12
0.5	1	102398	0	20288169	5	100000000	0	100	2                              	None	101101099	0	2	134953	204794	12
0.5	1	102410	0	20288170	5	100000000	0	100	2                              	None	101101099	0	2	134938	204818	12
0.5	1	102407	0	20288170	5	100000000	0	100	2                              	None	101101099	0	2	134945	204811	12
0.5	1	102402	0	20288169	5	100000000	0	100	2                              	None	101101099	0	2	134945	204802	12
0.5	1	102411	0	20288170	5	100000000	0	100	2                              	None	101101099	0	2	134935	204821	12
0.5	1	102401	0	20288170	5	100000000	0	100	2                              	None	101101099	0	2	134955	204799	12
0.5	1	102404	0	20288169	5	100000000	0	100	2                              	None	101101099	0	2	134941	204806	12
