#using seed 0.05054
#PROCESSORS: 5, RUNS: 10
#prb	R-l	ISR	ESR	runTime	processors    	input-work-size	depth	taskThreshold	lGranularity    	rGranularity	W0	W1	block_factory	waiting-time	idle_time	Geo_block_number
0.5	1	4830	0	3630671	5	1000000	0	100	2                              	None	18130112	0	2	13590	9656	1
0.5	1	5833	0	3630671	5	1000000	0	100	2                              	None	18128110	0	2	13585	11662	1
0.5	1	5824	0	3630671	5	1000000	0	100	2                              	None	18128110	0	2	13603	11644	1
0.5	1	5835	0	3630671	5	1000000	0	100	2                              	None	18128110	0	2	13581	11666	1
0.5	1	4835	0	3630671	5	1000000	0	100	2                              	None	18130112	0	2	13580	9666	1
0.5	1	5828	0	3630671	5	1000000	0	100	2                              	None	18128110	0	2	13595	11652	1
0.5	1	4830	0	3630671	5	1000000	0	100	2                              	None	18130112	0	2	13590	9656	1
0.5	1	4821	0	3630671	5	1000000	0	100	2                              	None	18130112	0	2	13608	9638	1
0.5	1	5823	0	3630671	5	1000000	0	100	2                              	None	18128110	0	2	13605	11642	1
0.5	1	5834	0	3630671	5	1000000	0	100	2                              	None	18128110	0	2	13583	11664	1
0.5	1	5419	0	29214480	5	10000000	0	100	2                              	None	146045909	0	2	15657	10835	1
0.5	1	5415	0	29214480	5	10000000	0	100	2                              	None	146045909	0	2	15665	10827	1
0.5	1	5423	0	29214480	5	10000000	0	100	2                              	None	146045909	0	2	15651	10842	1
0.5	1	5429	0	29214480	5	10000000	0	100	2                              	None	146045909	0	2	15638	10854	1
0.5	1	5410	0	29214480	5	10000000	0	100	2                              	None	146045909	0	2	15675	10817	1
0.5	1	5417	0	29214480	5	10000000	0	100	2                              	None	146045909	0	2	15663	10830	1
0.5	1	5436	0	29214480	5	10000000	0	100	2                              	None	146045909	0	2	15625	10868	1
0.5	1	5420	0	29214480	5	10000000	0	100	2                              	None	146045909	0	2	15656	10837	1
0.5	1	5423	0	29214480	5	10000000	0	100	2                              	None	146045909	0	2	15649	10843	1
0.5	1	4904	0	29214480	5	10000000	0	100	2                              	None	146046910	0	2	15688	9804	1
0.5	1	7442	0	283489726	5	100000000	0	100	2                              	None	1417418101	0	2	15648	14882	1
0.5	1	7447	0	283489726	5	100000000	0	100	2                              	None	1417418101	0	2	15639	14891	1
0.5	1	7451	0	283489726	5	100000000	0	100	2                              	None	1417418101	0	2	15630	14900	1
0.5	1	7444	0	283489726	5	100000000	0	100	2                              	None	1417418101	0	2	15644	14886	1
0.5	1	7452	0	283489726	5	100000000	0	100	2                              	None	1417418101	0	2	15628	14902	1
0.5	1	7439	0	283489726	5	100000000	0	100	2                              	None	1417418101	0	2	15654	14876	1
0.5	1	7444	0	283489726	5	100000000	0	100	2                              	None	1417418101	0	2	15644	14886	1
0.5	1	7443	0	283489726	5	100000000	0	100	2                              	None	1417418101	0	2	15646	14884	1
0.5	1	7440	0	283489726	5	100000000	0	100	2                              	None	1417418101	0	2	15651	14879	1
0.5	1	7442	0	283489726	5	100000000	0	100	2                              	None	1417418101	0	2	15648	14882	1
