#using seed 0.050194
#PROCESSORS: 5, RUNS: 10
#prb	R-l	ISR	ESR	runTime	processors    	input-work-size	depth	taskThreshold	lGranularity    	rGranularity	W0	W1	block_factory	waiting-time	idle_time	Geo_block_number
0.5	1	105090	0	265054	5	1000000	0	100	2                              	None	1109108	0	2	5989	210178	18
0.5	1	105090	0	265055	5	1000000	0	100	2                              	None	1109108	0	2	5990	210178	18
0.5	1	105093	0	265055	5	1000000	0	100	2                              	None	1109108	0	2	5985	210184	18
0.5	1	105090	0	265055	5	1000000	0	100	2                              	None	1109108	0	2	5990	210179	18
0.5	1	105094	0	265054	5	1000000	0	100	2                              	None	1109108	0	2	5981	210186	18
0.5	1	105086	0	265055	5	1000000	0	100	2                              	None	1109108	0	2	5998	210170	18
0.5	1	105088	0	265054	5	1000000	0	100	2                              	None	1109108	0	2	5993	210174	18
0.5	1	105093	0	265054	5	1000000	0	100	2                              	None	1109108	0	2	5983	210184	18
0.5	1	105090	0	265054	5	1000000	0	100	2                              	None	1109108	0	2	5989	210178	18
0.5	1	105094	0	265055	5	1000000	0	100	2                              	None	1109108	0	2	5982	210186	18
0.5	1	1198128	0	2518067	5	10000000	0	100	2                              	None	10136135	0	2	57951	2396254	18
0.5	1	1198126	0	2518068	5	10000000	0	100	2                              	None	10136135	0	2	57957	2396249	18
0.5	1	1198131	0	2518068	5	10000000	0	100	2                              	None	10136135	0	2	57949	2396259	18
0.5	1	1198124	0	2518068	5	10000000	0	100	2                              	None	10136135	0	2	57961	2396246	18
0.5	1	1198128	0	2518068	5	10000000	0	100	2                              	None	10136135	0	2	57954	2396253	18
0.5	1	1198126	0	2518068	5	10000000	0	100	2                              	None	10136135	0	2	57956	2396250	18
0.5	1	1198122	0	2518067	5	10000000	0	100	2                              	None	10136135	0	2	57963	2396242	18
0.5	1	1198138	0	2518068	5	10000000	0	100	2                              	None	10136135	0	2	57932	2396274	18
0.5	1	1198126	0	2518068	5	10000000	0	100	2                              	None	10136135	0	2	57958	2396249	18
0.5	1	1198126	0	2518068	5	10000000	0	100	2                              	None	10136135	0	2	57956	2396250	18
0.5	1	12385181	0	25021082	5	100000000	0	100	2                              	None	100169168	0	2	165885	24770359	18
0.5	1	12385182	0	25021082	5	100000000	0	100	2                              	None	100169168	0	2	165883	24770361	18
