#using seed 0.050292
#PROCESSORS: 5, RUNS: 10
#prb	R-l	ISR	ESR	runTime	processors    	input-work-size	depth	taskThreshold	lGranularity    	rGranularity	W0	W1	block_factory	waiting-time	idle_time	Geo_block_number
0.5	1	105094	0	265055	5	1000000	0	100	2                              	None	1109108	0	2	5983	210185	16
0.5	1	105089	0	265055	5	1000000	0	100	2                              	None	1109108	0	2	5993	210175	16
0.5	1	105091	0	265054	5	1000000	0	100	2                              	None	1109108	0	2	5987	210180	16
0.5	1	105090	0	265055	5	1000000	0	100	2                              	None	1109108	0	2	5991	210177	16
0.5	1	105091	0	265055	5	1000000	0	100	2                              	None	1109108	0	2	5991	210179	16
0.5	1	105088	0	265054	5	1000000	0	100	2                              	None	1109108	0	2	5993	210174	16
0.5	1	105092	0	265055	5	1000000	0	100	2                              	None	1109108	0	2	5989	210181	16
0.5	1	105089	0	265055	5	1000000	0	100	2                              	None	1109108	0	2	5992	210176	16
0.5	1	105091	0	265055	5	1000000	0	100	2                              	None	1109108	0	2	5989	210179	16
0.5	1	105088	0	265054	5	1000000	0	100	2                              	None	1109108	0	2	5993	210174	16
0.5	1	1198127	0	2518068	5	10000000	0	100	2                              	None	10136135	0	2	57955	2396251	16
0.5	1	1198125	0	2518068	5	10000000	0	100	2                              	None	10136135	0	2	57958	2396249	16
0.5	1	1198123	0	2518067	5	10000000	0	100	2                              	None	10136135	0	2	57961	2396244	16
0.5	1	1198125	0	2518068	5	10000000	0	100	2                              	None	10136135	0	2	57959	2396248	16
0.5	1	1198127	0	2518068	5	10000000	0	100	2                              	None	10136135	0	2	57957	2396251	16
0.5	1	1198124	0	2518067	5	10000000	0	100	2                              	None	10136135	0	2	57959	2396246	16
0.5	1	1198125	0	2518068	5	10000000	0	100	2                              	None	10136135	0	2	57959	2396248	16
0.5	1	1198130	0	2518067	5	10000000	0	100	2                              	None	10136135	0	2	57947	2396258	16
0.5	1	1198125	0	2518068	5	10000000	0	100	2                              	None	10136135	0	2	57959	2396248	16
0.5	1	1198124	0	2518068	5	10000000	0	100	2                              	None	10136135	0	2	57961	2396245	16
0.5	1	820434	0	20445882	5	100000000	0	100	2                              	None	100320319	0	2	268228	1640864	16
0.5	1	820434	0	20445882	5	100000000	0	100	2                              	None	100320319	0	2	268228	1640865	16
0.5	1	820438	0	20445882	5	100000000	0	100	2                              	None	100320319	0	2	268220	1640872	16
0.5	1	820436	0	20445882	5	100000000	0	100	2                              	None	100320319	0	2	268224	1640869	16
0.5	1	820438	0	20445882	5	100000000	0	100	2                              	None	100320319	0	2	268220	1640872	16
0.5	1	820439	0	20445882	5	100000000	0	100	2                              	None	100320319	0	2	268218	1640874	16
0.5	1	820433	0	20445882	5	100000000	0	100	2                              	None	100320319	0	2	268230	1640862	16
0.5	1	820442	0	20445882	5	100000000	0	100	2                              	None	100320319	0	2	268212	1640881	16
0.5	1	820432	0	20445882	5	100000000	0	100	2                              	None	100320319	0	2	268232	1640860	16
0.5	1	820434	0	20445882	5	100000000	0	100	2                              	None	100320319	0	2	268228	1640864	16
