#using seed 0.050231
#PROCESSORS: 5, RUNS: 10
#prb	R-l	ISR	ESR	runTime	processors    	input-work-size	depth	taskThreshold	lGranularity    	rGranularity	W0	W1	block_factory	waiting-time	idle_time	Geo_block_number
0.5	1	3718	0	7046984	5	1000000	0	100	2                              	None	35214179	0	2	13312	7433	0
0.5	1	6720	0	7046985	5	1000000	0	100	2                              	None	35208173	0	2	13317	13437	0
0.5	1	9267	0	7048005	5	1000000	0	100	2                              	None	35206171	0	2	15325	18531	0
0.5	1	5221	0	7046985	5	1000000	0	100	2                              	None	35211176	0	2	13315	10439	0
0.5	1	5221	0	7046985	5	1000000	0	100	2                              	None	35211176	0	2	13314	10439	0
0.5	1	6717	0	7046985	5	1000000	0	100	2                              	None	35208173	0	2	13321	13432	0
0.5	1	4709	0	7046985	5	1000000	0	100	2                              	None	35212177	0	2	13335	9416	0
0.5	1	5219	0	7046984	5	1000000	0	100	2                              	None	35211176	0	2	13314	10433	0
0.5	1	5224	0	7046985	5	1000000	0	100	2                              	None	35211176	0	2	13309	10444	0
0.5	1	5226	0	7046985	5	1000000	0	100	2                              	None	35211176	0	2	13304	10450	0
0.5	1	7762	0	56417543	5	10000000	0	100	2                              	None	282054782	0	2	17412	15522	0
0.5	1	7283	0	56414555	5	10000000	0	100	2                              	None	282040768	0	2	17448	14563	0
0.5	1	5764	0	56413547	5	10000000	0	100	2                              	None	282040768	0	2	15446	11525	0
0.5	1	5754	0	56413547	5	10000000	0	100	2                              	None	282040768	0	2	15466	11505	0
0.5	1	8286	0	56416565	5	10000000	0	100	2                              	None	282047775	0	2	18484	16568	0
0.5	1	5755	0	56413547	5	10000000	0	100	2                              	None	282040768	0	2	15465	11506	0
0.5	1	7333	0	56414587	5	10000000	0	100	2                              	None	282039767	0	2	18508	14663	0
0.5	1	5765	0	56413547	5	10000000	0	100	2                              	None	282040768	0	2	15445	11526	0
0.5	1	5766	0	56413547	5	10000000	0	100	2                              	None	282040768	0	2	15443	11528	0
0.5	1	5756	0	56413547	5	10000000	0	100	2                              	None	282040768	0	2	15463	11508	0
0.5	1	5605	0	543994585	5	100000000	0	100	2                              	None	2719949331	0	2	12390	11208	0
0.5	1	4063	0	543993564	5	100000000	0	100	2                              	None	2719948330	0	2	11369	8125	0
0.5	1	5596	0	543994585	5	100000000	0	100	2                              	None	2719949331	0	2	12408	11190	0
0.5	1	5608	0	543994585	5	100000000	0	100	2                              	None	2719949331	0	2	12384	11214	0
0.5	1	5597	0	543994585	5	100000000	0	100	2                              	None	2719949331	0	2	12406	11192	0
0.5	1	5600	0	543994585	5	100000000	0	100	2                              	None	2719949331	0	2	12400	11198	0
0.5	1	4073	0	543993564	5	100000000	0	100	2                              	None	2719948330	0	2	11350	8144	0
0.5	1	5607	0	543994585	5	100000000	0	100	2                              	None	2719949331	0	2	12386	11212	0
0.5	1	5601	0	543994585	5	100000000	0	100	2                              	None	2719949331	0	2	12398	11200	0
0.5	1	5609	0	543994585	5	100000000	0	100	2                              	None	2719949331	0	2	12382	11216	0
