#using seed 0.050086
#PROCESSORS: 5, RUNS: 10
#prb	R-l	ISR	ESR	runTime	processors    	input-work-size	depth	taskThreshold	lGranularity    	rGranularity	W0	W1	block_factory	waiting-time	idle_time	Geo_block_number
0.5	1	105092	0	265055	5	1000000	0	100	2                              	None	1109108	0	2	5987	210181	12
0.5	1	105091	0	265055	5	1000000	0	100	2                              	None	1109108	0	2	5991	210179	12
0.5	1	105095	0	265055	5	1000000	0	100	2                              	None	1109108	0	2	5983	210187	12
0.5	1	105088	0	265055	5	1000000	0	100	2                              	None	1109108	0	2	5994	210175	12
0.5	1	105089	0	265055	5	1000000	0	100	2                              	None	1109108	0	2	5993	210175	12
0.5	1	105089	0	265055	5	1000000	0	100	2                              	None	1109108	0	2	5995	210175	12
0.5	1	105091	0	265055	5	1000000	0	100	2                              	None	1109108	0	2	5989	210179	12
0.5	1	105091	0	265055	5	1000000	0	100	2                              	None	1109108	0	2	5989	210180	12
0.5	1	105094	0	265055	5	1000000	0	100	2                              	None	1109108	0	2	5983	210187	12
0.5	1	105090	0	265055	5	1000000	0	100	2                              	None	1109108	0	2	5991	210178	12
0.5	1	100899	0	2101798	5	10000000	0	100	2                              	None	10229228	0	2	77971	201796	12
0.5	1	100895	0	2101798	5	10000000	0	100	2                              	None	10229228	0	2	77981	201786	12
0.5	1	100896	0	2101798	5	10000000	0	100	2                              	None	10229228	0	2	77974	201789	12
0.5	1	100902	0	2101798	5	10000000	0	100	2                              	None	10229228	0	2	77965	201802	12
0.5	1	100898	0	2101798	5	10000000	0	100	2                              	None	10229228	0	2	77973	201794	12
0.5	1	100902	0	2101798	5	10000000	0	100	2                              	None	10229228	0	2	77965	201802	12
0.5	1	100893	0	2101798	5	10000000	0	100	2                              	None	10229228	0	2	77983	201784	12
0.5	1	100895	0	2101798	5	10000000	0	100	2                              	None	10229228	0	2	77981	201786	12
0.5	1	100892	0	2101797	5	10000000	0	100	2                              	None	10229228	0	2	77980	201782	12
0.5	1	100893	0	2101798	5	10000000	0	100	2                              	None	10229228	0	2	77983	201784	12
0.5	1	102406	0	20288170	5	100000000	0	100	2                              	None	101101099	0	2	134945	204811	12
0.5	1	102404	0	20288170	5	100000000	0	100	2                              	None	101101099	0	2	134949	204805	12
0.5	1	102401	0	20288170	5	100000000	0	100	2                              	None	101101099	0	2	134956	204800	12
0.5	1	102397	0	20288169	5	100000000	0	100	2                              	None	101101099	0	2	134955	204792	12
0.5	1	102413	0	20288170	5	100000000	0	100	2                              	None	101101099	0	2	134932	204824	12
0.5	1	102411	0	20288170	5	100000000	0	100	2                              	None	101101099	0	2	134935	204821	12
0.5	1	102405	0	20288170	5	100000000	0	100	2                              	None	101101099	0	2	134948	204808	12
0.5	1	102403	0	20288170	5	100000000	0	100	2                              	None	101101099	0	2	134953	204803	12
0.5	1	102402	0	20288170	5	100000000	0	100	2                              	None	101101099	0	2	134953	204801	12
0.5	1	102409	0	20288170	5	100000000	0	100	2                              	None	101101099	0	2	134941	204813	12
